Lambda	Spectrum	Dark	SpecMinusDark
500.031	543.25	0	543.25
500.165	495.5	0	495.5
500.299	506.5	0	506.5
500.433	519.5	0	519.5
500.567	529.25	0	529.25
500.701	541.5	0	541.5
500.835	553.75	0	553.75
500.968	548.75	0	548.75
501.102	550.25	0	550.25
501.236	552.5	0	552.5
501.37	544.75	0	544.75
501.504	551.25	0	551.25
501.637	549.75	0	549.75
501.771	566	0	566
501.905	588.75	0	588.75
502.039	581.75	0	581.75
502.172	598	0	598
502.306	569.75	0	569.75
502.44	615.5	0	615.5
502.573	605.75	0	605.75
502.707	630.25	0	630.25
502.841	599	0	599
502.974	602.75	0	602.75
503.108	598.25	0	598.25
503.242	599.75	0	599.75
503.375	602	0	602
503.509	602	0	602
503.642	619.75	0	619.75
503.776	601.5	0	601.5
503.909	616.25	0	616.25
504.043	624	0	624
504.176	628.5	0	628.5
504.31	640.75	0	640.75
504.443	673.75	0	673.75
504.577	646.5	0	646.5
504.71	664	0	664
504.844	675.25	0	675.25
504.977	672.75	0	672.75
505.111	708.75	0	708.75
505.244	677.75	0	677.75
505.377	685.5	0	685.5
505.511	671	0	671
505.644	681.25	0	681.25
505.777	649.25	0	649.25
505.911	682.75	0	682.75
506.044	701.75	0	701.75
506.177	670	0	670
506.311	709	0	709
506.444	704.5	0	704.5
506.577	706.75	0	706.75
506.71	737.25	0	737.25
506.844	736.5	0	736.5
506.977	729	0	729
507.11	730.75	0	730.75
507.243	725.25	0	725.25
507.376	739	0	739
507.51	728.75	0	728.75
507.643	754	0	754
507.776	748.25	0	748.25
507.909	765.5	0	765.5
508.042	744	0	744
508.175	756.25	0	756.25
508.308	756.5	0	756.5
508.441	758	0	758
508.574	763.25	0	763.25
508.707	768	0	768
508.84	761	0	761
508.973	780.25	0	780.25
509.106	788.5	0	788.5
509.239	812	0	812
509.372	804.5	0	804.5
509.505	816	0	816
509.638	819.5	0	819.5
509.771	853.75	0	853.75
509.904	832	0	832
510.037	893.25	0	893.25
510.17	861	0	861
510.303	870.75	0	870.75
510.436	952.75	0	952.75
510.568	938.5	0	938.5
510.701	966.5	0	966.5
510.834	983.5	0	983.5
510.967	1061.75	0	1061.75
511.1	1104.75	0	1104.75
511.232	1117.75	0	1117.75
511.365	1173.75	0	1173.75
511.498	1203.75	0	1203.75
511.631	1229.25	0	1229.25
511.763	1273.75	0	1273.75
511.896	1291.75	0	1291.75
512.029	1321.25	0	1321.25
512.161	1318.75	0	1318.75
512.294	1381	0	1381
512.427	1388.25	0	1388.25
512.559	1406.25	0	1406.25
512.692	1446.5	0	1446.5
512.825	1411.75	0	1411.75
512.957	1424	0	1424
513.09	1418	0	1418
513.222	1392	0	1392
513.355	1360.25	0	1360.25
513.487	1321.25	0	1321.25
513.62	1350.5	0	1350.5
513.752	1282.5	0	1282.5
513.885	1268.5	0	1268.5
514.017	1259.5	0	1259.5
514.15	1235.5	0	1235.5
514.282	1252.75	0	1252.75
514.415	1213.75	0	1213.75
514.547	1230.25	0	1230.25
514.68	1226.75	0	1226.75
514.812	1243.75	0	1243.75
514.944	1233.75	0	1233.75
515.077	1244.75	0	1244.75
515.209	1220	0	1220
515.341	1261.75	0	1261.75
515.474	1287.25	0	1287.25
515.606	1308.25	0	1308.25
515.738	1320.25	0	1320.25
515.871	1343.5	0	1343.5
516.003	1363.25	0	1363.25
516.135	1347	0	1347
516.267	1383.5	0	1383.5
516.4	1377.5	0	1377.5
516.532	1420.25	0	1420.25
516.664	1460	0	1460
516.796	1452	0	1452
516.928	1447.75	0	1447.75
517.06	1479.75	0	1479.75
517.193	1553.5	0	1553.5
517.325	1580.5	0	1580.5
517.457	1584	0	1584
517.589	1602.75	0	1602.75
517.721	1658.75	0	1658.75
517.853	1692.25	0	1692.25
517.985	1749.75	0	1749.75
518.117	1721	0	1721
518.249	1872.75	0	1872.75
518.381	1959.25	0	1959.25
518.513	1976.5	0	1976.5
518.645	1957.25	0	1957.25
518.777	2023	0	2023
518.909	2071.75	0	2071.75
519.041	2129.5	0	2129.5
519.173	2274.75	0	2274.75
519.305	2374	0	2374
519.437	2424.5	0	2424.5
519.569	2524.25	0	2524.25
519.701	2743.25	0	2743.25
519.832	2774.25	0	2774.25
519.964	3020	0	3020
520.096	3182.25	0	3182.25
520.228	3434.5	0	3434.5
520.36	3687	0	3687
520.491	4059.5	0	4059.5
520.623	4435.5	0	4435.5
520.755	5165.5	0	5165.5
520.887	6101.75	0	6101.75
521.018	7564	0	7564
521.15	9503.25	0	9503.25
521.282	11097.2	0	11097.2
521.414	10207.2	0	10207.2
521.545	5968.25	0	5968.25
521.677	4558.5	0	4558.5
521.808	3897.5	0	3897.5
521.94	3402	0	3402
522.072	3089	0	3089
522.203	2839	0	2839
522.335	2644.75	0	2644.75
522.466	2554.25	0	2554.25
522.598	2491.5	0	2491.5
522.729	2293	0	2293
522.861	2240.5	0	2240.5
522.993	2094.75	0	2094.75
523.124	2022	0	2022
523.256	2033.75	0	2033.75
523.387	1963	0	1963
523.518	1878.75	0	1878.75
523.65	1815.25	0	1815.25
523.781	1773.5	0	1773.5
523.913	1733.25	0	1733.25
524.044	1710	0	1710
524.176	1624.25	0	1624.25
524.307	1676.5	0	1676.5
524.438	1583.75	0	1583.75
524.57	1572	0	1572
524.701	1511	0	1511
524.832	1470.5	0	1470.5
524.964	1475.25	0	1475.25
525.095	1430.25	0	1430.25
525.226	1463	0	1463
525.357	1398.5	0	1398.5
525.489	1377.25	0	1377.25
525.62	1349	0	1349
525.751	1318	0	1318
525.882	1287.5	0	1287.5
526.013	1329.75	0	1329.75
526.145	1252.5	0	1252.5
526.276	1272	0	1272
526.407	1223	0	1223
526.538	1242.25	0	1242.25
526.669	1226.25	0	1226.25
526.8	1224.25	0	1224.25
526.931	1212.5	0	1212.5
527.062	1211	0	1211
527.193	1186	0	1186
527.324	1170	0	1170
527.455	1114.5	0	1114.5
527.586	1143.25	0	1143.25
527.717	1167.5	0	1167.5
527.848	1170.5	0	1170.5
527.979	1160.5	0	1160.5
528.11	1101.25	0	1101.25
528.241	1120	0	1120
528.372	1143.75	0	1143.75
528.503	1116.75	0	1116.75
528.634	1124.25	0	1124.25
528.765	1069	0	1069
528.896	1084	0	1084
529.026	1057.25	0	1057.25
529.157	1060.25	0	1060.25
529.288	1069	0	1069
529.419	1063	0	1063
529.55	1040.5	0	1040.5
529.681	1053.5	0	1053.5
529.811	1030	0	1030
529.942	1031.5	0	1031.5
530.073	1026.5	0	1026.5
530.203	1032.25	0	1032.25
530.334	1027.25	0	1027.25
530.465	1027.5	0	1027.5
530.596	1023.25	0	1023.25
530.726	1029.75	0	1029.75
530.857	1039	0	1039
530.987	1039	0	1039
531.118	1019.25	0	1019.25
531.249	1036.5	0	1036.5
531.379	967.25	0	967.25
531.51	1024.5	0	1024.5
531.64	1033	0	1033
531.771	993	0	993
531.901	1036.75	0	1036.75
532.032	983.5	0	983.5
532.163	1046.75	0	1046.75
532.293	1009.5	0	1009.5
532.423	1009	0	1009
532.554	1003.25	0	1003.25
532.684	999.75	0	999.75
532.815	993.75	0	993.75
532.945	965.75	0	965.75
533.076	1014.5	0	1014.5
533.206	1033	0	1033
533.336	1008.75	0	1008.75
533.467	1013.75	0	1013.75
533.597	1034.25	0	1034.25
533.727	1064.25	0	1064.25
533.858	1035.5	0	1035.5
533.988	1025.25	0	1025.25
534.118	1047.25	0	1047.25
534.248	1023.5	0	1023.5
534.379	1074	0	1074
534.509	1077.25	0	1077.25
534.639	1060.5	0	1060.5
534.769	1058.5	0	1058.5
534.9	1053.25	0	1053.25
535.03	1068	0	1068
535.16	1048.5	0	1048.5
535.29	1075.25	0	1075.25
535.42	1069.25	0	1069.25
535.55	1080.5	0	1080.5
535.68	1102	0	1102
535.81	1123.25	0	1123.25
535.94	1083.5	0	1083.5
536.071	1123	0	1123
536.201	1069.75	0	1069.75
536.331	1107.5	0	1107.5
536.461	1130.5	0	1130.5
536.591	1127.25	0	1127.25
536.721	1095.5	0	1095.5
536.851	1135.75	0	1135.75
536.981	1133.75	0	1133.75
537.11	1095.75	0	1095.75
537.24	1111.5	0	1111.5
537.37	1127.75	0	1127.75
537.5	1118.75	0	1118.75
537.63	1152.25	0	1152.25
537.76	1144.75	0	1144.75
537.89	1181.25	0	1181.25
538.02	1200.75	0	1200.75
538.149	1173.75	0	1173.75
538.279	1202.5	0	1202.5
538.409	1192.75	0	1192.75
538.539	1235.5	0	1235.5
538.669	1248.75	0	1248.75
538.798	1223.75	0	1223.75
538.928	1245.75	0	1245.75
539.058	1223.25	0	1223.25
539.187	1244.75	0	1244.75
539.317	1308.25	0	1308.25
539.447	1292.25	0	1292.25
539.576	1269.75	0	1269.75
539.706	1290.5	0	1290.5
539.836	1305.25	0	1305.25
539.965	1279.5	0	1279.5
540.095	1318.5	0	1318.5
540.225	1329.75	0	1329.75
540.354	1338.75	0	1338.75
540.484	1363	0	1363
540.613	1385.75	0	1385.75
540.743	1379.25	0	1379.25
540.872	1382.25	0	1382.25
541.002	1380.75	0	1380.75
541.131	1390	0	1390
541.261	1456.75	0	1456.75
541.39	1470.5	0	1470.5
541.52	1481.5	0	1481.5
541.649	1513.75	0	1513.75
541.778	1518.5	0	1518.5
541.908	1546.25	0	1546.25
542.037	1607.75	0	1607.75
542.167	1645.25	0	1645.25
542.296	1623.75	0	1623.75
542.425	1671.75	0	1671.75
542.554	1692	0	1692
542.684	1701.75	0	1701.75
542.813	1774.5	0	1774.5
542.942	1727.75	0	1727.75
543.072	1807.25	0	1807.25
543.201	1882.5	0	1882.5
543.33	1902.25	0	1902.25
543.459	1962.75	0	1962.75
543.588	1997.25	0	1997.25
543.718	2037.5	0	2037.5
543.847	2102.75	0	2102.75
543.976	2156.5	0	2156.5
544.105	2194.25	0	2194.25
544.234	2255.5	0	2255.5
544.363	2327.25	0	2327.25
544.492	2424.75	0	2424.75
544.621	2579.75	0	2579.75
544.75	2586	0	2586
544.88	2669.75	0	2669.75
545.009	2848	0	2848
545.138	2939.25	0	2939.25
545.266	3060.75	0	3060.75
545.396	3223.5	0	3223.5
545.525	3377.75	0	3377.75
545.653	3558.5	0	3558.5
545.782	3763	0	3763
545.911	3964.25	0	3964.25
546.04	4265.75	0	4265.75
546.169	4704.25	0	4704.25
546.298	5344.25	0	5344.25
546.427	6026	0	6026
546.556	7024	0	7024
546.685	8758.75	0	8758.75
546.813	10952	0	10952
546.942	12457	0	12457
547.071	10830.5	0	10830.5
547.2	7234	0	7234
547.328	6218.25	0	6218.25
547.457	5761.5	0	5761.5
547.586	5390.5	0	5390.5
547.715	4547.75	0	4547.75
547.843	3857	0	3857
547.972	3458.5	0	3458.5
548.101	3246.75	0	3246.75
548.229	3038.25	0	3038.25
548.358	2905.25	0	2905.25
548.487	2728.5	0	2728.5
548.615	2607.25	0	2607.25
548.744	2537.25	0	2537.25
548.872	2372.5	0	2372.5
549.001	2258.5	0	2258.5
549.129	2191.75	0	2191.75
549.258	2060	0	2060
549.387	2053.5	0	2053.5
549.515	1987.25	0	1987.25
549.643	1944.75	0	1944.75
549.772	1883.75	0	1883.75
549.9	1821.5	0	1821.5
550.029	1753.75	0	1753.75
550.157	1720.5	0	1720.5
550.286	1719.75	0	1719.75
550.414	1668.25	0	1668.25
550.542	1577.25	0	1577.25
550.671	1579.25	0	1579.25
550.799	1546.75	0	1546.75
550.927	1535.75	0	1535.75
551.056	1483.5	0	1483.5
551.184	1451	0	1451
551.312	1418.5	0	1418.5
551.441	1402.75	0	1402.75
551.569	1358.75	0	1358.75
551.697	1345.75	0	1345.75
551.825	1345	0	1345
551.953	1296.25	0	1296.25
552.082	1311.25	0	1311.25
552.21	1260.75	0	1260.75
552.338	1228.25	0	1228.25
552.466	1208	0	1208
552.594	1182.5	0	1182.5
552.722	1195	0	1195
552.851	1206.75	0	1206.75
552.979	1171.5	0	1171.5
553.107	1175.5	0	1175.5
553.235	1160.25	0	1160.25
553.363	1139	0	1139
553.491	1188.25	0	1188.25
553.619	1103.25	0	1103.25
553.747	1134.25	0	1134.25
553.875	1100	0	1100
554.003	1101	0	1101
554.131	1079.5	0	1079.5
554.259	1068.5	0	1068.5
554.387	1027	0	1027
554.514	1012.5	0	1012.5
554.642	1042	0	1042
554.77	1043.25	0	1043.25
554.898	1028.25	0	1028.25
555.026	1052	0	1052
555.154	1029.75	0	1029.75
555.281	1037.5	0	1037.5
555.409	1014.5	0	1014.5
555.537	987.5	0	987.5
555.665	1011	0	1011
555.793	1022.75	0	1022.75
555.92	1011.25	0	1011.25
556.048	1014.25	0	1014.25
556.176	948.25	0	948.25
556.303	1007	0	1007
556.431	978.75	0	978.75
556.559	958.5	0	958.5
556.686	961.5	0	961.5
556.814	968.5	0	968.5
556.942	969	0	969
557.069	945.25	0	945.25
557.197	925.75	0	925.75
557.324	941.75	0	941.75
557.452	915.25	0	915.25
557.579	917.5	0	917.5
557.707	922	0	922
557.835	890.75	0	890.75
557.962	903.25	0	903.25
558.089	864	0	864
558.217	883.25	0	883.25
558.344	873.5	0	873.5
558.472	853.25	0	853.25
558.599	866.5	0	866.5
558.727	857	0	857
558.854	827.5	0	827.5
558.981	866.25	0	866.25
559.109	807.5	0	807.5
559.236	812.25	0	812.25
559.363	820	0	820
559.491	827.25	0	827.25
559.618	782.5	0	782.5
559.745	788.25	0	788.25
559.872	820	0	820
560	792.5	0	792.5
560.127	812	0	812
560.254	767.75	0	767.75
560.381	790.5	0	790.5
560.508	759	0	759
560.636	759.25	0	759.25
560.763	735	0	735
560.89	774.75	0	774.75
561.017	743.25	0	743.25
561.144	790	0	790
561.271	763.5	0	763.5
561.398	756	0	756
561.525	755.25	0	755.25
561.652	754	0	754
561.779	770	0	770
561.906	775.25	0	775.25
562.033	756	0	756
562.16	750.5	0	750.5
562.287	750	0	750
562.414	727	0	727
562.541	769.5	0	769.5
562.668	769.5	0	769.5
562.795	763.75	0	763.75
562.922	778.5	0	778.5
563.049	767	0	767
563.175	749.75	0	749.75
563.302	719.75	0	719.75
563.429	699.25	0	699.25
563.556	685.25	0	685.25
563.683	704	0	704
563.809	682.75	0	682.75
563.936	699.75	0	699.75
564.063	709.5	0	709.5
564.19	682.5	0	682.5
564.316	697.5	0	697.5
564.443	691.25	0	691.25
564.57	679.75	0	679.75
564.696	675.75	0	675.75
564.823	641.75	0	641.75
564.95	652.25	0	652.25
565.076	682.5	0	682.5
565.203	652.75	0	652.75
565.33	653.75	0	653.75
565.456	618.25	0	618.25
565.583	622	0	622
565.709	608.75	0	608.75
565.836	608.25	0	608.25
565.962	603.75	0	603.75
566.089	598.5	0	598.5
566.215	604.5	0	604.5
566.341	598.25	0	598.25
566.468	589	0	589
566.594	600.25	0	600.25
566.721	611.25	0	611.25
566.847	597.25	0	597.25
566.974	580.5	0	580.5
567.1	606.5	0	606.5
567.226	577	0	577
567.353	609.5	0	609.5
567.479	583.5	0	583.5
567.605	606.25	0	606.25
567.732	558.25	0	558.25
567.858	570.5	0	570.5
567.984	558.75	0	558.75
568.11	561.25	0	561.25
568.236	552	0	552
568.363	564	0	564
568.489	557.75	0	557.75
568.615	553.75	0	553.75
568.741	541	0	541
568.867	549.5	0	549.5
568.993	557	0	557
569.12	545.25	0	545.25
569.246	532.25	0	532.25
569.372	553	0	553
569.498	524.75	0	524.75
569.624	512.5	0	512.5
569.75	516	0	516
569.876	518	0	518
570.002	526.5	0	526.5
570.128	510.75	0	510.75
570.254	528.75	0	528.75
570.38	489.5	0	489.5
570.506	516	0	516
570.632	504.75	0	504.75
570.758	504.25	0	504.25
570.883	485.75	0	485.75
571.009	493.25	0	493.25
571.135	479	0	479
571.261	475.25	0	475.25
571.387	501	0	501
571.513	477.75	0	477.75
571.638	473.5	0	473.5
571.764	476	0	476
571.89	470.5	0	470.5
572.016	493	0	493
572.141	480.75	0	480.75
572.267	480.25	0	480.25
572.393	471	0	471
572.518	448.75	0	448.75
572.644	453	0	453
572.77	466.75	0	466.75
572.895	449	0	449
573.021	441	0	441
573.147	450.75	0	450.75
573.272	438	0	438
573.398	465.75	0	465.75
573.523	438	0	438
573.649	450	0	450
573.774	440.25	0	440.25
573.9	425.5	0	425.5
574.025	408.25	0	408.25
574.151	425.5	0	425.5
574.276	425	0	425
574.402	411	0	411
574.527	429.75	0	429.75
574.652	438.5	0	438.5
574.778	420.25	0	420.25
574.903	430	0	430
575.029	414	0	414
575.154	409.75	0	409.75
575.279	422.75	0	422.75
575.405	402.5	0	402.5
575.53	422	0	422
575.655	431	0	431
575.78	415.75	0	415.75
575.906	414.75	0	414.75
576.031	400.75	0	400.75
576.156	393	0	393
576.281	406	0	406
576.406	410.75	0	410.75
576.532	403.25	0	403.25
576.657	414.25	0	414.25
576.782	391.5	0	391.5
576.907	401	0	401
577.032	403.25	0	403.25
577.157	389.5	0	389.5
577.282	395.5	0	395.5
577.407	376.25	0	376.25
577.532	373.5	0	373.5
577.657	380	0	380
577.782	394.25	0	394.25
577.907	386.25	0	386.25
578.032	392	0	392
578.157	388.25	0	388.25
578.282	388	0	388
578.407	370	0	370
578.532	387.5	0	387.5
578.657	382	0	382
578.782	355	0	355
578.907	385	0	385
579.031	368	0	368
579.156	369.75	0	369.75
579.281	369.5	0	369.5
579.406	382.5	0	382.5
579.531	359.5	0	359.5
579.655	356.5	0	356.5
579.78	369.75	0	369.75
579.905	362.75	0	362.75
580.03	363.25	0	363.25
580.154	357.75	0	357.75
580.279	367.75	0	367.75
580.404	352.25	0	352.25
580.528	352.75	0	352.75
580.653	365	0	365
580.778	357.75	0	357.75
580.902	338.75	0	338.75
581.027	348.5	0	348.5
581.151	347.75	0	347.75
581.276	349	0	349
581.4	348.75	0	348.75
581.525	361.75	0	361.75
581.649	358.25	0	358.25
581.774	345.75	0	345.75
581.898	343	0	343
582.023	358.25	0	358.25
582.147	348.25	0	348.25
582.272	359.5	0	359.5
582.396	348.75	0	348.75
582.52	342.5	0	342.5
582.645	349.5	0	349.5
582.769	353	0	353
582.893	332.75	0	332.75
583.018	336.75	0	336.75
583.142	342.75	0	342.75
583.266	344.75	0	344.75
583.391	340	0	340
583.515	330.25	0	330.25
583.639	313.75	0	313.75
583.763	333.25	0	333.25
583.888	347.75	0	347.75
584.012	332	0	332
584.136	336.5	0	336.5
584.26	332.75	0	332.75
584.384	344.5	0	344.5
584.508	327.75	0	327.75
584.632	325	0	325
584.757	329.75	0	329.75
584.881	305.25	0	305.25
585.005	324.25	0	324.25
585.129	325.25	0	325.25
585.253	328	0	328
585.377	306.75	0	306.75
585.501	328	0	328
585.625	312.5	0	312.5
585.749	321.5	0	321.5
585.873	312	0	312
585.997	330.75	0	330.75
586.12	307	0	307
586.244	309.25	0	309.25
586.368	320.75	0	320.75
586.492	310.5	0	310.5
586.616	319.25	0	319.25
586.74	320	0	320
586.864	300	0	300
586.987	335.75	0	335.75
587.111	323.25	0	323.25
587.235	317.5	0	317.5
587.359	310	0	310
587.482	303.5	0	303.5
587.606	316.25	0	316.25
587.73	299.5	0	299.5
587.854	300.25	0	300.25
587.977	313.5	0	313.5
588.101	291.25	0	291.25
588.224	308.5	0	308.5
588.348	307.25	0	307.25
588.472	298.5	0	298.5
588.595	303.75	0	303.75
588.719	297.5	0	297.5
588.842	316.25	0	316.25
588.966	302.5	0	302.5
589.089	306.75	0	306.75
589.213	296.25	0	296.25
589.336	309.75	0	309.75
589.46	306	0	306
589.583	305.25	0	305.25
589.707	305.25	0	305.25
589.83	295.5	0	295.5
589.954	299.25	0	299.25
590.077	293	0	293
590.2	312	0	312
590.324	296	0	296
590.447	306.25	0	306.25
590.57	311	0	311
590.694	314	0	314
590.817	290	0	290
590.94	280	0	280
591.063	286	0	286
591.187	307	0	307
591.31	296.5	0	296.5
591.433	307	0	307
591.556	285	0	285
591.679	282.5	0	282.5
591.803	293.5	0	293.5
591.926	289.75	0	289.75
592.049	297.5	0	297.5
592.172	285	0	285
592.295	287.75	0	287.75
592.418	285.25	0	285.25
592.541	300.25	0	300.25
592.664	282.75	0	282.75
592.787	280.5	0	280.5
592.91	291.25	0	291.25
593.033	292.5	0	292.5
593.156	278.5	0	278.5
593.279	294.75	0	294.75
593.402	280.75	0	280.75
593.525	293.5	0	293.5
593.648	279.75	0	279.75
593.771	274.75	0	274.75
593.894	287.75	0	287.75
594.016	277.25	0	277.25
594.139	284.75	0	284.75
594.262	292.75	0	292.75
594.385	278.75	0	278.75
594.508	288.25	0	288.25
594.63	284	0	284
594.753	292.75	0	292.75
594.876	287.25	0	287.25
594.999	269.75	0	269.75
595.121	280	0	280
595.244	296.5	0	296.5
595.367	268.75	0	268.75
595.489	275	0	275
595.612	292.75	0	292.75
595.735	287.5	0	287.5
595.857	286.75	0	286.75
595.98	272.25	0	272.25
596.102	289.5	0	289.5
596.225	277.75	0	277.75
596.347	288.75	0	288.75
596.47	289.75	0	289.75
596.592	264.5	0	264.5
596.715	276.25	0	276.25
596.837	274.75	0	274.75
596.96	275.75	0	275.75
597.082	270.25	0	270.25
597.205	265.25	0	265.25
597.327	271	0	271
597.449	272.75	0	272.75
597.572	260.75	0	260.75
597.694	282	0	282
597.816	286	0	286
597.939	281	0	281
598.061	273.75	0	273.75
598.183	281.75	0	281.75
598.306	275.5	0	275.5
598.428	271.5	0	271.5
598.55	278	0	278
598.672	273.25	0	273.25
598.795	279.75	0	279.75
598.917	274.75	0	274.75
599.039	266.25	0	266.25
599.161	270.5	0	270.5
599.283	271.5	0	271.5
599.405	253.25	0	253.25
599.527	278.75	0	278.75
599.65	274.5	0	274.5
599.772	279.75	0	279.75
599.894	269.25	0	269.25
600.016	266	0	266
600.138	265.25	0	265.25
600.26	282.25	0	282.25
600.382	252.75	0	252.75
600.504	265	0	265
600.625	273	0	273
600.747	276	0	276
600.869	273	0	273
600.991	282.25	0	282.25
601.113	265.5	0	265.5
601.235	262	0	262
601.357	264	0	264
601.479	261.5	0	261.5
601.6	261	0	261
601.722	258.75	0	258.75
601.844	270.5	0	270.5
601.966	259.5	0	259.5
602.087	256.75	0	256.75
602.209	267.5	0	267.5
602.331	266.75	0	266.75
602.453	266.25	0	266.25
602.574	273.25	0	273.25
602.696	250.25	0	250.25
602.818	261.25	0	261.25
602.939	269.75	0	269.75
603.061	267	0	267
603.182	262.5	0	262.5
603.304	254.5	0	254.5
603.426	266	0	266
603.547	260.75	0	260.75
603.669	261.5	0	261.5
603.79	269.25	0	269.25
603.912	255.75	0	255.75
604.033	264.5	0	264.5
604.154	263.75	0	263.75
604.276	258.75	0	258.75
604.397	265	0	265
604.519	262.75	0	262.75
604.64	254.25	0	254.25
604.761	263.75	0	263.75
604.883	264.75	0	264.75
605.004	245.5	0	245.5
605.125	263.25	0	263.25
605.247	256	0	256
605.368	252.25	0	252.25
605.489	262.75	0	262.75
605.611	259.25	0	259.25
605.732	267.5	0	267.5
605.853	259	0	259
605.974	266.5	0	266.5
606.095	245.75	0	245.75
606.216	261.5	0	261.5
606.338	267.75	0	267.75
606.459	268.5	0	268.5
606.58	262.75	0	262.75
606.701	268.75	0	268.75
606.822	262.25	0	262.25
606.943	254.75	0	254.75
607.064	253.25	0	253.25
607.185	255.75	0	255.75
607.306	272.25	0	272.25
607.427	255	0	255
607.548	261.75	0	261.75
607.669	261	0	261
607.79	256.25	0	256.25
607.911	254	0	254
608.032	256	0	256
608.153	256.25	0	256.25
608.274	264.5	0	264.5
608.394	261	0	261
608.515	254	0	254
608.636	262	0	262
608.757	244.5	0	244.5
608.878	263.25	0	263.25
608.998	262.5	0	262.5
609.119	257.5	0	257.5
609.24	271.5	0	271.5
609.361	251.75	0	251.75
609.481	255	0	255
609.602	267.75	0	267.75
609.723	253.25	0	253.25
609.843	275.25	0	275.25
609.964	261.25	0	261.25
610.085	271.5	0	271.5
610.205	276.75	0	276.75
610.326	265.5	0	265.5
610.446	274.5	0	274.5
610.567	260	0	260
610.687	272.75	0	272.75
610.808	262.75	0	262.75
610.928	266.25	0	266.25
611.049	257.75	0	257.75
611.169	272.5	0	272.5
611.29	246.25	0	246.25
611.41	260.25	0	260.25
611.531	274.5	0	274.5
611.651	264.25	0	264.25
611.771	262.75	0	262.75
611.892	282	0	282
612.012	266.5	0	266.5
612.132	271.25	0	271.25
612.253	270.5	0	270.5
612.373	277.25	0	277.25
612.493	283.5	0	283.5
612.613	256.25	0	256.25
612.734	258	0	258
612.854	260.25	0	260.25
612.974	278	0	278
613.094	266.75	0	266.75
613.214	265	0	265
613.335	270.5	0	270.5
613.455	261.5	0	261.5
613.575	266.5	0	266.5
613.695	264.75	0	264.75
613.815	272.5	0	272.5
613.935	265.75	0	265.75
614.055	280.25	0	280.25
614.175	286.75	0	286.75
614.295	282.75	0	282.75
614.415	264.25	0	264.25
614.535	279.25	0	279.25
614.655	279	0	279
614.775	277.25	0	277.25
614.895	269.25	0	269.25
615.015	285	0	285
615.135	275	0	275
615.254	268	0	268
615.374	282.5	0	282.5
615.494	272	0	272
615.614	298.5	0	298.5
615.734	279	0	279
615.854	283.5	0	283.5
615.973	286.25	0	286.25
616.093	272.5	0	272.5
616.213	290.25	0	290.25
616.332	285.5	0	285.5
616.452	282.75	0	282.75
616.572	277.5	0	277.5
616.691	281.25	0	281.25
616.811	277.5	0	277.5
616.931	271.75	0	271.75
617.05	284.75	0	284.75
617.17	291.25	0	291.25
617.289	277	0	277
617.409	282.75	0	282.75
617.529	298.75	0	298.75
617.648	286.75	0	286.75
617.768	289.5	0	289.5
617.887	273.5	0	273.5
618.006	295.25	0	295.25
618.126	296.75	0	296.75
618.245	273.25	0	273.25
618.365	289.25	0	289.25
618.484	296.25	0	296.25
618.604	280	0	280
618.723	290.25	0	290.25
618.842	283	0	283
618.962	288	0	288
619.081	289.5	0	289.5
619.2	269	0	269
619.319	299	0	299
619.439	289.5	0	289.5
619.558	298.5	0	298.5
619.677	288.25	0	288.25
619.796	270	0	270
619.916	285	0	285
620.035	279.75	0	279.75
620.154	281.25	0	281.25
620.273	281	0	281
620.392	286.5	0	286.5
620.511	287.5	0	287.5
620.63	289.25	0	289.25
620.749	284.5	0	284.5
620.868	290	0	290
620.987	290.75	0	290.75
621.106	277.25	0	277.25
621.225	282.5	0	282.5
621.344	292.75	0	292.75
621.463	297.5	0	297.5
621.582	281.75	0	281.75
621.701	294	0	294
621.82	279.75	0	279.75
621.939	299.75	0	299.75
622.058	297.75	0	297.75
622.177	283.25	0	283.25
622.295	291.5	0	291.5
622.414	284.25	0	284.25
622.533	290.25	0	290.25
622.652	304.25	0	304.25
622.771	290.5	0	290.5
622.889	276.75	0	276.75
623.008	294.5	0	294.5
623.127	289	0	289
623.245	285.5	0	285.5
623.364	292.75	0	292.75
623.483	280.25	0	280.25
623.601	296.25	0	296.25
623.72	297	0	297
623.839	284.25	0	284.25
623.957	282.75	0	282.75
624.076	295	0	295
624.194	290.5	0	290.5
624.313	280	0	280
624.431	280.5	0	280.5
624.55	298.75	0	298.75
624.668	289	0	289
624.787	284.25	0	284.25
624.905	292.5	0	292.5
625.024	285.25	0	285.25
625.142	285.75	0	285.75
625.26	289	0	289
625.379	276	0	276
625.497	286.25	0	286.25
625.615	301	0	301
625.734	291.25	0	291.25
625.852	283.5	0	283.5
625.97	286.5	0	286.5
626.089	275.5	0	275.5
626.207	294	0	294
626.325	300	0	300
626.443	274.75	0	274.75
626.561	286.25	0	286.25
626.68	286.75	0	286.75
626.798	285	0	285
626.916	284	0	284
627.034	297.25	0	297.25
627.152	274.5	0	274.5
627.27	293.75	0	293.75
627.388	291	0	291
627.506	294.5	0	294.5
627.624	281.5	0	281.5
627.742	280.25	0	280.25
627.86	283.25	0	283.25
627.978	281.5	0	281.5
628.096	288.25	0	288.25
628.214	289.75	0	289.75
628.332	289.5	0	289.5
628.45	285	0	285
628.568	291.25	0	291.25
628.686	290	0	290
628.804	275.25	0	275.25
628.921	297.25	0	297.25
629.039	276.5	0	276.5
629.157	294.5	0	294.5
629.275	287	0	287
629.393	277	0	277
629.51	277.5	0	277.5
629.628	276.25	0	276.25
629.746	285.25	0	285.25
629.864	282	0	282
629.981	286.5	0	286.5
630.099	276.75	0	276.75
630.216	279.5	0	279.5
630.334	269.5	0	269.5
630.452	277	0	277
630.569	269.75	0	269.75
630.687	271.75	0	271.75
630.804	280.25	0	280.25
630.922	284.75	0	284.75
631.039	265.5	0	265.5
631.157	271.25	0	271.25
631.274	274.25	0	274.25
631.392	283.5	0	283.5
631.509	270.75	0	270.75
631.627	277.25	0	277.25
631.744	274	0	274
631.861	274.5	0	274.5
631.979	276.25	0	276.25
632.096	290.75	0	290.75
632.213	289.5	0	289.5
632.331	288.5	0	288.5
632.448	279.25	0	279.25
632.565	274	0	274
632.683	277.25	0	277.25
632.8	279.25	0	279.25
632.917	282.75	0	282.75
633.034	276	0	276
633.151	278.5	0	278.5
633.269	278.5	0	278.5
633.386	266.5	0	266.5
633.503	273.75	0	273.75
633.62	264.5	0	264.5
633.737	273.75	0	273.75
633.854	278.25	0	278.25
633.971	265.75	0	265.75
634.088	291.25	0	291.25
634.205	277.75	0	277.75
634.322	273.25	0	273.25
634.439	267.5	0	267.5
634.556	276.75	0	276.75
634.673	272	0	272
634.79	267.75	0	267.75
634.907	270	0	270
635.024	289.25	0	289.25
635.141	272.25	0	272.25
635.258	276	0	276
635.375	270.75	0	270.75
635.491	268	0	268
635.608	265.5	0	265.5
635.725	274	0	274
635.842	257.5	0	257.5
635.958	262.25	0	262.25
636.075	273.5	0	273.5
636.192	281.75	0	281.75
636.309	269.5	0	269.5
636.425	264.25	0	264.25
636.542	273.5	0	273.5
636.659	269.25	0	269.25
636.775	258.25	0	258.25
636.892	270.25	0	270.25
637.008	267	0	267
637.125	270.75	0	270.75
637.241	263.5	0	263.5
637.358	265.5	0	265.5
637.475	275	0	275
637.591	265.5	0	265.5
637.707	260.25	0	260.25
637.824	278.75	0	278.75
637.94	244.25	0	244.25
638.057	261.5	0	261.5
638.173	263.25	0	263.25
638.29	267	0	267
638.406	264.25	0	264.25
638.522	256	0	256
638.639	263.25	0	263.25
638.755	254.5	0	254.5
638.871	264	0	264
638.987	264	0	264
639.104	263.5	0	263.5
639.22	263	0	263
639.336	257.75	0	257.75
639.452	260	0	260
639.569	271.5	0	271.5
639.685	257.25	0	257.25
639.801	269	0	269
639.917	244.25	0	244.25
640.033	270	0	270
640.149	266.75	0	266.75
640.265	246	0	246
640.381	263	0	263
640.497	268	0	268
640.613	275	0	275
640.729	245.25	0	245.25
640.845	263.5	0	263.5
640.961	268	0	268
641.077	258.5	0	258.5
641.193	254.5	0	254.5
641.309	255	0	255
641.425	247.75	0	247.75
641.541	257.5	0	257.5
641.657	267.75	0	267.75
641.773	249.75	0	249.75
641.888	265	0	265
642.004	246.25	0	246.25
642.12	266.25	0	266.25
642.236	254.25	0	254.25
642.352	252.75	0	252.75
642.467	249	0	249
642.583	256.5	0	256.5
642.699	257	0	257
642.814	262.5	0	262.5
642.93	252.75	0	252.75
643.046	249	0	249
643.161	256.75	0	256.75
643.277	257.5	0	257.5
643.392	244.25	0	244.25
643.508	254.75	0	254.75
643.623	273	0	273
643.739	247.75	0	247.75
643.854	255.75	0	255.75
643.97	247.5	0	247.5
644.085	238.75	0	238.75
644.201	248	0	248
644.316	253.75	0	253.75
644.432	247.25	0	247.25
644.547	257.25	0	257.25
644.663	254.25	0	254.25
644.778	253.5	0	253.5
644.893	246.25	0	246.25
645.008	242.5	0	242.5
645.124	252	0	252
645.239	261	0	261
645.354	256.25	0	256.25
645.47	249.5	0	249.5
645.585	241.75	0	241.75
645.7	251.5	0	251.5
645.815	250.5	0	250.5
645.93	244.5	0	244.5
646.046	245.75	0	245.75
646.161	258.25	0	258.25
646.276	255.25	0	255.25
646.391	243.75	0	243.75
646.506	246.25	0	246.25
646.621	248.75	0	248.75
646.736	243	0	243
646.851	259.5	0	259.5
646.966	259.25	0	259.25
647.081	247.5	0	247.5
647.196	246.25	0	246.25
647.311	242	0	242
647.426	252.75	0	252.75
647.541	261	0	261
647.656	256.25	0	256.25
647.771	251.5	0	251.5
647.885	245	0	245
648	255.25	0	255.25
648.115	246	0	246
648.23	241	0	241
648.345	241.75	0	241.75
648.459	238.5	0	238.5
648.574	239.5	0	239.5
648.689	244	0	244
648.804	245	0	245
648.918	259.75	0	259.75
649.033	259.75	0	259.75
649.148	240.25	0	240.25
649.262	258	0	258
649.377	243	0	243
649.491	247.25	0	247.25
649.606	250.25	0	250.25
649.721	241	0	241
649.835	255.5	0	255.5
649.95	250.5	0	250.5
650.064	241.5	0	241.5
650.179	244.5	0	244.5
650.293	240.5	0	240.5
650.408	250.75	0	250.75
650.522	241.75	0	241.75
650.636	244.25	0	244.25
650.751	246.75	0	246.75
650.865	237.25	0	237.25
650.979	240.25	0	240.25
651.094	248.25	0	248.25
651.208	239	0	239
651.322	248.25	0	248.25
651.437	252.5	0	252.5
651.551	255	0	255
651.665	252.5	0	252.5
651.779	245	0	245
651.894	266	0	266
652.008	243.75	0	243.75
652.122	237.5	0	237.5
652.236	248.75	0	248.75
652.35	246	0	246
652.464	249	0	249
652.578	253.25	0	253.25
652.693	240.75	0	240.75
652.807	237.75	0	237.75
652.921	240.5	0	240.5
653.035	233.5	0	233.5
653.149	240	0	240
653.263	239.75	0	239.75
653.376	230.25	0	230.25
653.49	229.75	0	229.75
653.604	244.25	0	244.25
653.718	253.5	0	253.5
653.832	251.75	0	251.75
653.946	240	0	240
654.06	229.75	0	229.75
654.174	242	0	242
654.287	234.25	0	234.25
654.401	237.75	0	237.75
654.515	225.5	0	225.5
654.629	236.25	0	236.25
654.743	233	0	233
654.856	225	0	225
654.97	245.25	0	245.25
655.084	234.25	0	234.25
655.197	233	0	233
655.311	225	0	225
655.424	252	0	252
655.538	248.5	0	248.5
655.652	238	0	238
655.765	243.5	0	243.5
655.879	239	0	239
655.992	238	0	238
656.106	232.25	0	232.25
656.219	241	0	241
656.333	244.75	0	244.75
656.446	236.5	0	236.5
656.56	224.5	0	224.5
656.673	240	0	240
656.786	229.5	0	229.5
656.9	247.75	0	247.75
657.013	244.25	0	244.25
657.127	238.75	0	238.75
657.24	226	0	226
657.353	234.25	0	234.25
657.466	244.75	0	244.75
657.58	246.5	0	246.5
657.693	238.75	0	238.75
657.806	234.5	0	234.5
657.919	232.5	0	232.5
658.032	238.25	0	238.25
658.146	239.75	0	239.75
658.259	243.25	0	243.25
658.372	244.25	0	244.25
658.485	237.75	0	237.75
658.598	249	0	249
658.711	224.75	0	224.75
658.824	236	0	236
658.937	231	0	231
659.05	234.25	0	234.25
659.163	222	0	222
659.276	242.75	0	242.75
659.389	231.5	0	231.5
659.502	233.5	0	233.5
659.615	240.5	0	240.5
659.728	242	0	242
659.841	233.75	0	233.75
659.954	221.75	0	221.75
660.067	239.25	0	239.25
660.179	230.25	0	230.25
660.292	230.5	0	230.5
660.405	240.75	0	240.75
660.518	229.25	0	229.25
660.63	223.5	0	223.5
660.743	236	0	236
660.856	233.75	0	233.75
660.969	228.75	0	228.75
661.081	226.5	0	226.5
661.194	238.25	0	238.25
661.307	224	0	224
661.419	235.75	0	235.75
661.532	210.25	0	210.25
661.644	219.75	0	219.75
661.757	230	0	230
661.869	248	0	248
661.982	231.25	0	231.25
662.094	227.5	0	227.5
662.207	240.25	0	240.25
662.319	228.5	0	228.5
662.432	231.5	0	231.5
662.544	231.5	0	231.5
662.656	233.25	0	233.25
662.769	236.5	0	236.5
662.881	226.25	0	226.25
662.994	236.75	0	236.75
663.106	230.75	0	230.75
663.218	223	0	223
663.331	225.25	0	225.25
663.443	242.5	0	242.5
663.555	233.25	0	233.25
663.667	231.25	0	231.25
663.779	237	0	237
663.892	228.5	0	228.5
664.004	231.75	0	231.75
664.116	219	0	219
664.228	232	0	232
664.34	218.5	0	218.5
664.452	233.25	0	233.25
664.564	231.25	0	231.25
664.676	229.5	0	229.5
664.788	225	0	225
664.901	234.75	0	234.75
665.012	238	0	238
665.125	237	0	237
665.236	230.75	0	230.75
665.348	232	0	232
665.46	234.25	0	234.25
665.572	222.5	0	222.5
665.684	230.5	0	230.5
665.796	239.25	0	239.25
665.908	235.5	0	235.5
666.02	223.5	0	223.5
666.131	225.75	0	225.75
666.243	239.25	0	239.25
666.355	234	0	234
666.467	231.25	0	231.25
666.578	233.75	0	233.75
666.69	240.25	0	240.25
666.802	233.5	0	233.5
666.914	223.5	0	223.5
667.025	229.5	0	229.5
667.137	222.75	0	222.75
667.248	228.5	0	228.5
667.36	226.25	0	226.25
667.472	226.25	0	226.25
667.583	226.75	0	226.75
667.695	213.75	0	213.75
667.806	234.75	0	234.75
667.918	221.5	0	221.5
668.029	220.5	0	220.5
668.141	223.25	0	223.25
668.252	234.75	0	234.75
668.363	240.75	0	240.75
668.475	225.75	0	225.75
668.586	222.25	0	222.25
668.698	229	0	229
668.809	224.25	0	224.25
668.92	231.25	0	231.25
669.032	220.25	0	220.25
669.143	217.5	0	217.5
669.254	231	0	231
669.365	231.5	0	231.5
669.477	227	0	227
669.588	225.5	0	225.5
669.699	242.75	0	242.75
669.81	226	0	226
669.921	227.25	0	227.25
670.032	232.5	0	232.5
670.143	226.25	0	226.25
670.255	223.25	0	223.25
670.366	225.5	0	225.5
670.477	213.5	0	213.5
670.588	226.25	0	226.25
670.699	226.5	0	226.5
670.81	217.5	0	217.5
670.921	233.25	0	233.25
671.032	225.25	0	225.25
671.143	228	0	228
671.253	230.25	0	230.25
671.364	226.75	0	226.75
671.475	230.5	0	230.5
671.586	228	0	228
671.697	226.5	0	226.5
671.808	228	0	228
671.919	232.25	0	232.25
672.029	225.25	0	225.25
672.14	218.5	0	218.5
672.251	220.75	0	220.75
672.362	218	0	218
672.472	242.5	0	242.5
672.583	229.5	0	229.5
672.694	227.75	0	227.75
672.804	214.75	0	214.75
672.915	227	0	227
673.025	230.75	0	230.75
673.136	229.75	0	229.75
673.247	224.75	0	224.75
673.357	229.75	0	229.75
673.468	230	0	230
673.578	230.25	0	230.25
673.689	227.75	0	227.75
673.799	221.25	0	221.25
673.91	220.25	0	220.25
674.02	224.5	0	224.5
674.13	226.5	0	226.5
674.241	219.25	0	219.25
674.351	225.5	0	225.5
674.461	224	0	224
674.572	232.25	0	232.25
674.682	230.25	0	230.25
674.792	224.5	0	224.5
674.903	219.75	0	219.75
675.013	221.5	0	221.5
675.123	220	0	220
675.233	221.5	0	221.5
675.344	225.25	0	225.25
675.454	206.75	0	206.75
675.564	213.75	0	213.75
675.674	216	0	216
675.784	220.75	0	220.75
675.894	222	0	222
676.004	224.25	0	224.25
676.114	227.75	0	227.75
676.224	223.5	0	223.5
676.334	218.75	0	218.75
676.444	225.5	0	225.5
676.554	226	0	226
676.664	227.75	0	227.75
676.774	212.75	0	212.75
676.884	211.25	0	211.25
676.994	222.75	0	222.75
677.104	222	0	222
677.214	209.25	0	209.25
677.324	219.25	0	219.25
677.433	221	0	221
677.543	210.25	0	210.25
677.653	220.5	0	220.5
677.763	213	0	213
677.872	218	0	218
677.982	224.5	0	224.5
678.092	221.5	0	221.5
678.202	225.75	0	225.75
678.311	214	0	214
678.421	224.5	0	224.5
678.53	219.75	0	219.75
678.64	224.25	0	224.25
678.75	220.25	0	220.25
678.859	214.5	0	214.5
678.969	222.25	0	222.25
679.078	225.75	0	225.75
679.188	210.5	0	210.5
679.297	222.5	0	222.5
679.407	220.75	0	220.75
679.516	226	0	226
679.625	214.75	0	214.75
679.735	214.25	0	214.25
679.844	229.75	0	229.75
679.954	211.75	0	211.75
680.063	226	0	226
680.172	205.75	0	205.75
680.282	208.5	0	208.5
680.391	211.75	0	211.75
680.5	216.25	0	216.25
680.609	214	0	214
680.719	217.25	0	217.25
680.828	215.75	0	215.75
680.937	216.75	0	216.75
681.046	207.5	0	207.5
681.155	223	0	223
681.264	216.5	0	216.5
681.374	203.75	0	203.75
681.483	216.25	0	216.25
681.592	211.75	0	211.75
681.701	215	0	215
681.81	211.75	0	211.75
681.919	219.25	0	219.25
682.028	223.5	0	223.5
682.137	215.25	0	215.25
682.246	222	0	222
682.355	223.75	0	223.75
682.463	217.5	0	217.5
682.572	225.75	0	225.75
682.681	209.5	0	209.5
682.79	209	0	209
682.899	213.25	0	213.25
683.008	212.25	0	212.25
683.117	217.25	0	217.25
683.225	217.25	0	217.25
683.334	224	0	224
683.443	214	0	214
683.551	216	0	216
683.66	217.5	0	217.5
683.769	212.5	0	212.5
683.877	216.5	0	216.5
683.986	214.5	0	214.5
684.095	209	0	209
684.203	214.25	0	214.25
684.312	214.25	0	214.25
684.42	204.25	0	204.25
684.529	211.25	0	211.25
684.637	221.5	0	221.5
684.746	219.5	0	219.5
684.854	223	0	223
684.963	223	0	223
685.071	211.5	0	211.5
685.18	223.25	0	223.25
685.288	208.25	0	208.25
685.396	220	0	220
685.505	214.5	0	214.5
685.613	210.75	0	210.75
685.721	208.5	0	208.5
685.83	213.5	0	213.5
685.938	204.5	0	204.5
686.046	238.25	0	238.25
686.154	210.25	0	210.25
686.263	219.25	0	219.25
686.371	216.75	0	216.75
686.479	216.25	0	216.25
686.587	223	0	223
686.695	225	0	225
686.803	221.5	0	221.5
686.911	213.75	0	213.75
687.019	227	0	227
687.127	214	0	214
687.235	207.5	0	207.5
687.343	225.25	0	225.25
687.451	207.75	0	207.75
687.559	209.5	0	209.5
687.667	204.5	0	204.5
687.775	229.25	0	229.25
687.883	222	0	222
687.991	218.25	0	218.25
688.099	219.25	0	219.25
688.207	213.75	0	213.75
688.315	203.5	0	203.5
688.422	226	0	226
688.53	197	0	197
688.638	208	0	208
688.746	218.25	0	218.25
688.853	220.75	0	220.75
688.961	189.5	0	189.5
689.069	212	0	212
689.176	203	0	203
689.284	212	0	212
689.392	218.75	0	218.75
689.499	205.25	0	205.25
689.607	210.5	0	210.5
689.714	204.5	0	204.5
689.822	214	0	214
689.93	207.75	0	207.75
690.037	213	0	213
690.144	200.25	0	200.25
690.252	211.25	0	211.25
690.359	210	0	210
690.467	215.75	0	215.75
690.574	211	0	211
690.682	212	0	212
690.789	211.5	0	211.5
690.896	217	0	217
691.004	205.25	0	205.25
691.111	207.5	0	207.5
691.218	208	0	208
691.325	212.25	0	212.25
691.433	205.5	0	205.5
691.54	222	0	222
691.647	215.25	0	215.25
691.754	203	0	203
691.861	213.5	0	213.5
691.969	204.25	0	204.25
692.076	207.5	0	207.5
692.183	208.5	0	208.5
692.29	213.5	0	213.5
692.397	207.25	0	207.25
692.504	212.5	0	212.5
692.611	215.25	0	215.25
692.718	203.75	0	203.75
692.825	209.25	0	209.25
692.932	211.5	0	211.5
693.039	209.75	0	209.75
693.146	210.5	0	210.5
693.253	208.75	0	208.75
693.359	212.5	0	212.5
693.466	209.75	0	209.75
693.573	204.75	0	204.75
693.68	209.75	0	209.75
693.787	211.75	0	211.75
693.894	212.75	0	212.75
694	207.75	0	207.75
694.107	197.25	0	197.25
694.214	212.25	0	212.25
694.32	214.75	0	214.75
694.427	209.25	0	209.25
694.534	216.75	0	216.75
694.64	203	0	203
694.747	202	0	202
694.853	210.75	0	210.75
694.96	207	0	207
695.067	206.25	0	206.25
695.173	205	0	205
695.28	199	0	199
695.386	212.75	0	212.75
695.493	208	0	208
695.599	208.5	0	208.5
695.705	213.5	0	213.5
695.812	202.5	0	202.5
695.918	219.75	0	219.75
696.025	212.5	0	212.5
696.131	199.75	0	199.75
696.237	209.75	0	209.75
696.344	205.75	0	205.75
696.45	197.25	0	197.25
696.556	214.25	0	214.25
696.662	201.75	0	201.75
696.768	200.75	0	200.75
696.875	213.25	0	213.25
696.981	199	0	199
697.087	208.5	0	208.5
697.193	205.75	0	205.75
697.299	209.75	0	209.75
697.405	208.5	0	208.5
697.512	202	0	202
697.618	206.75	0	206.75
697.724	199.25	0	199.25
697.83	196.75	0	196.75
697.936	202.25	0	202.25
698.042	209.5	0	209.5
698.148	190.25	0	190.25
698.253	207.5	0	207.5
698.359	219.75	0	219.75
698.465	203.5	0	203.5
698.571	200.75	0	200.75
698.677	204.5	0	204.5
698.783	201.25	0	201.25
698.889	201.25	0	201.25
698.994	211.75	0	211.75
699.1	203.25	0	203.25
699.206	187.75	0	187.75
699.312	205	0	205
699.417	209.5	0	209.5
699.523	202.25	0	202.25
699.629	194	0	194
699.734	206.75	0	206.75
699.84	205	0	205
699.946	215.75	0	215.75
700.051	207	0	207
700.157	197	0	197
700.262	210.25	0	210.25
700.368	201	0	201
700.473	209.25	0	209.25
700.579	195	0	195
700.684	207.5	0	207.5
700.79	202	0	202
700.895	195.5	0	195.5
701	202.5	0	202.5
701.106	199	0	199
701.211	200.25	0	200.25
701.316	199.5	0	199.5
701.422	200.75	0	200.75
701.527	206.25	0	206.25
701.632	196	0	196
701.738	203	0	203
701.843	201.25	0	201.25
701.948	200.75	0	200.75
702.053	208.5	0	208.5
702.158	197.5	0	197.5
702.264	205	0	205
702.369	201	0	201
702.474	204.75	0	204.75
702.579	199.25	0	199.25
702.684	198.75	0	198.75
702.789	202.5	0	202.5
702.894	199.5	0	199.5
702.999	194.25	0	194.25
703.104	199.5	0	199.5
703.209	202.25	0	202.25
703.314	207.75	0	207.75
703.419	207.75	0	207.75
703.524	211	0	211
703.629	210.75	0	210.75
703.733	197	0	197
703.838	211.75	0	211.75
703.943	201.25	0	201.25
704.048	198	0	198
704.153	205.75	0	205.75
704.257	207	0	207
704.362	201.25	0	201.25
704.467	196	0	196
704.572	203	0	203
704.676	198.25	0	198.25
704.781	189.5	0	189.5
704.886	202.5	0	202.5
704.99	201	0	201
705.095	193.5	0	193.5
705.199	203	0	203
705.304	218.25	0	218.25
705.408	203.75	0	203.75
705.513	187	0	187
705.617	212.25	0	212.25
705.722	207.5	0	207.5
705.826	208.5	0	208.5
705.931	197.75	0	197.75
706.035	211	0	211
706.139	198	0	198
706.244	201.25	0	201.25
706.348	198.75	0	198.75
706.452	200.75	0	200.75
706.557	206.5	0	206.5
706.661	198.5	0	198.5
706.765	206	0	206
706.87	198.75	0	198.75
706.974	202.75	0	202.75
707.078	198.25	0	198.25
707.182	203.25	0	203.25
707.286	200.5	0	200.5
707.39	203.75	0	203.75
707.495	212.25	0	212.25
707.599	199.5	0	199.5
707.703	202.5	0	202.5
707.807	206.75	0	206.75
707.911	203.75	0	203.75
708.015	199.5	0	199.5
708.119	202.25	0	202.25
708.223	195.25	0	195.25
708.327	204.25	0	204.25
708.431	204.25	0	204.25
708.534	199.25	0	199.25
708.638	206	0	206
708.742	200	0	200
708.846	208	0	208
708.95	208.5	0	208.5
709.054	195	0	195
709.157	200.5	0	200.5
709.261	191.5	0	191.5
709.365	198.5	0	198.5
709.469	192.25	0	192.25
709.572	192.5	0	192.5
709.676	200.25	0	200.25
709.78	195.75	0	195.75
709.883	202.75	0	202.75
709.987	195.5	0	195.5
710.09	198.25	0	198.25
710.194	202.5	0	202.5
710.298	199.75	0	199.75
710.401	191.25	0	191.25
710.505	194.25	0	194.25
710.608	205	0	205
710.711	203.75	0	203.75
710.815	199.75	0	199.75
710.918	198.5	0	198.5
711.022	207.5	0	207.5
711.125	188.5	0	188.5
711.228	195.25	0	195.25
711.332	199.75	0	199.75
711.435	200.25	0	200.25
711.538	188.75	0	188.75
711.642	193.25	0	193.25
711.745	197	0	197
711.848	195.75	0	195.75
711.951	199	0	199
712.055	197.25	0	197.25
712.158	216.5	0	216.5
712.261	198	0	198
712.364	195.25	0	195.25
712.467	198.5	0	198.5
712.57	199.5	0	199.5
712.673	186.75	0	186.75
712.776	206	0	206
712.879	195	0	195
712.982	202.25	0	202.25
713.085	203.25	0	203.25
713.188	190.25	0	190.25
713.291	198.5	0	198.5
713.394	198.5	0	198.5
713.497	207	0	207
713.6	200.5	0	200.5
713.703	199	0	199
713.805	193.25	0	193.25
713.908	188.25	0	188.25
714.011	196.5	0	196.5
714.114	195.75	0	195.75
714.216	193.5	0	193.5
714.319	196.5	0	196.5
714.422	195.5	0	195.5
714.525	195.75	0	195.75
714.627	196.75	0	196.75
714.73	192.75	0	192.75
714.833	197.25	0	197.25
714.935	191.25	0	191.25
715.038	195.25	0	195.25
715.14	197.25	0	197.25
715.243	194.25	0	194.25
715.345	191.5	0	191.5
715.448	201.5	0	201.5
715.55	205	0	205
715.653	190	0	190
715.755	188.5	0	188.5
715.857	204.75	0	204.75
715.96	206.25	0	206.25
716.062	186.5	0	186.5
716.164	198	0	198
716.267	193.25	0	193.25
716.369	196.25	0	196.25
716.471	197	0	197
716.574	193.75	0	193.75
716.676	203.5	0	203.5
716.778	204.5	0	204.5
716.88	199.5	0	199.5
716.982	196.5	0	196.5
717.085	204.25	0	204.25
717.187	191.25	0	191.25
717.289	198.25	0	198.25
717.391	191.75	0	191.75
717.493	197.75	0	197.75
717.595	200	0	200
717.697	194	0	194
717.799	193.5	0	193.5
717.901	191.25	0	191.25
718.003	181.75	0	181.75
718.105	195	0	195
718.207	192.5	0	192.5
718.309	189.75	0	189.75
718.411	208	0	208
718.512	197.75	0	197.75
718.614	198	0	198
718.716	197.75	0	197.75
718.818	190.25	0	190.25
718.92	197	0	197
719.021	198.25	0	198.25
719.123	200.5	0	200.5
719.225	202.75	0	202.75
719.326	186	0	186
719.428	198	0	198
719.53	189	0	189
719.631	198.25	0	198.25
719.733	200.25	0	200.25
719.834	198.5	0	198.5
719.936	199	0	199
720.038	202.5	0	202.5
720.139	199.5	0	199.5
720.241	197	0	197
720.342	180.25	0	180.25
720.443	197	0	197
720.545	190.75	0	190.75
720.646	201.75	0	201.75
720.748	193.5	0	193.5
720.849	189	0	189
720.95	187	0	187
721.052	195.25	0	195.25
721.153	196.75	0	196.75
721.254	197.25	0	197.25
721.355	196	0	196
721.457	195	0	195
721.558	200.5	0	200.5
721.659	193.25	0	193.25
721.76	198	0	198
721.861	187.5	0	187.5
721.963	202.5	0	202.5
722.064	187.25	0	187.25
722.165	193.5	0	193.5
722.266	191	0	191
722.367	191.75	0	191.75
722.468	194.75	0	194.75
722.569	203	0	203
722.67	177.25	0	177.25
722.771	186	0	186
722.872	196.25	0	196.25
722.973	196.25	0	196.25
723.073	186	0	186
723.174	189	0	189
723.275	184	0	184
723.376	191	0	191
723.477	203.5	0	203.5
723.577	190.5	0	190.5
723.678	189	0	189
723.779	189	0	189
723.88	193.5	0	193.5
723.98	201.75	0	201.75
724.081	180.75	0	180.75
724.182	193	0	193
724.282	191.5	0	191.5
724.383	185.75	0	185.75
724.483	193.25	0	193.25
724.584	178.25	0	178.25
724.685	186.5	0	186.5
724.785	192.75	0	192.75
724.886	192.25	0	192.25
724.986	202	0	202
725.086	184.5	0	184.5
725.187	189.75	0	189.75
725.287	189.75	0	189.75
725.388	186.5	0	186.5
725.488	192.5	0	192.5
725.588	195.75	0	195.75
725.689	196.25	0	196.25
725.789	198.25	0	198.25
725.889	189.75	0	189.75
725.99	192.25	0	192.25
726.09	185.75	0	185.75
726.19	193	0	193
726.29	196	0	196
726.39	186.25	0	186.25
726.49	196.5	0	196.5
726.591	195.75	0	195.75
726.691	193.5	0	193.5
726.791	195	0	195
726.891	186.5	0	186.5
726.991	181.25	0	181.25
727.091	206.75	0	206.75
727.191	196.25	0	196.25
727.291	191.5	0	191.5
727.391	202.25	0	202.25
727.491	196	0	196
727.591	180.75	0	180.75
727.691	202.5	0	202.5
727.79	191.75	0	191.75
727.89	191	0	191
727.99	205	0	205
728.09	184.75	0	184.75
728.19	177.75	0	177.75
728.289	190.25	0	190.25
728.389	196	0	196
728.489	186.5	0	186.5
728.589	204.25	0	204.25
728.688	195.25	0	195.25
728.788	196	0	196
728.888	187	0	187
728.987	196.25	0	196.25
729.087	190.5	0	190.5
729.186	186	0	186
729.286	187	0	187
729.385	187	0	187
729.485	188	0	188
729.584	188.25	0	188.25
729.684	186.5	0	186.5
729.783	185.5	0	185.5
729.883	196	0	196
729.982	189	0	189
730.081	198	0	198
730.181	200.25	0	200.25
730.28	181.75	0	181.75
730.379	188	0	188
730.479	185.5	0	185.5
730.578	185	0	185
730.677	187.5	0	187.5
730.776	189.75	0	189.75
730.875	198.5	0	198.5
730.975	184.25	0	184.25
731.074	184.5	0	184.5
731.173	189.75	0	189.75
731.272	189.25	0	189.25
731.371	201.75	0	201.75
731.47	188.5	0	188.5
731.569	194.25	0	194.25
731.668	198.75	0	198.75
731.767	181.5	0	181.5
731.866	196.25	0	196.25
731.965	187.25	0	187.25
732.064	192.5	0	192.5
732.163	178.25	0	178.25
732.262	189.25	0	189.25
732.361	190.5	0	190.5
732.46	185	0	185
732.558	193.75	0	193.75
732.657	192	0	192
732.756	193	0	193
732.855	185.25	0	185.25
732.953	185.5	0	185.5
733.052	189.25	0	189.25
733.151	184	0	184
733.25	185.5	0	185.5
733.348	186.5	0	186.5
733.447	184.75	0	184.75
733.545	194.5	0	194.5
733.644	184.5	0	184.5
733.742	178.75	0	178.75
733.841	186.75	0	186.75
733.939	192.75	0	192.75
734.038	195.75	0	195.75
734.136	185.25	0	185.25
734.235	194.75	0	194.75
734.333	193.75	0	193.75
734.432	192.75	0	192.75
734.53	195.75	0	195.75
734.628	181.5	0	181.5
734.727	191.25	0	191.25
734.825	193.25	0	193.25
734.923	193.75	0	193.75
735.022	193.25	0	193.25
735.12	189.25	0	189.25
735.218	187.5	0	187.5
735.316	182.5	0	182.5
735.414	181.75	0	181.75
735.513	181	0	181
735.611	203	0	203
735.709	188.75	0	188.75
735.807	185.75	0	185.75
735.905	194.75	0	194.75
736.003	199.5	0	199.5
736.101	187.5	0	187.5
736.199	184.75	0	184.75
736.297	191.25	0	191.25
736.395	185.75	0	185.75
736.493	186.75	0	186.75
736.591	191.25	0	191.25
736.689	194.75	0	194.75
736.787	187.5	0	187.5
736.884	187.25	0	187.25
736.982	198.25	0	198.25
737.08	185.5	0	185.5
737.178	189.75	0	189.75
737.276	193.75	0	193.75
737.373	184.5	0	184.5
737.471	195	0	195
737.569	191.25	0	191.25
737.667	187.25	0	187.25
737.764	190.25	0	190.25
737.862	195.75	0	195.75
737.959	184	0	184
738.057	204	0	204
738.154	198.5	0	198.5
738.252	182.5	0	182.5
738.35	183.75	0	183.75
738.447	178	0	178
738.544	195.5	0	195.5
738.642	193.75	0	193.75
738.739	186.75	0	186.75
738.837	184.75	0	184.75
738.934	178.5	0	178.5
739.031	184.75	0	184.75
739.129	193.25	0	193.25
739.226	182.75	0	182.75
739.323	182.25	0	182.25
739.421	186.25	0	186.25
739.518	196.75	0	196.75
739.615	182	0	182