Lambda	Spectrum	Dark	SpecMinusDark
500.031	386.25	0	386.25
500.165	377.5	0	377.5
500.299	389.5	0	389.5
500.433	392.25	0	392.25
500.567	393.25	0	393.25
500.701	381	0	381
500.835	388.25	0	388.25
500.968	390.75	0	390.75
501.102	405	0	405
501.236	397	0	397
501.37	426.5	0	426.5
501.504	416.5	0	416.5
501.637	439.75	0	439.75
501.771	410.5	0	410.5
501.905	413	0	413
502.039	416.75	0	416.75
502.172	426.75	0	426.75
502.306	441.75	0	441.75
502.44	446.25	0	446.25
502.573	441.5	0	441.5
502.707	440.75	0	440.75
502.841	458.25	0	458.25
502.974	442.75	0	442.75
503.108	443.5	0	443.5
503.242	461.75	0	461.75
503.375	452.75	0	452.75
503.509	455	0	455
503.642	485.25	0	485.25
503.776	469.75	0	469.75
503.909	474.25	0	474.25
504.043	480.75	0	480.75
504.176	489.5	0	489.5
504.31	471.5	0	471.5
504.443	458.25	0	458.25
504.577	495	0	495
504.71	496.75	0	496.75
504.844	486.25	0	486.25
504.977	502.75	0	502.75
505.111	499.5	0	499.5
505.244	501	0	501
505.377	503.25	0	503.25
505.511	524.5	0	524.5
505.644	526.75	0	526.75
505.777	504.75	0	504.75
505.911	518.5	0	518.5
506.044	539.5	0	539.5
506.177	520.25	0	520.25
506.311	517.75	0	517.75
506.444	517.25	0	517.25
506.577	522.25	0	522.25
506.71	516.75	0	516.75
506.844	524.5	0	524.5
506.977	514.25	0	514.25
507.11	533.5	0	533.5
507.243	540	0	540
507.376	535.25	0	535.25
507.51	532.25	0	532.25
507.643	532.5	0	532.5
507.776	518.75	0	518.75
507.909	549	0	549
508.042	620.5	0	620.5
508.175	835.5	0	835.5
508.308	1117.25	0	1117.25
508.441	1530.75	0	1530.75
508.574	1182	0	1182
508.707	1027.25	0	1027.25
508.84	964.75	0	964.75
508.973	947.5	0	947.5
509.106	953.25	0	953.25
509.239	935.5	0	935.5
509.372	942	0	942
509.505	923.75	0	923.75
509.638	905.75	0	905.75
509.771	902	0	902
509.904	906.75	0	906.75
510.037	926.5	0	926.5
510.17	917.25	0	917.25
510.303	965.75	0	965.75
510.436	1168	0	1168
510.568	1466.25	0	1466.25
510.701	1926.25	0	1926.25
510.834	1658.5	0	1658.5
510.967	1385.75	0	1385.75
511.1	1389.5	0	1389.5
511.232	1381.5	0	1381.5
511.365	1356.5	0	1356.5
511.498	1383.25	0	1383.25
511.631	1328.75	0	1328.75
511.763	1373.75	0	1373.75
511.896	1393.25	0	1393.25
512.029	1364.75	0	1364.75
512.161	1377.5	0	1377.5
512.294	1423.25	0	1423.25
512.427	1438.25	0	1438.25
512.559	1616.5	0	1616.5
512.692	1841.75	0	1841.75
512.825	2211.75	0	2211.75
512.957	1994.5	0	1994.5
513.09	1707.5	0	1707.5
513.222	1700.75	0	1700.75
513.355	1669.25	0	1669.25
513.487	1598.75	0	1598.75
513.62	1574.25	0	1574.25
513.752	1542.25	0	1542.25
513.885	1502.25	0	1502.25
514.017	1466	0	1466
514.15	1412.75	0	1412.75
514.282	1349.5	0	1349.5
514.415	1342	0	1342
514.547	1464.5	0	1464.5
514.68	1628.5	0	1628.5
514.812	1809.75	0	1809.75
514.944	1581.75	0	1581.75
515.077	1446.5	0	1446.5
515.209	1394.75	0	1394.75
515.341	1383.25	0	1383.25
515.474	1360.75	0	1360.75
515.606	1372.25	0	1372.25
515.738	1286.25	0	1286.25
515.871	1240.75	0	1240.75
516.003	1251.5	0	1251.5
516.135	1243.75	0	1243.75
516.267	1281	0	1281
516.4	1381.5	0	1381.5
516.532	1471.25	0	1471.25
516.664	1454.75	0	1454.75
516.796	1325.25	0	1325.25
516.928	1287.5	0	1287.5
517.06	1244.25	0	1244.25
517.193	1210	0	1210
517.325	1202.75	0	1202.75
517.457	1187.5	0	1187.5
517.589	1177.75	0	1177.75
517.721	1123	0	1123
517.853	1152.5	0	1152.5
517.985	1205.75	0	1205.75
518.117	1278.75	0	1278.75
518.249	1341.25	0	1341.25
518.381	1239.5	0	1239.5
518.513	1129.25	0	1129.25
518.645	1110.75	0	1110.75
518.777	1099.75	0	1099.75
518.909	1070	0	1070
519.041	1022.25	0	1022.25
519.173	1035	0	1035
519.305	1024.75	0	1024.75
519.437	1083.25	0	1083.25
519.569	1162	0	1162
519.701	1125	0	1125
519.832	1051	0	1051
519.964	1040.25	0	1040.25
520.096	987.5	0	987.5
520.228	1012.5	0	1012.5
520.36	924	0	924
520.491	911	0	911
520.623	957	0	957
520.755	981.75	0	981.75
520.887	1019.75	0	1019.75
521.018	960	0	960
521.15	927	0	927
521.282	931.5	0	931.5
521.414	909.25	0	909.25
521.545	929.25	0	929.25
521.677	933.5	0	933.5
521.808	910.5	0	910.5
521.94	900.25	0	900.25
522.072	909	0	909
522.203	928	0	928
522.335	908.75	0	908.75
522.466	885.75	0	885.75
522.598	857	0	857
522.729	831.5	0	831.5
522.861	832.5	0	832.5
522.993	838.25	0	838.25
523.124	838.25	0	838.25
523.256	825.5	0	825.5
523.387	801.25	0	801.25
523.518	789.25	0	789.25
523.65	784	0	784
523.781	760	0	760
523.913	786.75	0	786.75
524.044	781	0	781
524.176	755.5	0	755.5
524.307	738.5	0	738.5
524.438	752.5	0	752.5
524.57	731.75	0	731.75
524.701	740	0	740
524.832	724.75	0	724.75
524.964	741.25	0	741.25
525.095	729.25	0	729.25
525.226	752.25	0	752.25
525.357	742	0	742
525.489	713.75	0	713.75
525.62	712.5	0	712.5
525.751	696.5	0	696.5
525.882	698.5	0	698.5
526.013	682	0	682
526.145	649.75	0	649.75
526.276	675.75	0	675.75
526.407	669.75	0	669.75
526.538	646.25	0	646.25
526.669	656.5	0	656.5
526.8	674.25	0	674.25
526.931	668.75	0	668.75
527.062	670.25	0	670.25
527.193	651.5	0	651.5
527.324	640.25	0	640.25
527.455	633.5	0	633.5
527.586	630.25	0	630.25
527.717	643.5	0	643.5
527.848	618.25	0	618.25
527.979	618.5	0	618.5
528.11	631.25	0	631.25
528.241	602.5	0	602.5
528.372	613.25	0	613.25
528.503	604	0	604
528.634	618.25	0	618.25
528.765	606.5	0	606.5
528.896	599.25	0	599.25
529.026	586.5	0	586.5
529.157	576.5	0	576.5
529.288	612	0	612
529.419	583.25	0	583.25
529.55	583.5	0	583.5
529.681	581.25	0	581.25
529.811	591.25	0	591.25
529.942	568	0	568
530.073	560	0	560
530.203	579.25	0	579.25
530.334	587	0	587
530.465	571	0	571
530.596	571	0	571
530.726	580	0	580
530.857	549	0	549
530.987	575	0	575
531.118	567	0	567
531.249	576	0	576
531.379	569.5	0	569.5
531.51	566	0	566
531.64	564	0	564
531.771	546.5	0	546.5
531.901	551	0	551
532.032	544.75	0	544.75
532.163	548.5	0	548.5
532.293	549	0	549
532.423	558.75	0	558.75
532.554	547.5	0	547.5
532.684	559.75	0	559.75
532.815	561.25	0	561.25
532.945	558.5	0	558.5
533.076	564.75	0	564.75
533.206	545.75	0	545.75
533.336	558.75	0	558.75
533.467	525.5	0	525.5
533.597	557.75	0	557.75
533.727	546.75	0	546.75
533.858	557.75	0	557.75
533.988	590.75	0	590.75
534.118	667.75	0	667.75
534.248	639.25	0	639.25
534.379	608.75	0	608.75
534.509	586.75	0	586.75
534.639	569.75	0	569.75
534.769	606.75	0	606.75
534.9	572	0	572
535.03	576.75	0	576.75
535.16	575.75	0	575.75
535.29	588.75	0	588.75
535.42	589.75	0	589.75
535.55	557	0	557
535.68	561.25	0	561.25
535.81	588.75	0	588.75
535.94	625.75	0	625.75
536.071	662.25	0	662.25
536.201	763.5	0	763.5
536.331	741.5	0	741.5
536.461	679.75	0	679.75
536.591	653.75	0	653.75
536.721	619.5	0	619.5
536.851	641.75	0	641.75
536.981	619.75	0	619.75
537.11	616.25	0	616.25
537.24	616.75	0	616.75
537.37	604.75	0	604.75
537.5	607.25	0	607.25
537.63	608.75	0	608.75
537.76	655	0	655
537.89	654.75	0	654.75
538.02	706.75	0	706.75
538.149	800	0	800
538.279	827.75	0	827.75
538.409	710	0	710
538.539	696.25	0	696.25
538.669	665.75	0	665.75
538.798	669	0	669
538.928	669.75	0	669.75
539.058	672.5	0	672.5
539.187	668.5	0	668.5
539.317	688.25	0	688.25
539.447	651.5	0	651.5
539.576	687.75	0	687.75
539.706	728.75	0	728.75
539.836	814.75	0	814.75
539.965	899	0	899
540.095	783.75	0	783.75
540.225	741.75	0	741.75
540.354	706.75	0	706.75
540.484	699.75	0	699.75
540.613	671	0	671
540.743	676.25	0	676.25
540.872	673.75	0	673.75
541.002	701.75	0	701.75
541.131	716.75	0	716.75
541.261	727	0	727
541.39	842.5	0	842.5
541.52	873.75	0	873.75
541.649	761.75	0	761.75
541.778	736.25	0	736.25
541.908	727.5	0	727.5
542.037	700.25	0	700.25
542.167	661.25	0	661.25
542.296	689.75	0	689.75
542.425	720.5	0	720.5
542.554	727.25	0	727.25
542.684	767.5	0	767.5
542.813	796	0	796
542.942	746.75	0	746.75
543.072	712.75	0	712.75
543.201	677	0	677
543.33	660.75	0	660.75
543.459	682	0	682
543.588	698.25	0	698.25
543.718	721.75	0	721.75
543.847	719	0	719
543.976	717.25	0	717.25
544.105	703	0	703
544.234	710.5	0	710.5
544.363	716.75	0	716.75
544.492	734	0	734
544.621	693	0	693
544.75	704.5	0	704.5
544.88	710.25	0	710.25
545.009	731.75	0	731.75
545.138	753.5	0	753.5
545.266	743	0	743
545.396	709.75	0	709.75
545.525	680.5	0	680.5
545.653	727.25	0	727.25
545.782	746.25	0	746.25
545.911	762.5	0	762.5
546.04	739.75	0	739.75
546.169	730.75	0	730.75
546.298	719	0	719
546.427	714.5	0	714.5
546.556	702.75	0	702.75
546.685	701.75	0	701.75
546.813	716.75	0	716.75
546.942	743	0	743
547.071	704.25	0	704.25
547.2	664.25	0	664.25
547.328	661.75	0	661.75
547.457	657.25	0	657.25
547.586	626.5	0	626.5
547.715	638.5	0	638.5
547.843	636	0	636
547.972	613.75	0	613.75
548.101	628.5	0	628.5
548.229	613.75	0	613.75
548.358	654.75	0	654.75
548.487	622.5	0	622.5
548.615	628.25	0	628.25
548.744	616.75	0	616.75
548.872	606.25	0	606.25
549.001	624.25	0	624.25
549.129	621.25	0	621.25
549.258	618.5	0	618.5
549.387	612.75	0	612.75
549.515	612	0	612
549.643	629.5	0	629.5
549.772	621	0	621
549.9	606.25	0	606.25
550.029	608.25	0	608.25
550.157	606	0	606
550.286	602.75	0	602.75
550.414	591	0	591
550.542	604.5	0	604.5
550.671	579.5	0	579.5
550.799	585.5	0	585.5
550.927	587.75	0	587.75
551.056	553	0	553
551.184	585.75	0	585.75
551.312	573.75	0	573.75
551.441	556.25	0	556.25
551.569	587.75	0	587.75
551.697	580	0	580
551.825	560.75	0	560.75
551.953	563.25	0	563.25
552.082	561	0	561
552.21	580.25	0	580.25
552.338	553.5	0	553.5
552.466	547.75	0	547.75
552.594	564	0	564
552.722	569.5	0	569.5
552.851	563	0	563
552.979	556.75	0	556.75
553.107	552.25	0	552.25
553.235	561.5	0	561.5
553.363	536.25	0	536.25
553.491	526.5	0	526.5
553.619	536.25	0	536.25
553.747	542.5	0	542.5
553.875	553.25	0	553.25
554.003	538.5	0	538.5
554.131	557.75	0	557.75
554.259	550.5	0	550.5
554.387	542.75	0	542.75
554.514	552	0	552
554.642	553.25	0	553.25
554.77	549.25	0	549.25
554.898	570.75	0	570.75
555.026	529.25	0	529.25
555.154	548	0	548
555.281	537	0	537
555.409	548.5	0	548.5
555.537	552.75	0	552.75
555.665	526	0	526
555.793	559	0	559
555.92	536	0	536
556.048	537.25	0	537.25
556.176	551.25	0	551.25
556.303	551	0	551
556.431	518	0	518
556.559	539	0	539
556.686	539	0	539
556.814	537	0	537
556.942	531.5	0	531.5
557.069	533	0	533
557.197	538.5	0	538.5
557.324	524	0	524
557.452	543	0	543
557.579	541.25	0	541.25
557.707	536	0	536
557.835	544.75	0	544.75
557.962	544.5	0	544.5
558.089	531	0	531
558.217	551	0	551
558.344	542	0	542
558.472	541.75	0	541.75
558.599	549.25	0	549.25
558.727	549	0	549
558.854	542.5	0	542.5
558.981	517.5	0	517.5
559.109	553.75	0	553.75
559.236	534.5	0	534.5
559.363	521.5	0	521.5
559.491	545.75	0	545.75
559.618	521.75	0	521.75
559.745	511.25	0	511.25
559.872	541.75	0	541.75
560	536.25	0	536.25
560.127	518.25	0	518.25
560.254	515.75	0	515.75
560.381	514	0	514
560.508	526.75	0	526.75
560.636	519	0	519
560.763	533	0	533
560.89	519.75	0	519.75
561.017	536	0	536
561.144	538.25	0	538.25
561.271	547	0	547
561.398	534.5	0	534.5
561.525	519.75	0	519.75
561.652	550.5	0	550.5
561.779	553	0	553
561.906	553	0	553
562.033	563.75	0	563.75
562.16	575.75	0	575.75
562.287	556.75	0	556.75
562.414	560.5	0	560.5
562.541	559	0	559
562.668	575.75	0	575.75
562.795	592.25	0	592.25
562.922	595.75	0	595.75
563.049	579.75	0	579.75
563.175	581.5	0	581.5
563.302	557.25	0	557.25
563.429	564	0	564
563.556	570.75	0	570.75
563.683	547.75	0	547.75
563.809	557.75	0	557.75
563.936	559.5	0	559.5
564.063	553	0	553
564.19	554.25	0	554.25
564.316	560.25	0	560.25
564.443	539.25	0	539.25
564.57	530.25	0	530.25
564.696	529	0	529
564.823	556.5	0	556.5
564.95	544	0	544
565.076	559	0	559
565.203	539.5	0	539.5
565.33	549	0	549
565.456	550.75	0	550.75
565.583	558	0	558
565.709	551	0	551
565.836	557.75	0	557.75
565.962	550	0	550
566.089	547.25	0	547.25
566.215	540	0	540
566.341	544.5	0	544.5
566.468	542.25	0	542.25
566.594	564	0	564
566.721	516.5	0	516.5
566.847	536	0	536
566.974	539.25	0	539.25
567.1	557	0	557
567.226	555.5	0	555.5
567.353	529.75	0	529.75
567.479	512.5	0	512.5
567.605	533	0	533
567.732	524.5	0	524.5
567.858	512.75	0	512.75
567.984	536.75	0	536.75
568.11	534.75	0	534.75
568.236	511	0	511
568.363	532.25	0	532.25
568.489	532.75	0	532.75
568.615	504.75	0	504.75
568.741	542.75	0	542.75
568.867	513.5	0	513.5
568.993	511	0	511
569.12	526.25	0	526.25
569.246	529.75	0	529.75
569.372	524.75	0	524.75
569.498	505.75	0	505.75
569.624	518.5	0	518.5
569.75	517.5	0	517.5
569.876	535.25	0	535.25
570.002	519.25	0	519.25
570.128	531.25	0	531.25
570.254	529.25	0	529.25
570.38	511.25	0	511.25
570.506	495.5	0	495.5
570.632	534.5	0	534.5
570.758	532	0	532
570.883	524.5	0	524.5
571.009	505	0	505
571.135	508.25	0	508.25
571.261	512.75	0	512.75
571.387	520	0	520
571.513	497.25	0	497.25
571.638	516.5	0	516.5
571.764	508	0	508
571.89	481.25	0	481.25
572.016	503.5	0	503.5
572.141	506	0	506
572.267	501.25	0	501.25
572.393	495.5	0	495.5
572.518	499.5	0	499.5
572.644	488.25	0	488.25
572.77	504	0	504
572.895	496	0	496
573.021	497.75	0	497.75
573.147	512.75	0	512.75
573.272	505	0	505
573.398	490	0	490
573.523	483.5	0	483.5
573.649	483.75	0	483.75
573.774	490.25	0	490.25
573.9	496.5	0	496.5
574.025	508.5	0	508.5
574.151	516.75	0	516.75
574.276	482.75	0	482.75
574.402	503.5	0	503.5
574.527	521.75	0	521.75
574.652	519.75	0	519.75
574.778	487.75	0	487.75
574.903	477.75	0	477.75
575.029	490.75	0	490.75
575.154	487.75	0	487.75
575.279	485.25	0	485.25
575.405	482.75	0	482.75
575.53	486.25	0	486.25
575.655	488.25	0	488.25
575.78	488.25	0	488.25
575.906	490	0	490
576.031	481.75	0	481.75
576.156	469	0	469
576.281	498.5	0	498.5
576.406	487	0	487
576.532	487.5	0	487.5
576.657	477.75	0	477.75
576.782	486.5	0	486.5
576.907	472.25	0	472.25
577.032	482.5	0	482.5
577.157	468.75	0	468.75
577.282	484.75	0	484.75
577.407	496.75	0	496.75
577.532	464.5	0	464.5
577.657	475.75	0	475.75
577.782	490.75	0	490.75
577.907	457.75	0	457.75
578.032	496.25	0	496.25
578.157	487.75	0	487.75
578.282	480.25	0	480.25
578.407	475.75	0	475.75
578.532	482.25	0	482.25
578.657	488.5	0	488.5
578.782	466.25	0	466.25
578.907	462.5	0	462.5
579.031	475.25	0	475.25
579.156	465	0	465
579.281	469.25	0	469.25
579.406	483.5	0	483.5
579.531	477.25	0	477.25
579.655	455	0	455
579.78	477.5	0	477.5
579.905	470.5	0	470.5
580.03	483.25	0	483.25
580.154	483.5	0	483.5
580.279	458.5	0	458.5
580.404	465.75	0	465.75
580.528	486.75	0	486.75
580.653	465.5	0	465.5
580.778	471.25	0	471.25
580.902	460.75	0	460.75
581.027	455.25	0	455.25
581.151	465.25	0	465.25
581.276	473.25	0	473.25
581.4	463	0	463
581.525	463.25	0	463.25
581.649	463	0	463
581.774	463	0	463
581.898	453.5	0	453.5
582.023	480	0	480
582.147	466	0	466
582.272	443.5	0	443.5
582.396	448.5	0	448.5
582.52	465.75	0	465.75
582.645	451	0	451
582.769	445.5	0	445.5
582.893	455.75	0	455.75
583.018	468.75	0	468.75
583.142	458.25	0	458.25
583.266	471.5	0	471.5
583.391	469.75	0	469.75
583.515	448.25	0	448.25
583.639	460.75	0	460.75
583.763	469	0	469
583.888	448.75	0	448.75
584.012	444.25	0	444.25
584.136	463.5	0	463.5
584.26	443.75	0	443.75
584.384	445.5	0	445.5
584.508	473.75	0	473.75
584.632	457	0	457
584.757	453.75	0	453.75
584.881	454.75	0	454.75
585.005	472.75	0	472.75
585.129	465.25	0	465.25
585.253	447	0	447
585.377	461.25	0	461.25
585.501	453.75	0	453.75
585.625	449.75	0	449.75
585.749	461	0	461
585.873	470	0	470
585.997	464.5	0	464.5
586.12	459.75	0	459.75
586.244	457.75	0	457.75
586.368	436.5	0	436.5
586.492	462	0	462
586.616	452.25	0	452.25
586.74	453.25	0	453.25
586.864	452.25	0	452.25
586.987	467.75	0	467.75
587.111	459	0	459
587.235	435.5	0	435.5
587.359	446	0	446
587.482	446.5	0	446.5
587.606	449.75	0	449.75
587.73	453	0	453
587.854	434.25	0	434.25
587.977	454	0	454
588.101	448.25	0	448.25
588.224	450.25	0	450.25
588.348	456	0	456
588.472	439.5	0	439.5
588.595	457	0	457
588.719	429.5	0	429.5
588.842	469	0	469
588.966	441	0	441
589.089	440.75	0	440.75
589.213	458	0	458
589.336	461.25	0	461.25
589.46	492	0	492
589.583	459.5	0	459.5
589.707	450.25	0	450.25
589.83	439.5	0	439.5
589.954	442	0	442
590.077	433	0	433
590.2	462.25	0	462.25
590.324	443.5	0	443.5
590.447	454.75	0	454.75
590.57	445	0	445
590.694	442	0	442
590.817	460.5	0	460.5
590.94	454.75	0	454.75
591.063	444.75	0	444.75
591.187	448	0	448
591.31	450.5	0	450.5
591.433	453.25	0	453.25
591.556	455.25	0	455.25
591.679	447.75	0	447.75
591.803	441.5	0	441.5
591.926	451.75	0	451.75
592.049	450.5	0	450.5
592.172	450	0	450
592.295	456.25	0	456.25
592.418	437.75	0	437.75
592.541	446.25	0	446.25
592.664	427.25	0	427.25
592.787	457.5	0	457.5
592.91	442	0	442
593.033	458.25	0	458.25
593.156	448	0	448
593.279	446.5	0	446.5
593.402	422.25	0	422.25
593.525	433.5	0	433.5
593.648	438	0	438
593.771	415	0	415
593.894	433.25	0	433.25
594.016	435.5	0	435.5
594.139	448.25	0	448.25
594.262	437.5	0	437.5
594.385	436.5	0	436.5
594.508	434	0	434
594.63	448.25	0	448.25
594.753	445.5	0	445.5
594.876	437.25	0	437.25
594.999	444.25	0	444.25
595.121	432.5	0	432.5
595.244	431.5	0	431.5
595.367	434.75	0	434.75
595.489	449.5	0	449.5
595.612	438.5	0	438.5
595.735	439.75	0	439.75
595.857	444.25	0	444.25
595.98	422.25	0	422.25
596.102	446.75	0	446.75
596.225	436.25	0	436.25
596.347	437.25	0	437.25
596.47	442.5	0	442.5
596.592	435	0	435
596.715	435.25	0	435.25
596.837	439.5	0	439.5
596.96	432	0	432
597.082	454.75	0	454.75
597.205	461.5	0	461.5
597.327	437	0	437
597.449	451.75	0	451.75
597.572	435.5	0	435.5
597.694	450.75	0	450.75
597.816	455.75	0	455.75
597.939	436	0	436
598.061	426.25	0	426.25
598.183	426.75	0	426.75
598.306	432.75	0	432.75
598.428	428.75	0	428.75
598.55	448	0	448
598.672	429	0	429
598.795	432.75	0	432.75
598.917	443.75	0	443.75
599.039	413.75	0	413.75
599.161	429.5	0	429.5
599.283	452.5	0	452.5
599.405	438.75	0	438.75
599.527	445.75	0	445.75
599.65	426.75	0	426.75
599.772	455.25	0	455.25
599.894	445.75	0	445.75
600.016	427.75	0	427.75
600.138	449.75	0	449.75
600.26	430.75	0	430.75
600.382	453	0	453
600.504	438.75	0	438.75
600.625	453.25	0	453.25
600.747	429.25	0	429.25
600.869	428.75	0	428.75
600.991	439	0	439
601.113	443.25	0	443.25
601.235	431	0	431
601.357	429	0	429
601.479	432.75	0	432.75
601.6	405	0	405
601.722	426	0	426
601.844	435.5	0	435.5
601.966	432.5	0	432.5
602.087	427.75	0	427.75
602.209	424.5	0	424.5
602.331	440.5	0	440.5
602.453	450.25	0	450.25
602.574	416.75	0	416.75
602.696	437.75	0	437.75
602.818	421.25	0	421.25
602.939	433.75	0	433.75
603.061	425	0	425
603.182	444.75	0	444.75
603.304	436.25	0	436.25
603.426	432.5	0	432.5
603.547	443.75	0	443.75
603.669	421.5	0	421.5
603.79	417.75	0	417.75
603.912	437	0	437
604.033	429.75	0	429.75
604.154	423.25	0	423.25
604.276	442.75	0	442.75
604.397	425.75	0	425.75
604.519	435.5	0	435.5
604.64	440.25	0	440.25
604.761	430	0	430
604.883	427.75	0	427.75
605.004	431.75	0	431.75
605.125	431.25	0	431.25
605.247	439.5	0	439.5
605.368	442.5	0	442.5
605.489	420.75	0	420.75
605.611	415.75	0	415.75
605.732	436	0	436
605.853	419.25	0	419.25
605.974	423.25	0	423.25
606.095	444.25	0	444.25
606.216	429.75	0	429.75
606.338	446	0	446
606.459	435.5	0	435.5
606.58	442	0	442
606.701	422.5	0	422.5
606.822	444.25	0	444.25
606.943	431	0	431
607.064	440.75	0	440.75
607.185	430	0	430
607.306	429.25	0	429.25
607.427	406	0	406
607.548	437.5	0	437.5
607.669	436.25	0	436.25
607.79	429.5	0	429.5
607.911	424.5	0	424.5
608.032	435.5	0	435.5
608.153	430.25	0	430.25
608.274	424.5	0	424.5
608.394	413.25	0	413.25
608.515	419.25	0	419.25
608.636	420.25	0	420.25
608.757	426.5	0	426.5
608.878	437.25	0	437.25
608.998	432.5	0	432.5
609.119	435	0	435
609.24	431	0	431
609.361	428.25	0	428.25
609.481	419	0	419
609.602	427.75	0	427.75
609.723	444.5	0	444.5
609.843	419.5	0	419.5
609.964	425.5	0	425.5
610.085	424	0	424
610.205	419.25	0	419.25
610.326	416.75	0	416.75
610.446	426.25	0	426.25
610.567	431.75	0	431.75
610.687	426	0	426
610.808	410	0	410
610.928	441.75	0	441.75
611.049	431	0	431
611.169	404.75	0	404.75
611.29	430	0	430
611.41	430	0	430
611.531	423.75	0	423.75
611.651	419	0	419
611.771	401.25	0	401.25
611.892	432.5	0	432.5
612.012	436	0	436
612.132	429.75	0	429.75
612.253	433	0	433
612.373	436	0	436
612.493	421.25	0	421.25
612.613	431.5	0	431.5
612.734	448.25	0	448.25
612.854	432	0	432
612.974	439.5	0	439.5
613.094	416.5	0	416.5
613.214	423.25	0	423.25
613.335	410	0	410
613.455	433.5	0	433.5
613.575	431.75	0	431.75
613.695	416.75	0	416.75
613.815	413	0	413
613.935	416	0	416
614.055	432.75	0	432.75
614.175	427.75	0	427.75
614.295	420.75	0	420.75
614.415	430.5	0	430.5
614.535	436.5	0	436.5
614.655	432.75	0	432.75
614.775	436.25	0	436.25
614.895	435.25	0	435.25
615.015	427.75	0	427.75
615.135	451.25	0	451.25
615.254	428.25	0	428.25
615.374	436.5	0	436.5
615.494	418.5	0	418.5
615.614	416.75	0	416.75
615.734	415	0	415
615.854	429.5	0	429.5
615.973	426.25	0	426.25
616.093	428.75	0	428.75
616.213	427.25	0	427.25
616.332	424	0	424
616.452	431.25	0	431.25
616.572	420	0	420
616.691	452.75	0	452.75
616.811	436	0	436
616.931	438	0	438
617.05	440.5	0	440.5
617.17	436.5	0	436.5
617.289	433.75	0	433.75
617.409	420	0	420
617.529	435	0	435
617.648	434.75	0	434.75
617.768	424.75	0	424.75
617.887	422.75	0	422.75
618.006	409.5	0	409.5
618.126	426	0	426
618.245	410.25	0	410.25
618.365	418.25	0	418.25
618.484	439.75	0	439.75
618.604	411.25	0	411.25
618.723	428	0	428
618.842	447	0	447
618.962	427.5	0	427.5
619.081	432.25	0	432.25
619.2	420.5	0	420.5
619.319	427	0	427
619.439	428.5	0	428.5
619.558	429.75	0	429.75
619.677	435.5	0	435.5
619.796	423.25	0	423.25
619.916	445	0	445
620.035	411.25	0	411.25
620.154	418.25	0	418.25
620.273	428.75	0	428.75
620.392	418	0	418
620.511	411	0	411
620.63	434.5	0	434.5
620.749	416	0	416
620.868	440.25	0	440.25
620.987	418	0	418
621.106	429	0	429
621.225	425.75	0	425.75
621.344	441.5	0	441.5
621.463	428	0	428
621.582	424	0	424
621.701	429.5	0	429.5
621.82	414.25	0	414.25
621.939	434.25	0	434.25
622.058	424	0	424
622.177	411.5	0	411.5
622.295	426.25	0	426.25
622.414	422	0	422
622.533	437	0	437
622.652	423	0	423
622.771	412.75	0	412.75
622.889	421	0	421
623.008	405.5	0	405.5
623.127	399.5	0	399.5
623.245	447.5	0	447.5
623.364	420.75	0	420.75
623.483	427.5	0	427.5
623.601	410.25	0	410.25
623.72	408.75	0	408.75
623.839	430.25	0	430.25
623.957	399.25	0	399.25
624.076	413.75	0	413.75
624.194	416	0	416
624.313	409.75	0	409.75
624.431	415.5	0	415.5
624.55	451.5	0	451.5
624.668	405.25	0	405.25
624.787	418	0	418
624.905	409.75	0	409.75
625.024	424.75	0	424.75
625.142	405.25	0	405.25
625.26	411.5	0	411.5
625.379	404	0	404
625.497	408.75	0	408.75
625.615	417.25	0	417.25
625.734	414.5	0	414.5
625.852	414.25	0	414.25
625.97	412.5	0	412.5
626.089	437.75	0	437.75
626.207	438	0	438
626.325	402.75	0	402.75
626.443	405	0	405
626.561	417.75	0	417.75
626.68	409.75	0	409.75
626.798	401.5	0	401.5
626.916	404.25	0	404.25
627.034	405.5	0	405.5
627.152	415.25	0	415.25
627.27	419.25	0	419.25
627.388	420.25	0	420.25
627.506	402.5	0	402.5
627.624	415.25	0	415.25
627.742	401.5	0	401.5
627.86	398.5	0	398.5
627.978	408	0	408
628.096	405.25	0	405.25
628.214	412	0	412
628.332	415.25	0	415.25
628.45	393.25	0	393.25
628.568	398	0	398
628.686	411.5	0	411.5
628.804	412.5	0	412.5
628.921	422.5	0	422.5
629.039	402	0	402
629.157	405	0	405
629.275	409.75	0	409.75
629.393	422.25	0	422.25
629.51	408.25	0	408.25
629.628	413.5	0	413.5
629.746	402	0	402
629.864	390.75	0	390.75
629.981	395	0	395
630.099	372	0	372
630.216	402.75	0	402.75
630.334	384	0	384
630.452	394.75	0	394.75
630.569	397.5	0	397.5
630.687	395	0	395
630.804	402.25	0	402.25
630.922	399.5	0	399.5
631.039	391.75	0	391.75
631.157	383.75	0	383.75
631.274	402	0	402
631.392	411	0	411
631.509	413.25	0	413.25
631.627	396.25	0	396.25
631.744	389.25	0	389.25
631.861	396.5	0	396.5
631.979	409.5	0	409.5
632.096	391.5	0	391.5
632.213	389.5	0	389.5
632.331	394.5	0	394.5
632.448	403.25	0	403.25
632.565	401.25	0	401.25
632.683	396.75	0	396.75
632.8	373.75	0	373.75
632.917	397.75	0	397.75
633.034	391	0	391
633.151	388.5	0	388.5
633.269	386.75	0	386.75
633.386	365.25	0	365.25
633.503	385.75	0	385.75
633.62	389	0	389
633.737	379.25	0	379.25
633.854	381.25	0	381.25
633.971	378	0	378
634.088	395.25	0	395.25
634.205	406.5	0	406.5
634.322	384.5	0	384.5
634.439	383	0	383
634.556	396	0	396
634.673	382	0	382
634.79	377.75	0	377.75
634.907	370.75	0	370.75
635.024	401	0	401
635.141	390	0	390
635.258	382.5	0	382.5
635.375	392.25	0	392.25
635.491	365.25	0	365.25
635.608	377	0	377
635.725	389.5	0	389.5
635.842	384.75	0	384.75
635.958	376.5	0	376.5
636.075	387.5	0	387.5
636.192	378	0	378
636.309	384.75	0	384.75
636.425	378.25	0	378.25
636.542	387.75	0	387.75
636.659	384.75	0	384.75
636.775	396	0	396
636.892	379.25	0	379.25
637.008	371.5	0	371.5
637.125	384.25	0	384.25
637.241	385.25	0	385.25
637.358	369	0	369
637.475	374	0	374
637.591	366.75	0	366.75
637.707	386	0	386
637.824	362.5	0	362.5
637.94	374.5	0	374.5
638.057	367.5	0	367.5
638.173	386.25	0	386.25
638.29	366	0	366
638.406	364.25	0	364.25
638.522	359.25	0	359.25
638.639	360.75	0	360.75
638.755	377	0	377
638.871	370.5	0	370.5
638.987	371	0	371
639.104	368	0	368
639.22	369.75	0	369.75
639.336	379.5	0	379.5
639.452	369.25	0	369.25
639.569	360.5	0	360.5
639.685	375.5	0	375.5
639.801	364.75	0	364.75
639.917	373.25	0	373.25
640.033	368.5	0	368.5
640.149	367.25	0	367.25
640.265	372.75	0	372.75
640.381	369.25	0	369.25
640.497	368.5	0	368.5
640.613	364.25	0	364.25
640.729	378	0	378
640.845	370.25	0	370.25
640.961	364	0	364
641.077	377.75	0	377.75
641.193	356	0	356
641.309	365.5	0	365.5
641.425	375	0	375
641.541	360	0	360
641.657	381.75	0	381.75
641.773	376.5	0	376.5
641.888	380.25	0	380.25
642.004	384.5	0	384.5
642.12	350.5	0	350.5
642.236	363.75	0	363.75
642.352	381.25	0	381.25
642.467	348	0	348
642.583	360.75	0	360.75
642.699	369.25	0	369.25
642.814	349.25	0	349.25
642.93	368	0	368
643.046	367	0	367
643.161	370.25	0	370.25
643.277	378.5	0	378.5
643.392	357	0	357
643.508	348.5	0	348.5
643.623	364	0	364
643.739	370.5	0	370.5
643.854	349.25	0	349.25
643.97	361	0	361
644.085	363.75	0	363.75
644.201	361.5	0	361.5
644.316	355.25	0	355.25
644.432	346.5	0	346.5
644.547	360.5	0	360.5
644.663	370.75	0	370.75
644.778	334.25	0	334.25
644.893	363	0	363
645.008	350.25	0	350.25
645.124	363.75	0	363.75
645.239	356.75	0	356.75
645.354	372.5	0	372.5
645.47	363	0	363
645.585	350.5	0	350.5
645.7	360.75	0	360.75
645.815	361.25	0	361.25
645.93	350.75	0	350.75
646.046	350	0	350
646.161	374.25	0	374.25
646.276	355.25	0	355.25
646.391	365	0	365
646.506	355.75	0	355.75
646.621	347.5	0	347.5
646.736	357	0	357
646.851	348.5	0	348.5
646.966	337.5	0	337.5
647.081	352.75	0	352.75
647.196	351.25	0	351.25
647.311	343	0	343
647.426	348.25	0	348.25
647.541	338.25	0	338.25
647.656	354.25	0	354.25
647.771	338	0	338
647.885	334	0	334
648	342	0	342
648.115	333.5	0	333.5
648.23	347.5	0	347.5
648.345	346.5	0	346.5
648.459	355.5	0	355.5
648.574	351	0	351
648.689	350.75	0	350.75
648.804	355.25	0	355.25
648.918	345.75	0	345.75
649.033	348.25	0	348.25
649.148	360	0	360
649.262	337.75	0	337.75
649.377	353.5	0	353.5
649.491	342.75	0	342.75
649.606	338	0	338
649.721	348	0	348
649.835	339.25	0	339.25
649.95	333.25	0	333.25
650.064	353.75	0	353.75
650.179	347.5	0	347.5
650.293	341.5	0	341.5
650.408	339.5	0	339.5
650.522	359.5	0	359.5
650.636	351.25	0	351.25
650.751	334.25	0	334.25
650.865	347.25	0	347.25
650.979	352.75	0	352.75
651.094	349.25	0	349.25
651.208	349.5	0	349.5
651.322	334	0	334
651.437	350	0	350
651.551	347.25	0	347.25
651.665	345.5	0	345.5
651.779	333.75	0	333.75
651.894	337	0	337
652.008	339	0	339
652.122	347	0	347
652.236	339.25	0	339.25
652.35	345.25	0	345.25
652.464	338.5	0	338.5
652.578	345	0	345
652.693	351	0	351
652.807	331	0	331
652.921	336.5	0	336.5
653.035	345.75	0	345.75
653.149	329	0	329
653.263	348	0	348
653.376	329	0	329
653.49	343.25	0	343.25
653.604	340.75	0	340.75
653.718	331	0	331
653.832	353	0	353
653.946	352.5	0	352.5
654.06	333	0	333
654.174	346.25	0	346.25
654.287	344	0	344
654.401	343.5	0	343.5
654.515	336.25	0	336.25
654.629	336	0	336
654.743	329.5	0	329.5
654.856	324.5	0	324.5
654.97	346.25	0	346.25
655.084	332.5	0	332.5
655.197	336.5	0	336.5
655.311	343.25	0	343.25
655.424	340.25	0	340.25
655.538	338	0	338
655.652	340.75	0	340.75
655.765	339.25	0	339.25
655.879	331	0	331
655.992	330.5	0	330.5
656.106	342	0	342
656.219	339.75	0	339.75
656.333	339.5	0	339.5
656.446	356.5	0	356.5
656.56	339.75	0	339.75
656.673	333.5	0	333.5
656.786	334.25	0	334.25
656.9	331.25	0	331.25
657.013	328.75	0	328.75
657.127	328.75	0	328.75
657.24	335.75	0	335.75
657.353	336	0	336
657.466	350.5	0	350.5
657.58	333.75	0	333.75
657.693	348.75	0	348.75
657.806	339.75	0	339.75
657.919	332	0	332
658.032	330.25	0	330.25
658.146	333.25	0	333.25
658.259	336.75	0	336.75
658.372	340.75	0	340.75
658.485	321.5	0	321.5
658.598	324.5	0	324.5
658.711	326	0	326
658.824	329.75	0	329.75
658.937	331.25	0	331.25
659.05	330.75	0	330.75
659.163	327.75	0	327.75
659.276	325	0	325
659.389	329.25	0	329.25
659.502	335.5	0	335.5
659.615	323.25	0	323.25
659.728	332.25	0	332.25
659.841	339	0	339
659.954	347.5	0	347.5
660.067	344.75	0	344.75
660.179	331	0	331
660.292	311.5	0	311.5
660.405	321	0	321
660.518	328.25	0	328.25
660.63	323.25	0	323.25
660.743	331	0	331
660.856	330.25	0	330.25
660.969	341	0	341
661.081	333.5	0	333.5
661.194	320	0	320
661.307	315.5	0	315.5
661.419	330	0	330
661.532	338	0	338
661.644	325.75	0	325.75
661.757	329.5	0	329.5
661.869	323.25	0	323.25
661.982	315.5	0	315.5
662.094	335.5	0	335.5
662.207	331.75	0	331.75
662.319	313.25	0	313.25
662.432	332	0	332
662.544	312.25	0	312.25
662.656	317.75	0	317.75
662.769	324.75	0	324.75
662.881	323	0	323
662.994	322.5	0	322.5
663.106	324	0	324
663.218	321.75	0	321.75
663.331	322.75	0	322.75
663.443	320.5	0	320.5
663.555	312.25	0	312.25
663.667	314.5	0	314.5
663.779	323.25	0	323.25
663.892	325.25	0	325.25
664.004	316.75	0	316.75
664.116	324.5	0	324.5
664.228	339.25	0	339.25
664.34	319.5	0	319.5
664.452	313.5	0	313.5
664.564	310.75	0	310.75
664.676	324.25	0	324.25
664.788	326	0	326
664.901	318.25	0	318.25
665.012	322.25	0	322.25
665.125	326.25	0	326.25
665.236	322	0	322
665.348	305.5	0	305.5
665.46	324.5	0	324.5
665.572	326	0	326
665.684	320	0	320
665.796	320.5	0	320.5
665.908	329.25	0	329.25
666.02	304.25	0	304.25
666.131	327.5	0	327.5
666.243	299	0	299
666.355	308.75	0	308.75
666.467	322.5	0	322.5
666.578	312	0	312
666.69	317.75	0	317.75
666.802	297.5	0	297.5
666.914	315.75	0	315.75
667.025	313.25	0	313.25
667.137	323	0	323
667.248	321.25	0	321.25
667.36	315.25	0	315.25
667.472	304.75	0	304.75
667.583	315.5	0	315.5
667.695	315.5	0	315.5
667.806	321	0	321
667.918	319	0	319
668.029	322.75	0	322.75
668.141	314.25	0	314.25
668.252	317.75	0	317.75
668.363	318.5	0	318.5
668.475	316.5	0	316.5
668.586	314.75	0	314.75
668.698	308.5	0	308.5
668.809	312.25	0	312.25
668.92	298.75	0	298.75
669.032	317.75	0	317.75
669.143	290.75	0	290.75
669.254	306.75	0	306.75
669.365	310	0	310
669.477	308.25	0	308.25
669.588	319.25	0	319.25
669.699	314.25	0	314.25
669.81	318.75	0	318.75
669.921	341	0	341
670.032	352	0	352
670.143	336	0	336
670.255	324	0	324
670.366	313.25	0	313.25
670.477	335.5	0	335.5
670.588	306.5	0	306.5
670.699	325	0	325
670.81	307.5	0	307.5
670.921	301	0	301
671.032	310.75	0	310.75
671.143	324.75	0	324.75
671.253	310	0	310
671.364	316.75	0	316.75
671.475	324.5	0	324.5
671.586	295.25	0	295.25
671.697	315.75	0	315.75
671.808	306	0	306
671.919	306.25	0	306.25
672.029	305.25	0	305.25
672.14	314.5	0	314.5
672.251	308.25	0	308.25
672.362	287.5	0	287.5
672.472	310.5	0	310.5
672.583	305	0	305
672.694	289.75	0	289.75
672.804	312.5	0	312.5
672.915	313.25	0	313.25
673.025	309.25	0	309.25
673.136	315.5	0	315.5
673.247	283.75	0	283.75
673.357	303.25	0	303.25
673.468	289	0	289
673.578	307.5	0	307.5
673.689	307.75	0	307.75
673.799	312.75	0	312.75
673.91	306.5	0	306.5
674.02	288.5	0	288.5
674.13	295.75	0	295.75
674.241	305.25	0	305.25
674.351	310.75	0	310.75
674.461	302.25	0	302.25
674.572	290.25	0	290.25
674.682	321.75	0	321.75
674.792	310	0	310
674.903	306.75	0	306.75
675.013	314.5	0	314.5
675.123	343.5	0	343.5
675.233	326.75	0	326.75
675.344	309.5	0	309.5
675.454	313.25	0	313.25
675.564	304.75	0	304.75
675.674	273.25	0	273.25
675.784	302.75	0	302.75
675.894	309.25	0	309.25
676.004	304.5	0	304.5
676.114	304.25	0	304.25
676.224	301	0	301
676.334	282.75	0	282.75
676.444	302.5	0	302.5
676.554	292.75	0	292.75
676.664	306	0	306
676.774	302.5	0	302.5
676.884	310.25	0	310.25
676.994	294.75	0	294.75
677.104	289.75	0	289.75
677.214	282.5	0	282.5
677.324	300.25	0	300.25
677.433	302.5	0	302.5
677.543	297.25	0	297.25
677.653	301.75	0	301.75
677.763	286.75	0	286.75
677.872	296	0	296
677.982	295.75	0	295.75
678.092	286	0	286
678.202	290.25	0	290.25
678.311	289.25	0	289.25
678.421	307	0	307
678.53	300.25	0	300.25
678.64	293.5	0	293.5
678.75	299.5	0	299.5
678.859	301	0	301
678.969	285	0	285
679.078	291	0	291
679.188	281.75	0	281.75
679.297	278.25	0	278.25
679.407	287	0	287
679.516	284.5	0	284.5
679.625	290	0	290
679.735	283.25	0	283.25
679.844	286.5	0	286.5
679.954	288	0	288
680.063	286.25	0	286.25
680.172	285.5	0	285.5
680.282	295.5	0	295.5
680.391	278.75	0	278.75
680.5	278	0	278
680.609	291.5	0	291.5
680.719	286.25	0	286.25
680.828	284.75	0	284.75
680.937	296.75	0	296.75
681.046	283	0	283
681.155	297.25	0	297.25
681.264	290.5	0	290.5
681.374	290.25	0	290.25
681.483	278.25	0	278.25
681.592	278	0	278
681.701	282.5	0	282.5
681.81	281.75	0	281.75
681.919	274.5	0	274.5
682.028	296.5	0	296.5
682.137	295.5	0	295.5
682.246	283.75	0	283.75
682.355	286.75	0	286.75
682.463	279.75	0	279.75
682.572	284.75	0	284.75
682.681	265.25	0	265.25
682.79	287.25	0	287.25
682.899	287.25	0	287.25
683.008	281.75	0	281.75
683.117	266.25	0	266.25
683.225	292	0	292
683.334	276.5	0	276.5
683.443	284.5	0	284.5
683.551	286.25	0	286.25
683.66	285.5	0	285.5
683.769	285.5	0	285.5
683.877	284.75	0	284.75
683.986	283.25	0	283.25
684.095	274	0	274
684.203	279.25	0	279.25
684.312	278.25	0	278.25
684.42	278.75	0	278.75
684.529	272.5	0	272.5
684.637	282.5	0	282.5
684.746	284.5	0	284.5
684.854	266.5	0	266.5
684.963	282.75	0	282.75
685.071	288.25	0	288.25
685.18	281.25	0	281.25
685.288	281.25	0	281.25
685.396	271.25	0	271.25
685.505	272.75	0	272.75
685.613	273.5	0	273.5
685.721	272.5	0	272.5
685.83	270	0	270
685.938	274.5	0	274.5
686.046	287.75	0	287.75
686.154	268.75	0	268.75
686.263	279.25	0	279.25
686.371	267	0	267
686.479	277.25	0	277.25
686.587	278.25	0	278.25
686.695	268.75	0	268.75
686.803	277	0	277
686.911	279	0	279
687.019	279	0	279
687.127	271.5	0	271.5
687.235	272.75	0	272.75
687.343	279.5	0	279.5
687.451	270	0	270
687.559	280	0	280
687.667	262.25	0	262.25
687.775	270.75	0	270.75
687.883	279.25	0	279.25
687.991	276	0	276
688.099	274	0	274
688.207	268	0	268
688.315	266.75	0	266.75
688.422	276.5	0	276.5
688.53	270	0	270
688.638	267	0	267
688.746	271	0	271
688.853	265.25	0	265.25
688.961	279.75	0	279.75
689.069	264	0	264
689.176	271.5	0	271.5
689.284	273.5	0	273.5
689.392	267	0	267
689.499	264.25	0	264.25
689.607	271	0	271
689.714	267.25	0	267.25
689.822	262.25	0	262.25
689.93	275	0	275
690.037	285	0	285
690.144	260	0	260
690.252	270.5	0	270.5
690.359	263.5	0	263.5
690.467	257	0	257
690.574	254.5	0	254.5
690.682	266	0	266
690.789	268.25	0	268.25
690.896	280.75	0	280.75
691.004	262	0	262
691.111	276.25	0	276.25
691.218	260.5	0	260.5
691.325	257	0	257
691.433	266.75	0	266.75
691.54	273	0	273
691.647	273.5	0	273.5
691.754	273.75	0	273.75
691.861	264	0	264
691.969	264.25	0	264.25
692.076	261.5	0	261.5
692.183	256.75	0	256.75
692.29	273.75	0	273.75
692.397	261.5	0	261.5
692.504	257.5	0	257.5
692.611	255.25	0	255.25
692.718	258.25	0	258.25
692.825	258.75	0	258.75
692.932	262.75	0	262.75
693.039	257.25	0	257.25
693.146	255.5	0	255.5
693.253	248.5	0	248.5
693.359	267.75	0	267.75
693.466	255.75	0	255.75
693.573	254.5	0	254.5
693.68	254.75	0	254.75
693.787	256.25	0	256.25
693.894	249.25	0	249.25
694	271.25	0	271.25
694.107	262.75	0	262.75
694.214	249.75	0	249.75
694.32	261	0	261
694.427	280.5	0	280.5
694.534	267	0	267
694.64	250.25	0	250.25
694.747	260.75	0	260.75
694.853	279.5	0	279.5
694.96	268.25	0	268.25
695.067	253	0	253
695.173	259.5	0	259.5
695.28	266.25	0	266.25
695.386	254.75	0	254.75
695.493	255.5	0	255.5
695.599	250.5	0	250.5
695.705	257.25	0	257.25
695.812	253.5	0	253.5
695.918	250.75	0	250.75
696.025	252.75	0	252.75
696.131	253.25	0	253.25
696.237	251	0	251
696.344	269.25	0	269.25
696.45	240.25	0	240.25
696.556	261.25	0	261.25
696.662	258.5	0	258.5
696.768	245.5	0	245.5
696.875	258	0	258
696.981	263.5	0	263.5
697.087	268.5	0	268.5
697.193	251.25	0	251.25
697.299	257.75	0	257.75
697.405	256	0	256
697.512	256.75	0	256.75
697.618	243.75	0	243.75
697.724	255	0	255
697.83	252.75	0	252.75
697.936	269	0	269
698.042	258.25	0	258.25
698.148	259.75	0	259.75
698.253	252.5	0	252.5
698.359	258.25	0	258.25
698.465	257	0	257
698.571	258	0	258
698.677	251.25	0	251.25
698.783	250.75	0	250.75
698.889	254.5	0	254.5
698.994	247	0	247
699.1	265	0	265
699.206	253.5	0	253.5
699.312	250.75	0	250.75
699.417	253.75	0	253.75
699.523	253.5	0	253.5
699.629	250.5	0	250.5
699.734	245.25	0	245.25
699.84	247.25	0	247.25
699.946	265.75	0	265.75
700.051	264.75	0	264.75
700.157	248.75	0	248.75
700.262	243	0	243
700.368	253.5	0	253.5
700.473	254.75	0	254.75
700.579	267.25	0	267.25
700.684	252.75	0	252.75
700.79	252	0	252
700.895	253.25	0	253.25
701	257.75	0	257.75
701.106	245	0	245
701.211	260.25	0	260.25
701.316	247.5	0	247.5
701.422	251	0	251
701.527	231.75	0	231.75
701.632	245	0	245
701.738	253	0	253
701.843	242.75	0	242.75
701.948	241.5	0	241.5
702.053	250.25	0	250.25
702.158	250	0	250
702.264	243.5	0	243.5
702.369	253.25	0	253.25
702.474	241.25	0	241.25
702.579	241	0	241
702.684	237.5	0	237.5
702.789	258.75	0	258.75
702.894	239.5	0	239.5
702.999	249.5	0	249.5
703.104	243	0	243
703.209	250.75	0	250.75
703.314	245.75	0	245.75
703.419	258.75	0	258.75
703.524	248.75	0	248.75
703.629	238.5	0	238.5
703.733	240.75	0	240.75
703.838	245.25	0	245.25
703.943	237.25	0	237.25
704.048	249.75	0	249.75
704.153	252.75	0	252.75
704.257	244.25	0	244.25
704.362	238.5	0	238.5
704.467	255	0	255
704.572	247.75	0	247.75
704.676	246.75	0	246.75
704.781	251.5	0	251.5
704.886	240.25	0	240.25
704.99	237	0	237
705.095	245.25	0	245.25
705.199	248.25	0	248.25
705.304	249.75	0	249.75
705.408	241	0	241
705.513	252.5	0	252.5
705.617	248.5	0	248.5
705.722	237	0	237
705.826	240.75	0	240.75
705.931	256.5	0	256.5
706.035	233.75	0	233.75
706.139	235.25	0	235.25
706.244	236	0	236
706.348	238.75	0	238.75
706.452	232.25	0	232.25
706.557	240.75	0	240.75
706.661	262.5	0	262.5
706.765	238	0	238
706.87	239.25	0	239.25
706.974	242.5	0	242.5
707.078	234.25	0	234.25
707.182	240.25	0	240.25
707.286	246	0	246
707.39	236	0	236
707.495	246.75	0	246.75
707.599	254	0	254
707.703	239.5	0	239.5
707.807	249	0	249
707.911	236.5	0	236.5
708.015	245.75	0	245.75
708.119	239.5	0	239.5
708.223	250.75	0	250.75
708.327	238	0	238
708.431	242.25	0	242.25
708.534	240.25	0	240.25
708.638	232.75	0	232.75
708.742	236.75	0	236.75
708.846	240	0	240
708.95	242.5	0	242.5
709.054	252.5	0	252.5
709.157	242.25	0	242.25
709.261	228.75	0	228.75
709.365	242.5	0	242.5
709.469	239.75	0	239.75
709.572	243.25	0	243.25
709.676	246.5	0	246.5
709.78	235.25	0	235.25
709.883	225.75	0	225.75
709.987	235.25	0	235.25
710.09	232	0	232
710.194	248.25	0	248.25
710.298	241.5	0	241.5
710.401	248.25	0	248.25
710.505	252.5	0	252.5
710.608	232	0	232
710.711	237	0	237
710.815	231.25	0	231.25
710.918	240	0	240
711.022	242.25	0	242.25
711.125	239.5	0	239.5
711.228	244.5	0	244.5
711.332	230.5	0	230.5
711.435	228.5	0	228.5
711.538	233.5	0	233.5
711.642	227.75	0	227.75
711.745	241.25	0	241.25
711.848	234.25	0	234.25
711.951	239.75	0	239.75
712.055	238.25	0	238.25
712.158	243.25	0	243.25
712.261	237	0	237
712.364	241.5	0	241.5
712.467	230.25	0	230.25
712.57	232	0	232
712.673	246.5	0	246.5
712.776	233	0	233
712.879	227.25	0	227.25
712.982	215.5	0	215.5
713.085	230	0	230
713.188	238.75	0	238.75
713.291	227.5	0	227.5
713.394	224	0	224
713.497	228.25	0	228.25
713.6	227	0	227
713.703	242.75	0	242.75
713.805	240.75	0	240.75
713.908	234.5	0	234.5
714.011	232	0	232
714.114	247	0	247
714.216	238.75	0	238.75
714.319	231.75	0	231.75
714.422	221.75	0	221.75
714.525	225	0	225
714.627	230	0	230
714.73	241.75	0	241.75
714.833	230.75	0	230.75
714.935	223.75	0	223.75
715.038	228.5	0	228.5
715.14	227.5	0	227.5
715.243	221.75	0	221.75
715.345	227.75	0	227.75
715.448	232.25	0	232.25
715.55	240.75	0	240.75
715.653	240.75	0	240.75
715.755	237.25	0	237.25
715.857	245.25	0	245.25
715.96	231	0	231
716.062	233.25	0	233.25
716.164	236.25	0	236.25
716.267	237	0	237
716.369	231	0	231
716.471	242.5	0	242.5
716.574	234	0	234
716.676	223	0	223
716.778	226	0	226
716.88	233	0	233
716.982	223.75	0	223.75
717.085	231	0	231
717.187	223	0	223
717.289	222.5	0	222.5
717.391	217.5	0	217.5
717.493	236.75	0	236.75
717.595	232.5	0	232.5
717.697	233	0	233
717.799	228.75	0	228.75
717.901	234.75	0	234.75
718.003	233.75	0	233.75
718.105	234.25	0	234.25
718.207	239	0	239
718.309	221.75	0	221.75
718.411	212.75	0	212.75
718.512	224.75	0	224.75
718.614	238.5	0	238.5
718.716	240	0	240
718.818	232.75	0	232.75
718.92	236.75	0	236.75
719.021	228.25	0	228.25
719.123	235.75	0	235.75
719.225	228	0	228
719.326	237.75	0	237.75
719.428	226.75	0	226.75
719.53	230.5	0	230.5
719.631	222.25	0	222.25
719.733	226	0	226
719.834	228.75	0	228.75
719.936	226.25	0	226.25
720.038	225.75	0	225.75
720.139	228.5	0	228.5
720.241	236	0	236
720.342	233.25	0	233.25
720.443	226	0	226
720.545	222.75	0	222.75
720.646	236.25	0	236.25
720.748	229	0	229
720.849	231.5	0	231.5
720.95	222	0	222
721.052	224.75	0	224.75
721.153	232.5	0	232.5
721.254	234.5	0	234.5
721.355	223.75	0	223.75
721.457	223	0	223
721.558	236.25	0	236.25
721.659	219.75	0	219.75
721.76	233.25	0	233.25
721.861	227.25	0	227.25
721.963	227	0	227
722.064	235.5	0	235.5
722.165	212.75	0	212.75
722.266	225	0	225
722.367	225.5	0	225.5
722.468	226.5	0	226.5
722.569	227.25	0	227.25
722.67	217.25	0	217.25
722.771	224	0	224
722.872	219.75	0	219.75
722.973	223.75	0	223.75
723.073	225.5	0	225.5
723.174	215.5	0	215.5
723.275	223	0	223
723.376	219.75	0	219.75
723.477	218.25	0	218.25
723.577	228.75	0	228.75
723.678	212.25	0	212.25
723.779	224	0	224
723.88	216.75	0	216.75
723.98	229.5	0	229.5
724.081	222.75	0	222.75
724.182	215	0	215
724.282	232	0	232
724.383	234.25	0	234.25
724.483	225.75	0	225.75
724.584	222.75	0	222.75
724.685	213.5	0	213.5
724.785	216.5	0	216.5
724.886	231	0	231
724.986	224.25	0	224.25
725.086	224.25	0	224.25
725.187	221.25	0	221.25
725.287	217.25	0	217.25
725.388	211.5	0	211.5
725.488	218	0	218
725.588	210.5	0	210.5
725.689	210	0	210
725.789	221	0	221
725.889	225.25	0	225.25
725.99	225.5	0	225.5
726.09	214.75	0	214.75
726.19	232	0	232
726.29	230	0	230
726.39	230	0	230
726.49	223.25	0	223.25
726.591	227.25	0	227.25
726.691	222	0	222
726.791	218	0	218
726.891	208	0	208
726.991	222.5	0	222.5
727.091	208	0	208
727.191	218	0	218
727.291	223	0	223
727.391	205.5	0	205.5
727.491	222.75	0	222.75
727.591	210	0	210
727.691	223.5	0	223.5
727.79	227	0	227
727.89	209.25	0	209.25
727.99	207.75	0	207.75
728.09	216	0	216
728.19	225.25	0	225.25
728.289	213	0	213
728.389	203.5	0	203.5
728.489	225.25	0	225.25
728.589	216	0	216
728.688	215.5	0	215.5
728.788	234.5	0	234.5
728.888	227.75	0	227.75
728.987	224.5	0	224.5
729.087	217.5	0	217.5
729.186	225.25	0	225.25
729.286	220.75	0	220.75
729.385	218.75	0	218.75
729.485	210.25	0	210.25
729.584	224.25	0	224.25
729.684	224	0	224
729.783	219.75	0	219.75
729.883	218.75	0	218.75
729.982	211	0	211
730.081	220.5	0	220.5
730.181	226.5	0	226.5
730.28	223.75	0	223.75
730.379	220.75	0	220.75
730.479	227	0	227
730.578	211.25	0	211.25
730.677	208.75	0	208.75
730.776	204.75	0	204.75
730.875	219.75	0	219.75
730.975	207	0	207
731.074	211	0	211
731.173	221.75	0	221.75
731.272	211.75	0	211.75
731.371	214.25	0	214.25
731.47	217.5	0	217.5
731.569	221.5	0	221.5
731.668	224.75	0	224.75
731.767	218.25	0	218.25
731.866	214	0	214
731.965	203.25	0	203.25
732.064	219.25	0	219.25
732.163	216.75	0	216.75
732.262	201.5	0	201.5
732.361	214.5	0	214.5
732.46	212	0	212
732.558	215.5	0	215.5
732.657	223.25	0	223.25
732.756	224.25	0	224.25
732.855	212.75	0	212.75
732.953	219	0	219
733.052	214.25	0	214.25
733.151	214	0	214
733.25	213	0	213
733.348	209.75	0	209.75
733.447	212	0	212
733.545	204.5	0	204.5
733.644	221.5	0	221.5
733.742	197.5	0	197.5
733.841	217.25	0	217.25
733.939	216	0	216
734.038	220.25	0	220.25
734.136	224.25	0	224.25
734.235	214.75	0	214.75
734.333	204	0	204
734.432	213	0	213
734.53	208	0	208
734.628	215	0	215
734.727	209.75	0	209.75
734.825	219	0	219
734.923	200.5	0	200.5
735.022	211.5	0	211.5
735.12	214.5	0	214.5
735.218	197.75	0	197.75
735.316	211	0	211
735.414	205.75	0	205.75
735.513	221.25	0	221.25
735.611	214.75	0	214.75
735.709	206.25	0	206.25
735.807	210.5	0	210.5
735.905	209.25	0	209.25
736.003	217	0	217
736.101	217.25	0	217.25
736.199	203	0	203
736.297	220.75	0	220.75
736.395	220	0	220
736.493	210.5	0	210.5
736.591	213.5	0	213.5
736.689	208	0	208
736.787	201.75	0	201.75
736.884	215	0	215
736.982	215.75	0	215.75
737.08	216.25	0	216.25
737.178	211.5	0	211.5
737.276	203.25	0	203.25
737.373	217.5	0	217.5
737.471	221.25	0	221.25
737.569	218.5	0	218.5
737.667	216.25	0	216.25
737.764	216	0	216
737.862	207.25	0	207.25
737.959	211	0	211
738.057	209.25	0	209.25
738.154	201.5	0	201.5
738.252	213	0	213
738.35	212.5	0	212.5
738.447	208	0	208
738.544	221.5	0	221.5
738.642	210.25	0	210.25
738.739	212.5	0	212.5
738.837	209.75	0	209.75
738.934	215.5	0	215.5
739.031	203.25	0	203.25
739.129	211	0	211
739.226	196.25	0	196.25
739.323	201.25	0	201.25
739.421	217.25	0	217.25
739.518	212	0	212
739.615	226	0	226