Lambda	Spectrum	Dark	SpecMinusDark
500.031	738.25	0	738.25
500.165	725.5	0	725.5
500.299	762	0	762
500.433	765.25	0	765.25
500.567	767.75	0	767.75
500.701	770.5	0	770.5
500.835	780.25	0	780.25
500.968	760.5	0	760.5
501.102	784	0	784
501.236	831.75	0	831.75
501.37	794.75	0	794.75
501.504	805	0	805
501.637	812.75	0	812.75
501.771	844	0	844
501.905	816.75	0	816.75
502.039	864.25	0	864.25
502.172	869.5	0	869.5
502.306	862.75	0	862.75
502.44	869	0	869
502.573	861.75	0	861.75
502.707	893.5	0	893.5
502.841	884.25	0	884.25
502.974	905.75	0	905.75
503.108	948.5	0	948.5
503.242	956.25	0	956.25
503.375	932.75	0	932.75
503.509	952.5	0	952.5
503.642	958.25	0	958.25
503.776	982.75	0	982.75
503.909	995.5	0	995.5
504.043	1003.25	0	1003.25
504.176	1006.25	0	1006.25
504.31	1002.5	0	1002.5
504.443	1051.75	0	1051.75
504.577	1001.75	0	1001.75
504.71	1032	0	1032
504.844	1075	0	1075
504.977	1115.25	0	1115.25
505.111	1069.25	0	1069.25
505.244	1109.75	0	1109.75
505.377	1122.5	0	1122.5
505.511	1105.5	0	1105.5
505.644	1119.5	0	1119.5
505.777	1124.5	0	1124.5
505.911	1167.75	0	1167.75
506.044	1158.75	0	1158.75
506.177	1200.75	0	1200.75
506.311	1224.75	0	1224.75
506.444	1247.75	0	1247.75
506.577	1393.75	0	1393.75
506.71	1543.75	0	1543.75
506.844	1702.75	0	1702.75
506.977	1791.75	0	1791.75
507.11	1475.25	0	1475.25
507.243	1373.75	0	1373.75
507.376	1353.25	0	1353.25
507.51	1321.25	0	1321.25
507.643	1302.25	0	1302.25
507.776	1296	0	1296
507.909	1281.25	0	1281.25
508.042	1242.5	0	1242.5
508.175	1257	0	1257
508.308	1255	0	1255
508.441	1262	0	1262
508.574	1207.5	0	1207.5
508.707	1245.75	0	1245.75
508.84	1242.5	0	1242.5
508.973	1293.5	0	1293.5
509.106	1282.5	0	1282.5
509.239	1280.75	0	1280.75
509.372	1278.75	0	1278.75
509.505	1312.75	0	1312.75
509.638	1293.75	0	1293.75
509.771	1305.75	0	1305.75
509.904	1332.75	0	1332.75
510.037	1329.25	0	1329.25
510.17	1351.75	0	1351.75
510.303	1365.25	0	1365.25
510.436	1422.75	0	1422.75
510.568	1460.25	0	1460.25
510.701	1511.5	0	1511.5
510.834	1513.75	0	1513.75
510.967	1611	0	1611
511.1	1626.75	0	1626.75
511.232	1662.5	0	1662.5
511.365	1769.25	0	1769.25
511.498	1768.25	0	1768.25
511.631	1813	0	1813
511.763	1843.25	0	1843.25
511.896	1905.75	0	1905.75
512.029	1910.5	0	1910.5
512.161	1968.5	0	1968.5
512.294	1985.5	0	1985.5
512.427	1984.5	0	1984.5
512.559	2014.75	0	2014.75
512.692	2031.75	0	2031.75
512.825	2002.75	0	2002.75
512.957	2049.25	0	2049.25
513.09	1983.75	0	1983.75
513.222	1908.25	0	1908.25
513.355	1919.25	0	1919.25
513.487	1840.25	0	1840.25
513.62	1819	0	1819
513.752	1830.75	0	1830.75
513.885	1841.5	0	1841.5
514.017	1767.5	0	1767.5
514.15	1807.5	0	1807.5
514.282	1760.5	0	1760.5
514.415	1795.25	0	1795.25
514.547	1811.25	0	1811.25
514.68	1827.75	0	1827.75
514.812	1831.25	0	1831.25
514.944	1809.25	0	1809.25
515.077	1835	0	1835
515.209	1901.5	0	1901.5
515.341	1835.75	0	1835.75
515.474	1803.5	0	1803.5
515.606	1767.5	0	1767.5
515.738	1779.5	0	1779.5
515.871	1691.25	0	1691.25
516.003	1708.75	0	1708.75
516.135	1706.25	0	1706.25
516.267	1710.75	0	1710.75
516.4	1695.25	0	1695.25
516.532	1658.5	0	1658.5
516.664	1623.25	0	1623.25
516.796	1634	0	1634
516.928	1672.25	0	1672.25
517.06	1652.5	0	1652.5
517.193	1625.75	0	1625.75
517.325	1632	0	1632
517.457	1579	0	1579
517.589	1609.5	0	1609.5
517.721	1575.75	0	1575.75
517.853	1640.75	0	1640.75
517.985	1580	0	1580
518.117	1593	0	1593
518.249	1567.25	0	1567.25
518.381	1563.25	0	1563.25
518.513	1544.75	0	1544.75
518.645	1591.5	0	1591.5
518.777	1558	0	1558
518.909	1537.5	0	1537.5
519.041	1569	0	1569
519.173	1515.25	0	1515.25
519.305	1581.25	0	1581.25
519.437	1555	0	1555
519.569	1574.25	0	1574.25
519.701	1521.5	0	1521.5
519.832	1570	0	1570
519.964	1540	0	1540
520.096	1536	0	1536
520.228	1498.5	0	1498.5
520.36	1544.25	0	1544.25
520.491	1522.5	0	1522.5
520.623	1542	0	1542
520.755	1525	0	1525
520.887	1524.25	0	1524.25
521.018	1527	0	1527
521.15	1582.25	0	1582.25
521.282	1598.5	0	1598.5
521.414	1589	0	1589
521.545	1561	0	1561
521.677	1605.5	0	1605.5
521.808	1578.5	0	1578.5
521.94	1607.25	0	1607.25
522.072	1641.5	0	1641.5
522.203	1666	0	1666
522.335	1689.75	0	1689.75
522.466	1706.75	0	1706.75
522.598	1745	0	1745
522.729	1757.75	0	1757.75
522.861	1828.5	0	1828.5
522.993	1907.25	0	1907.25
523.124	2242.25	0	2242.25
523.256	2778.5	0	2778.5
523.387	3455.25	0	3455.25
523.518	4409.25	0	4409.25
523.65	3877.5	0	3877.5
523.781	3279	0	3279
523.913	3100.75	0	3100.75
524.044	2902.5	0	2902.5
524.176	2791	0	2791
524.307	2663.75	0	2663.75
524.438	2636.5	0	2636.5
524.57	2483.75	0	2483.75
524.701	2461.25	0	2461.25
524.832	2384.5	0	2384.5
524.964	2339.75	0	2339.75
525.095	2304.25	0	2304.25
525.226	2293.25	0	2293.25
525.357	2257.5	0	2257.5
525.489	2215.75	0	2215.75
525.62	2202.75	0	2202.75
525.751	2124.5	0	2124.5
525.882	2118.5	0	2118.5
526.013	2087.25	0	2087.25
526.145	2075.75	0	2075.75
526.276	2056.75	0	2056.75
526.407	2146.75	0	2146.75
526.538	2151.75	0	2151.75
526.669	2205.5	0	2205.5
526.8	2126.25	0	2126.25
526.931	2087.75	0	2087.75
527.062	1992.75	0	1992.75
527.193	1979.75	0	1979.75
527.324	1981.75	0	1981.75
527.455	1944	0	1944
527.586	1947.25	0	1947.25
527.717	1911.75	0	1911.75
527.848	1877.75	0	1877.75
527.979	1824.75	0	1824.75
528.11	1861	0	1861
528.241	1877.5	0	1877.5
528.372	1832.25	0	1832.25
528.503	1751.25	0	1751.25
528.634	1748.75	0	1748.75
528.765	1733.5	0	1733.5
528.896	1691.25	0	1691.25
529.026	1734.5	0	1734.5
529.157	1739.5	0	1739.5
529.288	1708.25	0	1708.25
529.419	1699.75	0	1699.75
529.55	1673.5	0	1673.5
529.681	1669.25	0	1669.25
529.811	1655.75	0	1655.75
529.942	1624.5	0	1624.5
530.073	1625.25	0	1625.25
530.203	1632.75	0	1632.75
530.334	1627	0	1627
530.465	1600.25	0	1600.25
530.596	1590.75	0	1590.75
530.726	1613	0	1613
530.857	1582.25	0	1582.25
530.987	1602	0	1602
531.118	1606.5	0	1606.5
531.249	1612.25	0	1612.25
531.379	1573.5	0	1573.5
531.51	1607.5	0	1607.5
531.64	1612	0	1612
531.771	1633.75	0	1633.75
531.901	1611.5	0	1611.5
532.032	1567.75	0	1567.75
532.163	1553.75	0	1553.75
532.293	1563.5	0	1563.5
532.423	1602.75	0	1602.75
532.554	1599.75	0	1599.75
532.684	1574.75	0	1574.75
532.815	1556.75	0	1556.75
532.945	1555.75	0	1555.75
533.076	1528.75	0	1528.75
533.206	1501.25	0	1501.25
533.336	1516.75	0	1516.75
533.467	1466.75	0	1466.75
533.597	1466.75	0	1466.75
533.727	1466.75	0	1466.75
533.858	1450	0	1450
533.988	1461.25	0	1461.25
534.118	1471.75	0	1471.75
534.248	1462.25	0	1462.25
534.379	1449.75	0	1449.75
534.509	1403.5	0	1403.5
534.639	1438.5	0	1438.5
534.769	1432.75	0	1432.75
534.9	1393	0	1393
535.03	1397.75	0	1397.75
535.16	1382.75	0	1382.75
535.29	1375.75	0	1375.75
535.42	1389.75	0	1389.75
535.55	1349.5	0	1349.5
535.68	1339.75	0	1339.75
535.81	1374.75	0	1374.75
535.94	1285.75	0	1285.75
536.071	1335.25	0	1335.25
536.201	1380.75	0	1380.75
536.331	1347.75	0	1347.75
536.461	1357.25	0	1357.25
536.591	1300.75	0	1300.75
536.721	1272	0	1272
536.851	1308.25	0	1308.25
536.981	1312.75	0	1312.75
537.11	1291.5	0	1291.5
537.24	1320.25	0	1320.25
537.37	1306.5	0	1306.5
537.5	1269	0	1269
537.63	1279.75	0	1279.75
537.76	1279.25	0	1279.25
537.89	1263.5	0	1263.5
538.02	1275.75	0	1275.75
538.149	1290	0	1290
538.279	1248.75	0	1248.75
538.409	1247.5	0	1247.5
538.539	1293.75	0	1293.75
538.669	1248.75	0	1248.75
538.798	1230.5	0	1230.5
538.928	1236.25	0	1236.25
539.058	1257.75	0	1257.75
539.187	1234.75	0	1234.75
539.317	1243.75	0	1243.75
539.447	1242.75	0	1242.75
539.576	1196	0	1196
539.706	1240.75	0	1240.75
539.836	1202.75	0	1202.75
539.965	1192.25	0	1192.25
540.095	1225.75	0	1225.75
540.225	1208.5	0	1208.5
540.354	1219.25	0	1219.25
540.484	1216.25	0	1216.25
540.613	1214	0	1214
540.743	1211.25	0	1211.25
540.872	1190.75	0	1190.75
541.002	1188.5	0	1188.5
541.131	1186.5	0	1186.5
541.261	1203.5	0	1203.5
541.39	1204	0	1204
541.52	1182.75	0	1182.75
541.649	1189.75	0	1189.75
541.778	1191.25	0	1191.25
541.908	1174.75	0	1174.75
542.037	1196.5	0	1196.5
542.167	1184.25	0	1184.25
542.296	1184.75	0	1184.75
542.425	1160	0	1160
542.554	1176.75	0	1176.75
542.684	1220.75	0	1220.75
542.813	1200.5	0	1200.5
542.942	1178.75	0	1178.75
543.072	1192.5	0	1192.5
543.201	1144.75	0	1144.75
543.33	1172.25	0	1172.25
543.459	1157.25	0	1157.25
543.588	1133.75	0	1133.75
543.718	1166.25	0	1166.25
543.847	1155.25	0	1155.25
543.976	1136	0	1136
544.105	1129.5	0	1129.5
544.234	1127.25	0	1127.25
544.363	1138.5	0	1138.5
544.492	1123.5	0	1123.5
544.621	1152.5	0	1152.5
544.75	1112.75	0	1112.75
544.88	1122.5	0	1122.5
545.009	1097.75	0	1097.75
545.138	1134.75	0	1134.75
545.266	1093.25	0	1093.25
545.396	1103.25	0	1103.25
545.525	1105.75	0	1105.75
545.653	1123.25	0	1123.25
545.782	1151.75	0	1151.75
545.911	1120.5	0	1120.5
546.04	1126.5	0	1126.5
546.169	1107.25	0	1107.25
546.298	1119	0	1119
546.427	1129.75	0	1129.75
546.556	1104.75	0	1104.75
546.685	1119.75	0	1119.75
546.813	1091	0	1091
546.942	1088	0	1088
547.071	1089.75	0	1089.75
547.2	1092.25	0	1092.25
547.328	1085.75	0	1085.75
547.457	1117	0	1117
547.586	1063.5	0	1063.5
547.715	1099.75	0	1099.75
547.843	1097.5	0	1097.5
547.972	1042.75	0	1042.75
548.101	1088	0	1088
548.229	1079.25	0	1079.25
548.358	1107.75	0	1107.75
548.487	1119.75	0	1119.75
548.615	1126.25	0	1126.25
548.744	1097.5	0	1097.5
548.872	1088	0	1088
549.001	1105.25	0	1105.25
549.129	1097.25	0	1097.25
549.258	1089.5	0	1089.5
549.387	1093.25	0	1093.25
549.515	1070	0	1070
549.643	1053	0	1053
549.772	1101	0	1101
549.9	1107.75	0	1107.75
550.029	1093.5	0	1093.5
550.157	1099	0	1099
550.286	1115	0	1115
550.414	1095	0	1095
550.542	1097.75	0	1097.75
550.671	1060.25	0	1060.25
550.799	1068.5	0	1068.5
550.927	1101	0	1101
551.056	1123	0	1123
551.184	1114.75	0	1114.75
551.312	1098	0	1098
551.441	1096.75	0	1096.75
551.569	1096.5	0	1096.5
551.697	1071	0	1071
551.825	1091.75	0	1091.75
551.953	1096	0	1096
552.082	1133.25	0	1133.25
552.21	1141.75	0	1141.75
552.338	1116.5	0	1116.5
552.466	1120.25	0	1120.25
552.594	1111.5	0	1111.5
552.722	1057	0	1057
552.851	1137.25	0	1137.25
552.979	1104.75	0	1104.75
553.107	1099	0	1099
553.235	1082.25	0	1082.25
553.363	1094	0	1094
553.491	1112.5	0	1112.5
553.619	1085.25	0	1085.25
553.747	1127	0	1127
553.875	1090.5	0	1090.5
554.003	1079.5	0	1079.5
554.131	1094.75	0	1094.75
554.259	1133	0	1133
554.387	1089.5	0	1089.5
554.514	1087.75	0	1087.75
554.642	1056.75	0	1056.75
554.77	1094.25	0	1094.25
554.898	1078.5	0	1078.5
555.026	1098.75	0	1098.75
555.154	1106.25	0	1106.25
555.281	1074.75	0	1074.75
555.409	1110.5	0	1110.5
555.537	1092.25	0	1092.25
555.665	1133.75	0	1133.75
555.793	1081.5	0	1081.5
555.92	1124.75	0	1124.75
556.048	1104.75	0	1104.75
556.176	1113	0	1113
556.303	1099.25	0	1099.25
556.431	1132.75	0	1132.75
556.559	1158.75	0	1158.75
556.686	1126.75	0	1126.75
556.814	1122	0	1122
556.942	1121	0	1121
557.069	1075.25	0	1075.25
557.197	1099.75	0	1099.75
557.324	1100.75	0	1100.75
557.452	1105	0	1105
557.579	1099	0	1099
557.707	1060.5	0	1060.5
557.835	1118.75	0	1118.75
557.962	1104.75	0	1104.75
558.089	1121.5	0	1121.5
558.217	1108.5	0	1108.5
558.344	1078.75	0	1078.75
558.472	1056.75	0	1056.75
558.599	1071.75	0	1071.75
558.727	1060.25	0	1060.25
558.854	1058.75	0	1058.75
558.981	1040.25	0	1040.25
559.109	1078.25	0	1078.25
559.236	1069.75	0	1069.75
559.363	1034	0	1034
559.491	1054.25	0	1054.25
559.618	1045	0	1045
559.745	1035	0	1035
559.872	1070.25	0	1070.25
560	1013	0	1013
560.127	1015	0	1015
560.254	1035.5	0	1035.5
560.381	1035	0	1035
560.508	1061.5	0	1061.5
560.636	1056	0	1056
560.763	1028	0	1028
560.89	1062.75	0	1062.75
561.017	1078.5	0	1078.5
561.144	1007.75	0	1007.75
561.271	1030.5	0	1030.5
561.398	1032.5	0	1032.5
561.525	1046.25	0	1046.25
561.652	1032.75	0	1032.75
561.779	1029.25	0	1029.25
561.906	1043.75	0	1043.75
562.033	1066.75	0	1066.75
562.16	1054.5	0	1054.5
562.287	1064.75	0	1064.75
562.414	1040	0	1040
562.541	1026.75	0	1026.75
562.668	1047.75	0	1047.75
562.795	1040.75	0	1040.75
562.922	1070.75	0	1070.75
563.049	1083	0	1083
563.175	1066.75	0	1066.75
563.302	1039.25	0	1039.25
563.429	1059.25	0	1059.25
563.556	1042.75	0	1042.75
563.683	1075.5	0	1075.5
563.809	1069.25	0	1069.25
563.936	1064	0	1064
564.063	1038.5	0	1038.5
564.19	1077.75	0	1077.75
564.316	1039.25	0	1039.25
564.443	1072.5	0	1072.5
564.57	1063	0	1063
564.696	1078.25	0	1078.25
564.823	1075.75	0	1075.75
564.95	1056	0	1056
565.076	1108.75	0	1108.75
565.203	1098	0	1098
565.33	1079.5	0	1079.5
565.456	1048.75	0	1048.75
565.583	1112	0	1112
565.709	1160.75	0	1160.75
565.836	1237	0	1237
565.962	1388.75	0	1388.75
566.089	1494.25	0	1494.25
566.215	1433.5	0	1433.5
566.341	1263.75	0	1263.75
566.468	1290	0	1290
566.594	1269.75	0	1269.75
566.721	1220	0	1220
566.847	1207.75	0	1207.75
566.974	1163.25	0	1163.25
567.1	1132.5	0	1132.5
567.226	1154.75	0	1154.75
567.353	1169	0	1169
567.479	1098.75	0	1098.75
567.605	1114.5	0	1114.5
567.732	1059.75	0	1059.75
567.858	1094.25	0	1094.25
567.984	1055	0	1055
568.11	1054.25	0	1054.25
568.236	1062.75	0	1062.75
568.363	1064.75	0	1064.75
568.489	1029.5	0	1029.5
568.615	1061	0	1061
568.741	1028	0	1028
568.867	1060.25	0	1060.25
568.993	1052.25	0	1052.25
569.12	992.75	0	992.75
569.246	1055.5	0	1055.5
569.372	1023.5	0	1023.5
569.498	1034	0	1034
569.624	1011	0	1011
569.75	1036.25	0	1036.25
569.876	1030.25	0	1030.25
570.002	1022.75	0	1022.75
570.128	997.5	0	997.5
570.254	1018.5	0	1018.5
570.38	1008.5	0	1008.5
570.506	989	0	989
570.632	983.25	0	983.25
570.758	987.25	0	987.25
570.883	1001.25	0	1001.25
571.009	967.25	0	967.25
571.135	969	0	969
571.261	1005	0	1005
571.387	963	0	963
571.513	1003	0	1003
571.638	986	0	986
571.764	989.5	0	989.5
571.89	962	0	962
572.016	983	0	983
572.141	963	0	963
572.267	982	0	982
572.393	946.25	0	946.25
572.518	983	0	983
572.644	998.5	0	998.5
572.77	987	0	987
572.895	995	0	995
573.021	1017	0	1017
573.147	1059.5	0	1059.5
573.272	1006.25	0	1006.25
573.398	961	0	961
573.523	980	0	980
573.649	950.5	0	950.5
573.774	1014.75	0	1014.75
573.9	969.5	0	969.5
574.025	970.5	0	970.5
574.151	961.5	0	961.5
574.276	975.75	0	975.75
574.402	956.75	0	956.75
574.527	956.25	0	956.25
574.652	973.75	0	973.75
574.778	936.75	0	936.75
574.903	959.25	0	959.25
575.029	935.75	0	935.75
575.154	935.5	0	935.5
575.279	910.75	0	910.75
575.405	891.25	0	891.25
575.53	904.5	0	904.5
575.655	927.75	0	927.75
575.78	920.25	0	920.25
575.906	911.25	0	911.25
576.031	886.5	0	886.5
576.156	888.75	0	888.75
576.281	924.25	0	924.25
576.406	894	0	894
576.532	899	0	899
576.657	907.25	0	907.25
576.782	876.75	0	876.75
576.907	907.5	0	907.5
577.032	920.5	0	920.5
577.157	876.5	0	876.5
577.282	909	0	909
577.407	898.75	0	898.75
577.532	885.75	0	885.75
577.657	890.75	0	890.75
577.782	870.75	0	870.75
577.907	871.5	0	871.5
578.032	884.25	0	884.25
578.157	891.25	0	891.25
578.282	880.75	0	880.75
578.407	885.75	0	885.75
578.532	902.75	0	902.75
578.657	947	0	947
578.782	884.5	0	884.5
578.907	927.25	0	927.25
579.031	878.75	0	878.75
579.156	893.25	0	893.25
579.281	846	0	846
579.406	871.75	0	871.75
579.531	864	0	864
579.655	881.25	0	881.25
579.78	862	0	862
579.905	853.5	0	853.5
580.03	870.25	0	870.25
580.154	853.5	0	853.5
580.279	894.5	0	894.5
580.404	869	0	869
580.528	864.75	0	864.75
580.653	855.5	0	855.5
580.778	857.25	0	857.25
580.902	890.25	0	890.25
581.027	856.5	0	856.5
581.151	861.25	0	861.25
581.276	869.25	0	869.25
581.4	868	0	868
581.525	878.5	0	878.5
581.649	860.25	0	860.25
581.774	864	0	864
581.898	863	0	863
582.023	853.5	0	853.5
582.147	848.75	0	848.75
582.272	883.5	0	883.5
582.396	882.5	0	882.5
582.52	879	0	879
582.645	890.25	0	890.25
582.769	858.75	0	858.75
582.893	892.25	0	892.25
583.018	922.75	0	922.75
583.142	936.5	0	936.5
583.266	902.5	0	902.5
583.391	965.75	0	965.75
583.515	977.5	0	977.5
583.639	1025.25	0	1025.25
583.763	1115.75	0	1115.75
583.888	1284.75	0	1284.75
584.012	1649.75	0	1649.75
584.136	2158.25	0	2158.25
584.26	2387	0	2387
584.384	1925.75	0	1925.75
584.508	1644.75	0	1644.75
584.632	1506.25	0	1506.25
584.757	1433	0	1433
584.881	1355	0	1355
585.005	1319.25	0	1319.25
585.129	1294.75	0	1294.75
585.253	1222	0	1222
585.377	1205	0	1205
585.501	1171.5	0	1171.5
585.625	1193.5	0	1193.5
585.749	1170.25	0	1170.25
585.873	1123.5	0	1123.5
585.997	1140	0	1140
586.12	1125.75	0	1125.75
586.244	1095.75	0	1095.75
586.368	1078	0	1078
586.492	1087.75	0	1087.75
586.616	1194.5	0	1194.5
586.74	1243.25	0	1243.25
586.864	1255.25	0	1255.25
586.987	1172	0	1172
587.111	1122.75	0	1122.75
587.235	1090.25	0	1090.25
587.359	1106.5	0	1106.5
587.482	1063	0	1063
587.606	1025	0	1025
587.73	1034.75	0	1034.75
587.854	1044	0	1044
587.977	1023.75	0	1023.75
588.101	1004.5	0	1004.5
588.224	1029.5	0	1029.5
588.348	1005.25	0	1005.25
588.472	970.5	0	970.5
588.595	973.75	0	973.75
588.719	961.25	0	961.25
588.842	966.25	0	966.25
588.966	958.5	0	958.5
589.089	953.75	0	953.75
589.213	951.75	0	951.75
589.336	957.5	0	957.5
589.46	947.5	0	947.5
589.583	940.25	0	940.25
589.707	904.25	0	904.25
589.83	908.25	0	908.25
589.954	902.75	0	902.75
590.077	889.25	0	889.25
590.2	890	0	890
590.324	869.5	0	869.5
590.447	875.5	0	875.5
590.57	881.75	0	881.75
590.694	840	0	840
590.817	868.5	0	868.5
590.94	851.25	0	851.25
591.063	855.25	0	855.25
591.187	834.75	0	834.75
591.31	849.5	0	849.5
591.433	798.75	0	798.75
591.556	839	0	839
591.679	825.5	0	825.5
591.803	803.25	0	803.25
591.926	819.25	0	819.25
592.049	835.75	0	835.75
592.172	816.5	0	816.5
592.295	814.25	0	814.25
592.418	831	0	831
592.541	785	0	785
592.664	799.25	0	799.25
592.787	817.75	0	817.75
592.91	807.5	0	807.5
593.033	801.5	0	801.5
593.156	812	0	812
593.279	798	0	798
593.402	797.25	0	797.25
593.525	833.75	0	833.75
593.648	812.25	0	812.25
593.771	765.5	0	765.5
593.894	812.5	0	812.5
594.016	831	0	831
594.139	774.25	0	774.25
594.262	813	0	813
594.385	770.75	0	770.75
594.508	781.25	0	781.25
594.63	789.5	0	789.5
594.753	796.5	0	796.5
594.876	785	0	785
594.999	765.75	0	765.75
595.121	769	0	769
595.244	777.25	0	777.25
595.367	783.75	0	783.75
595.489	810	0	810
595.612	822.25	0	822.25
595.735	809	0	809
595.857	845	0	845
595.98	918.25	0	918.25
596.102	1080	0	1080
596.225	1099	0	1099
596.347	1039.5	0	1039.5
596.47	1065	0	1065
596.592	1018.5	0	1018.5
596.715	981.5	0	981.5
596.837	947	0	947
596.96	923.25	0	923.25
597.082	901	0	901
597.205	941.75	0	941.75
597.327	872.25	0	872.25
597.449	844.5	0	844.5
597.572	860.5	0	860.5
597.694	846.5	0	846.5
597.816	833.25	0	833.25
597.939	843.5	0	843.5
598.061	816.75	0	816.75
598.183	833.75	0	833.75
598.306	814.75	0	814.75
598.428	789	0	789
598.55	820.75	0	820.75
598.672	766.75	0	766.75
598.795	817.75	0	817.75
598.917	791.75	0	791.75
599.039	770	0	770
599.161	747.75	0	747.75
599.283	749.25	0	749.25
599.405	755.75	0	755.75
599.527	738.75	0	738.75
599.65	743	0	743
599.772	748.25	0	748.25
599.894	754	0	754
600.016	736.75	0	736.75
600.138	741.25	0	741.25
600.26	721.5	0	721.5
600.382	758	0	758
600.504	750	0	750
600.625	743.75	0	743.75
600.747	722.5	0	722.5
600.869	713.25	0	713.25
600.991	692.5	0	692.5
601.113	705	0	705
601.235	711.75	0	711.75
601.357	697.75	0	697.75
601.479	706	0	706
601.6	679.75	0	679.75
601.722	697	0	697
601.844	718.75	0	718.75
601.966	713.25	0	713.25
602.087	697	0	697
602.209	658.75	0	658.75
602.331	694.5	0	694.5
602.453	700.25	0	700.25
602.574	681	0	681
602.696	687	0	687
602.818	678.75	0	678.75
602.939	675.25	0	675.25
603.061	665	0	665
603.182	657.5	0	657.5
603.304	651.5	0	651.5
603.426	654.25	0	654.25
603.547	674.5	0	674.5
603.669	668.5	0	668.5
603.79	675.25	0	675.25
603.912	683.25	0	683.25
604.033	661.5	0	661.5
604.154	644.75	0	644.75
604.276	665.75	0	665.75
604.397	664	0	664
604.519	649	0	649
604.64	653.25	0	653.25
604.761	643.75	0	643.75
604.883	647.75	0	647.75
605.004	642	0	642
605.125	652.5	0	652.5
605.247	640	0	640
605.368	638.25	0	638.25
605.489	627.25	0	627.25
605.611	626.5	0	626.5
605.732	645.75	0	645.75
605.853	633.5	0	633.5
605.974	634	0	634
606.095	630.5	0	630.5
606.216	643.75	0	643.75
606.338	639.75	0	639.75
606.459	647.75	0	647.75
606.58	618	0	618
606.701	645.75	0	645.75
606.822	616.25	0	616.25
606.943	598.25	0	598.25
607.064	600.25	0	600.25
607.185	625	0	625
607.306	650.25	0	650.25
607.427	616	0	616
607.548	633	0	633
607.669	603.5	0	603.5
607.79	602.5	0	602.5
607.911	602	0	602
608.032	609.5	0	609.5
608.153	616	0	616
608.274	609.25	0	609.25
608.394	628.25	0	628.25
608.515	576	0	576
608.636	602.25	0	602.25
608.757	601.5	0	601.5
608.878	612.5	0	612.5
608.998	587	0	587
609.119	605.5	0	605.5
609.24	596	0	596
609.361	621.75	0	621.75
609.481	614.25	0	614.25
609.602	626.5	0	626.5
609.723	612.25	0	612.25
609.843	601.5	0	601.5
609.964	609.75	0	609.75
610.085	588.5	0	588.5
610.205	573.75	0	573.75
610.326	609	0	609
610.446	612.25	0	612.25
610.567	589.75	0	589.75
610.687	590.75	0	590.75
610.808	594.25	0	594.25
610.928	588.5	0	588.5
611.049	578	0	578
611.169	568.75	0	568.75
611.29	592.75	0	592.75
611.41	551	0	551
611.531	569.25	0	569.25
611.651	584.5	0	584.5
611.771	585.75	0	585.75
611.892	580.25	0	580.25
612.012	579	0	579
612.132	565	0	565
612.253	569.25	0	569.25
612.373	583.25	0	583.25
612.493	592	0	592
612.613	574.5	0	574.5
612.734	563	0	563
612.854	580.5	0	580.5
612.974	587	0	587
613.094	584	0	584
613.214	569.75	0	569.75
613.335	557	0	557
613.455	582.75	0	582.75
613.575	582.5	0	582.5
613.695	574	0	574
613.815	560.25	0	560.25
613.935	547.5	0	547.5
614.055	569.75	0	569.75
614.175	563.25	0	563.25
614.295	538.5	0	538.5
614.415	550	0	550
614.535	555.75	0	555.75
614.655	554.25	0	554.25
614.775	547	0	547
614.895	564.75	0	564.75
615.015	550.5	0	550.5
615.135	539.75	0	539.75
615.254	552	0	552
615.374	559.5	0	559.5
615.494	585.25	0	585.25
615.614	555.25	0	555.25
615.734	556.75	0	556.75
615.854	548.5	0	548.5
615.973	529.75	0	529.75
616.093	553	0	553
616.213	529.5	0	529.5
616.332	534.75	0	534.75
616.452	553.25	0	553.25
616.572	554.75	0	554.75
616.691	553	0	553
616.811	539.75	0	539.75
616.931	549.75	0	549.75
617.05	540	0	540
617.17	526.25	0	526.25
617.289	559	0	559
617.409	541.75	0	541.75
617.529	544.75	0	544.75
617.648	536	0	536
617.768	553	0	553
617.887	539	0	539
618.006	511.75	0	511.75
618.126	542.25	0	542.25
618.245	537.5	0	537.5
618.365	514.5	0	514.5
618.484	547	0	547
618.604	528.25	0	528.25
618.723	531	0	531
618.842	535.75	0	535.75
618.962	523.75	0	523.75
619.081	521.5	0	521.5
619.2	533.5	0	533.5
619.319	525	0	525
619.439	519.25	0	519.25
619.558	526.75	0	526.75
619.677	524.75	0	524.75
619.796	511.25	0	511.25
619.916	531	0	531
620.035	521	0	521
620.154	524.25	0	524.25
620.273	521.75	0	521.75
620.392	517	0	517
620.511	516	0	516
620.63	504	0	504
620.749	518.5	0	518.5
620.868	525.25	0	525.25
620.987	498.5	0	498.5
621.106	512.5	0	512.5
621.225	506	0	506
621.344	515.25	0	515.25
621.463	519	0	519
621.582	503.25	0	503.25
621.701	522.25	0	522.25
621.82	491.5	0	491.5
621.939	524	0	524
622.058	503	0	503
622.177	518.5	0	518.5
622.295	494	0	494
622.414	501.75	0	501.75
622.533	501	0	501
622.652	488	0	488
622.771	515.75	0	515.75
622.889	508	0	508
623.008	495.75	0	495.75
623.127	487.5	0	487.5
623.245	501	0	501
623.364	497.25	0	497.25
623.483	502.5	0	502.5
623.601	491.25	0	491.25
623.72	503.75	0	503.75
623.839	504.5	0	504.5
623.957	499	0	499
624.076	494.25	0	494.25
624.194	504.5	0	504.5
624.313	489.75	0	489.75
624.431	466.25	0	466.25
624.55	493.5	0	493.5
624.668	503.5	0	503.5
624.787	477.75	0	477.75
624.905	510.75	0	510.75
625.024	504	0	504
625.142	490.25	0	490.25
625.26	495.75	0	495.75
625.379	493.75	0	493.75
625.497	479.75	0	479.75
625.615	481	0	481
625.734	500.5	0	500.5
625.852	489.75	0	489.75
625.97	479.25	0	479.25
626.089	491.75	0	491.75
626.207	507.5	0	507.5
626.325	514.25	0	514.25
626.443	500.75	0	500.75
626.561	487.5	0	487.5
626.68	497.25	0	497.25
626.798	505.75	0	505.75
626.916	497	0	497
627.034	499.75	0	499.75
627.152	505.75	0	505.75
627.27	536.5	0	536.5
627.388	534.25	0	534.25
627.506	528.5	0	528.5
627.624	555.25	0	555.25
627.742	575.25	0	575.25
627.86	626.75	0	626.75
627.978	739	0	739
628.096	986.25	0	986.25
628.214	1433	0	1433
628.332	1464.5	0	1464.5
628.45	991.75	0	991.75
628.568	784.5	0	784.5
628.686	740.5	0	740.5
628.804	688.5	0	688.5
628.921	619.75	0	619.75
629.039	618.75	0	618.75
629.157	607.75	0	607.75
629.275	585.75	0	585.75
629.393	566.75	0	566.75
629.51	550.25	0	550.25
629.628	557.25	0	557.25
629.746	554.75	0	554.75
629.864	520.25	0	520.25
629.981	498.25	0	498.25
630.099	527.5	0	527.5
630.216	512	0	512
630.334	514.75	0	514.75
630.452	518.5	0	518.5
630.569	513.5	0	513.5
630.687	499.75	0	499.75
630.804	485	0	485
630.922	496.25	0	496.25
631.039	481.25	0	481.25
631.157	490.25	0	490.25
631.274	467.75	0	467.75
631.392	481.5	0	481.5
631.509	483.5	0	483.5
631.627	470.5	0	470.5
631.744	499.5	0	499.5
631.861	467.75	0	467.75
631.979	459.75	0	459.75
632.096	468.25	0	468.25
632.213	473.25	0	473.25
632.331	450.75	0	450.75
632.448	466.75	0	466.75
632.565	463.75	0	463.75
632.683	469.5	0	469.5
632.8	451.5	0	451.5
632.917	442.25	0	442.25
633.034	471.75	0	471.75
633.151	448.25	0	448.25
633.269	463.75	0	463.75
633.386	440.25	0	440.25
633.503	446	0	446
633.62	431.25	0	431.25
633.737	455.5	0	455.5
633.854	459.25	0	459.25
633.971	465	0	465
634.088	450	0	450
634.205	446.5	0	446.5
634.322	445.75	0	445.75
634.439	462.5	0	462.5
634.556	423.5	0	423.5
634.673	441	0	441
634.79	446.25	0	446.25
634.907	436.75	0	436.75
635.024	446.25	0	446.25
635.141	436.25	0	436.25
635.258	446.5	0	446.5
635.375	436.5	0	436.5
635.491	429.25	0	429.25
635.608	422.5	0	422.5
635.725	439	0	439
635.842	438.25	0	438.25
635.958	440.25	0	440.25
636.075	411.5	0	411.5
636.192	428.25	0	428.25
636.309	429	0	429
636.425	439.5	0	439.5
636.542	439.5	0	439.5
636.659	426.25	0	426.25
636.775	431	0	431
636.892	421	0	421
637.008	429.25	0	429.25
637.125	423.75	0	423.75
637.241	439	0	439
637.358	417	0	417
637.475	434.5	0	434.5
637.591	430.5	0	430.5
637.707	425.75	0	425.75
637.824	414.5	0	414.5
637.94	398	0	398
638.057	422.75	0	422.75
638.173	427.75	0	427.75
638.29	435.25	0	435.25
638.406	414.75	0	414.75
638.522	416	0	416
638.639	415.25	0	415.25
638.755	435.75	0	435.75
638.871	401.5	0	401.5
638.987	422.75	0	422.75
639.104	414	0	414
639.22	420.5	0	420.5
639.336	431.25	0	431.25
639.452	415.25	0	415.25
639.569	431.75	0	431.75
639.685	432	0	432
639.801	424.75	0	424.75
639.917	420.5	0	420.5
640.033	418.5	0	418.5
640.149	400.25	0	400.25
640.265	408	0	408
640.381	399.75	0	399.75
640.497	419.25	0	419.25
640.613	413.75	0	413.75
640.729	404.5	0	404.5
640.845	406.5	0	406.5
640.961	414.75	0	414.75
641.077	390	0	390
641.193	418.75	0	418.75
641.309	432.75	0	432.75
641.425	404.25	0	404.25
641.541	434.25	0	434.25
641.657	438	0	438
641.773	403.75	0	403.75
641.888	417.25	0	417.25
642.004	420.5	0	420.5
642.12	415.5	0	415.5
642.236	438.5	0	438.5
642.352	431.25	0	431.25
642.467	427.5	0	427.5
642.583	427.25	0	427.25
642.699	403.25	0	403.25
642.814	427.25	0	427.25
642.93	412.5	0	412.5
643.046	423.75	0	423.75
643.161	422	0	422
643.277	416.5	0	416.5
643.392	422	0	422
643.508	412.75	0	412.75
643.623	418.25	0	418.25
643.739	435.5	0	435.5
643.854	438.75	0	438.75
643.97	433.5	0	433.5
644.085	423.25	0	423.25
644.201	414	0	414
644.316	426.25	0	426.25
644.432	414.75	0	414.75
644.547	421.25	0	421.25
644.663	417.5	0	417.5
644.778	425	0	425
644.893	429	0	429
645.008	397.75	0	397.75
645.124	419	0	419
645.239	422.75	0	422.75
645.354	405	0	405
645.47	405	0	405
645.585	405.25	0	405.25
645.7	414.5	0	414.5
645.815	400.75	0	400.75
645.93	408	0	408
646.046	405	0	405
646.161	405	0	405
646.276	398.25	0	398.25
646.391	399.75	0	399.75
646.506	394	0	394
646.621	395	0	395
646.736	390	0	390
646.851	390	0	390
646.966	394.25	0	394.25
647.081	387.5	0	387.5
647.196	396	0	396
647.311	393	0	393
647.426	386.5	0	386.5
647.541	386.5	0	386.5
647.656	386.75	0	386.75
647.771	397	0	397
647.885	382	0	382
648	383.75	0	383.75
648.115	398.25	0	398.25
648.23	400.25	0	400.25
648.345	388	0	388
648.459	383.5	0	383.5
648.574	391.25	0	391.25
648.689	365	0	365
648.804	396.5	0	396.5
648.918	385	0	385
649.033	399.75	0	399.75
649.148	377.5	0	377.5
649.262	376	0	376
649.377	376.75	0	376.75
649.491	379.5	0	379.5
649.606	380.25	0	380.25
649.721	376.75	0	376.75
649.835	378.5	0	378.5
649.95	375.75	0	375.75
650.064	392.25	0	392.25
650.179	382	0	382
650.293	383.25	0	383.25
650.408	365.25	0	365.25
650.522	376.75	0	376.75
650.636	376.5	0	376.5
650.751	354.5	0	354.5
650.865	368	0	368
650.979	379	0	379
651.094	360.75	0	360.75
651.208	362.75	0	362.75
651.322	374.75	0	374.75
651.437	365.5	0	365.5
651.551	371	0	371
651.665	368.75	0	368.75
651.779	365.75	0	365.75
651.894	368.75	0	368.75
652.008	360.75	0	360.75
652.122	364.5	0	364.5
652.236	374.75	0	374.75
652.35	363.75	0	363.75
652.464	370.25	0	370.25
652.578	377.25	0	377.25
652.693	359.25	0	359.25
652.807	370.25	0	370.25
652.921	372.75	0	372.75
653.035	373	0	373
653.149	368	0	368
653.263	361	0	361
653.376	364	0	364
653.49	366.25	0	366.25
653.604	369.5	0	369.5
653.718	380	0	380
653.832	388	0	388
653.946	364.5	0	364.5
654.06	372	0	372
654.174	377.75	0	377.75
654.287	377.5	0	377.5
654.401	374	0	374
654.515	347.75	0	347.75
654.629	369.5	0	369.5
654.743	352.75	0	352.75
654.856	365.75	0	365.75
654.97	362	0	362
655.084	380.25	0	380.25
655.197	362.25	0	362.25
655.311	355.75	0	355.75
655.424	368.25	0	368.25
655.538	347.5	0	347.5
655.652	358.5	0	358.5
655.765	353	0	353
655.879	356.75	0	356.75
655.992	388.5	0	388.5
656.106	352.25	0	352.25
656.219	365.75	0	365.75
656.333	359.5	0	359.5
656.446	347.75	0	347.75
656.56	355.75	0	355.75
656.673	363	0	363
656.786	346.75	0	346.75
656.9	359.75	0	359.75
657.013	349.75	0	349.75
657.127	344.75	0	344.75
657.24	347	0	347
657.353	344.75	0	344.75
657.466	343.25	0	343.25
657.58	352.25	0	352.25
657.693	353.25	0	353.25
657.806	360	0	360
657.919	358.75	0	358.75
658.032	355	0	355
658.146	362.5	0	362.5
658.259	359.5	0	359.5
658.372	354.5	0	354.5
658.485	345.75	0	345.75
658.598	348.5	0	348.5
658.711	363.75	0	363.75
658.824	350.75	0	350.75
658.937	345.25	0	345.25
659.05	347.75	0	347.75
659.163	353.25	0	353.25
659.276	356.75	0	356.75
659.389	336.75	0	336.75
659.502	350	0	350
659.615	333.75	0	333.75
659.728	346	0	346
659.841	339.75	0	339.75
659.954	360.25	0	360.25
660.067	330.5	0	330.5
660.179	337.25	0	337.25
660.292	344.5	0	344.5
660.405	336.25	0	336.25
660.518	333.5	0	333.5
660.63	327.25	0	327.25
660.743	331.5	0	331.5
660.856	341.25	0	341.25
660.969	352.5	0	352.5
661.081	333.75	0	333.75
661.194	351.5	0	351.5
661.307	331.75	0	331.75
661.419	339	0	339
661.532	346.75	0	346.75
661.644	344.25	0	344.25
661.757	342.25	0	342.25
661.869	345.75	0	345.75
661.982	350.5	0	350.5
662.094	338.75	0	338.75
662.207	320	0	320
662.319	341	0	341
662.432	344.25	0	344.25
662.544	331.25	0	331.25
662.656	331.25	0	331.25
662.769	340	0	340
662.881	332	0	332
662.994	341	0	341
663.106	336	0	336
663.218	334	0	334
663.331	333	0	333
663.443	329	0	329
663.555	336.5	0	336.5
663.667	356	0	356
663.779	335.5	0	335.5
663.892	318	0	318
664.004	325.5	0	325.5
664.116	335.25	0	335.25
664.228	343.5	0	343.5
664.34	329.75	0	329.75
664.452	327	0	327
664.564	334.25	0	334.25
664.676	349	0	349
664.788	340.25	0	340.25
664.901	323.25	0	323.25
665.012	319.5	0	319.5
665.125	333.5	0	333.5
665.236	327.5	0	327.5
665.348	328.5	0	328.5
665.46	330.5	0	330.5
665.572	315.75	0	315.75
665.684	331.75	0	331.75
665.796	348.75	0	348.75
665.908	317.75	0	317.75
666.02	349.25	0	349.25
666.131	330.75	0	330.75
666.243	323.25	0	323.25
666.355	340.25	0	340.25
666.467	336.25	0	336.25
666.578	339	0	339
666.69	319.25	0	319.25
666.802	337.5	0	337.5
666.914	334.5	0	334.5
667.025	329	0	329
667.137	326	0	326
667.248	323.5	0	323.5
667.36	325.75	0	325.75
667.472	334.25	0	334.25
667.583	335	0	335
667.695	317	0	317
667.806	315.75	0	315.75
667.918	317.75	0	317.75
668.029	318.5	0	318.5
668.141	315.5	0	315.5
668.252	324.5	0	324.5
668.363	324.75	0	324.75
668.475	326.25	0	326.25
668.586	328.75	0	328.75
668.698	334.25	0	334.25
668.809	326.75	0	326.75
668.92	325.25	0	325.25
669.032	314.5	0	314.5
669.143	323.75	0	323.75
669.254	304	0	304
669.365	334.25	0	334.25
669.477	318.5	0	318.5
669.588	328.25	0	328.25
669.699	315.75	0	315.75
669.81	292	0	292
669.921	303.5	0	303.5
670.032	307.25	0	307.25
670.143	332	0	332
670.255	319.25	0	319.25
670.366	315	0	315
670.477	317.25	0	317.25
670.588	324.5	0	324.5
670.699	303.5	0	303.5
670.81	318.5	0	318.5
670.921	326	0	326
671.032	313.5	0	313.5
671.143	315.25	0	315.25
671.253	314.25	0	314.25
671.364	319.25	0	319.25
671.475	311	0	311
671.586	302.75	0	302.75
671.697	301.5	0	301.5
671.808	300	0	300
671.919	290.5	0	290.5
672.029	316.5	0	316.5
672.14	309.25	0	309.25
672.251	304.25	0	304.25
672.362	308	0	308
672.472	312.25	0	312.25
672.583	312.75	0	312.75
672.694	304	0	304
672.804	313.5	0	313.5
672.915	298.5	0	298.5
673.025	300	0	300
673.136	309.25	0	309.25
673.247	314	0	314
673.357	306.25	0	306.25
673.468	285.75	0	285.75
673.578	299	0	299
673.689	305.5	0	305.5
673.799	306	0	306
673.91	303.5	0	303.5
674.02	307.25	0	307.25
674.13	286	0	286
674.241	286.75	0	286.75
674.351	290.5	0	290.5
674.461	291.75	0	291.75
674.572	309.5	0	309.5
674.682	291	0	291
674.792	286.25	0	286.25
674.903	303.75	0	303.75
675.013	305.25	0	305.25
675.123	336.75	0	336.75
675.233	337	0	337
675.344	299.5	0	299.5
675.454	306.75	0	306.75
675.564	301	0	301
675.674	290.25	0	290.25
675.784	286.5	0	286.5
675.894	304.25	0	304.25
676.004	291.75	0	291.75
676.114	296	0	296
676.224	304	0	304
676.334	279.25	0	279.25
676.444	308	0	308
676.554	296.75	0	296.75
676.664	300.5	0	300.5
676.774	301	0	301
676.884	290	0	290
676.994	279.5	0	279.5
677.104	296.25	0	296.25
677.214	287.25	0	287.25
677.324	285.5	0	285.5
677.433	287.5	0	287.5
677.543	297.25	0	297.25
677.653	289	0	289
677.763	297	0	297
677.872	282.75	0	282.75
677.982	280.75	0	280.75
678.092	295	0	295
678.202	297.5	0	297.5
678.311	271.5	0	271.5
678.421	290.25	0	290.25
678.53	305.25	0	305.25
678.64	294.5	0	294.5
678.75	278.25	0	278.25
678.859	277.75	0	277.75
678.969	283	0	283
679.078	289	0	289
679.188	284.75	0	284.75
679.297	288	0	288
679.407	284.75	0	284.75
679.516	273.5	0	273.5
679.625	275.5	0	275.5
679.735	267.75	0	267.75
679.844	279	0	279
679.954	275.75	0	275.75
680.063	288.25	0	288.25
680.172	286.25	0	286.25
680.282	286.25	0	286.25
680.391	282	0	282
680.5	279.75	0	279.75
680.609	285.5	0	285.5
680.719	279.5	0	279.5
680.828	287.5	0	287.5
680.937	285	0	285
681.046	268.75	0	268.75
681.155	300.75	0	300.75
681.264	285.25	0	285.25
681.374	284.25	0	284.25
681.483	278.5	0	278.5
681.592	278.75	0	278.75
681.701	284.75	0	284.75
681.81	299	0	299
681.919	273.5	0	273.5
682.028	281.25	0	281.25
682.137	294.75	0	294.75
682.246	277.25	0	277.25
682.355	264.5	0	264.5
682.463	276.25	0	276.25
682.572	277.5	0	277.5
682.681	271.25	0	271.25
682.79	269.5	0	269.5
682.899	275.25	0	275.25
683.008	279	0	279
683.117	272.25	0	272.25
683.225	290.5	0	290.5
683.334	278.25	0	278.25
683.443	272.5	0	272.5
683.551	274.5	0	274.5
683.66	272.5	0	272.5
683.769	276.25	0	276.25
683.877	270.5	0	270.5
683.986	270.25	0	270.25
684.095	269.25	0	269.25
684.203	267.25	0	267.25
684.312	276.5	0	276.5
684.42	276.25	0	276.25
684.529	282	0	282
684.637	271	0	271
684.746	268	0	268
684.854	274.25	0	274.25
684.963	268	0	268
685.071	277	0	277
685.18	276	0	276
685.288	266	0	266
685.396	263.5	0	263.5
685.505	269	0	269
685.613	257	0	257
685.721	268.5	0	268.5
685.83	253	0	253
685.938	260.75	0	260.75
686.046	272	0	272
686.154	270	0	270
686.263	270.75	0	270.75
686.371	269	0	269
686.479	264.75	0	264.75
686.587	262	0	262
686.695	280	0	280
686.803	276.75	0	276.75
686.911	271.5	0	271.5
687.019	262.25	0	262.25
687.127	265.5	0	265.5
687.235	270.5	0	270.5
687.343	264.75	0	264.75
687.451	263.75	0	263.75
687.559	270.5	0	270.5
687.667	268.75	0	268.75
687.775	264.25	0	264.25
687.883	276.75	0	276.75
687.991	266.75	0	266.75
688.099	265.75	0	265.75
688.207	264.75	0	264.75
688.315	265	0	265
688.422	271.25	0	271.25
688.53	255.75	0	255.75
688.638	270.75	0	270.75
688.746	260.75	0	260.75
688.853	266	0	266
688.961	258	0	258
689.069	259.75	0	259.75
689.176	259.75	0	259.75
689.284	257.25	0	257.25
689.392	249.5	0	249.5
689.499	268.5	0	268.5
689.607	261.75	0	261.75
689.714	256.25	0	256.25
689.822	262.5	0	262.5
689.93	262.75	0	262.75
690.037	253.75	0	253.75
690.144	264.25	0	264.25
690.252	251.5	0	251.5
690.359	264.75	0	264.75
690.467	266.25	0	266.25
690.574	236.75	0	236.75
690.682	262	0	262
690.789	255.25	0	255.25
690.896	248.75	0	248.75
691.004	250	0	250
691.111	252.25	0	252.25
691.218	253	0	253
691.325	263	0	263
691.433	249.75	0	249.75
691.54	247	0	247
691.647	259.5	0	259.5
691.754	238.5	0	238.5
691.861	248.5	0	248.5
691.969	249.25	0	249.25
692.076	249	0	249
692.183	254.75	0	254.75
692.29	243.75	0	243.75
692.397	254.25	0	254.25
692.504	249	0	249
692.611	259.5	0	259.5
692.718	250.75	0	250.75
692.825	252.75	0	252.75
692.932	233.5	0	233.5
693.039	255	0	255
693.146	243.75	0	243.75
693.253	245.75	0	245.75
693.359	248.75	0	248.75
693.466	247.75	0	247.75
693.573	262	0	262
693.68	254.75	0	254.75
693.787	250.25	0	250.25
693.894	251.75	0	251.75
694	254.25	0	254.25
694.107	240.5	0	240.5
694.214	253.25	0	253.25
694.32	244	0	244
694.427	253.25	0	253.25
694.534	240.5	0	240.5
694.64	240.25	0	240.25
694.747	237.5	0	237.5
694.853	244	0	244
694.96	236.5	0	236.5
695.067	242.25	0	242.25
695.173	233	0	233
695.28	243.75	0	243.75
695.386	240	0	240
695.493	241.75	0	241.75
695.599	250.5	0	250.5
695.705	244	0	244
695.812	231.75	0	231.75
695.918	243	0	243
696.025	244.75	0	244.75
696.131	234.25	0	234.25
696.237	249	0	249
696.344	238.25	0	238.25
696.45	243	0	243
696.556	236.25	0	236.25
696.662	240.5	0	240.5
696.768	248	0	248
696.875	227	0	227
696.981	240.5	0	240.5
697.087	244	0	244
697.193	240.25	0	240.25
697.299	237	0	237
697.405	247	0	247
697.512	242.75	0	242.75
697.618	234.5	0	234.5
697.724	230.5	0	230.5
697.83	244	0	244
697.936	230.5	0	230.5
698.042	240.75	0	240.75
698.148	233.75	0	233.75
698.253	234.25	0	234.25
698.359	239	0	239
698.465	227.25	0	227.25
698.571	245.75	0	245.75
698.677	235.25	0	235.25
698.783	234.5	0	234.5
698.889	236.5	0	236.5
698.994	237	0	237
699.1	229.75	0	229.75
699.206	227.5	0	227.5
699.312	237.75	0	237.75
699.417	238.75	0	238.75
699.523	238.5	0	238.5
699.629	220.25	0	220.25
699.734	232.75	0	232.75
699.84	230.25	0	230.25
699.946	233.25	0	233.25
700.051	246.25	0	246.25
700.157	235	0	235
700.262	231.75	0	231.75
700.368	227.5	0	227.5
700.473	244	0	244
700.579	240	0	240
700.684	229	0	229
700.79	238.25	0	238.25
700.895	236.25	0	236.25
701	227.5	0	227.5
701.106	229	0	229
701.211	230.5	0	230.5
701.316	236.5	0	236.5
701.422	224.5	0	224.5
701.527	235.75	0	235.75
701.632	226	0	226
701.738	236.75	0	236.75
701.843	227.75	0	227.75
701.948	236.25	0	236.25
702.053	229.75	0	229.75
702.158	228	0	228
702.264	225.75	0	225.75
702.369	210.25	0	210.25
702.474	218.5	0	218.5
702.579	232.25	0	232.25
702.684	234	0	234
702.789	227.75	0	227.75
702.894	233	0	233
702.999	228.25	0	228.25
703.104	231.5	0	231.5
703.209	212.5	0	212.5
703.314	220.25	0	220.25
703.419	237.5	0	237.5
703.524	238	0	238
703.629	224.75	0	224.75
703.733	230.25	0	230.25
703.838	220.5	0	220.5
703.943	215.25	0	215.25
704.048	236.5	0	236.5
704.153	237.75	0	237.75
704.257	235.5	0	235.5
704.362	227.75	0	227.75
704.467	227	0	227
704.572	235.25	0	235.25
704.676	222.25	0	222.25
704.781	232.25	0	232.25
704.886	232.25	0	232.25
704.99	223.5	0	223.5
705.095	235.5	0	235.5
705.199	224.5	0	224.5
705.304	226.5	0	226.5
705.408	229.5	0	229.5
705.513	218.25	0	218.25
705.617	226.75	0	226.75
705.722	211.75	0	211.75
705.826	216.25	0	216.25
705.931	214.25	0	214.25
706.035	225	0	225
706.139	213.25	0	213.25
706.244	224.25	0	224.25
706.348	226	0	226
706.452	223.5	0	223.5
706.557	220	0	220
706.661	213.5	0	213.5
706.765	221	0	221
706.87	231	0	231
706.974	216.25	0	216.25
707.078	209.5	0	209.5
707.182	223.75	0	223.75
707.286	212	0	212
707.39	207	0	207
707.495	224	0	224
707.599	213.75	0	213.75
707.703	217.75	0	217.75
707.807	216	0	216
707.911	229.5	0	229.5
708.015	219.5	0	219.5
708.119	206.75	0	206.75
708.223	220.25	0	220.25
708.327	212	0	212
708.431	226.75	0	226.75
708.534	213.75	0	213.75
708.638	218.75	0	218.75
708.742	225	0	225
708.846	217.5	0	217.5
708.95	214.25	0	214.25
709.054	224.25	0	224.25
709.157	216.75	0	216.75
709.261	216	0	216
709.365	220.25	0	220.25
709.469	224	0	224
709.572	217.5	0	217.5
709.676	231.25	0	231.25
709.78	211	0	211
709.883	224	0	224
709.987	225	0	225
710.09	216.75	0	216.75
710.194	214.5	0	214.5
710.298	218.5	0	218.5
710.401	212	0	212
710.505	223	0	223
710.608	230.25	0	230.25
710.711	217.75	0	217.75
710.815	219.25	0	219.25
710.918	207	0	207
711.022	213	0	213
711.125	214.5	0	214.5
711.228	214.25	0	214.25
711.332	210.5	0	210.5
711.435	227.5	0	227.5
711.538	208.5	0	208.5
711.642	211.75	0	211.75
711.745	219	0	219
711.848	207.25	0	207.25
711.951	206.75	0	206.75
712.055	211.75	0	211.75
712.158	206.25	0	206.25
712.261	222.5	0	222.5
712.364	222	0	222
712.467	216.25	0	216.25
712.57	204.25	0	204.25
712.673	221	0	221
712.776	214.25	0	214.25
712.879	208	0	208
712.982	203	0	203
713.085	219.5	0	219.5
713.188	209.5	0	209.5
713.291	215	0	215
713.394	216	0	216
713.497	219.5	0	219.5
713.6	214.25	0	214.25
713.703	216.75	0	216.75
713.805	214	0	214
713.908	211.5	0	211.5
714.011	215.25	0	215.25
714.114	222	0	222
714.216	203.75	0	203.75
714.319	220	0	220
714.422	223.75	0	223.75
714.525	210.5	0	210.5
714.627	207	0	207
714.73	208.75	0	208.75
714.833	206	0	206
714.935	221.75	0	221.75
715.038	216.75	0	216.75
715.14	218.5	0	218.5
715.243	218.75	0	218.75
715.345	213	0	213
715.448	224.25	0	224.25
715.55	210.75	0	210.75
715.653	212.25	0	212.25
715.755	207.75	0	207.75
715.857	214.5	0	214.5
715.96	198	0	198
716.062	213.25	0	213.25
716.164	211	0	211
716.267	208.25	0	208.25
716.369	207.75	0	207.75
716.471	215.5	0	215.5
716.574	206.5	0	206.5
716.676	208	0	208
716.778	217.5	0	217.5
716.88	207.75	0	207.75
716.982	215.75	0	215.75
717.085	208.25	0	208.25
717.187	221	0	221
717.289	214.75	0	214.75
717.391	206.25	0	206.25
717.493	207.75	0	207.75
717.595	206	0	206
717.697	200	0	200
717.799	210.75	0	210.75
717.901	215.5	0	215.5
718.003	210.25	0	210.25
718.105	214.5	0	214.5
718.207	215.5	0	215.5
718.309	218.25	0	218.25
718.411	204.25	0	204.25
718.512	207.5	0	207.5
718.614	208.25	0	208.25
718.716	207.25	0	207.25
718.818	213	0	213
718.92	218	0	218
719.021	201.75	0	201.75
719.123	214.5	0	214.5
719.225	208	0	208
719.326	205	0	205
719.428	214	0	214
719.53	213.75	0	213.75
719.631	219.75	0	219.75
719.733	203	0	203
719.834	213	0	213
719.936	203.5	0	203.5
720.038	215.75	0	215.75
720.139	214.25	0	214.25
720.241	210.5	0	210.5
720.342	214.5	0	214.5
720.443	201.75	0	201.75
720.545	209.75	0	209.75
720.646	212	0	212
720.748	207.75	0	207.75
720.849	220.75	0	220.75
720.95	207.75	0	207.75
721.052	212.25	0	212.25
721.153	206.5	0	206.5
721.254	209.25	0	209.25
721.355	205.25	0	205.25
721.457	209.75	0	209.75
721.558	207	0	207
721.659	203.25	0	203.25
721.76	212	0	212
721.861	205	0	205
721.963	207.75	0	207.75
722.064	202	0	202
722.165	207.5	0	207.5
722.266	207	0	207
722.367	208.5	0	208.5
722.468	204.75	0	204.75
722.569	214.5	0	214.5
722.67	213.25	0	213.25
722.771	204.5	0	204.5
722.872	198.25	0	198.25
722.973	200.75	0	200.75
723.073	197.75	0	197.75
723.174	206	0	206
723.275	197.25	0	197.25
723.376	202.5	0	202.5
723.477	192.25	0	192.25
723.577	210.75	0	210.75
723.678	204.5	0	204.5
723.779	210.5	0	210.5
723.88	199.75	0	199.75
723.98	198	0	198
724.081	199.75	0	199.75
724.182	218.25	0	218.25
724.282	208.75	0	208.75
724.383	218.25	0	218.25
724.483	207	0	207
724.584	209.25	0	209.25
724.685	187.5	0	187.5
724.785	203.25	0	203.25
724.886	198	0	198
724.986	202.5	0	202.5
725.086	200	0	200
725.187	204.25	0	204.25
725.287	203.5	0	203.5
725.388	197.5	0	197.5
725.488	211.25	0	211.25
725.588	212.5	0	212.5
725.689	207.5	0	207.5
725.789	210.25	0	210.25
725.889	211.75	0	211.75
725.99	209	0	209
726.09	207.75	0	207.75
726.19	211.25	0	211.25
726.29	213.5	0	213.5
726.39	194.25	0	194.25
726.49	189	0	189
726.591	212.25	0	212.25
726.691	209.5	0	209.5
726.791	202.25	0	202.25
726.891	202	0	202
726.991	203.5	0	203.5
727.091	192.5	0	192.5
727.191	205.75	0	205.75
727.291	197.5	0	197.5
727.391	194.5	0	194.5
727.491	199.75	0	199.75
727.591	189.25	0	189.25
727.691	199.75	0	199.75
727.79	209.75	0	209.75
727.89	190.75	0	190.75
727.99	208.75	0	208.75
728.09	190.5	0	190.5
728.19	205.25	0	205.25
728.289	203.25	0	203.25
728.389	196.25	0	196.25
728.489	205.25	0	205.25
728.589	202.25	0	202.25
728.688	207.5	0	207.5
728.788	194	0	194
728.888	203	0	203
728.987	207.5	0	207.5
729.087	205.5	0	205.5
729.186	203.75	0	203.75
729.286	197	0	197
729.385	208	0	208
729.485	200.75	0	200.75
729.584	192.75	0	192.75
729.684	197.75	0	197.75
729.783	196	0	196
729.883	199.5	0	199.5
729.982	196.75	0	196.75
730.081	198.25	0	198.25
730.181	210.75	0	210.75
730.28	193.5	0	193.5
730.379	201.25	0	201.25
730.479	197.25	0	197.25
730.578	211	0	211
730.677	190.75	0	190.75
730.776	196.75	0	196.75
730.875	200	0	200
730.975	203.5	0	203.5
731.074	207.5	0	207.5
731.173	200.75	0	200.75
731.272	197.25	0	197.25
731.371	204	0	204
731.47	209.25	0	209.25
731.569	189.25	0	189.25
731.668	206.75	0	206.75
731.767	203	0	203
731.866	195	0	195
731.965	204	0	204
732.064	200.5	0	200.5
732.163	192.75	0	192.75
732.262	189.5	0	189.5
732.361	203.5	0	203.5
732.46	192.5	0	192.5
732.558	191.75	0	191.75
732.657	203.25	0	203.25
732.756	193.25	0	193.25
732.855	193.25	0	193.25
732.953	190.25	0	190.25
733.052	195.75	0	195.75
733.151	199.5	0	199.5
733.25	192.5	0	192.5
733.348	195	0	195
733.447	201	0	201
733.545	202.25	0	202.25
733.644	195.25	0	195.25
733.742	193.75	0	193.75
733.841	190	0	190
733.939	200.5	0	200.5
734.038	202.5	0	202.5
734.136	198	0	198
734.235	194.25	0	194.25
734.333	190	0	190
734.432	195.25	0	195.25
734.53	202.75	0	202.75
734.628	196.5	0	196.5
734.727	190.5	0	190.5
734.825	199	0	199
734.923	190	0	190
735.022	204.25	0	204.25
735.12	188.75	0	188.75
735.218	206.25	0	206.25
735.316	196	0	196
735.414	203	0	203
735.513	193	0	193
735.611	205.25	0	205.25
735.709	197	0	197
735.807	206.5	0	206.5
735.905	195	0	195
736.003	192.5	0	192.5
736.101	194	0	194
736.199	194.5	0	194.5
736.297	195.75	0	195.75
736.395	191	0	191
736.493	197.25	0	197.25
736.591	192.5	0	192.5
736.689	205.25	0	205.25
736.787	198.25	0	198.25
736.884	191	0	191
736.982	186	0	186
737.08	204.25	0	204.25
737.178	205	0	205
737.276	196	0	196
737.373	192.5	0	192.5
737.471	202.5	0	202.5
737.569	191	0	191
737.667	205.5	0	205.5
737.764	192.5	0	192.5
737.862	197.75	0	197.75
737.959	197.25	0	197.25
738.057	198.5	0	198.5
738.154	199.25	0	199.25
738.252	192.25	0	192.25
738.35	189.25	0	189.25
738.447	187.5	0	187.5
738.544	186.75	0	186.75
738.642	192	0	192
738.739	191.5	0	191.5
738.837	191.5	0	191.5
738.934	193.75	0	193.75
739.031	187.25	0	187.25
739.129	193.5	0	193.5
739.226	194.75	0	194.75
739.323	195.75	0	195.75
739.421	193.75	0	193.75
739.518	192	0	192
739.615	200.25	0	200.25