Lambda	Spectrum	Dark	SpecMinusDark
500.031	4835.25	0	4835.25
500.165	5141	0	5141
500.299	5468.75	0	5468.75
500.433	5850.5	0	5850.5
500.567	6175	0	6175
500.701	6219	0	6219
500.835	6302	0	6302
500.968	6159.25	0	6159.25
501.102	6024.75	0	6024.75
501.236	5804.5	0	5804.5
501.37	5596	0	5596
501.504	5434.5	0	5434.5
501.637	5224.5	0	5224.5
501.771	4982.75	0	4982.75
501.905	4808.25	0	4808.25
502.039	4833.5	0	4833.5
502.172	4718.75	0	4718.75
502.306	4768.75	0	4768.75
502.44	4619.25	0	4619.25
502.573	4682.5	0	4682.5
502.707	4699.25	0	4699.25
502.841	4630.75	0	4630.75
502.974	4619.25	0	4619.25
503.108	4547.5	0	4547.5
503.242	4645.25	0	4645.25
503.375	4684	0	4684
503.509	4597.75	0	4597.75
503.642	4642	0	4642
503.776	4674.25	0	4674.25
503.909	4701.5	0	4701.5
504.043	4836	0	4836
504.176	4780.25	0	4780.25
504.31	4897.5	0	4897.5
504.443	5075.5	0	5075.5
504.577	5163.75	0	5163.75
504.71	5262	0	5262
504.844	5352	0	5352
504.977	5364.75	0	5364.75
505.111	5446.75	0	5446.75
505.244	5347.25	0	5347.25
505.377	5330	0	5330
505.511	5305.5	0	5305.5
505.644	5325.25	0	5325.25
505.777	5394.25	0	5394.25
505.911	5432	0	5432
506.044	5555	0	5555
506.177	5603.25	0	5603.25
506.311	5592.5	0	5592.5
506.444	5694.5	0	5694.5
506.577	5805.5	0	5805.5
506.71	5761.5	0	5761.5
506.844	5823.5	0	5823.5
506.977	5862.75	0	5862.75
507.11	5933.75	0	5933.75
507.243	6097.75	0	6097.75
507.376	6239.25	0	6239.25
507.51	6402.25	0	6402.25
507.643	6445.25	0	6445.25
507.776	6723.25	0	6723.25
507.909	6865.75	0	6865.75
508.042	7065	0	7065
508.175	7358.5	0	7358.5
508.308	7507	0	7507
508.441	7665.5	0	7665.5
508.574	7631.75	0	7631.75
508.707	7623.5	0	7623.5
508.84	7649.25	0	7649.25
508.973	7533.5	0	7533.5
509.106	7373.75	0	7373.75
509.239	7404.25	0	7404.25
509.372	7162.25	0	7162.25
509.505	7148	0	7148
509.638	6966.75	0	6966.75
509.771	6950.75	0	6950.75
509.904	6915.5	0	6915.5
510.037	6860.5	0	6860.5
510.17	6845.5	0	6845.5
510.303	6886.25	0	6886.25
510.436	6792.25	0	6792.25
510.568	6720.25	0	6720.25
510.701	6749.75	0	6749.75
510.834	6834.25	0	6834.25
510.967	6757.5	0	6757.5
511.1	6823	0	6823
511.232	6906	0	6906
511.365	6970.25	0	6970.25
511.498	7000.5	0	7000.5
511.631	7154.25	0	7154.25
511.763	7298	0	7298
511.896	7353.5	0	7353.5
512.029	7532.5	0	7532.5
512.161	7884.75	0	7884.75
512.294	7918	0	7918
512.427	8235	0	8235
512.559	8565.25	0	8565.25
512.692	8777.25	0	8777.25
512.825	8967.25	0	8967.25
512.957	8976.5	0	8976.5
513.09	8795.5	0	8795.5
513.222	8636	0	8636
513.355	8630	0	8630
513.487	8352	0	8352
513.62	8365.25	0	8365.25
513.752	8392.75	0	8392.75
513.885	8518	0	8518
514.017	8658	0	8658
514.15	8622.5	0	8622.5
514.282	8987	0	8987
514.415	9494.25	0	9494.25
514.547	10057.5	0	10057.5
514.68	10697.5	0	10697.5
514.812	11072.8	0	11072.8
514.944	10928	0	10928
515.077	10070	0	10070
515.209	9531.25	0	9531.25
515.341	8997.25	0	8997.25
515.474	8744.25	0	8744.25
515.606	8461.5	0	8461.5
515.738	8247.5	0	8247.5
515.871	8034	0	8034
516.003	7876	0	7876
516.135	7770.5	0	7770.5
516.267	7709.25	0	7709.25
516.4	7706.25	0	7706.25
516.532	7621.5	0	7621.5
516.664	7585	0	7585
516.796	7587.75	0	7587.75
516.928	7608.5	0	7608.5
517.06	7806.5	0	7806.5
517.193	7781.75	0	7781.75
517.325	7880.5	0	7880.5
517.457	7930.75	0	7930.75
517.589	8165.25	0	8165.25
517.721	8186.25	0	8186.25
517.853	8268.25	0	8268.25
517.985	8281.25	0	8281.25
518.117	8486.25	0	8486.25
518.249	8437.5	0	8437.5
518.381	8461.5	0	8461.5
518.513	8465	0	8465
518.645	8415	0	8415
518.777	8401.5	0	8401.5
518.909	8471.25	0	8471.25
519.041	8411.75	0	8411.75
519.173	8453.5	0	8453.5
519.305	8628.5	0	8628.5
519.437	8716.75	0	8716.75
519.569	8920.5	0	8920.5
519.701	9066.25	0	9066.25
519.832	9292.75	0	9292.75
519.964	9347.25	0	9347.25
520.096	9752.75	0	9752.75
520.228	10178.8	0	10178.8
520.36	10664.5	0	10664.5
520.491	11198.2	0	11198.2
520.623	11717	0	11717
520.755	12492.2	0	12492.2
520.887	13446.8	0	13446.8
521.018	14386.8	0	14386.8
521.15	15628	0	15628
521.282	16166	0	16166
521.414	16044.5	0	16044.5
521.545	14694.2	0	14694.2
521.677	13452.8	0	13452.8
521.808	12440.5	0	12440.5
521.94	11320	0	11320
522.072	10805.8	0	10805.8
522.203	10260	0	10260
522.335	9757.75	0	9757.75
522.466	9302.75	0	9302.75
522.598	8917	0	8917
522.729	8695.75	0	8695.75
522.861	8472	0	8472
522.993	8149.25	0	8149.25
523.124	8043.75	0	8043.75
523.256	7839	0	7839
523.387	7751.25	0	7751.25
523.518	7603	0	7603
523.65	7407	0	7407
523.781	7370.25	0	7370.25
523.913	7242	0	7242
524.044	7168.5	0	7168.5
524.176	6888	0	6888
524.307	6961.5	0	6961.5
524.438	6767.5	0	6767.5
524.57	6764	0	6764
524.701	6716.75	0	6716.75
524.832	6659.5	0	6659.5
524.964	6586.75	0	6586.75
525.095	6478.25	0	6478.25
525.226	6551	0	6551
525.357	6387.75	0	6387.75
525.489	6449.75	0	6449.75
525.62	6385.75	0	6385.75
525.751	6405	0	6405
525.882	6390.5	0	6390.5
526.013	6472.75	0	6472.75
526.145	6355.75	0	6355.75
526.276	6525.75	0	6525.75
526.407	6556	0	6556
526.538	6502.75	0	6502.75
526.669	6575.75	0	6575.75
526.8	6774.75	0	6774.75
526.931	6838.25	0	6838.25
527.062	7133.5	0	7133.5
527.193	7374.25	0	7374.25
527.324	7487.75	0	7487.75
527.455	7708.75	0	7708.75
527.586	7564.5	0	7564.5
527.717	7123.75	0	7123.75
527.848	6831	0	6831
527.979	6592.25	0	6592.25
528.11	6347.25	0	6347.25
528.241	6304.75	0	6304.75
528.372	6126.25	0	6126.25
528.503	5967	0	5967
528.634	5925	0	5925
528.765	5808.5	0	5808.5
528.896	5855.75	0	5855.75
529.026	5649	0	5649
529.157	5565.5	0	5565.5
529.288	5491	0	5491
529.419	5484.75	0	5484.75
529.55	5520.75	0	5520.75
529.681	5410	0	5410
529.811	5363.25	0	5363.25
529.942	5280.5	0	5280.5
530.073	5273.25	0	5273.25
530.203	5275.25	0	5275.25
530.334	5273.5	0	5273.5
530.465	5263	0	5263
530.596	5123.75	0	5123.75
530.726	5170	0	5170
530.857	5124	0	5124
530.987	5074.25	0	5074.25
531.118	5045	0	5045
531.249	5061.75	0	5061.75
531.379	5030.5	0	5030.5
531.51	5070	0	5070
531.64	4996	0	4996
531.771	4958	0	4958
531.901	5030.75	0	5030.75
532.032	4941.75	0	4941.75
532.163	4937	0	4937
532.293	4916	0	4916
532.423	4970.5	0	4970.5
532.554	5008.75	0	5008.75
532.684	4956.25	0	4956.25
532.815	4920.5	0	4920.5
532.945	4880.5	0	4880.5
533.076	4815.75	0	4815.75
533.206	4877.75	0	4877.75
533.336	4858.5	0	4858.5
533.467	4778.25	0	4778.25
533.597	4845.25	0	4845.25
533.727	4789.75	0	4789.75
533.858	4770.25	0	4770.25
533.988	4798.75	0	4798.75
534.118	4736	0	4736
534.248	4746	0	4746
534.379	4780.75	0	4780.75
534.509	4777	0	4777
534.639	4771.25	0	4771.25
534.769	4836	0	4836
534.9	4777	0	4777
535.03	4691.75	0	4691.75
535.16	4706	0	4706
535.29	4789.5	0	4789.5
535.42	4788	0	4788
535.55	4779.5	0	4779.5
535.68	4752.75	0	4752.75
535.81	4711.5	0	4711.5
535.94	4665.25	0	4665.25
536.071	4617.5	0	4617.5
536.201	4735.75	0	4735.75
536.331	4628.25	0	4628.25
536.461	4667.25	0	4667.25
536.591	4611.5	0	4611.5
536.721	4558.75	0	4558.75
536.851	4587.25	0	4587.25
536.981	4614	0	4614
537.11	4596.5	0	4596.5
537.24	4549.75	0	4549.75
537.37	4512.75	0	4512.75
537.5	4489.5	0	4489.5
537.63	4530	0	4530
537.76	4487.75	0	4487.75
537.89	4513.25	0	4513.25
538.02	4557.75	0	4557.75
538.149	4441.25	0	4441.25
538.279	4464	0	4464
538.409	4465.25	0	4465.25
538.539	4408.5	0	4408.5
538.669	4394.25	0	4394.25
538.798	4441	0	4441
538.928	4471.5	0	4471.5
539.058	4376.5	0	4376.5
539.187	4388.75	0	4388.75
539.317	4379	0	4379
539.447	4415.5	0	4415.5
539.576	4410.25	0	4410.25
539.706	4410.75	0	4410.75
539.836	4417.25	0	4417.25
539.965	4410.5	0	4410.5
540.095	4330.25	0	4330.25
540.225	4408	0	4408
540.354	4274.75	0	4274.75
540.484	4317	0	4317
540.613	4258.75	0	4258.75
540.743	4242	0	4242
540.872	4300	0	4300
541.002	4214.25	0	4214.25
541.131	4173.5	0	4173.5
541.261	4297.25	0	4297.25
541.39	4233	0	4233
541.52	4281.5	0	4281.5
541.649	4286.5	0	4286.5
541.778	4257.75	0	4257.75
541.908	4165	0	4165
542.037	4253	0	4253
542.167	4197.25	0	4197.25
542.296	4193.75	0	4193.75
542.425	4135.25	0	4135.25
542.554	4159	0	4159
542.684	4193	0	4193
542.813	4143	0	4143
542.942	4173.25	0	4173.25
543.072	4148.5	0	4148.5
543.201	4113.5	0	4113.5
543.33	4206.5	0	4206.5
543.459	4153	0	4153
543.588	4129	0	4129
543.718	4189.75	0	4189.75
543.847	4141.25	0	4141.25
543.976	4197.25	0	4197.25
544.105	4156.5	0	4156.5
544.234	4109.5	0	4109.5
544.363	4182.75	0	4182.75
544.492	4197	0	4197
544.621	4175	0	4175
544.75	4166.25	0	4166.25
544.88	4189.25	0	4189.25
545.009	4195.25	0	4195.25
545.138	4202	0	4202
545.266	4184.5	0	4184.5
545.396	4257.5	0	4257.5
545.525	4200	0	4200
545.653	4252.5	0	4252.5
545.782	4318.5	0	4318.5
545.911	4210.25	0	4210.25
546.04	4219.25	0	4219.25
546.169	4259	0	4259
546.298	4290.25	0	4290.25
546.427	4255.25	0	4255.25
546.556	4201.5	0	4201.5
546.685	4176.5	0	4176.5
546.813	4204.5	0	4204.5
546.942	4212.5	0	4212.5
547.071	4138	0	4138
547.2	4096.25	0	4096.25
547.328	4135.25	0	4135.25
547.457	4058.25	0	4058.25
547.586	4139.25	0	4139.25
547.715	4150.5	0	4150.5
547.843	4172.5	0	4172.5
547.972	4130.5	0	4130.5
548.101	4149	0	4149
548.229	4168	0	4168
548.358	4151.75	0	4151.75
548.487	4115.75	0	4115.75
548.615	4130.75	0	4130.75
548.744	4225.5	0	4225.5
548.872	4171	0	4171
549.001	4087.25	0	4087.25
549.129	4138.75	0	4138.75
549.258	4090.75	0	4090.75
549.387	4106.25	0	4106.25
549.515	4138	0	4138
549.643	4154	0	4154
549.772	4171.75	0	4171.75
549.9	4142.25	0	4142.25
550.029	4112	0	4112
550.157	4156	0	4156
550.286	4088.5	0	4088.5
550.414	4112.75	0	4112.75
550.542	4037	0	4037
550.671	4112	0	4112
550.799	4038	0	4038
550.927	4045.25	0	4045.25
551.056	4093.25	0	4093.25
551.184	4096.5	0	4096.5
551.312	4012	0	4012
551.441	4006	0	4006
551.569	3957.5	0	3957.5
551.697	4020	0	4020
551.825	4024.25	0	4024.25
551.953	4038.5	0	4038.5
552.082	4018	0	4018
552.21	4007.75	0	4007.75
552.338	4146	0	4146
552.466	4122	0	4122
552.594	4140.25	0	4140.25
552.722	4153.5	0	4153.5
552.851	4240.75	0	4240.75
552.979	4234	0	4234
553.107	4185	0	4185
553.235	4294	0	4294
553.363	4316.75	0	4316.75
553.491	4346.25	0	4346.25
553.619	4399	0	4399
553.747	4439.5	0	4439.5
553.875	4433.5	0	4433.5
554.003	4349.25	0	4349.25
554.131	4358.5	0	4358.5
554.259	4260.5	0	4260.5
554.387	4215.75	0	4215.75
554.514	4094.75	0	4094.75
554.642	4230.5	0	4230.5
554.77	4167.75	0	4167.75
554.898	4104.75	0	4104.75
555.026	4069.25	0	4069.25
555.154	4020.25	0	4020.25
555.281	4015.75	0	4015.75
555.409	4085.25	0	4085.25
555.537	4059.25	0	4059.25
555.665	4114	0	4114
555.793	4086.5	0	4086.5
555.92	3991.25	0	3991.25
556.048	3921	0	3921
556.176	3916	0	3916
556.303	3928.5	0	3928.5
556.431	3911.75	0	3911.75
556.559	3853.5	0	3853.5
556.686	3815	0	3815
556.814	3783.5	0	3783.5
556.942	3826.75	0	3826.75
557.069	3737.75	0	3737.75
557.197	3804.25	0	3804.25
557.324	3807.5	0	3807.5
557.452	3772.75	0	3772.75
557.579	3692.75	0	3692.75
557.707	3646.75	0	3646.75
557.835	3717	0	3717
557.962	3704.25	0	3704.25
558.089	3731.75	0	3731.75
558.217	3727.75	0	3727.75
558.344	3631.75	0	3631.75
558.472	3716	0	3716
558.599	3703	0	3703
558.727	3647.75	0	3647.75
558.854	3614.75	0	3614.75
558.981	3738.25	0	3738.25
559.109	3601	0	3601
559.236	3624	0	3624
559.363	3645.25	0	3645.25
559.491	3562.25	0	3562.25
559.618	3631.5	0	3631.5
559.745	3603.5	0	3603.5
559.872	3614	0	3614
560	3672	0	3672
560.127	3606.5	0	3606.5
560.254	3593.75	0	3593.75
560.381	3573.25	0	3573.25
560.508	3616.5	0	3616.5
560.636	3564	0	3564
560.763	3544.25	0	3544.25
560.89	3564.75	0	3564.75
561.017	3547	0	3547
561.144	3503.25	0	3503.25
561.271	3532	0	3532
561.398	3539	0	3539
561.525	3550.75	0	3550.75
561.652	3496	0	3496
561.779	3566.5	0	3566.5
561.906	3498	0	3498
562.033	3516	0	3516
562.16	3535.75	0	3535.75
562.287	3573.5	0	3573.5
562.414	3538.25	0	3538.25
562.541	3569	0	3569
562.668	3508.5	0	3508.5
562.795	3494.25	0	3494.25
562.922	3590.75	0	3590.75
563.049	3558	0	3558
563.175	3601.5	0	3601.5
563.302	3532.75	0	3532.75
563.429	3538	0	3538
563.556	3580.75	0	3580.75
563.683	3639.5	0	3639.5
563.809	3535.75	0	3535.75
563.936	3531.75	0	3531.75
564.063	3595	0	3595
564.19	3599.75	0	3599.75
564.316	3560.25	0	3560.25
564.443	3586.75	0	3586.75
564.57	3612.25	0	3612.25
564.696	3628	0	3628
564.823	3575.75	0	3575.75
564.95	3727.5	0	3727.5
565.076	3791.25	0	3791.25
565.203	3750.5	0	3750.5
565.33	3778	0	3778
565.456	3819.75	0	3819.75
565.583	3877.75	0	3877.75
565.709	3889	0	3889
565.836	3993.25	0	3993.25
565.962	4037	0	4037
566.089	4138.75	0	4138.75
566.215	4157.75	0	4157.75
566.341	4196.5	0	4196.5
566.468	4237.5	0	4237.5
566.594	4457	0	4457
566.721	4412.75	0	4412.75
566.847	4587.25	0	4587.25
566.974	4619.75	0	4619.75
567.1	4731.25	0	4731.25
567.226	4669	0	4669
567.353	4697.25	0	4697.25
567.479	4703.5	0	4703.5
567.605	4725.75	0	4725.75
567.732	4901	0	4901
567.858	4940.5	0	4940.5
567.984	5071.5	0	5071.5
568.11	5106.25	0	5106.25
568.236	5282.25	0	5282.25
568.363	5230.5	0	5230.5
568.489	4960.75	0	4960.75
568.615	4771.25	0	4771.25
568.741	4529	0	4529
568.867	4358	0	4358
568.993	4247.25	0	4247.25
569.12	4193.25	0	4193.25
569.246	4064.5	0	4064.5
569.372	3975	0	3975
569.498	3897.5	0	3897.5
569.624	3795	0	3795
569.75	3752	0	3752
569.876	3756.25	0	3756.25
570.002	3751.5	0	3751.5
570.128	3721.25	0	3721.25
570.254	3644	0	3644
570.38	3653	0	3653
570.506	3713.5	0	3713.5
570.632	3705.75	0	3705.75
570.758	3800.5	0	3800.5
570.883	3784.5	0	3784.5
571.009	3853	0	3853
571.135	3827.75	0	3827.75
571.261	3933.25	0	3933.25
571.387	3938.75	0	3938.75
571.513	4046.25	0	4046.25
571.638	4047	0	4047
571.764	4117.75	0	4117.75
571.89	4173.5	0	4173.5
572.016	4337.25	0	4337.25
572.141	4462.5	0	4462.5
572.267	4471	0	4471
572.393	4407.25	0	4407.25
572.518	4237.75	0	4237.75
572.644	4065	0	4065
572.77	3811.25	0	3811.25
572.895	3724.5	0	3724.5
573.021	3612.5	0	3612.5
573.147	3533.25	0	3533.25
573.272	3497	0	3497
573.398	3430	0	3430
573.523	3364.25	0	3364.25
573.649	3325.75	0	3325.75
573.774	3266	0	3266
573.9	3248.5	0	3248.5
574.025	3184	0	3184
574.151	3182	0	3182
574.276	3162.25	0	3162.25
574.402	3141.5	0	3141.5
574.527	3108.75	0	3108.75
574.652	3114	0	3114
574.778	3111.5	0	3111.5
574.903	3059.5	0	3059.5
575.029	3093.25	0	3093.25
575.154	3106.75	0	3106.75
575.279	3023.5	0	3023.5
575.405	3008.75	0	3008.75
575.53	2992.75	0	2992.75
575.655	3003.5	0	3003.5
575.78	2947.25	0	2947.25
575.906	2897.75	0	2897.75
576.031	2921.25	0	2921.25
576.156	2917.25	0	2917.25
576.281	2889.75	0	2889.75
576.406	2923	0	2923
576.532	2932.75	0	2932.75
576.657	2916	0	2916
576.782	2808	0	2808
576.907	2838.75	0	2838.75
577.032	2846	0	2846
577.157	2792.25	0	2792.25
577.282	2829	0	2829
577.407	2805.5	0	2805.5
577.532	2781.75	0	2781.75
577.657	2773.5	0	2773.5
577.782	2767.5	0	2767.5
577.907	2789.5	0	2789.5
578.032	2766.75	0	2766.75
578.157	2755.25	0	2755.25
578.282	2714.75	0	2714.75
578.407	2776.75	0	2776.75
578.532	2735.25	0	2735.25
578.657	2758.75	0	2758.75
578.782	2758	0	2758
578.907	2695.75	0	2695.75
579.031	2738.75	0	2738.75
579.156	2690.5	0	2690.5
579.281	2680.25	0	2680.25
579.406	2651	0	2651
579.531	2692.75	0	2692.75
579.655	2666.75	0	2666.75
579.78	2661.75	0	2661.75
579.905	2689.5	0	2689.5
580.03	2662	0	2662
580.154	2627.25	0	2627.25
580.279	2613.25	0	2613.25
580.404	2626.25	0	2626.25
580.528	2670.75	0	2670.75
580.653	2647.5	0	2647.5
580.778	2587.5	0	2587.5
580.902	2644	0	2644
581.027	2632.5	0	2632.5
581.151	2634.75	0	2634.75
581.276	2602.75	0	2602.75
581.4	2615.75	0	2615.75
581.525	2634	0	2634
581.649	2670.25	0	2670.25
581.774	2575.75	0	2575.75
581.898	2579.25	0	2579.25
582.023	2605.25	0	2605.25
582.147	2575	0	2575
582.272	2581.5	0	2581.5
582.396	2673.25	0	2673.25
582.52	2623	0	2623
582.645	2523.5	0	2523.5
582.769	2607	0	2607
582.893	2635.25	0	2635.25
583.018	2560	0	2560
583.142	2600.5	0	2600.5
583.266	2548.25	0	2548.25
583.391	2617	0	2617
583.515	2616	0	2616
583.639	2576	0	2576
583.763	2563.75	0	2563.75
583.888	2585.5	0	2585.5
584.012	2590	0	2590
584.136	2609.5	0	2609.5
584.26	2607	0	2607
584.384	2530.25	0	2530.25
584.508	2557.75	0	2557.75
584.632	2541.5	0	2541.5
584.757	2605.75	0	2605.75
584.881	2611	0	2611
585.005	2564	0	2564
585.129	2577.75	0	2577.75
585.253	2492.75	0	2492.75
585.377	2528.75	0	2528.75
585.501	2526.5	0	2526.5
585.625	2548.5	0	2548.5
585.749	2530.25	0	2530.25
585.873	2584.25	0	2584.25
585.997	2534.75	0	2534.75
586.12	2539.75	0	2539.75
586.244	2610.25	0	2610.25
586.368	2549.5	0	2549.5
586.492	2529	0	2529
586.616	2606.25	0	2606.25
586.74	2609.75	0	2609.75
586.864	2567.5	0	2567.5
586.987	2585.25	0	2585.25
587.111	2592.5	0	2592.5
587.235	2580.5	0	2580.5
587.359	2599.25	0	2599.25
587.482	2548.25	0	2548.25
587.606	2609	0	2609
587.73	2568.25	0	2568.25
587.854	2549.75	0	2549.75
587.977	2554	0	2554
588.101	2588	0	2588
588.224	2537.5	0	2537.5
588.348	2588.5	0	2588.5
588.472	2541.25	0	2541.25
588.595	2581	0	2581
588.719	2551.5	0	2551.5
588.842	2574.25	0	2574.25
588.966	2526.75	0	2526.75
589.089	2600.5	0	2600.5
589.213	2626	0	2626
589.336	2778.75	0	2778.75
589.46	2963.5	0	2963.5
589.583	2635.25	0	2635.25
589.707	2528.75	0	2528.75
589.83	2634.5	0	2634.5
589.954	2670.75	0	2670.75
590.077	2697.75	0	2697.75
590.2	2539	0	2539
590.324	2562.25	0	2562.25
590.447	2467.75	0	2467.75
590.57	2548.25	0	2548.25
590.694	2488.75	0	2488.75
590.817	2515.5	0	2515.5
590.94	2530.5	0	2530.5
591.063	2471.25	0	2471.25
591.187	2547.5	0	2547.5
591.31	2492.25	0	2492.25
591.433	2506.75	0	2506.75
591.556	2509.75	0	2509.75
591.679	2514	0	2514
591.803	2533.75	0	2533.75
591.926	2448.5	0	2448.5
592.049	2519.75	0	2519.75
592.172	2569.75	0	2569.75
592.295	2539.5	0	2539.5
592.418	2568.75	0	2568.75
592.541	2619.75	0	2619.75
592.664	2642.25	0	2642.25
592.787	2584.75	0	2584.75
592.91	2663.25	0	2663.25
593.033	2639.25	0	2639.25
593.156	2736.75	0	2736.75
593.279	2713.5	0	2713.5
593.402	2798.25	0	2798.25
593.525	2798.5	0	2798.5
593.648	2815	0	2815
593.771	2768.25	0	2768.25
593.894	2810.75	0	2810.75
594.016	2801	0	2801
594.139	2773.25	0	2773.25
594.262	2809.5	0	2809.5
594.385	2790.5	0	2790.5
594.508	2831.75	0	2831.75
594.63	2848.5	0	2848.5
594.753	2759	0	2759
594.876	2711.75	0	2711.75
594.999	2636.75	0	2636.75
595.121	2590.75	0	2590.75
595.244	2584.75	0	2584.75
595.367	2593	0	2593
595.489	2573.75	0	2573.75
595.612	2539.25	0	2539.25
595.735	2492.75	0	2492.75
595.857	2457.75	0	2457.75
595.98	2516	0	2516
596.102	2500.75	0	2500.75
596.225	2425.5	0	2425.5
596.347	2432.25	0	2432.25
596.47	2451.75	0	2451.75
596.592	2382.5	0	2382.5
596.715	2407.75	0	2407.75
596.837	2398.75	0	2398.75
596.96	2363.5	0	2363.5
597.082	2353.25	0	2353.25
597.205	2272.25	0	2272.25
597.327	2340.75	0	2340.75
597.449	2301.25	0	2301.25
597.572	2302.75	0	2302.75
597.694	2288.5	0	2288.5
597.816	2344	0	2344
597.939	2269.75	0	2269.75
598.061	2344	0	2344
598.183	2322.75	0	2322.75
598.306	2266.25	0	2266.25
598.428	2235	0	2235
598.55	2350.75	0	2350.75
598.672	2228.5	0	2228.5
598.795	2281.75	0	2281.75
598.917	2233.5	0	2233.5
599.039	2304.5	0	2304.5
599.161	2235.75	0	2235.75
599.283	2264.75	0	2264.75
599.405	2257.25	0	2257.25
599.527	2296.75	0	2296.75
599.65	2237.75	0	2237.75
599.772	2232.25	0	2232.25
599.894	2252.25	0	2252.25
600.016	2238.5	0	2238.5
600.138	2252.75	0	2252.75
600.26	2233.25	0	2233.25
600.382	2250.5	0	2250.5
600.504	2154.5	0	2154.5
600.625	2230.75	0	2230.75
600.747	2259.25	0	2259.25
600.869	2232	0	2232
600.991	2201.25	0	2201.25
601.113	2271.75	0	2271.75
601.235	2212.75	0	2212.75
601.357	2245	0	2245
601.479	2228	0	2228
601.6	2198.5	0	2198.5
601.722	2268.75	0	2268.75
601.844	2229.75	0	2229.75
601.966	2227.5	0	2227.5
602.087	2246	0	2246
602.209	2221.75	0	2221.75
602.331	2170.75	0	2170.75
602.453	2159.75	0	2159.75
602.574	2219.25	0	2219.25
602.696	2201.5	0	2201.5
602.818	2267.25	0	2267.25
602.939	2236.75	0	2236.75
603.061	2208.75	0	2208.75
603.182	2225.5	0	2225.5
603.304	2229.25	0	2229.25
603.426	2254	0	2254
603.547	2230.25	0	2230.25
603.669	2263.25	0	2263.25
603.79	2293.25	0	2293.25
603.912	2242	0	2242
604.033	2187.5	0	2187.5
604.154	2227	0	2227
604.276	2272.5	0	2272.5
604.397	2240	0	2240
604.519	2234	0	2234
604.64	2281.75	0	2281.75
604.761	2234	0	2234
604.883	2306.75	0	2306.75
605.004	2233.5	0	2233.5
605.125	2303	0	2303
605.247	2377.25	0	2377.25
605.368	2349.5	0	2349.5
605.489	2327.25	0	2327.25
605.611	2330.25	0	2330.25
605.732	2387.5	0	2387.5
605.853	2434	0	2434
605.974	2378.25	0	2378.25
606.095	2428	0	2428
606.216	2437	0	2437
606.338	2410.75	0	2410.75
606.459	2399.5	0	2399.5
606.58	2389.5	0	2389.5
606.701	2288	0	2288
606.822	2250.5	0	2250.5
606.943	2254.25	0	2254.25
607.064	2219.25	0	2219.25
607.185	2244.75	0	2244.75
607.306	2173.5	0	2173.5
607.427	2207.75	0	2207.75
607.548	2144	0	2144
607.669	2153.5	0	2153.5
607.79	2171.75	0	2171.75
607.911	2149.25	0	2149.25
608.032	2118.75	0	2118.75
608.153	2074.5	0	2074.5
608.274	2175.75	0	2175.75
608.394	2130.75	0	2130.75
608.515	2119.5	0	2119.5
608.636	2055.75	0	2055.75
608.757	2071.25	0	2071.25
608.878	2065.75	0	2065.75
608.998	2088.25	0	2088.25
609.119	2076.25	0	2076.25
609.24	2060.25	0	2060.25
609.361	2072	0	2072
609.481	2044.75	0	2044.75
609.602	2079	0	2079
609.723	2062.5	0	2062.5
609.843	2069.5	0	2069.5
609.964	2051	0	2051
610.085	2053.25	0	2053.25
610.205	1993	0	1993
610.326	2044.75	0	2044.75
610.446	2014.75	0	2014.75
610.567	2014.5	0	2014.5
610.687	2043.5	0	2043.5
610.808	2045.5	0	2045.5
610.928	1995.25	0	1995.25
611.049	1990.75	0	1990.75
611.169	2040.75	0	2040.75
611.29	2003.75	0	2003.75
611.41	2017.25	0	2017.25
611.531	1995.5	0	1995.5
611.651	2020.25	0	2020.25
611.771	1985.75	0	1985.75
611.892	1987.25	0	1987.25
612.012	2032.5	0	2032.5
612.132	2037.25	0	2037.25
612.253	2019.5	0	2019.5
612.373	1993.25	0	1993.25
612.493	1997.5	0	1997.5
612.613	2042.75	0	2042.75
612.734	2077	0	2077
612.854	2008.25	0	2008.25
612.974	2078	0	2078
613.094	2059.25	0	2059.25
613.214	2041.25	0	2041.25
613.335	2048.5	0	2048.5
613.455	2045.5	0	2045.5
613.575	2092	0	2092
613.695	2095.5	0	2095.5
613.815	2057.5	0	2057.5
613.935	2072.25	0	2072.25
614.055	2025.25	0	2025.25
614.175	2037.5	0	2037.5
614.295	1986.25	0	1986.25
614.415	1955.25	0	1955.25
614.535	1964	0	1964
614.655	1966	0	1966
614.775	1939.25	0	1939.25
614.895	1993	0	1993
615.015	1997	0	1997
615.135	1926	0	1926
615.254	1928.5	0	1928.5
615.374	1846.5	0	1846.5
615.494	1904	0	1904
615.614	1887	0	1887
615.734	1895.5	0	1895.5
615.854	1881.75	0	1881.75
615.973	1847.25	0	1847.25
616.093	1925	0	1925
616.213	1840.5	0	1840.5
616.332	1874.75	0	1874.75
616.452	1878.75	0	1878.75
616.572	1847.5	0	1847.5
616.691	1856	0	1856
616.811	1862.75	0	1862.75
616.931	1849.75	0	1849.75
617.05	1807.75	0	1807.75
617.17	1821.25	0	1821.25
617.289	1842.5	0	1842.5
617.409	1833.75	0	1833.75
617.529	1849.75	0	1849.75
617.648	1805.75	0	1805.75
617.768	1791.5	0	1791.5
617.887	1792.25	0	1792.25
618.006	1808.25	0	1808.25
618.126	1822.75	0	1822.75
618.245	1759.25	0	1759.25
618.365	1771.75	0	1771.75
618.484	1805	0	1805
618.604	1752.5	0	1752.5
618.723	1764.25	0	1764.25
618.842	1759.5	0	1759.5
618.962	1775.25	0	1775.25
619.081	1783	0	1783
619.2	1763.75	0	1763.75
619.319	1723	0	1723
619.439	1754.75	0	1754.75
619.558	1736.5	0	1736.5
619.677	1711	0	1711
619.796	1727.25	0	1727.25
619.916	1722.5	0	1722.5
620.035	1723.75	0	1723.75
620.154	1728.25	0	1728.25
620.273	1721.5	0	1721.5
620.392	1685.5	0	1685.5
620.511	1670.25	0	1670.25
620.63	1680.25	0	1680.25
620.749	1673.5	0	1673.5
620.868	1673.75	0	1673.75
620.987	1656.25	0	1656.25
621.106	1648	0	1648
621.225	1674	0	1674
621.344	1643.25	0	1643.25
621.463	1649.25	0	1649.25
621.582	1619	0	1619
621.701	1619.5	0	1619.5
621.82	1615.5	0	1615.5
621.939	1636.5	0	1636.5
622.058	1627	0	1627
622.177	1651.5	0	1651.5
622.295	1638.75	0	1638.75
622.414	1629.25	0	1629.25
622.533	1584.75	0	1584.75
622.652	1599	0	1599
622.771	1577.75	0	1577.75
622.889	1616.75	0	1616.75
623.008	1601.5	0	1601.5
623.127	1594.75	0	1594.75
623.245	1589	0	1589
623.364	1606.75	0	1606.75
623.483	1564.25	0	1564.25
623.601	1589.75	0	1589.75
623.72	1580.25	0	1580.25
623.839	1547	0	1547
623.957	1590.75	0	1590.75
624.076	1535.5	0	1535.5
624.194	1565.75	0	1565.75
624.313	1551	0	1551
624.431	1539	0	1539
624.55	1574.25	0	1574.25
624.668	1529.25	0	1529.25
624.787	1530.75	0	1530.75
624.905	1546.5	0	1546.5
625.024	1530.5	0	1530.5
625.142	1548.5	0	1548.5
625.26	1531	0	1531
625.379	1516.25	0	1516.25
625.497	1549.75	0	1549.75
625.615	1530.25	0	1530.25
625.734	1540.75	0	1540.75
625.852	1487	0	1487
625.97	1498.5	0	1498.5
626.089	1542.25	0	1542.25
626.207	1474	0	1474
626.325	1475.25	0	1475.25
626.443	1511.5	0	1511.5
626.561	1465.75	0	1465.75
626.68	1496	0	1496
626.798	1475	0	1475
626.916	1474	0	1474
627.034	1512.25	0	1512.25
627.152	1444.25	0	1444.25
627.27	1460.5	0	1460.5
627.388	1457	0	1457
627.506	1480	0	1480
627.624	1466	0	1466
627.742	1423.5	0	1423.5
627.86	1453.25	0	1453.25
627.978	1468	0	1468
628.096	1465.5	0	1465.5
628.214	1434.5	0	1434.5
628.332	1444.25	0	1444.25
628.45	1403	0	1403
628.568	1469	0	1469
628.686	1435.25	0	1435.25
628.804	1423.75	0	1423.75
628.921	1439	0	1439
629.039	1394	0	1394
629.157	1424	0	1424
629.275	1412.5	0	1412.5
629.393	1442.25	0	1442.25
629.51	1373	0	1373
629.628	1422.5	0	1422.5
629.746	1430.5	0	1430.5
629.864	1407.25	0	1407.25
629.981	1412.5	0	1412.5
630.099	1418.5	0	1418.5
630.216	1405.25	0	1405.25
630.334	1391.25	0	1391.25
630.452	1386.5	0	1386.5
630.569	1379.75	0	1379.75
630.687	1358.75	0	1358.75
630.804	1352	0	1352
630.922	1395.5	0	1395.5
631.039	1385.25	0	1385.25
631.157	1327.25	0	1327.25
631.274	1332.75	0	1332.75
631.392	1366	0	1366
631.509	1390.75	0	1390.75
631.627	1349.5	0	1349.5
631.744	1330	0	1330
631.861	1334.25	0	1334.25
631.979	1320.5	0	1320.5
632.096	1331.75	0	1331.75
632.213	1377.75	0	1377.75
632.331	1334	0	1334
632.448	1332.5	0	1332.5
632.565	1300.75	0	1300.75
632.683	1312.75	0	1312.75
632.8	1322.75	0	1322.75
632.917	1320	0	1320
633.034	1277.75	0	1277.75
633.151	1315.25	0	1315.25
633.269	1339.25	0	1339.25
633.386	1346.25	0	1346.25
633.503	1313.5	0	1313.5
633.62	1334.25	0	1334.25
633.737	1323.5	0	1323.5
633.854	1286.5	0	1286.5
633.971	1334.5	0	1334.5
634.088	1310.25	0	1310.25
634.205	1303.5	0	1303.5
634.322	1298.75	0	1298.75
634.439	1252.25	0	1252.25
634.556	1305.75	0	1305.75
634.673	1273	0	1273
634.79	1295.25	0	1295.25
634.907	1281.25	0	1281.25
635.024	1334.5	0	1334.5
635.141	1262.75	0	1262.75
635.258	1306	0	1306
635.375	1343.5	0	1343.5
635.491	1293	0	1293
635.608	1242.75	0	1242.75
635.725	1293.25	0	1293.25
635.842	1259.5	0	1259.5
635.958	1258.25	0	1258.25
636.075	1271	0	1271
636.192	1257.75	0	1257.75
636.309	1289	0	1289
636.425	1278.75	0	1278.75
636.542	1281	0	1281
636.659	1228	0	1228
636.775	1263.75	0	1263.75
636.892	1263.5	0	1263.5
637.008	1253.75	0	1253.75
637.125	1266.5	0	1266.5
637.241	1270	0	1270
637.358	1245.75	0	1245.75
637.475	1255.25	0	1255.25
637.591	1251.25	0	1251.25
637.707	1233.25	0	1233.25
637.824	1226.5	0	1226.5
637.94	1215.75	0	1215.75
638.057	1212	0	1212
638.173	1222	0	1222
638.29	1248	0	1248
638.406	1226.25	0	1226.25
638.522	1231.25	0	1231.25
638.639	1245.5	0	1245.5
638.755	1267.5	0	1267.5
638.871	1223.5	0	1223.5
638.987	1203	0	1203
639.104	1224	0	1224
639.22	1207.75	0	1207.75
639.336	1216.75	0	1216.75
639.452	1202.25	0	1202.25
639.569	1233	0	1233
639.685	1198.5	0	1198.5
639.801	1193.25	0	1193.25
639.917	1213.75	0	1213.75
640.033	1194	0	1194
640.149	1210.5	0	1210.5
640.265	1218.25	0	1218.25
640.381	1218	0	1218
640.497	1189.25	0	1189.25
640.613	1207.5	0	1207.5
640.729	1190.25	0	1190.25
640.845	1198	0	1198
640.961	1214.5	0	1214.5
641.077	1190.5	0	1190.5
641.193	1143.25	0	1143.25
641.309	1210	0	1210
641.425	1186	0	1186
641.541	1195.25	0	1195.25
641.657	1222.25	0	1222.25
641.773	1200.5	0	1200.5
641.888	1154	0	1154
642.004	1198.5	0	1198.5
642.12	1192	0	1192
642.236	1159.5	0	1159.5
642.352	1186.75	0	1186.75
642.467	1166	0	1166
642.583	1209.25	0	1209.25
642.699	1187	0	1187
642.814	1198.25	0	1198.25
642.93	1145.75	0	1145.75
643.046	1163	0	1163
643.161	1146	0	1146
643.277	1170.5	0	1170.5
643.392	1139.5	0	1139.5
643.508	1203.75	0	1203.75
643.623	1195	0	1195
643.739	1201.5	0	1201.5
643.854	1143.25	0	1143.25
643.97	1191.25	0	1191.25
644.085	1151.75	0	1151.75
644.201	1162.5	0	1162.5
644.316	1180.25	0	1180.25
644.432	1183.5	0	1183.5
644.547	1181	0	1181
644.663	1154.25	0	1154.25
644.778	1190.25	0	1190.25
644.893	1122.5	0	1122.5
645.008	1164.75	0	1164.75
645.124	1181	0	1181
645.239	1166	0	1166
645.354	1158.5	0	1158.5
645.47	1211.25	0	1211.25
645.585	1164.75	0	1164.75
645.7	1146.5	0	1146.5
645.815	1168.5	0	1168.5
645.93	1190.25	0	1190.25
646.046	1187	0	1187
646.161	1167.25	0	1167.25
646.276	1158.75	0	1158.75
646.391	1192.25	0	1192.25
646.506	1185.5	0	1185.5
646.621	1170.5	0	1170.5
646.736	1205	0	1205
646.851	1214.75	0	1214.75
646.966	1170.5	0	1170.5
647.081	1155.25	0	1155.25
647.196	1202.75	0	1202.75
647.311	1206	0	1206
647.426	1235.25	0	1235.25
647.541	1196.25	0	1196.25
647.656	1222.5	0	1222.5
647.771	1205.25	0	1205.25
647.885	1224.5	0	1224.5
648	1219.5	0	1219.5
648.115	1251	0	1251
648.23	1236.75	0	1236.75
648.345	1267	0	1267
648.459	1293.25	0	1293.25
648.574	1261.25	0	1261.25
648.689	1253	0	1253
648.804	1297.25	0	1297.25
648.918	1276.5	0	1276.5
649.033	1263	0	1263
649.148	1281.5	0	1281.5
649.262	1288.5	0	1288.5
649.377	1263.5	0	1263.5
649.491	1279.75	0	1279.75
649.606	1283.5	0	1283.5
649.721	1273.75	0	1273.75
649.835	1294.25	0	1294.25
649.95	1322.75	0	1322.75
650.064	1355.25	0	1355.25
650.179	1309.25	0	1309.25
650.293	1289.75	0	1289.75
650.408	1278	0	1278
650.522	1261.75	0	1261.75
650.636	1261.5	0	1261.5
650.751	1240.5	0	1240.5
650.865	1206.25	0	1206.25
650.979	1198.5	0	1198.5
651.094	1210.25	0	1210.25
651.208	1208.75	0	1208.75
651.322	1175.75	0	1175.75
651.437	1181	0	1181
651.551	1182.75	0	1182.75
651.665	1144	0	1144
651.779	1182.75	0	1182.75
651.894	1143.25	0	1143.25
652.008	1165.5	0	1165.5
652.122	1150.75	0	1150.75
652.236	1149.5	0	1149.5
652.35	1170.25	0	1170.25
652.464	1137.5	0	1137.5
652.578	1164.25	0	1164.25
652.693	1184.75	0	1184.75
652.807	1165.75	0	1165.75
652.921	1128.5	0	1128.5
653.035	1138.25	0	1138.25
653.149	1157.5	0	1157.5
653.263	1133.25	0	1133.25
653.376	1162.25	0	1162.25
653.49	1137.75	0	1137.75
653.604	1146	0	1146
653.718	1150.25	0	1150.25
653.832	1105.5	0	1105.5
653.946	1130.5	0	1130.5
654.06	1127.75	0	1127.75
654.174	1165	0	1165
654.287	1159	0	1159
654.401	1152.25	0	1152.25
654.515	1140.25	0	1140.25
654.629	1163.75	0	1163.75
654.743	1139	0	1139
654.856	1157	0	1157
654.97	1170.5	0	1170.5
655.084	1162	0	1162
655.197	1182.25	0	1182.25
655.311	1185.5	0	1185.5
655.424	1159	0	1159
655.538	1213.25	0	1213.25
655.652	1212.5	0	1212.5
655.765	1183	0	1183
655.879	1206.75	0	1206.75
655.992	1221.5	0	1221.5
656.106	1232.5	0	1232.5
656.219	1233.75	0	1233.75
656.333	1258.5	0	1258.5
656.446	1245.25	0	1245.25
656.56	1302.25	0	1302.25
656.673	1304.25	0	1304.25
656.786	1344.25	0	1344.25
656.9	1281.25	0	1281.25
657.013	1292.5	0	1292.5
657.127	1306	0	1306
657.24	1272.5	0	1272.5
657.353	1253.5	0	1253.5
657.466	1276.5	0	1276.5
657.58	1287.75	0	1287.75
657.693	1288.5	0	1288.5
657.806	1246.75	0	1246.75
657.919	1312.75	0	1312.75
658.032	1277.75	0	1277.75
658.146	1292.75	0	1292.75
658.259	1247.75	0	1247.75
658.372	1267.25	0	1267.25
658.485	1255.75	0	1255.75
658.598	1265.25	0	1265.25
658.711	1295.75	0	1295.75
658.824	1260.75	0	1260.75
658.937	1284	0	1284
659.05	1281.25	0	1281.25
659.163	1292	0	1292
659.276	1333.75	0	1333.75
659.389	1339.75	0	1339.75
659.502	1360	0	1360
659.615	1322.5	0	1322.5
659.728	1362	0	1362
659.841	1361.75	0	1361.75
659.954	1414.25	0	1414.25
660.067	1461.5	0	1461.5
660.179	1497.75	0	1497.75
660.292	1457.5	0	1457.5
660.405	1480.75	0	1480.75
660.518	1425.5	0	1425.5
660.63	1382.75	0	1382.75
660.743	1313.75	0	1313.75
660.856	1356.25	0	1356.25
660.969	1283.75	0	1283.75
661.081	1245.25	0	1245.25
661.194	1243.25	0	1243.25
661.307	1218.75	0	1218.75
661.419	1236.5	0	1236.5
661.532	1210.25	0	1210.25
661.644	1198	0	1198
661.757	1178	0	1178
661.869	1133.25	0	1133.25
661.982	1142.75	0	1142.75
662.094	1082.5	0	1082.5
662.207	1130	0	1130
662.319	1100	0	1100
662.432	1087	0	1087
662.544	1093.25	0	1093.25
662.656	1045.75	0	1045.75
662.769	1086	0	1086
662.881	1061.5	0	1061.5
662.994	1061.5	0	1061.5
663.106	1064.5	0	1064.5
663.218	1036.75	0	1036.75
663.331	1036	0	1036
663.443	995.75	0	995.75
663.555	1012.25	0	1012.25
663.667	1010.75	0	1010.75
663.779	1043.75	0	1043.75
663.892	1020	0	1020
664.004	1006.75	0	1006.75
664.116	998	0	998
664.228	980.25	0	980.25
664.34	992.75	0	992.75
664.452	1000	0	1000
664.564	983.25	0	983.25
664.676	988.5	0	988.5
664.788	971	0	971
664.901	987.25	0	987.25
665.012	971.5	0	971.5
665.125	944	0	944
665.236	937.75	0	937.75
665.348	952	0	952
665.46	942.5	0	942.5
665.572	943.25	0	943.25
665.684	966.5	0	966.5
665.796	933.25	0	933.25
665.908	929.5	0	929.5
666.02	908.25	0	908.25
666.131	939	0	939
666.243	955.75	0	955.75
666.355	956.5	0	956.5
666.467	905.75	0	905.75
666.578	960	0	960
666.69	929.5	0	929.5
666.802	900.75	0	900.75
666.914	897.75	0	897.75
667.025	929.75	0	929.75
667.137	915.5	0	915.5
667.248	915.75	0	915.75
667.36	928.75	0	928.75
667.472	913.75	0	913.75
667.583	877.75	0	877.75
667.695	914.25	0	914.25
667.806	891.25	0	891.25
667.918	920.25	0	920.25
668.029	860.25	0	860.25
668.141	900.25	0	900.25
668.252	901	0	901
668.363	892	0	892
668.475	872	0	872
668.586	878.5	0	878.5
668.698	869.5	0	869.5
668.809	891	0	891
668.92	895	0	895
669.032	902	0	902
669.143	863.75	0	863.75
669.254	862.75	0	862.75
669.365	878	0	878
669.477	880.5	0	880.5
669.588	894.5	0	894.5
669.699	846.75	0	846.75
669.81	857.75	0	857.75
669.921	871.5	0	871.5
670.032	868.75	0	868.75
670.143	901.25	0	901.25
670.255	883.25	0	883.25
670.366	878.25	0	878.25
670.477	869.75	0	869.75
670.588	878.75	0	878.75
670.699	860.5	0	860.5
670.81	864.5	0	864.5
670.921	845.5	0	845.5
671.032	877.25	0	877.25
671.143	878.25	0	878.25
671.253	849.75	0	849.75
671.364	887.25	0	887.25
671.475	840.25	0	840.25
671.586	867	0	867
671.697	832	0	832
671.808	812.75	0	812.75
671.919	820.5	0	820.5
672.029	851.5	0	851.5
672.14	832	0	832
672.251	837.5	0	837.5
672.362	836.75	0	836.75
672.472	835.75	0	835.75
672.583	825.25	0	825.25
672.694	867	0	867
672.804	836.25	0	836.25
672.915	833.25	0	833.25
673.025	848.25	0	848.25
673.136	824	0	824
673.247	844.5	0	844.5
673.357	855.5	0	855.5
673.468	812	0	812
673.578	808	0	808
673.689	842.5	0	842.5
673.799	826.75	0	826.75
673.91	818.75	0	818.75
674.02	823	0	823
674.13	823.5	0	823.5
674.241	820.25	0	820.25
674.351	802.25	0	802.25
674.461	798.25	0	798.25
674.572	819	0	819
674.682	800.75	0	800.75
674.792	808.5	0	808.5
674.903	829	0	829
675.013	804	0	804
675.123	814	0	814
675.233	807.25	0	807.25
675.344	804.75	0	804.75
675.454	798.5	0	798.5
675.564	808.5	0	808.5
675.674	799	0	799
675.784	816	0	816
675.894	799.75	0	799.75
676.004	785.25	0	785.25
676.114	837.75	0	837.75
676.224	824	0	824
676.334	806	0	806
676.444	822.25	0	822.25
676.554	828.5	0	828.5
676.664	808.25	0	808.25
676.774	834.5	0	834.5
676.884	801	0	801
676.994	840.5	0	840.5
677.104	816.25	0	816.25
677.214	821	0	821
677.324	840.75	0	840.75
677.433	841	0	841
677.543	823.25	0	823.25
677.653	834.5	0	834.5
677.763	836	0	836
677.872	842.25	0	842.25
677.982	832	0	832
678.092	804	0	804
678.202	844.25	0	844.25
678.311	850.5	0	850.5
678.421	831.5	0	831.5
678.53	855	0	855
678.64	877	0	877
678.75	869.5	0	869.5
678.859	870.25	0	870.25
678.969	865.25	0	865.25
679.078	899.5	0	899.5
679.188	851	0	851
679.297	903.25	0	903.25
679.407	897	0	897
679.516	917	0	917
679.625	935.75	0	935.75
679.735	943.5	0	943.5
679.844	924.5	0	924.5
679.954	958.5	0	958.5
680.063	981.5	0	981.5
680.172	995.75	0	995.75
680.282	1002.75	0	1002.75
680.391	1032.25	0	1032.25
680.5	1068.75	0	1068.75
680.609	1092.75	0	1092.75
680.719	1113.25	0	1113.25
680.828	1131.25	0	1131.25
680.937	1191.5	0	1191.5
681.046	1220.25	0	1220.25
681.155	1239.75	0	1239.75
681.264	1258.5	0	1258.5
681.374	1168.5	0	1168.5
681.483	1076.75	0	1076.75
681.592	1001.5	0	1001.5
681.701	959.75	0	959.75
681.81	949.25	0	949.25
681.919	882.75	0	882.75
682.028	920.25	0	920.25
682.137	891.25	0	891.25
682.246	834.25	0	834.25
682.355	814.5	0	814.5
682.463	814.75	0	814.75
682.572	799.5	0	799.5
682.681	799.5	0	799.5
682.79	796	0	796
682.899	782.75	0	782.75
683.008	782.75	0	782.75
683.117	727.75	0	727.75
683.225	763.25	0	763.25
683.334	754.5	0	754.5
683.443	740.75	0	740.75
683.551	729.25	0	729.25
683.66	720.75	0	720.75
683.769	733	0	733
683.877	724.75	0	724.75
683.986	697.75	0	697.75
684.095	682.5	0	682.5
684.203	692.25	0	692.25
684.312	707.5	0	707.5
684.42	693.25	0	693.25
684.529	721.75	0	721.75
684.637	700.25	0	700.25
684.746	671	0	671
684.854	686.25	0	686.25
684.963	674	0	674
685.071	665.75	0	665.75
685.18	670	0	670
685.288	680.5	0	680.5
685.396	675.5	0	675.5
685.505	668	0	668
685.613	638.25	0	638.25
685.721	675.5	0	675.5
685.83	660.75	0	660.75
685.938	677.75	0	677.75
686.046	645.5	0	645.5
686.154	652	0	652
686.263	662.25	0	662.25
686.371	669.75	0	669.75
686.479	642.25	0	642.25
686.587	646.25	0	646.25
686.695	618.5	0	618.5
686.803	647	0	647
686.911	657.25	0	657.25
687.019	635	0	635
687.127	665.5	0	665.5
687.235	649.25	0	649.25
687.343	640.5	0	640.5
687.451	628	0	628
687.559	620.5	0	620.5
687.667	633.25	0	633.25
687.775	638.5	0	638.5
687.883	646.75	0	646.75
687.991	648	0	648
688.099	629.75	0	629.75
688.207	632	0	632
688.315	641.25	0	641.25
688.422	638.75	0	638.75
688.53	609	0	609
688.638	608.25	0	608.25
688.746	598.5	0	598.5
688.853	609.5	0	609.5
688.961	615.75	0	615.75
689.069	603.5	0	603.5
689.176	585.5	0	585.5
689.284	592.75	0	592.75
689.392	591.25	0	591.25
689.499	623.25	0	623.25
689.607	592.75	0	592.75
689.714	596.25	0	596.25
689.822	604.25	0	604.25
689.93	583	0	583
690.037	589	0	589
690.144	597.25	0	597.25
690.252	594.5	0	594.5
690.359	602.5	0	602.5
690.467	597.5	0	597.5
690.574	590	0	590
690.682	596.5	0	596.5
690.789	601.75	0	601.75
690.896	600.75	0	600.75
691.004	597.75	0	597.75
691.111	593.5	0	593.5
691.218	588.25	0	588.25
691.325	585.25	0	585.25
691.433	607.75	0	607.75
691.54	576.75	0	576.75
691.647	572.75	0	572.75
691.754	600	0	600
691.861	609	0	609
691.969	570.75	0	570.75
692.076	579.75	0	579.75
692.183	557.75	0	557.75
692.29	572	0	572
692.397	566.5	0	566.5
692.504	567.75	0	567.75
692.611	561.25	0	561.25
692.718	572.25	0	572.25
692.825	550	0	550
692.932	579.25	0	579.25
693.039	545.75	0	545.75
693.146	570.5	0	570.5
693.253	572	0	572
693.359	561.5	0	561.5
693.466	556.5	0	556.5
693.573	558.25	0	558.25
693.68	573.25	0	573.25
693.787	552.5	0	552.5
693.894	549.25	0	549.25
694	545.25	0	545.25
694.107	567	0	567
694.214	557	0	557
694.32	539.75	0	539.75
694.427	536	0	536
694.534	538	0	538
694.64	543	0	543
694.747	551.5	0	551.5
694.853	551.75	0	551.75
694.96	559.5	0	559.5
695.067	558	0	558
695.173	559	0	559
695.28	558.75	0	558.75
695.386	545.25	0	545.25
695.493	569.25	0	569.25
695.599	522.5	0	522.5
695.705	545.5	0	545.5
695.812	543.75	0	543.75
695.918	531.5	0	531.5
696.025	531	0	531
696.131	534.75	0	534.75
696.237	540.75	0	540.75
696.344	543.75	0	543.75
696.45	549.25	0	549.25
696.556	557.5	0	557.5
696.662	534.25	0	534.25
696.768	529.75	0	529.75
696.875	541.75	0	541.75
696.981	534	0	534
697.087	505.25	0	505.25
697.193	560	0	560
697.299	516.25	0	516.25
697.405	536.25	0	536.25
697.512	539	0	539
697.618	538.5	0	538.5
697.724	537.5	0	537.5
697.83	544.5	0	544.5
697.936	527.5	0	527.5
698.042	531	0	531
698.148	522.25	0	522.25
698.253	539.75	0	539.75
698.359	538.25	0	538.25
698.465	521.75	0	521.75
698.571	530.5	0	530.5
698.677	548	0	548
698.783	519.25	0	519.25
698.889	526.5	0	526.5
698.994	518.25	0	518.25
699.1	533.25	0	533.25
699.206	541.5	0	541.5
699.312	525.5	0	525.5
699.417	512.25	0	512.25
699.523	524	0	524
699.629	529.5	0	529.5
699.734	534.75	0	534.75
699.84	522.75	0	522.75
699.946	519	0	519
700.051	530	0	530
700.157	514.25	0	514.25
700.262	525.75	0	525.75
700.368	509.25	0	509.25
700.473	503	0	503
700.579	526.5	0	526.5
700.684	512.5	0	512.5
700.79	505.25	0	505.25
700.895	525.5	0	525.5
701	515.5	0	515.5
701.106	526.25	0	526.25
701.211	534.75	0	534.75
701.316	516.5	0	516.5
701.422	507.75	0	507.75
701.527	520.75	0	520.75
701.632	518	0	518
701.738	516.75	0	516.75
701.843	525.25	0	525.25
701.948	509.75	0	509.75
702.053	516.25	0	516.25
702.158	516	0	516
702.264	538.25	0	538.25
702.369	511	0	511
702.474	529.25	0	529.25
702.579	520	0	520
702.684	505.5	0	505.5
702.789	531.5	0	531.5
702.894	530.5	0	530.5
702.999	533	0	533
703.104	524.5	0	524.5
703.209	539.75	0	539.75
703.314	536.75	0	536.75
703.419	535.75	0	535.75
703.524	532.5	0	532.5
703.629	546.75	0	546.75
703.733	544.25	0	544.25
703.838	549.75	0	549.75
703.943	542.25	0	542.25
704.048	541.75	0	541.75
704.153	558.25	0	558.25
704.257	528	0	528
704.362	552.25	0	552.25
704.467	553.5	0	553.5
704.572	539.25	0	539.25
704.676	533.5	0	533.5
704.781	550.5	0	550.5
704.886	541.5	0	541.5
704.99	509.25	0	509.25
705.095	519	0	519
705.199	532.25	0	532.25
705.304	528.25	0	528.25
705.408	520.75	0	520.75
705.513	535.5	0	535.5
705.617	507	0	507
705.722	518.5	0	518.5
705.826	504.5	0	504.5
705.931	504.75	0	504.75
706.035	491.25	0	491.25
706.139	495.5	0	495.5
706.244	527.25	0	527.25
706.348	517.25	0	517.25
706.452	495.25	0	495.25
706.557	496.5	0	496.5
706.661	474.25	0	474.25
706.765	486	0	486
706.87	489.5	0	489.5
706.974	466	0	466
707.078	490.75	0	490.75
707.182	489	0	489
707.286	489	0	489
707.39	480.25	0	480.25
707.495	488	0	488
707.599	508.75	0	508.75
707.703	477	0	477
707.807	485	0	485
707.911	493.5	0	493.5
708.015	469.5	0	469.5
708.119	464.75	0	464.75
708.223	479	0	479
708.327	474	0	474
708.431	494.75	0	494.75
708.534	465.25	0	465.25
708.638	465.75	0	465.75
708.742	468	0	468
708.846	474	0	474
708.95	453.75	0	453.75
709.054	459.5	0	459.5
709.157	460.75	0	460.75
709.261	460.5	0	460.5
709.365	469	0	469
709.469	475.25	0	475.25
709.572	454.75	0	454.75
709.676	456.25	0	456.25
709.78	456.75	0	456.75
709.883	476	0	476
709.987	458.5	0	458.5
710.09	460.75	0	460.75
710.194	455.5	0	455.5
710.298	466.25	0	466.25
710.401	462	0	462
710.505	463.25	0	463.25
710.608	459.25	0	459.25
710.711	454.75	0	454.75
710.815	464.5	0	464.5
710.918	462	0	462
711.022	450	0	450
711.125	454.5	0	454.5
711.228	433.75	0	433.75
711.332	458.25	0	458.25
711.435	441	0	441
711.538	454.5	0	454.5
711.642	448.25	0	448.25
711.745	452.25	0	452.25
711.848	431.5	0	431.5
711.951	444.5	0	444.5
712.055	453.25	0	453.25
712.158	435	0	435
712.261	441	0	441
712.364	441.75	0	441.75
712.467	447.25	0	447.25
712.57	432	0	432
712.673	442	0	442
712.776	455	0	455
712.879	439.75	0	439.75
712.982	453	0	453
713.085	457	0	457
713.188	446.5	0	446.5
713.291	444	0	444
713.394	431.75	0	431.75
713.497	423	0	423
713.6	439.5	0	439.5
713.703	438.25	0	438.25
713.805	455.5	0	455.5
713.908	450.75	0	450.75
714.011	442.5	0	442.5
714.114	432.75	0	432.75
714.216	433	0	433
714.319	437.75	0	437.75
714.422	427.25	0	427.25
714.525	443.25	0	443.25
714.627	436.25	0	436.25
714.73	431.5	0	431.5
714.833	444.75	0	444.75
714.935	436	0	436
715.038	448.5	0	448.5
715.14	446	0	446
715.243	454.75	0	454.75
715.345	441.75	0	441.75
715.448	425.5	0	425.5
715.55	429.75	0	429.75
715.653	430	0	430
715.755	431.25	0	431.25
715.857	452.25	0	452.25
715.96	455.25	0	455.25
716.062	455.25	0	455.25
716.164	460.5	0	460.5
716.267	462	0	462
716.369	472.5	0	472.5
716.471	452	0	452
716.574	466.5	0	466.5
716.676	430.25	0	430.25
716.778	456.5	0	456.5
716.88	451.25	0	451.25
716.982	449	0	449
717.085	429.25	0	429.25
717.187	424.5	0	424.5
717.289	434.75	0	434.75
717.391	419	0	419
717.493	438	0	438
717.595	423.5	0	423.5
717.697	436.25	0	436.25
717.799	432.75	0	432.75
717.901	421	0	421
718.003	434	0	434
718.105	416.25	0	416.25
718.207	423.5	0	423.5
718.309	421.75	0	421.75
718.411	425	0	425
718.512	419.5	0	419.5
718.614	405	0	405
718.716	408.25	0	408.25
718.818	403.25	0	403.25
718.92	415	0	415
719.021	400.25	0	400.25
719.123	408	0	408
719.225	429.5	0	429.5
719.326	424	0	424
719.428	420	0	420
719.53	405	0	405
719.631	420.5	0	420.5
719.733	406.25	0	406.25
719.834	415.5	0	415.5
719.936	408.5	0	408.5
720.038	407	0	407
720.139	414.25	0	414.25
720.241	404.5	0	404.5
720.342	421.25	0	421.25
720.443	416.25	0	416.25
720.545	420	0	420
720.646	407.5	0	407.5
720.748	406.75	0	406.75
720.849	420	0	420
720.95	409.5	0	409.5
721.052	406	0	406
721.153	421.75	0	421.75
721.254	390.75	0	390.75
721.355	395.5	0	395.5
721.457	404.25	0	404.25
721.558	397.5	0	397.5
721.659	416.75	0	416.75
721.76	394.25	0	394.25
721.861	384.25	0	384.25
721.963	398.5	0	398.5
722.064	407.25	0	407.25
722.165	394.75	0	394.75
722.266	421.5	0	421.5
722.367	402	0	402
722.468	406.75	0	406.75
722.569	417.5	0	417.5
722.67	380.75	0	380.75
722.771	383.25	0	383.25
722.872	391	0	391
722.973	395.25	0	395.25
723.073	406.75	0	406.75
723.174	402.75	0	402.75
723.275	410	0	410
723.376	381	0	381
723.477	408.5	0	408.5
723.577	408.25	0	408.25
723.678	395.25	0	395.25
723.779	414.5	0	414.5
723.88	383.5	0	383.5
723.98	386.75	0	386.75
724.081	398	0	398
724.182	398.5	0	398.5
724.282	401.75	0	401.75
724.383	388.25	0	388.25
724.483	408.75	0	408.75
724.584	394.5	0	394.5
724.685	402.75	0	402.75
724.785	393.75	0	393.75
724.886	379	0	379
724.986	370.25	0	370.25
725.086	391.25	0	391.25
725.187	390.25	0	390.25
725.287	394.25	0	394.25
725.388	405	0	405
725.488	392.5	0	392.5
725.588	374	0	374
725.689	394.5	0	394.5
725.789	386.5	0	386.5
725.889	392.5	0	392.5
725.99	387.75	0	387.75
726.09	392	0	392
726.19	387.25	0	387.25
726.29	367.25	0	367.25
726.39	396.75	0	396.75
726.49	383.75	0	383.75
726.591	372.5	0	372.5
726.691	391.5	0	391.5
726.791	392.5	0	392.5
726.891	394.25	0	394.25
726.991	378.75	0	378.75
727.091	384.25	0	384.25
727.191	376.25	0	376.25
727.291	382.25	0	382.25
727.391	388.5	0	388.5
727.491	376.75	0	376.75
727.591	385.5	0	385.5
727.691	376	0	376
727.79	396.5	0	396.5
727.89	375.25	0	375.25
727.99	384.75	0	384.75
728.09	377.25	0	377.25
728.19	398.5	0	398.5
728.289	377.25	0	377.25
728.389	391	0	391
728.489	380.25	0	380.25
728.589	404	0	404
728.688	376.25	0	376.25
728.788	369	0	369
728.888	361.5	0	361.5
728.987	372.5	0	372.5
729.087	388	0	388
729.186	367.5	0	367.5
729.286	373	0	373
729.385	373.75	0	373.75
729.485	368.25	0	368.25
729.584	379	0	379
729.684	366.25	0	366.25
729.783	375	0	375
729.883	382.25	0	382.25
729.982	375.5	0	375.5
730.081	349	0	349
730.181	365	0	365
730.28	381	0	381
730.379	383	0	383
730.479	378.25	0	378.25
730.578	359.5	0	359.5
730.677	368	0	368
730.776	360.5	0	360.5
730.875	366.5	0	366.5
730.975	373.5	0	373.5
731.074	376.25	0	376.25
731.173	350	0	350
731.272	357.75	0	357.75
731.371	341.75	0	341.75
731.47	363.25	0	363.25
731.569	350	0	350
731.668	353	0	353
731.767	365.75	0	365.75
731.866	363.25	0	363.25
731.965	349.5	0	349.5
732.064	348.5	0	348.5
732.163	370	0	370
732.262	356.75	0	356.75
732.361	362.5	0	362.5
732.46	354.25	0	354.25
732.558	365.75	0	365.75
732.657	364.5	0	364.5
732.756	370.25	0	370.25
732.855	364.75	0	364.75
732.953	370	0	370
733.052	370.75	0	370.75
733.151	380.25	0	380.25
733.25	351	0	351
733.348	367.25	0	367.25
733.447	363.5	0	363.5
733.545	356.25	0	356.25
733.644	342.5	0	342.5
733.742	357	0	357
733.841	371	0	371
733.939	353.25	0	353.25
734.038	360.5	0	360.5
734.136	362.25	0	362.25
734.235	358.5	0	358.5
734.333	351.5	0	351.5
734.432	366.5	0	366.5
734.53	360.75	0	360.75
734.628	359.5	0	359.5
734.727	330.75	0	330.75
734.825	348.75	0	348.75
734.923	332.75	0	332.75
735.022	354.75	0	354.75
735.12	361.25	0	361.25
735.218	366.25	0	366.25
735.316	353.25	0	353.25
735.414	354.75	0	354.75
735.513	347.25	0	347.25
735.611	346	0	346
735.709	339.5	0	339.5
735.807	350	0	350
735.905	353.25	0	353.25
736.003	353.5	0	353.5
736.101	361	0	361
736.199	353.25	0	353.25
736.297	347.5	0	347.5
736.395	356	0	356
736.493	348.75	0	348.75
736.591	367	0	367
736.689	342.5	0	342.5
736.787	352.75	0	352.75
736.884	343.5	0	343.5
736.982	352.75	0	352.75
737.08	344.5	0	344.5
737.178	356.75	0	356.75
737.276	373.25	0	373.25
737.373	344.25	0	344.25
737.471	363.25	0	363.25
737.569	351.25	0	351.25
737.667	351.75	0	351.75
737.764	348.5	0	348.5
737.862	346.5	0	346.5
737.959	350.5	0	350.5
738.057	352.5	0	352.5
738.154	361.75	0	361.75
738.252	346.75	0	346.75
738.35	361.75	0	361.75
738.447	339.75	0	339.75
738.544	347.75	0	347.75
738.642	348.25	0	348.25
738.739	355.25	0	355.25
738.837	352.25	0	352.25
738.934	354.75	0	354.75
739.031	346.25	0	346.25
739.129	339.5	0	339.5
739.226	353.5	0	353.5
739.323	352.5	0	352.5
739.421	346.25	0	346.25
739.518	359	0	359
739.615	351.25	0	351.25