Lambda	Spectrum	Dark	SpecMinusDark
500.031	391.5	0	391.5
500.165	358	0	358
500.299	379.5	0	379.5
500.433	410.75	0	410.75
500.567	374.25	0	374.25
500.701	377.75	0	377.75
500.835	404	0	404
500.968	421.25	0	421.25
501.102	400.25	0	400.25
501.236	431	0	431
501.37	447.75	0	447.75
501.504	400.5	0	400.5
501.637	429	0	429
501.771	493	0	493
501.905	462	0	462
502.039	461.75	0	461.75
502.172	525.25	0	525.25
502.306	460	0	460
502.44	497.5	0	497.5
502.573	553.5	0	553.5
502.707	500.25	0	500.25
502.841	540	0	540
502.974	573	0	573
503.108	507.25	0	507.25
503.242	538.75	0	538.75
503.375	605.5	0	605.5
503.509	562.5	0	562.5
503.642	585.5	0	585.5
503.776	623	0	623
503.909	636.75	0	636.75
504.043	577.25	0	577.25
504.176	685.75	0	685.75
504.31	648.25	0	648.25
504.443	646	0	646
504.577	732.75	0	732.75
504.71	616	0	616
504.844	676.25	0	676.25
504.977	757	0	757
505.111	703.5	0	703.5
505.244	753.75	0	753.75
505.377	728.5	0	728.5
505.511	761	0	761
505.644	761.5	0	761.5
505.777	877.25	0	877.25
505.911	746.25	0	746.25
506.044	920.75	0	920.75
506.177	801	0	801
506.311	859.25	0	859.25
506.444	907	0	907
506.577	797.5	0	797.5
506.71	940.25	0	940.25
506.844	911.5	0	911.5
506.977	868	0	868
507.11	986	0	986
507.243	967.25	0	967.25
507.376	1004.5	0	1004.5
507.51	1020.75	0	1020.75
507.643	898.5	0	898.5
507.776	1045.5	0	1045.5
507.909	962	0	962
508.042	1025.25	0	1025.25
508.175	1070.25	0	1070.25
508.308	975.25	0	975.25
508.441	1145.25	0	1145.25
508.574	1006.5	0	1006.5
508.707	1152	0	1152
508.84	1067.5	0	1067.5
508.973	1109.5	0	1109.5
509.106	1185.5	0	1185.5
509.239	1116.75	0	1116.75
509.372	1285	0	1285
509.505	1143.25	0	1143.25
509.638	1253.75	0	1253.75
509.771	1269.25	0	1269.25
509.904	1331.25	0	1331.25
510.037	1445.5	0	1445.5
510.17	1381	0	1381
510.303	1305.25	0	1305.25
510.436	1227	0	1227
510.568	1314	0	1314
510.701	1198.75	0	1198.75
510.834	1335	0	1335
510.967	1259	0	1259
511.1	1394	0	1394
511.232	1310.5	0	1310.5
511.365	1394.75	0	1394.75
511.498	1331	0	1331
511.631	1492.5	0	1492.5
511.763	1402	0	1402
511.896	1467.75	0	1467.75
512.029	1453.25	0	1453.25
512.161	1542.5	0	1542.5
512.294	1454.25	0	1454.25
512.427	1543	0	1543
512.559	1617.75	0	1617.75
512.692	1623.5	0	1623.5
512.825	1784.75	0	1784.75
512.957	1824.5	0	1824.5
513.09	2181.5	0	2181.5
513.222	2186.75	0	2186.75
513.355	2270.25	0	2270.25
513.487	1525.75	0	1525.75
513.62	1362.25	0	1362.25
513.752	1309.75	0	1309.75
513.885	1387.75	0	1387.75
514.017	1362	0	1362
514.15	1334.25	0	1334.25
514.282	1431	0	1431
514.415	1446.75	0	1446.75
514.547	1417.75	0	1417.75
514.68	1483	0	1483
514.812	1504	0	1504
514.944	1505	0	1505
515.077	1538.25	0	1538.25
515.209	1542.25	0	1542.25
515.341	1602.5	0	1602.5
515.474	1630.5	0	1630.5
515.606	1668	0	1668
515.738	1659	0	1659
515.871	1673.5	0	1673.5
516.003	1702.75	0	1702.75
516.135	1773.75	0	1773.75
516.267	1929	0	1929
516.4	2189.5	0	2189.5
516.532	2626.25	0	2626.25
516.664	3417.25	0	3417.25
516.796	3892.75	0	3892.75
516.928	3827.5	0	3827.5
517.06	1346.25	0	1346.25
517.193	375	0	375
517.325	316	0	316
517.457	310.25	0	310.25
517.589	316.75	0	316.75
517.721	317	0	317
517.853	309	0	309
517.985	296.5	0	296.5
518.117	295.5	0	295.5
518.249	282.25	0	282.25
518.381	301	0	301
518.513	306.5	0	306.5
518.645	317.25	0	317.25
518.777	318.75	0	318.75
518.909	309	0	309
519.041	283	0	283
519.173	303.25	0	303.25
519.305	313.5	0	313.5
519.437	297.25	0	297.25
519.569	295.5	0	295.5
519.701	297.5	0	297.5
519.832	301	0	301
519.964	286.75	0	286.75
520.096	292	0	292
520.228	297.25	0	297.25
520.36	303.75	0	303.75
520.491	308	0	308
520.623	286.75	0	286.75
520.755	310.5	0	310.5
520.887	313.5	0	313.5
521.018	310.25	0	310.25
521.15	318.5	0	318.5
521.282	297.25	0	297.25
521.414	296.75	0	296.75
521.545	320.75	0	320.75
521.677	303	0	303
521.808	302.25	0	302.25
521.94	296.5	0	296.5
522.072	297.25	0	297.25
522.203	309.25	0	309.25
522.335	305.5	0	305.5
522.466	287	0	287
522.598	297.75	0	297.75
522.729	300.5	0	300.5
522.861	311.5	0	311.5
522.993	331.25	0	331.25
523.124	302.5	0	302.5
523.256	303.75	0	303.75
523.387	299.75	0	299.75
523.518	312.25	0	312.25
523.65	320.5	0	320.5
523.781	308.25	0	308.25
523.913	301.25	0	301.25
524.044	304.75	0	304.75
524.176	305	0	305
524.307	311.25	0	311.25
524.438	325.5	0	325.5
524.57	291.5	0	291.5
524.701	309.25	0	309.25
524.832	308.5	0	308.5
524.964	317.5	0	317.5
525.095	318.75	0	318.75
525.226	299.75	0	299.75
525.357	296.5	0	296.5
525.489	275.25	0	275.25
525.62	304.75	0	304.75
525.751	316.25	0	316.25
525.882	317.25	0	317.25
526.013	285.75	0	285.75
526.145	308.5	0	308.5
526.276	317.25	0	317.25
526.407	342	0	342
526.538	303.5	0	303.5
526.669	307.25	0	307.25
526.8	325.75	0	325.75
526.931	320.5	0	320.5
527.062	339.5	0	339.5
527.193	342.75	0	342.75
527.324	325.5	0	325.5
527.455	352.25	0	352.25
527.586	351.75	0	351.75
527.717	337.75	0	337.75
527.848	312.75	0	312.75
527.979	312.25	0	312.25
528.11	309.5	0	309.5
528.241	330.75	0	330.75
528.372	332.25	0	332.25
528.503	312.75	0	312.75
528.634	319	0	319
528.765	337.75	0	337.75
528.896	349.75	0	349.75
529.026	313	0	313
529.157	328.75	0	328.75
529.288	343	0	343
529.419	333.75	0	333.75
529.55	321.75	0	321.75
529.681	313	0	313
529.811	337.75	0	337.75
529.942	353	0	353
530.073	315.75	0	315.75
530.203	325.75	0	325.75
530.334	318	0	318
530.465	350.75	0	350.75
530.596	330.5	0	330.5
530.726	334.25	0	334.25
530.857	337.25	0	337.25
530.987	329.5	0	329.5
531.118	328.75	0	328.75
531.249	361.75	0	361.75
531.379	338.5	0	338.5
531.51	343	0	343
531.64	314.25	0	314.25
531.771	334.75	0	334.75
531.901	365.75	0	365.75
532.032	345.75	0	345.75
532.163	325	0	325
532.293	343	0	343
532.423	366.75	0	366.75
532.554	388.75	0	388.75
532.684	336.75	0	336.75
532.815	332	0	332
532.945	350	0	350
533.076	388.75	0	388.75
533.206	386.75	0	386.75
533.336	335.75	0	335.75
533.467	331.5	0	331.5
533.597	349.5	0	349.5
533.727	367.25	0	367.25
533.858	350.75	0	350.75
533.988	354.25	0	354.25
534.118	362.25	0	362.25
534.248	369.75	0	369.75
534.379	359	0	359
534.509	381.25	0	381.25
534.639	366.5	0	366.5
534.769	352	0	352
534.9	366.25	0	366.25
535.03	366	0	366
535.16	410	0	410
535.29	366.75	0	366.75
535.42	366	0	366
535.55	371	0	371
535.68	397	0	397
535.81	376	0	376
535.94	392.75	0	392.75
536.071	378	0	378
536.201	385	0	385
536.331	379.5	0	379.5
536.461	396.5	0	396.5
536.591	375.25	0	375.25
536.721	378.5	0	378.5
536.851	370	0	370
536.981	421.75	0	421.75
537.11	434.75	0	434.75
537.24	379.5	0	379.5
537.37	365.75	0	365.75
537.5	413.5	0	413.5
537.63	469.75	0	469.75
537.76	387.75	0	387.75
537.89	371.25	0	371.25
538.02	427.75	0	427.75
538.149	441.25	0	441.25
538.279	411.75	0	411.75
538.409	396.75	0	396.75
538.539	384	0	384
538.669	414.75	0	414.75
538.798	423	0	423
538.928	405.75	0	405.75
539.058	390.75	0	390.75
539.187	415.5	0	415.5
539.317	463.25	0	463.25
539.447	447.5	0	447.5
539.576	430.75	0	430.75
539.706	404.25	0	404.25
539.836	456.25	0	456.25
539.965	425.5	0	425.5
540.095	417.25	0	417.25
540.225	425.75	0	425.75
540.354	473.5	0	473.5
540.484	440.5	0	440.5
540.613	464.75	0	464.75
540.743	469	0	469
540.872	460.75	0	460.75
541.002	445.25	0	445.25
541.131	453.25	0	453.25
541.261	503.75	0	503.75
541.39	456.5	0	456.5
541.52	449.75	0	449.75
541.649	462	0	462
541.778	527	0	527
541.908	461.75	0	461.75
542.037	434.25	0	434.25
542.167	469.25	0	469.25
542.296	502.5	0	502.5
542.425	516.5	0	516.5
542.554	473.75	0	473.75
542.684	451	0	451
542.813	526.5	0	526.5
542.942	520.75	0	520.75
543.072	472.25	0	472.25
543.201	493.75	0	493.75
543.33	562	0	562
543.459	564.75	0	564.75
543.588	525.25	0	525.25
543.718	511.5	0	511.5
543.847	544.25	0	544.25
543.976	527.5	0	527.5
544.105	522.75	0	522.75
544.234	508	0	508
544.363	502.25	0	502.25
544.492	558	0	558
544.621	572.25	0	572.25
544.75	536.75	0	536.75
544.88	529.5	0	529.5
545.009	574.5	0	574.5
545.138	622.5	0	622.5
545.266	515	0	515
545.396	520.25	0	520.25
545.525	538.25	0	538.25
545.653	615.75	0	615.75
545.782	508.75	0	508.75
545.911	524.5	0	524.5
546.04	570.5	0	570.5
546.169	633	0	633
546.298	511.25	0	511.25
546.427	518.25	0	518.25
546.556	551.25	0	551.25
546.685	579.25	0	579.25
546.813	588	0	588
546.942	547.5	0	547.5
547.071	625.5	0	625.5
547.2	649	0	649
547.328	591	0	591
547.457	606.5	0	606.5
547.586	512.25	0	512.25
547.715	608.25	0	608.25
547.843	551	0	551
547.972	508.5	0	508.5
548.101	590.25	0	590.25
548.229	640	0	640
548.358	564	0	564
548.487	534	0	534
548.615	604.25	0	604.25
548.744	620	0	620
548.872	571.5	0	571.5
549.001	595	0	595
549.129	590	0	590
549.258	639	0	639
549.387	591.5	0	591.5
549.515	610.75	0	610.75
549.643	645.5	0	645.5
549.772	650	0	650
549.9	606	0	606
550.029	634.75	0	634.75
550.157	722.25	0	722.25
550.286	680.75	0	680.75
550.414	713.5	0	713.5
550.542	793.5	0	793.5
550.671	671.25	0	671.25
550.799	578	0	578
550.927	579.75	0	579.75
551.056	615.75	0	615.75
551.184	545.25	0	545.25
551.312	607.5	0	607.5
551.441	587.5	0	587.5
551.569	656.75	0	656.75
551.697	571.25	0	571.25
551.825	595.5	0	595.5
551.953	667.75	0	667.75
552.082	582.25	0	582.25
552.21	600.25	0	600.25
552.338	656	0	656
552.466	651.25	0	651.25
552.594	621.25	0	621.25
552.722	640	0	640
552.851	687.5	0	687.5
552.979	612.5	0	612.5
553.107	613	0	613
553.235	704.5	0	704.5
553.363	649	0	649
553.491	655.25	0	655.25
553.619	702.25	0	702.25
553.747	686.5	0	686.5
553.875	663.25	0	663.25
554.003	751.5	0	751.5
554.131	830.5	0	830.5
554.259	804.5	0	804.5
554.387	885.25	0	885.25
554.514	854	0	854
554.642	590.75	0	590.75
554.77	582.75	0	582.75
554.898	640.75	0	640.75
555.026	548	0	548
555.154	588	0	588
555.281	624.75	0	624.75
555.409	565.75	0	565.75
555.537	597.75	0	597.75
555.665	642	0	642
555.793	564	0	564
555.92	581.75	0	581.75
556.048	676.75	0	676.75
556.176	579.25	0	579.25
556.303	620.5	0	620.5
556.431	672	0	672
556.559	607.25	0	607.25
556.686	669.75	0	669.75
556.814	622	0	622
556.942	609.75	0	609.75
557.069	701	0	701
557.197	619	0	619
557.324	640.25	0	640.25
557.452	722.5	0	722.5
557.579	635.25	0	635.25
557.707	687	0	687
557.835	654	0	654
557.962	660	0	660
558.089	723.75	0	723.75
558.217	674	0	674
558.344	752	0	752
558.472	748	0	748
558.599	849	0	849
558.727	978.75	0	978.75
558.854	988	0	988
558.981	1014.5	0	1014.5
559.109	558.5	0	558.5
559.236	529	0	529
559.363	470.75	0	470.75
559.491	497.5	0	497.5
559.618	465.75	0	465.75
559.745	478.25	0	478.25
559.872	493	0	493
560	449.75	0	449.75
560.127	503.25	0	503.25
560.254	460.25	0	460.25
560.381	541.5	0	541.5
560.508	493.5	0	493.5
560.636	508.25	0	508.25
560.763	507.5	0	507.5
560.89	512	0	512
561.017	518.75	0	518.75
561.144	491.75	0	491.75
561.271	535	0	535
561.398	487.75	0	487.75
561.525	506	0	506
561.652	520.75	0	520.75
561.779	509.25	0	509.25
561.906	546.5	0	546.5
562.033	523.75	0	523.75
562.16	532.5	0	532.5
562.287	538.75	0	538.75
562.414	538	0	538
562.541	555.25	0	555.25
562.668	556.25	0	556.25
562.795	564.75	0	564.75
562.922	593.75	0	593.75
563.049	589.5	0	589.5
563.175	581.5	0	581.5
563.302	596	0	596
563.429	638.75	0	638.75
563.556	743.75	0	743.75
563.683	843.25	0	843.25
563.809	946.25	0	946.25
563.936	983.5	0	983.5
564.063	557.75	0	557.75
564.19	318.75	0	318.75
564.316	278	0	278
564.443	276	0	276
564.57	271.25	0	271.25
564.696	260.25	0	260.25
564.823	269.75	0	269.75
564.95	282	0	282
565.076	257.5	0	257.5
565.203	285	0	285
565.33	272	0	272
565.456	268.25	0	268.25
565.583	263	0	263
565.709	277.25	0	277.25
565.836	261	0	261
565.962	259.5	0	259.5
566.089	258	0	258
566.215	275.5	0	275.5
566.341	273.5	0	273.5
566.468	262.5	0	262.5
566.594	267.25	0	267.25
566.721	258.5	0	258.5
566.847	269.25	0	269.25
566.974	277.25	0	277.25
567.1	254.25	0	254.25
567.226	259	0	259
567.353	253.25	0	253.25
567.479	259.5	0	259.5
567.605	276	0	276
567.732	264.5	0	264.5
567.858	265	0	265
567.984	265	0	265
568.11	254.75	0	254.75
568.236	252	0	252
568.363	250.75	0	250.75
568.489	275.5	0	275.5
568.615	270.5	0	270.5
568.741	266.25	0	266.25
568.867	267.5	0	267.5
568.993	257.25	0	257.25
569.12	250.75	0	250.75
569.246	265.25	0	265.25
569.372	269	0	269
569.498	257.75	0	257.75
569.624	238	0	238
569.75	259.75	0	259.75
569.876	255	0	255
570.002	267.5	0	267.5
570.128	260.75	0	260.75
570.254	251	0	251
570.38	254.75	0	254.75
570.506	259	0	259
570.632	254.25	0	254.25
570.758	265.75	0	265.75
570.883	253.5	0	253.5
571.009	258.75	0	258.75
571.135	261	0	261
571.261	240.5	0	240.5
571.387	263.25	0	263.25
571.513	273.25	0	273.25
571.638	259.75	0	259.75
571.764	256	0	256
571.89	254.25	0	254.25
572.016	254	0	254
572.141	242.5	0	242.5
572.267	250.75	0	250.75
572.393	254.5	0	254.5
572.518	253	0	253
572.644	258	0	258
572.77	270.25	0	270.25
572.895	263.75	0	263.75
573.021	253.75	0	253.75
573.147	257.5	0	257.5
573.272	267	0	267
573.398	272.5	0	272.5
573.523	267.75	0	267.75
573.649	264.25	0	264.25
573.774	250.25	0	250.25
573.9	266	0	266
574.025	267.75	0	267.75
574.151	281.25	0	281.25
574.276	261.5	0	261.5
574.402	247.5	0	247.5
574.527	268.5	0	268.5
574.652	266.75	0	266.75
574.778	267	0	267
574.903	269.25	0	269.25
575.029	259.25	0	259.25
575.154	276.25	0	276.25
575.279	280.25	0	280.25
575.405	272	0	272
575.53	267	0	267
575.655	263	0	263
575.78	256	0	256
575.906	275	0	275
576.031	279	0	279
576.156	256.5	0	256.5
576.281	254.5	0	254.5
576.406	271.5	0	271.5
576.532	274	0	274
576.657	264	0	264
576.782	263.25	0	263.25
576.907	254.75	0	254.75
577.032	256.25	0	256.25
577.157	271.5	0	271.5
577.282	273	0	273
577.407	278.5	0	278.5
577.532	253.25	0	253.25
577.657	261	0	261
577.782	273.25	0	273.25
577.907	265.5	0	265.5
578.032	285.75	0	285.75
578.157	272.5	0	272.5
578.282	267.5	0	267.5
578.407	268.5	0	268.5
578.532	275.75	0	275.75
578.657	262.75	0	262.75
578.782	261.75	0	261.75
578.907	268.25	0	268.25
579.031	273.25	0	273.25
579.156	283.25	0	283.25
579.281	268.25	0	268.25
579.406	261.25	0	261.25
579.531	263	0	263
579.655	277	0	277
579.78	282.5	0	282.5
579.905	274	0	274
580.03	256	0	256
580.154	262	0	262
580.279	267	0	267
580.404	264.75	0	264.75
580.528	275	0	275
580.653	282	0	282
580.778	278	0	278
580.902	275	0	275
581.027	268.75	0	268.75
581.151	260.5	0	260.5
581.276	265.5	0	265.5
581.4	257.5	0	257.5
581.525	279.5	0	279.5
581.649	260.25	0	260.25
581.774	267.25	0	267.25
581.898	272.25	0	272.25
582.023	279.75	0	279.75
582.147	288.75	0	288.75
582.272	271.5	0	271.5
582.396	257.5	0	257.5
582.52	275	0	275
582.645	272.75	0	272.75
582.769	258.75	0	258.75
582.893	277.25	0	277.25
583.018	266.75	0	266.75
583.142	263	0	263
583.266	271.75	0	271.75
583.391	285.75	0	285.75
583.515	302	0	302
583.639	284.75	0	284.75
583.763	277	0	277
583.888	276.25	0	276.25
584.012	271.25	0	271.25
584.136	286.5	0	286.5
584.26	292.75	0	292.75
584.384	281	0	281
584.508	271	0	271
584.632	295	0	295
584.757	292.25	0	292.25
584.881	287.25	0	287.25
585.005	278	0	278
585.129	277.5	0	277.5
585.253	286	0	286
585.377	298.5	0	298.5
585.501	297.5	0	297.5
585.625	276.5	0	276.5
585.749	282.75	0	282.75
585.873	297	0	297
585.997	285.25	0	285.25
586.12	278.75	0	278.75
586.244	287.75	0	287.75
586.368	290.75	0	290.75
586.492	304	0	304
586.616	296.5	0	296.5
586.74	278.25	0	278.25
586.864	290.25	0	290.25
586.987	301.25	0	301.25
587.111	293.5	0	293.5
587.235	288.25	0	288.25
587.359	298	0	298
587.482	290.5	0	290.5
587.606	283.5	0	283.5
587.73	311.75	0	311.75
587.854	312	0	312
587.977	300.5	0	300.5
588.101	287.25	0	287.25
588.224	310.75	0	310.75
588.348	322.25	0	322.25
588.472	315.5	0	315.5
588.595	307.25	0	307.25
588.719	300	0	300
588.842	313.75	0	313.75
588.966	314	0	314
589.089	327.25	0	327.25
589.213	423	0	423
589.336	559.5	0	559.5
589.46	662.25	0	662.25
589.583	403.5	0	403.5
589.707	339	0	339
589.83	393	0	393
589.954	444.75	0	444.75
590.077	480.5	0	480.5
590.2	339.75	0	339.75
590.324	325	0	325
590.447	314	0	314
590.57	322.25	0	322.25
590.694	309.75	0	309.75
590.817	296.25	0	296.25
590.94	292	0	292
591.063	295	0	295
591.187	307	0	307
591.31	293.25	0	293.25
591.433	281.5	0	281.5
591.556	313.5	0	313.5
591.679	308.5	0	308.5
591.803	298.5	0	298.5
591.926	286	0	286
592.049	287.25	0	287.25
592.172	293.75	0	293.75
592.295	304.25	0	304.25
592.418	308.25	0	308.25
592.541	305.5	0	305.5
592.664	313.5	0	313.5
592.787	312.25	0	312.25
592.91	299	0	299
593.033	306	0	306
593.156	321.25	0	321.25
593.279	280.25	0	280.25
593.402	275	0	275
593.525	289.5	0	289.5
593.648	289.5	0	289.5
593.771	316	0	316
593.894	303.5	0	303.5
594.016	291.5	0	291.5
594.139	273.25	0	273.25
594.262	309.25	0	309.25
594.385	301	0	301
594.508	299.75	0	299.75
594.63	293.25	0	293.25
594.753	304	0	304
594.876	299.5	0	299.5
594.999	305.5	0	305.5
595.121	287.75	0	287.75
595.244	310.5	0	310.5
595.367	317	0	317
595.489	299.75	0	299.75
595.612	294.25	0	294.25
595.735	304.25	0	304.25
595.857	316.75	0	316.75
595.98	313.5	0	313.5
596.102	329.75	0	329.75
596.225	331	0	331
596.347	294	0	294
596.47	293.75	0	293.75
596.592	297.75	0	297.75
596.715	280.75	0	280.75
596.837	274.5	0	274.5
596.96	265	0	265
597.082	285.25	0	285.25
597.205	279.25	0	279.25
597.327	297.75	0	297.75
597.449	294.75	0	294.75
597.572	281.5	0	281.5
597.694	277	0	277
597.816	281	0	281
597.939	296.75	0	296.75
598.061	275.25	0	275.25
598.183	277.75	0	277.75
598.306	285	0	285
598.428	280.5	0	280.5
598.55	268.75	0	268.75
598.672	308	0	308
598.795	321.25	0	321.25
598.917	309	0	309
599.039	282.25	0	282.25
599.161	285.75	0	285.75
599.283	297	0	297
599.405	306	0	306
599.527	297.5	0	297.5
599.65	286	0	286
599.772	299.25	0	299.25
599.894	321	0	321
600.016	304	0	304
600.138	297.25	0	297.25
600.26	298	0	298
600.382	318	0	318
600.504	320	0	320
600.625	312.5	0	312.5
600.747	315.5	0	315.5
600.869	350	0	350
600.991	318	0	318
601.113	276	0	276
601.235	285.75	0	285.75
601.357	286.75	0	286.75
601.479	272	0	272
601.6	283	0	283
601.722	269.5	0	269.5
601.844	287.25	0	287.25
601.966	281.75	0	281.75
602.087	267.5	0	267.5
602.209	287.5	0	287.5
602.331	291.75	0	291.75
602.453	294.5	0	294.5
602.574	270.25	0	270.25
602.696	263.75	0	263.75
602.818	288.75	0	288.75
602.939	282.75	0	282.75
603.061	280.75	0	280.75
603.182	281.5	0	281.5
603.304	292.25	0	292.25
603.426	291.25	0	291.25
603.547	287.75	0	287.75
603.669	302.25	0	302.25
603.79	280.25	0	280.25
603.912	278	0	278
604.033	295	0	295
604.154	290.75	0	290.75
604.276	294	0	294
604.397	265.5	0	265.5
604.519	280.5	0	280.5
604.64	289	0	289
604.761	281.75	0	281.75
604.883	294	0	294
605.004	293.75	0	293.75
605.125	275.75	0	275.75
605.247	281	0	281
605.368	297.75	0	297.75
605.489	281.5	0	281.5
605.611	290.25	0	290.25
605.732	305.75	0	305.75
605.853	309.5	0	309.5
605.974	306.25	0	306.25
606.095	318.25	0	318.25
606.216	336.5	0	336.5
606.338	330.75	0	330.75
606.459	307.75	0	307.75
606.58	256	0	256
606.701	256.5	0	256.5
606.822	256.25	0	256.25
606.943	257.75	0	257.75
607.064	250.25	0	250.25
607.185	251.5	0	251.5
607.306	260.75	0	260.75
607.427	259.5	0	259.5
607.548	255.25	0	255.25
607.669	258	0	258
607.79	260.75	0	260.75
607.911	262.75	0	262.75
608.032	254.75	0	254.75
608.153	246.5	0	246.5
608.274	264.5	0	264.5
608.394	250.75	0	250.75
608.515	269.75	0	269.75
608.636	256.75	0	256.75
608.757	264.25	0	264.25
608.878	266.75	0	266.75
608.998	269.25	0	269.25
609.119	262.25	0	262.25
609.24	265.25	0	265.25
609.361	261.5	0	261.5
609.481	267.25	0	267.25
609.602	263	0	263
609.723	260	0	260
609.843	263	0	263
609.964	265.75	0	265.75
610.085	270	0	270
610.205	263	0	263
610.326	274	0	274
610.446	267.5	0	267.5
610.567	262.25	0	262.25
610.687	253	0	253
610.808	287.5	0	287.5
610.928	270.5	0	270.5
611.049	265.75	0	265.75
611.169	268.5	0	268.5
611.29	269.5	0	269.5
611.41	272.25	0	272.25
611.531	266.75	0	266.75
611.651	277.25	0	277.25
611.771	266.75	0	266.75
611.892	274.25	0	274.25
612.012	271	0	271
612.132	277.75	0	277.75
612.253	289.5	0	289.5
612.373	296.25	0	296.25
612.493	340.5	0	340.5
612.613	331	0	331
612.734	289.75	0	289.75
612.854	256.75	0	256.75
612.974	232	0	232
613.094	237.25	0	237.25
613.214	228.5	0	228.5
613.335	235.75	0	235.75
613.455	247.75	0	247.75
613.575	239	0	239
613.695	241	0	241
613.815	243.75	0	243.75
613.935	222.75	0	222.75
614.055	244.25	0	244.25
614.175	249.5	0	249.5
614.295	239	0	239
614.415	241.25	0	241.25
614.535	242.25	0	242.25
614.655	235.5	0	235.5
614.775	233.75	0	233.75
614.895	237	0	237
615.015	233.5	0	233.5
615.135	236.5	0	236.5
615.254	247.25	0	247.25
615.374	241.25	0	241.25
615.494	245.5	0	245.5
615.614	240.75	0	240.75
615.734	240.25	0	240.25
615.854	243.5	0	243.5
615.973	240	0	240
616.093	240.25	0	240.25
616.213	244.25	0	244.25
616.332	245	0	245
616.452	254.75	0	254.75
616.572	253	0	253
616.691	256.5	0	256.5
616.811	239.5	0	239.5
616.931	244	0	244
617.05	233.75	0	233.75
617.17	252	0	252
617.289	242.25	0	242.25
617.409	251.25	0	251.25
617.529	236.5	0	236.5
617.648	249.75	0	249.75
617.768	252.5	0	252.5
617.887	247.5	0	247.5
618.006	244	0	244
618.126	250.75	0	250.75
618.245	256.25	0	256.25
618.365	254.75	0	254.75
618.484	252.75	0	252.75
618.604	246	0	246
618.723	246.75	0	246.75
618.842	263	0	263
618.962	244.75	0	244.75
619.081	248.25	0	248.25
619.2	255.5	0	255.5
619.319	264.25	0	264.25
619.439	289.5	0	289.5
619.558	273.75	0	273.75
619.677	234.5	0	234.5
619.796	218.25	0	218.25
619.916	233.5	0	233.5
620.035	224.25	0	224.25
620.154	214.25	0	214.25
620.273	211.25	0	211.25
620.392	226	0	226
620.511	223.75	0	223.75
620.63	220	0	220
620.749	217.5	0	217.5
620.868	220	0	220
620.987	222	0	222
621.106	223.75	0	223.75
621.225	226.5	0	226.5
621.344	219.75	0	219.75
621.463	224	0	224
621.582	224	0	224
621.701	215.25	0	215.25
621.82	235.25	0	235.25
621.939	237.25	0	237.25
622.058	230	0	230
622.177	213.5	0	213.5
622.295	228	0	228
622.414	232	0	232
622.533	225.5	0	225.5
622.652	214	0	214
622.771	225.75	0	225.75
622.889	229	0	229
623.008	223.5	0	223.5
623.127	219.25	0	219.25
623.245	215.5	0	215.5
623.364	221.25	0	221.25
623.483	233	0	233
623.601	223.75	0	223.75
623.72	237.5	0	237.5
623.839	216.25	0	216.25
623.957	220	0	220
624.076	204	0	204
624.194	219.25	0	219.25
624.313	226.25	0	226.25
624.431	216.5	0	216.5
624.55	219.5	0	219.5
624.668	219.5	0	219.5
624.787	217	0	217
624.905	216.5	0	216.5
625.024	214.75	0	214.75
625.142	224.75	0	224.75
625.26	227.75	0	227.75
625.379	219	0	219
625.497	220.25	0	220.25
625.615	225.25	0	225.25
625.734	222.25	0	222.25
625.852	221.25	0	221.25
625.97	215	0	215
626.089	211.5	0	211.5
626.207	216.5	0	216.5
626.325	222	0	222
626.443	217.5	0	217.5
626.561	227	0	227
626.68	218.25	0	218.25
626.798	214.75	0	214.75
626.916	227.5	0	227.5
627.034	229.25	0	229.25
627.152	224	0	224
627.27	223	0	223
627.388	223.25	0	223.25
627.506	220.75	0	220.75
627.624	213.5	0	213.5
627.742	220	0	220
627.86	218.5	0	218.5
627.978	220	0	220
628.096	222.25	0	222.25
628.214	221.25	0	221.25
628.332	219.5	0	219.5
628.45	215.75	0	215.75
628.568	228.5	0	228.5
628.686	212	0	212
628.804	217	0	217
628.921	220.75	0	220.75
629.039	224.75	0	224.75
629.157	221.25	0	221.25
629.275	229.5	0	229.5
629.393	215.5	0	215.5
629.51	219.25	0	219.25
629.628	214.75	0	214.75
629.746	229	0	229
629.864	217.25	0	217.25
629.981	215.75	0	215.75
630.099	209	0	209
630.216	220.25	0	220.25
630.334	227.5	0	227.5
630.452	211.5	0	211.5
630.569	216.25	0	216.25
630.687	210.5	0	210.5
630.804	201	0	201
630.922	218.25	0	218.25
631.039	211.25	0	211.25
631.157	208	0	208
631.274	217.25	0	217.25
631.392	216	0	216
631.509	227.5	0	227.5
631.627	228	0	228
631.744	216.5	0	216.5
631.861	209.5	0	209.5
631.979	218.5	0	218.5
632.096	222.75	0	222.75
632.213	224.5	0	224.5
632.331	223.25	0	223.25
632.448	207.75	0	207.75
632.565	221.75	0	221.75
632.683	229.75	0	229.75
632.8	210.75	0	210.75
632.917	227.5	0	227.5
633.034	215.25	0	215.25
633.151	223.75	0	223.75
633.269	211.75	0	211.75
633.386	207.25	0	207.25
633.503	226.75	0	226.75
633.62	227	0	227
633.737	221.75	0	221.75
633.854	213.75	0	213.75
633.971	223.5	0	223.5
634.088	215.25	0	215.25
634.205	208.5	0	208.5
634.322	209.25	0	209.25
634.439	210.75	0	210.75
634.556	225.25	0	225.25
634.673	220.5	0	220.5
634.79	218.75	0	218.75
634.907	215	0	215
635.024	213.75	0	213.75
635.141	220.5	0	220.5
635.258	220.25	0	220.25
635.375	218.75	0	218.75
635.491	225.5	0	225.5
635.608	221.25	0	221.25
635.725	225.75	0	225.75
635.842	218.5	0	218.5
635.958	223.75	0	223.75
636.075	215.75	0	215.75
636.192	208	0	208
636.309	238.25	0	238.25
636.425	218.75	0	218.75
636.542	209.25	0	209.25
636.659	212.25	0	212.25
636.775	216.5	0	216.5
636.892	211	0	211
637.008	213.25	0	213.25
637.125	231	0	231
637.241	215	0	215
637.358	221.75	0	221.75
637.475	206.5	0	206.5
637.591	232.5	0	232.5
637.707	208.5	0	208.5
637.824	221.5	0	221.5
637.94	213.75	0	213.75
638.057	225.75	0	225.75
638.173	222.75	0	222.75
638.29	212.75	0	212.75
638.406	212.75	0	212.75
638.522	208.25	0	208.25
638.639	222.75	0	222.75
638.755	212.25	0	212.25
638.871	212.25	0	212.25
638.987	217.75	0	217.75
639.104	213.5	0	213.5
639.22	219.75	0	219.75
639.336	231.5	0	231.5
639.452	215.5	0	215.5
639.569	214.75	0	214.75
639.685	219.25	0	219.25
639.801	218.75	0	218.75
639.917	210.25	0	210.25
640.033	217.25	0	217.25
640.149	222.25	0	222.25
640.265	218.5	0	218.5
640.381	220.75	0	220.75
640.497	215.5	0	215.5
640.613	213.5	0	213.5
640.729	215.5	0	215.5
640.845	216.75	0	216.75
640.961	208.75	0	208.75
641.077	208.25	0	208.25
641.193	214.75	0	214.75
641.309	221.25	0	221.25
641.425	216.75	0	216.75
641.541	218.75	0	218.75
641.657	213	0	213
641.773	218.25	0	218.25
641.888	217.5	0	217.5
642.004	204.75	0	204.75
642.12	207.75	0	207.75
642.236	220	0	220
642.352	215.5	0	215.5
642.467	222.25	0	222.25
642.583	217.75	0	217.75
642.699	212.25	0	212.25
642.814	210	0	210
642.93	237.25	0	237.25
643.046	225	0	225
643.161	208.75	0	208.75
643.277	211.5	0	211.5
643.392	207.5	0	207.5
643.508	220.5	0	220.5
643.623	223	0	223
643.739	210.75	0	210.75
643.854	210.25	0	210.25
643.97	206.25	0	206.25
644.085	199.75	0	199.75
644.201	209.5	0	209.5
644.316	227.25	0	227.25
644.432	223.5	0	223.5
644.547	218	0	218
644.663	202.25	0	202.25
644.778	217.25	0	217.25
644.893	208.5	0	208.5
645.008	213.25	0	213.25
645.124	213	0	213
645.239	214	0	214
645.354	211.5	0	211.5
645.47	214.25	0	214.25
645.585	210.5	0	210.5
645.7	198	0	198
645.815	200	0	200
645.93	204.25	0	204.25
646.046	213.5	0	213.5
646.161	215.25	0	215.25
646.276	203.5	0	203.5
646.391	217	0	217
646.506	198.5	0	198.5
646.621	216.75	0	216.75
646.736	212	0	212
646.851	222.75	0	222.75
646.966	208.5	0	208.5
647.081	197.25	0	197.25
647.196	200.75	0	200.75
647.311	206	0	206
647.426	203.25	0	203.25
647.541	220.75	0	220.75
647.656	204.5	0	204.5
647.771	198.25	0	198.25
647.885	198	0	198
648	198.5	0	198.5
648.115	204.25	0	204.25
648.23	216.25	0	216.25
648.345	221.5	0	221.5
648.459	203	0	203
648.574	220.25	0	220.25
648.689	197.5	0	197.5
648.804	198	0	198
648.918	198.25	0	198.25
649.033	211	0	211
649.148	209.5	0	209.5
649.262	197.75	0	197.75
649.377	190.5	0	190.5
649.491	208.5	0	208.5
649.606	209.5	0	209.5
649.721	220.75	0	220.75
649.835	212.25	0	212.25
649.95	195.75	0	195.75
650.064	211.75	0	211.75
650.179	201.25	0	201.25
650.293	214.75	0	214.75
650.408	200	0	200
650.522	206.75	0	206.75
650.636	208.75	0	208.75
650.751	213.5	0	213.5
650.865	203.75	0	203.75
650.979	217.5	0	217.5
651.094	200.75	0	200.75
651.208	205.75	0	205.75
651.322	204.75	0	204.75
651.437	217.75	0	217.75
651.551	201.25	0	201.25
651.665	212.25	0	212.25
651.779	211.25	0	211.25
651.894	201.25	0	201.25
652.008	203.75	0	203.75
652.122	208.5	0	208.5
652.236	204.5	0	204.5
652.35	216	0	216
652.464	214.5	0	214.5
652.578	204.75	0	204.75
652.693	210.75	0	210.75
652.807	207.75	0	207.75
652.921	201	0	201
653.035	202.25	0	202.25
653.149	204.75	0	204.75
653.263	203.25	0	203.25
653.376	206.75	0	206.75
653.49	198.5	0	198.5
653.604	199.5	0	199.5
653.718	205.75	0	205.75
653.832	216.5	0	216.5
653.946	191.75	0	191.75
654.06	198.25	0	198.25
654.174	204.25	0	204.25
654.287	206.25	0	206.25
654.401	187.75	0	187.75
654.515	220.25	0	220.25
654.629	209	0	209
654.743	202	0	202
654.856	222	0	222
654.97	199.75	0	199.75
655.084	196.5	0	196.5
655.197	197	0	197
655.311	208.5	0	208.5
655.424	201	0	201
655.538	204.25	0	204.25
655.652	191.75	0	191.75
655.765	193.5	0	193.5
655.879	198.25	0	198.25
655.992	203.5	0	203.5
656.106	194	0	194
656.219	203.75	0	203.75
656.333	192.75	0	192.75
656.446	205.5	0	205.5
656.56	187.25	0	187.25
656.673	192	0	192
656.786	203.25	0	203.25
656.9	203.25	0	203.25
657.013	198.75	0	198.75
657.127	203.5	0	203.5
657.24	204	0	204
657.353	197.5	0	197.5
657.466	208	0	208
657.58	204.25	0	204.25
657.693	196.75	0	196.75
657.806	201.5	0	201.5
657.919	201.25	0	201.25
658.032	195.5	0	195.5
658.146	204.5	0	204.5
658.259	193.25	0	193.25
658.372	202.75	0	202.75
658.485	200.5	0	200.5
658.598	190.25	0	190.25
658.711	205.25	0	205.25
658.824	211.5	0	211.5
658.937	201.25	0	201.25
659.05	199.25	0	199.25
659.163	193	0	193
659.276	196	0	196
659.389	203.75	0	203.75
659.502	195	0	195
659.615	200	0	200
659.728	194.5	0	194.5
659.841	188.5	0	188.5
659.954	212.25	0	212.25
660.067	197.5	0	197.5
660.179	196.5	0	196.5
660.292	206.25	0	206.25
660.405	198.75	0	198.75
660.518	187.5	0	187.5
660.63	209.75	0	209.75
660.743	198.75	0	198.75
660.856	186.5	0	186.5
660.969	199.75	0	199.75
661.081	199.75	0	199.75
661.194	196.25	0	196.25
661.307	189.75	0	189.75
661.419	188.75	0	188.75
661.532	190.75	0	190.75
661.644	194.25	0	194.25
661.757	187.5	0	187.5
661.869	192.25	0	192.25
661.982	188.75	0	188.75
662.094	185.75	0	185.75
662.207	197.5	0	197.5
662.319	193.25	0	193.25
662.432	190.5	0	190.5
662.544	189.75	0	189.75
662.656	192.75	0	192.75
662.769	191.75	0	191.75
662.881	209.5	0	209.5
662.994	175.75	0	175.75
663.106	192.25	0	192.25
663.218	198.75	0	198.75
663.331	197.75	0	197.75
663.443	196.75	0	196.75
663.555	200.75	0	200.75
663.667	194	0	194
663.779	195.75	0	195.75
663.892	204.75	0	204.75
664.004	201.25	0	201.25
664.116	195.25	0	195.25
664.228	201.5	0	201.5
664.34	196.25	0	196.25
664.452	190.25	0	190.25
664.564	187.5	0	187.5
664.676	196	0	196
664.788	199.25	0	199.25
664.901	181.5	0	181.5
665.012	189.5	0	189.5
665.125	188.25	0	188.25
665.236	197.5	0	197.5
665.348	190.5	0	190.5
665.46	200.75	0	200.75
665.572	197.25	0	197.25
665.684	196.5	0	196.5
665.796	197.75	0	197.75
665.908	203.25	0	203.25
666.02	197.75	0	197.75
666.131	192	0	192
666.243	191.75	0	191.75
666.355	192.75	0	192.75
666.467	190.5	0	190.5
666.578	188.25	0	188.25
666.69	195.5	0	195.5
666.802	193.75	0	193.75
666.914	196.75	0	196.75
667.025	195.75	0	195.75
667.137	192.5	0	192.5
667.248	197.75	0	197.75
667.36	186.75	0	186.75
667.472	191.25	0	191.25
667.583	183.75	0	183.75
667.695	188.75	0	188.75
667.806	201.75	0	201.75
667.918	201.25	0	201.25
668.029	200	0	200
668.141	192.75	0	192.75
668.252	187.75	0	187.75
668.363	183.75	0	183.75
668.475	178.5	0	178.5
668.586	176	0	176
668.698	184.25	0	184.25
668.809	192.75	0	192.75
668.92	188.25	0	188.25
669.032	189.25	0	189.25
669.143	200.5	0	200.5
669.254	191.5	0	191.5
669.365	187.25	0	187.25
669.477	195.5	0	195.5
669.588	191.5	0	191.5
669.699	190.75	0	190.75
669.81	176.75	0	176.75
669.921	197	0	197
670.032	195.75	0	195.75
670.143	183.75	0	183.75
670.255	180.25	0	180.25
670.366	176.25	0	176.25
670.477	194	0	194
670.588	195.75	0	195.75
670.699	184.25	0	184.25
670.81	189	0	189
670.921	198.5	0	198.5
671.032	176	0	176
671.143	204.25	0	204.25
671.253	219.5	0	219.5
671.364	193.5	0	193.5
671.475	184.75	0	184.75
671.586	190.5	0	190.5
671.697	182	0	182
671.808	180.75	0	180.75
671.919	191.75	0	191.75
672.029	189.75	0	189.75
672.14	184.25	0	184.25
672.251	174.5	0	174.5
672.362	193.25	0	193.25
672.472	188.75	0	188.75
672.583	190.75	0	190.75
672.694	189.5	0	189.5
672.804	176.25	0	176.25
672.915	180	0	180
673.025	192.25	0	192.25
673.136	183.75	0	183.75
673.247	185.75	0	185.75
673.357	178.5	0	178.5
673.468	175.5	0	175.5
673.578	180.5	0	180.5
673.689	180.75	0	180.75
673.799	190.25	0	190.25
673.91	195.25	0	195.25
674.02	185.75	0	185.75
674.13	185.25	0	185.25
674.241	180.75	0	180.75
674.351	189.5	0	189.5
674.461	196	0	196
674.572	218.25	0	218.25
674.682	234.5	0	234.5
674.792	196.25	0	196.25
674.903	182.25	0	182.25
675.013	182.5	0	182.5
675.123	191	0	191
675.233	192.25	0	192.25
675.344	185	0	185
675.454	175	0	175
675.564	182.25	0	182.25
675.674	175	0	175
675.784	180	0	180
675.894	190.5	0	190.5
676.004	173.5	0	173.5
676.114	194.5	0	194.5
676.224	181	0	181
676.334	182	0	182
676.444	185.75	0	185.75
676.554	191.75	0	191.75
676.664	194.25	0	194.25
676.774	173.5	0	173.5
676.884	181.5	0	181.5
676.994	164.25	0	164.25
677.104	183.75	0	183.75
677.214	186.5	0	186.5
677.324	170.75	0	170.75
677.433	182.75	0	182.75
677.543	178.5	0	178.5
677.653	187.75	0	187.75
677.763	175.25	0	175.25
677.872	177.75	0	177.75
677.982	169.75	0	169.75
678.092	170.75	0	170.75
678.202	183.75	0	183.75
678.311	176	0	176
678.421	179.25	0	179.25
678.53	180.25	0	180.25
678.64	176.25	0	176.25
678.75	175.25	0	175.25
678.859	178.5	0	178.5
678.969	179	0	179
679.078	180.5	0	180.5
679.188	173.5	0	173.5
679.297	170.5	0	170.5
679.407	178.75	0	178.75
679.516	172.5	0	172.5
679.625	180.75	0	180.75
679.735	182.25	0	182.25
679.844	173.75	0	173.75
679.954	172.75	0	172.75
680.063	177.75	0	177.75
680.172	179.25	0	179.25
680.282	174.5	0	174.5
680.391	174.75	0	174.75
680.5	176.25	0	176.25
680.609	176.75	0	176.75
680.719	188	0	188
680.828	188.25	0	188.25
680.937	178.25	0	178.25
681.046	174.5	0	174.5
681.155	181.75	0	181.75
681.264	178	0	178
681.374	184.5	0	184.5
681.483	182	0	182
681.592	174.75	0	174.75
681.701	180.25	0	180.25
681.81	182.5	0	182.5
681.919	168.75	0	168.75
682.028	181.5	0	181.5
682.137	173.25	0	173.25
682.246	173.5	0	173.5
682.355	172.75	0	172.75
682.463	178.25	0	178.25
682.572	174.25	0	174.25
682.681	181.5	0	181.5
682.79	171.75	0	171.75
682.899	181.75	0	181.75
683.008	174.5	0	174.5
683.117	184	0	184
683.225	181.75	0	181.75
683.334	179.25	0	179.25
683.443	173.25	0	173.25
683.551	170.25	0	170.25
683.66	179.5	0	179.5
683.769	180.75	0	180.75
683.877	180	0	180
683.986	171	0	171
684.095	189	0	189
684.203	178.25	0	178.25
684.312	182.75	0	182.75
684.42	167	0	167
684.529	177	0	177
684.637	181.5	0	181.5
684.746	169.5	0	169.5
684.854	174.75	0	174.75
684.963	175	0	175
685.071	170.5	0	170.5
685.18	185.25	0	185.25
685.288	174.25	0	174.25
685.396	178.75	0	178.75
685.505	173	0	173
685.613	175.75	0	175.75
685.721	170	0	170
685.83	175.5	0	175.5
685.938	181.25	0	181.25
686.046	182	0	182
686.154	175.25	0	175.25
686.263	166.5	0	166.5
686.371	175.25	0	175.25
686.479	178	0	178
686.587	182.5	0	182.5
686.695	173	0	173
686.803	171.75	0	171.75
686.911	170.5	0	170.5
687.019	171.5	0	171.5
687.127	162.25	0	162.25
687.235	170	0	170
687.343	168.25	0	168.25
687.451	163.75	0	163.75
687.559	158.25	0	158.25
687.667	162.5	0	162.5
687.775	164.5	0	164.5
687.883	178.5	0	178.5
687.991	173.25	0	173.25
688.099	181	0	181
688.207	175.25	0	175.25
688.315	175.25	0	175.25
688.422	174.75	0	174.75
688.53	173	0	173
688.638	176	0	176
688.746	179.5	0	179.5
688.853	163.5	0	163.5
688.961	164.75	0	164.75
689.069	168.5	0	168.5
689.176	162	0	162
689.284	159.75	0	159.75
689.392	171.25	0	171.25
689.499	170.25	0	170.25
689.607	168.25	0	168.25
689.714	170	0	170
689.822	174.25	0	174.25
689.93	178.5	0	178.5
690.037	172	0	172
690.144	166.5	0	166.5
690.252	164	0	164
690.359	159	0	159
690.467	166.25	0	166.25
690.574	166	0	166
690.682	154.75	0	154.75
690.789	172	0	172
690.896	152.5	0	152.5
691.004	174.5	0	174.5
691.111	166.5	0	166.5
691.218	168.25	0	168.25
691.325	179	0	179
691.433	165.75	0	165.75
691.54	176.25	0	176.25
691.647	167.75	0	167.75
691.754	171	0	171
691.861	160.5	0	160.5
691.969	172.25	0	172.25
692.076	157.5	0	157.5
692.183	165.75	0	165.75
692.29	167	0	167
692.397	168.75	0	168.75
692.504	173	0	173
692.611	175.25	0	175.25
692.718	172.75	0	172.75
692.825	166	0	166
692.932	167.75	0	167.75
693.039	173	0	173
693.146	166.5	0	166.5
693.253	163.25	0	163.25
693.359	175.5	0	175.5
693.466	174.25	0	174.25
693.573	168	0	168
693.68	171.25	0	171.25
693.787	176.5	0	176.5
693.894	170.75	0	170.75
694	159	0	159
694.107	166	0	166
694.214	175	0	175
694.32	177.25	0	177.25
694.427	168.25	0	168.25
694.534	167.5	0	167.5
694.64	180.5	0	180.5
694.747	174.5	0	174.5
694.853	174	0	174
694.96	168.5	0	168.5
695.067	167.75	0	167.75
695.173	171.75	0	171.75
695.28	164.25	0	164.25
695.386	174	0	174
695.493	167.25	0	167.25
695.599	164.25	0	164.25
695.705	173.25	0	173.25
695.812	176	0	176
695.918	167.5	0	167.5
696.025	176	0	176
696.131	165	0	165
696.237	172	0	172
696.344	172.5	0	172.5
696.45	175.25	0	175.25
696.556	168	0	168
696.662	174.5	0	174.5
696.768	170.5	0	170.5
696.875	169.25	0	169.25
696.981	178	0	178
697.087	185	0	185
697.193	165.25	0	165.25
697.299	177.75	0	177.75
697.405	173.5	0	173.5
697.512	167	0	167
697.618	166	0	166
697.724	173	0	173
697.83	170.25	0	170.25
697.936	173.75	0	173.75
698.042	175.5	0	175.5
698.148	162.5	0	162.5
698.253	172	0	172
698.359	178.5	0	178.5
698.465	178.75	0	178.75
698.571	163.25	0	163.25
698.677	172.25	0	172.25
698.783	173.5	0	173.5
698.889	174.75	0	174.75
698.994	173.75	0	173.75
699.1	172	0	172
699.206	176.5	0	176.5
699.312	170.25	0	170.25
699.417	174.25	0	174.25
699.523	171.75	0	171.75
699.629	171	0	171
699.734	166.25	0	166.25
699.84	169.5	0	169.5
699.946	171	0	171
700.051	179.25	0	179.25
700.157	171.5	0	171.5
700.262	171	0	171
700.368	171.25	0	171.25
700.473	166	0	166
700.579	164	0	164
700.684	165.75	0	165.75
700.79	160.5	0	160.5
700.895	175.5	0	175.5
701	170	0	170
701.106	173.5	0	173.5
701.211	158.25	0	158.25
701.316	161.25	0	161.25
701.422	174.25	0	174.25
701.527	170.5	0	170.5
701.632	159.25	0	159.25
701.738	161.5	0	161.5
701.843	164.5	0	164.5
701.948	172.5	0	172.5
702.053	161.75	0	161.75
702.158	169.5	0	169.5
702.264	182.75	0	182.75
702.369	169.75	0	169.75
702.474	164.75	0	164.75
702.579	177.75	0	177.75
702.684	169.75	0	169.75
702.789	173.25	0	173.25
702.894	169.75	0	169.75
702.999	173.25	0	173.25
703.104	166.25	0	166.25
703.209	162.25	0	162.25
703.314	166	0	166
703.419	171.75	0	171.75
703.524	165	0	165
703.629	167.5	0	167.5
703.733	181	0	181
703.838	170	0	170
703.943	151.75	0	151.75
704.048	168	0	168
704.153	175.75	0	175.75
704.257	169	0	169
704.362	178.5	0	178.5
704.467	159.75	0	159.75
704.572	163.5	0	163.5
704.676	159.75	0	159.75
704.781	167.5	0	167.5
704.886	178.75	0	178.75
704.99	176.75	0	176.75
705.095	174.25	0	174.25
705.199	166.75	0	166.75
705.304	165.25	0	165.25
705.408	165.75	0	165.75
705.513	165.25	0	165.25
705.617	170.5	0	170.5
705.722	166.25	0	166.25
705.826	165.5	0	165.5
705.931	151.25	0	151.25
706.035	155	0	155
706.139	167.75	0	167.75
706.244	158.5	0	158.5
706.348	170.75	0	170.75
706.452	164	0	164
706.557	163	0	163
706.661	168.25	0	168.25
706.765	168.75	0	168.75
706.87	160.25	0	160.25
706.974	160.5	0	160.5
707.078	164.5	0	164.5
707.182	169.5	0	169.5
707.286	167.75	0	167.75
707.39	156	0	156
707.495	159.75	0	159.75
707.599	163.25	0	163.25
707.703	160.25	0	160.25
707.807	159.25	0	159.25
707.911	168	0	168
708.015	160.25	0	160.25
708.119	168	0	168
708.223	164	0	164
708.327	158.5	0	158.5
708.431	163.5	0	163.5
708.534	162	0	162
708.638	152	0	152
708.742	170	0	170
708.846	170.25	0	170.25
708.95	164.25	0	164.25
709.054	169	0	169
709.157	167.5	0	167.5
709.261	168	0	168
709.365	165.5	0	165.5
709.469	171	0	171
709.572	168.5	0	168.5
709.676	160.25	0	160.25
709.78	176.5	0	176.5
709.883	169.25	0	169.25
709.987	176.5	0	176.5
710.09	161.25	0	161.25
710.194	157.5	0	157.5
710.298	167.75	0	167.75
710.401	172.5	0	172.5
710.505	152.75	0	152.75
710.608	163	0	163
710.711	177.25	0	177.25
710.815	169.75	0	169.75
710.918	156.25	0	156.25
711.022	176.25	0	176.25
711.125	175.5	0	175.5
711.228	171.5	0	171.5
711.332	163.75	0	163.75
711.435	169	0	169
711.538	174.5	0	174.5
711.642	169.25	0	169.25
711.745	172.25	0	172.25
711.848	165.25	0	165.25
711.951	166	0	166
712.055	164.25	0	164.25
712.158	170	0	170
712.261	168	0	168
712.364	172	0	172
712.467	172	0	172
712.57	170.5	0	170.5
712.673	166	0	166
712.776	170.5	0	170.5
712.879	149	0	149
712.982	161	0	161
713.085	159.75	0	159.75
713.188	160.5	0	160.5
713.291	170.75	0	170.75
713.394	169.5	0	169.5
713.497	177	0	177
713.6	171.25	0	171.25
713.703	168.25	0	168.25
713.805	162.75	0	162.75
713.908	175.25	0	175.25
714.011	180.5	0	180.5
714.114	169	0	169
714.216	152.5	0	152.5
714.319	164.75	0	164.75
714.422	193.5	0	193.5
714.525	161.75	0	161.75
714.627	150.5	0	150.5
714.73	163.75	0	163.75
714.833	171.25	0	171.25
714.935	167.75	0	167.75
715.038	167.25	0	167.25
715.14	158.25	0	158.25
715.243	167.75	0	167.75
715.345	168.5	0	168.5
715.448	167.25	0	167.25
715.55	175	0	175
715.653	155.5	0	155.5
715.755	159.25	0	159.25
715.857	174.25	0	174.25
715.96	167	0	167
716.062	170	0	170
716.164	164.75	0	164.75
716.267	159	0	159
716.369	157	0	157
716.471	160	0	160
716.574	166.5	0	166.5
716.676	157.25	0	157.25
716.778	163.5	0	163.5
716.88	158.5	0	158.5
716.982	172.5	0	172.5
717.085	163.25	0	163.25
717.187	160.5	0	160.5
717.289	155.25	0	155.25
717.391	164.75	0	164.75
717.493	162.75	0	162.75
717.595	160	0	160
717.697	157.75	0	157.75
717.799	153	0	153
717.901	160.75	0	160.75
718.003	162.75	0	162.75
718.105	176.5	0	176.5
718.207	167.25	0	167.25
718.309	163.5	0	163.5
718.411	168.25	0	168.25
718.512	164.75	0	164.75
718.614	167.75	0	167.75
718.716	152	0	152
718.818	165.25	0	165.25
718.92	164.5	0	164.5
719.021	159.25	0	159.25
719.123	178.75	0	178.75
719.225	163	0	163
719.326	161	0	161
719.428	152.75	0	152.75
719.53	168	0	168
719.631	167.25	0	167.25
719.733	158.5	0	158.5
719.834	174.5	0	174.5
719.936	157.75	0	157.75
720.038	165	0	165
720.139	158	0	158
720.241	163.75	0	163.75
720.342	164.25	0	164.25
720.443	177.25	0	177.25
720.545	168.5	0	168.5
720.646	152	0	152
720.748	163.25	0	163.25
720.849	159.5	0	159.5
720.95	158.5	0	158.5
721.052	159.25	0	159.25
721.153	160.5	0	160.5
721.254	168.5	0	168.5
721.355	159.25	0	159.25
721.457	154.25	0	154.25
721.558	167.5	0	167.5
721.659	163.75	0	163.75
721.76	161.75	0	161.75
721.861	162.5	0	162.5
721.963	156.5	0	156.5
722.064	169.25	0	169.25
722.165	157.25	0	157.25
722.266	160.25	0	160.25
722.367	158.25	0	158.25
722.468	160.75	0	160.75
722.569	164.5	0	164.5
722.67	163.5	0	163.5
722.771	157.5	0	157.5
722.872	159.5	0	159.5
722.973	146.75	0	146.75
723.073	160.75	0	160.75
723.174	166.25	0	166.25
723.275	165.75	0	165.75
723.376	160.75	0	160.75
723.477	172.75	0	172.75
723.577	164.75	0	164.75
723.678	163	0	163
723.779	159.75	0	159.75
723.88	158.25	0	158.25
723.98	162.25	0	162.25
724.081	158.75	0	158.75
724.182	169.5	0	169.5
724.282	161.25	0	161.25
724.383	162	0	162
724.483	171	0	171
724.584	158.75	0	158.75
724.685	158.25	0	158.25
724.785	161	0	161
724.886	160	0	160
724.986	172.5	0	172.5
725.086	168.75	0	168.75
725.187	157.5	0	157.5
725.287	155.5	0	155.5
725.388	160	0	160
725.488	159.75	0	159.75
725.588	157.75	0	157.75
725.689	165.25	0	165.25
725.789	166.75	0	166.75
725.889	163	0	163
725.99	162.75	0	162.75
726.09	162.25	0	162.25
726.19	151.5	0	151.5
726.29	164.75	0	164.75
726.39	166	0	166
726.49	163.75	0	163.75
726.591	168	0	168
726.691	165.25	0	165.25
726.791	170.25	0	170.25
726.891	162.5	0	162.5
726.991	159.75	0	159.75
727.091	153	0	153
727.191	151	0	151
727.291	155	0	155
727.391	163.25	0	163.25
727.491	163.75	0	163.75
727.591	166	0	166
727.691	166.5	0	166.5
727.79	169.5	0	169.5
727.89	163.5	0	163.5
727.99	158.75	0	158.75
728.09	157	0	157
728.19	153.25	0	153.25
728.289	164.25	0	164.25
728.389	163.25	0	163.25
728.489	166.75	0	166.75
728.589	168.5	0	168.5
728.688	158.5	0	158.5
728.788	174	0	174
728.888	164.5	0	164.5
728.987	164.25	0	164.25
729.087	151.25	0	151.25
729.186	163.25	0	163.25
729.286	153.5	0	153.5
729.385	170.25	0	170.25
729.485	157	0	157
729.584	158.5	0	158.5
729.684	159	0	159
729.783	169.75	0	169.75
729.883	164	0	164
729.982	164.5	0	164.5
730.081	146.25	0	146.25
730.181	158.5	0	158.5
730.28	165.25	0	165.25
730.379	164	0	164
730.479	158.25	0	158.25
730.578	157.5	0	157.5
730.677	162.25	0	162.25
730.776	164	0	164
730.875	159	0	159
730.975	154	0	154
731.074	151.75	0	151.75
731.173	162	0	162
731.272	174.5	0	174.5
731.371	163	0	163
731.47	164	0	164
731.569	155.75	0	155.75
731.668	163.5	0	163.5
731.767	171.75	0	171.75
731.866	152.5	0	152.5
731.965	157	0	157
732.064	162.25	0	162.25
732.163	154.25	0	154.25
732.262	163.25	0	163.25
732.361	152.25	0	152.25
732.46	156	0	156
732.558	152.5	0	152.5
732.657	155	0	155
732.756	160	0	160
732.855	171.5	0	171.5
732.953	162.5	0	162.5
733.052	152.25	0	152.25
733.151	158.5	0	158.5
733.25	152	0	152
733.348	161.75	0	161.75
733.447	165.25	0	165.25
733.545	147	0	147
733.644	155.75	0	155.75
733.742	157.5	0	157.5
733.841	152.25	0	152.25
733.939	164	0	164
734.038	153.5	0	153.5
734.136	157.25	0	157.25
734.235	154.25	0	154.25
734.333	153	0	153
734.432	159.5	0	159.5
734.53	160.75	0	160.75
734.628	159.5	0	159.5
734.727	151	0	151
734.825	161.5	0	161.5
734.923	160.75	0	160.75
735.022	164.75	0	164.75
735.12	163.25	0	163.25
735.218	155.5	0	155.5
735.316	161.75	0	161.75
735.414	156.25	0	156.25
735.513	153.25	0	153.25
735.611	154	0	154
735.709	156.75	0	156.75
735.807	153.75	0	153.75
735.905	159	0	159
736.003	151.5	0	151.5
736.101	158	0	158
736.199	163.75	0	163.75
736.297	154.75	0	154.75
736.395	156.5	0	156.5
736.493	148.25	0	148.25
736.591	157	0	157
736.689	174.25	0	174.25
736.787	156.25	0	156.25
736.884	163.25	0	163.25
736.982	153.5	0	153.5
737.08	152.5	0	152.5
737.178	155	0	155
737.276	164	0	164
737.373	167.5	0	167.5
737.471	159.75	0	159.75
737.569	156.75	0	156.75
737.667	162	0	162
737.764	153	0	153
737.862	156.25	0	156.25
737.959	147.25	0	147.25
738.057	158.75	0	158.75
738.154	158.5	0	158.5
738.252	154	0	154
738.35	149	0	149
738.447	169.5	0	169.5
738.544	149.25	0	149.25
738.642	156.25	0	156.25
738.739	151	0	151
738.837	155	0	155
738.934	152.75	0	152.75
739.031	166.5	0	166.5
739.129	161	0	161
739.226	153	0	153
739.323	154.5	0	154.5
739.421	155.25	0	155.25
739.518	151.75	0	151.75
739.615	156	0	156