Lambda	Spectrum	Dark	SpecMinusDark
500.031	1571.25	0	1571.25
500.165	1695.75	0	1695.75
500.299	1864.75	0	1864.75
500.433	2002	0	2002
500.567	2110.25	0	2110.25
500.701	2174	0	2174
500.835	2220.75	0	2220.75
500.968	2144.75	0	2144.75
501.102	2076.5	0	2076.5
501.236	2041	0	2041
501.37	1955.5	0	1955.5
501.504	1811.75	0	1811.75
501.637	1771.25	0	1771.25
501.771	1670.25	0	1670.25
501.905	1642.5	0	1642.5
502.039	1574.25	0	1574.25
502.172	1549.25	0	1549.25
502.306	1499	0	1499
502.44	1455.5	0	1455.5
502.573	1446.25	0	1446.25
502.707	1496	0	1496
502.841	1413.5	0	1413.5
502.974	1466	0	1466
503.108	1423.25	0	1423.25
503.242	1409.5	0	1409.5
503.375	1460.5	0	1460.5
503.509	1432.25	0	1432.25
503.642	1397	0	1397
503.776	1398	0	1398
503.909	1400.25	0	1400.25
504.043	1470.25	0	1470.25
504.176	1564	0	1564
504.31	1620.5	0	1620.5
504.443	1828.5	0	1828.5
504.577	1972.5	0	1972.5
504.71	1940	0	1940
504.844	1795.5	0	1795.5
504.977	1735.75	0	1735.75
505.111	1672.75	0	1672.75
505.244	1571.25	0	1571.25
505.377	1535	0	1535
505.511	1519.75	0	1519.75
505.644	1471.75	0	1471.75
505.777	1499.75	0	1499.75
505.911	1441.5	0	1441.5
506.044	1445.5	0	1445.5
506.177	1413.75	0	1413.75
506.311	1435.25	0	1435.25
506.444	1424.75	0	1424.75
506.577	1446.25	0	1446.25
506.71	1407.25	0	1407.25
506.844	1376.75	0	1376.75
506.977	1393.5	0	1393.5
507.11	1365.75	0	1365.75
507.243	1365	0	1365
507.376	1378	0	1378
507.51	1377.25	0	1377.25
507.643	1387.25	0	1387.25
507.776	1377.75	0	1377.75
507.909	1401.5	0	1401.5
508.042	1423	0	1423
508.175	1373	0	1373
508.308	1370	0	1370
508.441	1346.75	0	1346.75
508.574	1380.25	0	1380.25
508.707	1385	0	1385
508.84	1340.5	0	1340.5
508.973	1347.5	0	1347.5
509.106	1366.75	0	1366.75
509.239	1343	0	1343
509.372	1368.5	0	1368.5
509.505	1369.25	0	1369.25
509.638	1389.75	0	1389.75
509.771	1388.75	0	1388.75
509.904	1350	0	1350
510.037	1337.25	0	1337.25
510.17	1335	0	1335
510.303	1359.25	0	1359.25
510.436	1351.25	0	1351.25
510.568	1355.5	0	1355.5
510.701	1366	0	1366
510.834	1378	0	1378
510.967	1383.5	0	1383.5
511.1	1330	0	1330
511.232	1373.25	0	1373.25
511.365	1378	0	1378
511.498	1372.5	0	1372.5
511.631	1379.75	0	1379.75
511.763	1387.5	0	1387.5
511.896	1415	0	1415
512.029	1365	0	1365
512.161	1391.25	0	1391.25
512.294	1408.75	0	1408.75
512.427	1407.25	0	1407.25
512.559	1376	0	1376
512.692	1400.5	0	1400.5
512.825	1386.5	0	1386.5
512.957	1413.25	0	1413.25
513.09	1410	0	1410
513.222	1419.5	0	1419.5
513.355	1414.75	0	1414.75
513.487	1429.25	0	1429.25
513.62	1435.5	0	1435.5
513.752	1433.5	0	1433.5
513.885	1388.75	0	1388.75
514.017	1487.75	0	1487.75
514.15	1433.5	0	1433.5
514.282	1416.25	0	1416.25
514.415	1445.25	0	1445.25
514.547	1474.25	0	1474.25
514.68	1479.25	0	1479.25
514.812	1481.25	0	1481.25
514.944	1491	0	1491
515.077	1465	0	1465
515.209	1542	0	1542
515.341	1517.5	0	1517.5
515.474	1533.5	0	1533.5
515.606	1523.5	0	1523.5
515.738	1510	0	1510
515.871	1552.5	0	1552.5
516.003	1577.25	0	1577.25
516.135	1589.75	0	1589.75
516.267	1570.25	0	1570.25
516.4	1610.5	0	1610.5
516.532	1669.75	0	1669.75
516.664	1688.5	0	1688.5
516.796	1669.25	0	1669.25
516.928	1701.5	0	1701.5
517.06	1744.75	0	1744.75
517.193	1827.25	0	1827.25
517.325	1875.25	0	1875.25
517.457	1882	0	1882
517.589	2002.75	0	2002.75
517.721	2052.75	0	2052.75
517.853	2096.5	0	2096.5
517.985	2075.5	0	2075.5
518.117	2114.5	0	2114.5
518.249	2172.25	0	2172.25
518.381	2194.25	0	2194.25
518.513	2152.25	0	2152.25
518.645	2149.25	0	2149.25
518.777	2154.75	0	2154.75
518.909	2317	0	2317
519.041	2476	0	2476
519.173	2768	0	2768
519.305	2988	0	2988
519.437	2858.75	0	2858.75
519.569	2293	0	2293
519.701	2137	0	2137
519.832	1966.5	0	1966.5
519.964	1872.5	0	1872.5
520.096	1836.75	0	1836.75
520.228	1820	0	1820
520.36	1772	0	1772
520.491	1771.25	0	1771.25
520.623	1707.25	0	1707.25
520.755	1728.25	0	1728.25
520.887	1704.5	0	1704.5
521.018	1687.5	0	1687.5
521.15	1707	0	1707
521.282	1717	0	1717
521.414	1713	0	1713
521.545	1682.75	0	1682.75
521.677	1664.25	0	1664.25
521.808	1652.5	0	1652.5
521.94	1635.5	0	1635.5
522.072	1642	0	1642
522.203	1651.75	0	1651.75
522.335	1633	0	1633
522.466	1633.75	0	1633.75
522.598	1591.75	0	1591.75
522.729	1658.5	0	1658.5
522.861	1627.25	0	1627.25
522.993	1604	0	1604
523.124	1616.25	0	1616.25
523.256	1660.25	0	1660.25
523.387	1625.25	0	1625.25
523.518	1628.5	0	1628.5
523.65	1645.5	0	1645.5
523.781	1656	0	1656
523.913	1688	0	1688
524.044	1629.5	0	1629.5
524.176	1740.25	0	1740.25
524.307	1644.25	0	1644.25
524.438	1698	0	1698
524.57	1728.5	0	1728.5
524.701	1732.25	0	1732.25
524.832	1728.5	0	1728.5
524.964	1739.5	0	1739.5
525.095	1779.5	0	1779.5
525.226	1814.25	0	1814.25
525.357	1859	0	1859
525.489	1863.75	0	1863.75
525.62	1904.25	0	1904.25
525.751	1987.25	0	1987.25
525.882	2103	0	2103
526.013	2221	0	2221
526.145	2462.75	0	2462.75
526.276	2946.5	0	2946.5
526.407	3955	0	3955
526.538	5486	0	5486
526.669	7497.5	0	7497.5
526.8	7681.25	0	7681.25
526.931	8181.75	0	8181.75
527.062	8224.5	0	8224.5
527.193	6688.5	0	6688.5
527.324	7285.25	0	7285.25
527.455	8965	0	8965
527.586	8205.75	0	8205.75
527.717	4994.25	0	4994.25
527.848	3709.75	0	3709.75
527.979	3117	0	3117
528.11	2796	0	2796
528.241	2593.25	0	2593.25
528.372	2444.5	0	2444.5
528.503	2270.75	0	2270.75
528.634	2157.5	0	2157.5
528.765	2064	0	2064
528.896	2014.5	0	2014.5
529.026	1985.25	0	1985.25
529.157	1927.25	0	1927.25
529.288	1880.75	0	1880.75
529.419	1855	0	1855
529.55	1849.75	0	1849.75
529.681	1811.5	0	1811.5
529.811	1752	0	1752
529.942	1741.75	0	1741.75
530.073	1710	0	1710
530.203	1701.25	0	1701.25
530.334	1682.25	0	1682.25
530.465	1684.5	0	1684.5
530.596	1673.75	0	1673.75
530.726	1655	0	1655
530.857	1681	0	1681
530.987	1621.5	0	1621.5
531.118	1637.25	0	1637.25
531.249	1640.25	0	1640.25
531.379	1664	0	1664
531.51	1638	0	1638
531.64	1605.25	0	1605.25
531.771	1611.5	0	1611.5
531.901	1616	0	1616
532.032	1611.5	0	1611.5
532.163	1584.5	0	1584.5
532.293	1596.5	0	1596.5
532.423	1588.25	0	1588.25
532.554	1579.5	0	1579.5
532.684	1615.75	0	1615.75
532.815	1598.75	0	1598.75
532.945	1605.25	0	1605.25
533.076	1596.5	0	1596.5
533.206	1607.25	0	1607.25
533.336	1598.25	0	1598.25
533.467	1544.25	0	1544.25
533.597	1557.5	0	1557.5
533.727	1586.25	0	1586.25
533.858	1536.5	0	1536.5
533.988	1581.5	0	1581.5
534.118	1582.5	0	1582.5
534.248	1618.25	0	1618.25
534.379	1610.5	0	1610.5
534.509	1640.75	0	1640.75
534.639	1667.25	0	1667.25
534.769	1699.75	0	1699.75
534.9	1794	0	1794
535.03	2002.75	0	2002.75
535.16	2522.25	0	2522.25
535.29	3287	0	3287
535.42	4178.75	0	4178.75
535.55	3067.5	0	3067.5
535.68	2215.25	0	2215.25
535.81	1910	0	1910
535.94	1791.5	0	1791.5
536.071	1734.25	0	1734.25
536.201	1681.75	0	1681.75
536.331	1611	0	1611
536.461	1565	0	1565
536.591	1596.75	0	1596.75
536.721	1539	0	1539
536.851	1523.75	0	1523.75
536.981	1516	0	1516
537.11	1578	0	1578
537.24	1522.75	0	1522.75
537.37	1516.5	0	1516.5
537.5	1472.75	0	1472.75
537.63	1494.5	0	1494.5
537.76	1480	0	1480
537.89	1502.25	0	1502.25
538.02	1478.25	0	1478.25
538.149	1494.75	0	1494.75
538.279	1498.75	0	1498.75
538.409	1470	0	1470
538.539	1453.5	0	1453.5
538.669	1455	0	1455
538.798	1389.75	0	1389.75
538.928	1484.75	0	1484.75
539.058	1451	0	1451
539.187	1439.25	0	1439.25
539.317	1407.5	0	1407.5
539.447	1422.75	0	1422.75
539.576	1449.75	0	1449.75
539.706	1434	0	1434
539.836	1433	0	1433
539.965	1473.75	0	1473.75
540.095	1436.75	0	1436.75
540.225	1451.25	0	1451.25
540.354	1463	0	1463
540.484	1438.5	0	1438.5
540.613	1450.25	0	1450.25
540.743	1428.25	0	1428.25
540.872	1418	0	1418
541.002	1444	0	1444
541.131	1406.25	0	1406.25
541.261	1426.5	0	1426.5
541.39	1421.5	0	1421.5
541.52	1431	0	1431
541.649	1425	0	1425
541.778	1417.5	0	1417.5
541.908	1428.75	0	1428.75
542.037	1411.25	0	1411.25
542.167	1398.5	0	1398.5
542.296	1423	0	1423
542.425	1418.25	0	1418.25
542.554	1422.25	0	1422.25
542.684	1376	0	1376
542.813	1463.75	0	1463.75
542.942	1397	0	1397
543.072	1434.5	0	1434.5
543.201	1431	0	1431
543.33	1441.5	0	1441.5
543.459	1399.75	0	1399.75
543.588	1378.5	0	1378.5
543.718	1438.25	0	1438.25
543.847	1439.5	0	1439.5
543.976	1408.75	0	1408.75
544.105	1438.25	0	1438.25
544.234	1440.25	0	1440.25
544.363	1433.5	0	1433.5
544.492	1440.25	0	1440.25
544.621	1489.75	0	1489.75
544.75	1446	0	1446
544.88	1417.5	0	1417.5
545.009	1431.75	0	1431.75
545.138	1458	0	1458
545.266	1432.75	0	1432.75
545.396	1484	0	1484
545.525	1482.75	0	1482.75
545.653	1511.25	0	1511.25
545.782	1511.5	0	1511.5
545.911	1485.25	0	1485.25
546.04	1533	0	1533
546.169	1475.25	0	1475.25
546.298	1538.5	0	1538.5
546.427	1537.25	0	1537.25
546.556	1587	0	1587
546.685	1572.5	0	1572.5
546.813	1597.5	0	1597.5
546.942	1585.75	0	1585.75
547.071	1572	0	1572
547.2	1621.5	0	1621.5
547.328	1702.75	0	1702.75
547.457	1663.25	0	1663.25
547.586	1834.25	0	1834.25
547.715	1887	0	1887
547.843	1968.75	0	1968.75
547.972	2004.75	0	2004.75
548.101	2007.5	0	2007.5
548.229	1978	0	1978
548.358	2031	0	2031
548.487	2087.25	0	2087.25
548.615	2143.25	0	2143.25
548.744	2174.25	0	2174.25
548.872	2162.5	0	2162.5
549.001	2122	0	2122
549.129	2163	0	2163
549.258	2166.5	0	2166.5
549.387	2193.5	0	2193.5
549.515	2159.75	0	2159.75
549.643	2201	0	2201
549.772	2325	0	2325
549.9	2331.25	0	2331.25
550.029	2397.75	0	2397.75
550.157	2489.75	0	2489.75
550.286	2563.5	0	2563.5
550.414	2547	0	2547
550.542	2521	0	2521
550.671	2497.25	0	2497.25
550.799	2493.25	0	2493.25
550.927	2604.25	0	2604.25
551.056	2834	0	2834
551.184	2927	0	2927
551.312	3001	0	3001
551.441	3130.5	0	3130.5
551.569	3165.5	0	3165.5
551.697	3246	0	3246
551.825	3209.5	0	3209.5
551.953	3036.5	0	3036.5
552.082	2935.75	0	2935.75
552.21	2911.25	0	2911.25
552.338	2914	0	2914
552.466	2898.25	0	2898.25
552.594	2857.25	0	2857.25
552.722	2864.25	0	2864.25
552.851	2841	0	2841
552.979	2887	0	2887
553.107	2887	0	2887
553.235	2965	0	2965
553.363	2950	0	2950
553.491	2947	0	2947
553.619	2931.5	0	2931.5
553.747	2981.5	0	2981.5
553.875	3135.5	0	3135.5
554.003	3115.5	0	3115.5
554.131	3147.5	0	3147.5
554.259	3152.25	0	3152.25
554.387	3132.25	0	3132.25
554.514	3166.75	0	3166.75
554.642	3128.75	0	3128.75
554.77	3061.75	0	3061.75
554.898	3087	0	3087
555.026	3026	0	3026
555.154	3095.25	0	3095.25
555.281	3032.25	0	3032.25
555.409	3050.75	0	3050.75
555.537	2972.5	0	2972.5
555.665	2939.5	0	2939.5
555.793	2921.5	0	2921.5
555.92	2886.5	0	2886.5
556.048	2779.75	0	2779.75
556.176	2723.75	0	2723.75
556.303	2751.75	0	2751.75
556.431	2643.25	0	2643.25
556.559	2657.25	0	2657.25
556.686	2644.25	0	2644.25
556.814	2581.75	0	2581.75
556.942	2641.75	0	2641.75
557.069	2553	0	2553
557.197	2546	0	2546
557.324	2526.5	0	2526.5
557.452	2559.25	0	2559.25
557.579	2520.25	0	2520.25
557.707	2517	0	2517
557.835	2497	0	2497
557.962	2526.25	0	2526.25
558.089	2591.5	0	2591.5
558.217	2745	0	2745
558.344	2996	0	2996
558.472	3709	0	3709
558.599	4804.5	0	4804.5
558.727	5333.75	0	5333.75
558.854	4372.5	0	4372.5
558.981	4940.5	0	4940.5
559.109	7139.5	0	7139.5
559.236	10892.2	0	10892.2
559.363	14579.2	0	14579.2
559.491	11553.2	0	11553.2
559.618	8679.25	0	8679.25
559.745	8899.25	0	8899.25
559.872	10967.5	0	10967.5
560	10841	0	10841
560.127	8637.5	0	8637.5
560.254	9370.5	0	9370.5
560.381	9891.5	0	9891.5
560.508	8088.25	0	8088.25
560.636	8242.5	0	8242.5
560.763	7177.75	0	7177.75
560.89	5165.25	0	5165.25
561.017	3961.75	0	3961.75
561.144	3473.5	0	3473.5
561.271	3157.25	0	3157.25
561.398	2926.25	0	2926.25
561.525	2786	0	2786
561.652	2577.25	0	2577.25
561.779	2496.75	0	2496.75
561.906	2409.5	0	2409.5
562.033	2321	0	2321
562.16	2242	0	2242
562.287	2218	0	2218
562.414	2143.75	0	2143.75
562.541	2131.75	0	2131.75
562.668	2067	0	2067
562.795	2030.5	0	2030.5
562.922	2039	0	2039
563.049	1936.75	0	1936.75
563.175	1924.25	0	1924.25
563.302	1891	0	1891
563.429	1899.75	0	1899.75
563.556	1815.5	0	1815.5
563.683	1882.75	0	1882.75
563.809	1847.5	0	1847.5
563.936	1778.5	0	1778.5
564.063	1833.75	0	1833.75
564.19	1817.25	0	1817.25
564.316	1738.25	0	1738.25
564.443	1764.75	0	1764.75
564.57	1761.25	0	1761.25
564.696	1804.25	0	1804.25
564.823	1727.5	0	1727.5
564.95	1771	0	1771
565.076	1768.25	0	1768.25
565.203	1755	0	1755
565.33	1762	0	1762
565.456	1757.75	0	1757.75
565.583	1784.5	0	1784.5
565.709	1795	0	1795
565.836	1796	0	1796
565.962	1817	0	1817
566.089	1799.75	0	1799.75
566.215	1829.75	0	1829.75
566.341	1868	0	1868
566.468	1896	0	1896
566.594	1925.5	0	1925.5
566.721	1997.75	0	1997.75
566.847	2076.75	0	2076.75
566.974	2087	0	2087
567.1	2100	0	2100
567.226	2127.75	0	2127.75
567.353	2132.75	0	2132.75
567.479	2186.75	0	2186.75
567.605	2188.5	0	2188.5
567.732	2221.5	0	2221.5
567.858	2299.75	0	2299.75
567.984	2385.25	0	2385.25
568.11	2359.75	0	2359.75
568.236	2440.25	0	2440.25
568.363	2372.25	0	2372.25
568.489	2242.75	0	2242.75
568.615	2202	0	2202
568.741	2068.25	0	2068.25
568.867	2025	0	2025
568.993	1973	0	1973
569.12	1840.75	0	1840.75
569.246	1823	0	1823
569.372	1765.5	0	1765.5
569.498	1737	0	1737
569.624	1721	0	1721
569.75	1696.25	0	1696.25
569.876	1657	0	1657
570.002	1603.75	0	1603.75
570.128	1608	0	1608
570.254	1592	0	1592
570.38	1598.5	0	1598.5
570.506	1539.5	0	1539.5
570.632	1560.75	0	1560.75
570.758	1528	0	1528
570.883	1574.5	0	1574.5
571.009	1601.25	0	1601.25
571.135	1578.75	0	1578.75
571.261	1549.75	0	1549.75
571.387	1595.5	0	1595.5
571.513	1579.75	0	1579.75
571.638	1571	0	1571
571.764	1535.75	0	1535.75
571.89	1523.25	0	1523.25
572.016	1522.75	0	1522.75
572.141	1534.25	0	1534.25
572.267	1466	0	1466
572.393	1507.75	0	1507.75
572.518	1500	0	1500
572.644	1482.75	0	1482.75
572.77	1454	0	1454
572.895	1462.5	0	1462.5
573.021	1457.75	0	1457.75
573.147	1458.5	0	1458.5
573.272	1475.25	0	1475.25
573.398	1441	0	1441
573.523	1425.25	0	1425.25
573.649	1433.75	0	1433.75
573.774	1483.25	0	1483.25
573.9	1466	0	1466
574.025	1463.5	0	1463.5
574.151	1447	0	1447
574.276	1462.75	0	1462.75
574.402	1426	0	1426
574.527	1441.5	0	1441.5
574.652	1407.25	0	1407.25
574.778	1406	0	1406
574.903	1395.25	0	1395.25
575.029	1435.5	0	1435.5
575.154	1394.75	0	1394.75
575.279	1419.5	0	1419.5
575.405	1369	0	1369
575.53	1402	0	1402
575.655	1325.25	0	1325.25
575.78	1347.75	0	1347.75
575.906	1362.25	0	1362.25
576.031	1288	0	1288
576.156	1313	0	1313
576.281	1306	0	1306
576.406	1320.25	0	1320.25
576.532	1277.5	0	1277.5
576.657	1315.5	0	1315.5
576.782	1317.5	0	1317.5
576.907	1307.5	0	1307.5
577.032	1271	0	1271
577.157	1304.25	0	1304.25
577.282	1313.25	0	1313.25
577.407	1304.25	0	1304.25
577.532	1277.75	0	1277.75
577.657	1257	0	1257
577.782	1239	0	1239
577.907	1256	0	1256
578.032	1235	0	1235
578.157	1248.25	0	1248.25
578.282	1227	0	1227
578.407	1261	0	1261
578.532	1241	0	1241
578.657	1250.5	0	1250.5
578.782	1218.5	0	1218.5
578.907	1226	0	1226
579.031	1229.5	0	1229.5
579.156	1225.5	0	1225.5
579.281	1268.25	0	1268.25
579.406	1220.25	0	1220.25
579.531	1231	0	1231
579.655	1213.75	0	1213.75
579.78	1207.25	0	1207.25
579.905	1225	0	1225
580.03	1227	0	1227
580.154	1200.5	0	1200.5
580.279	1207.25	0	1207.25
580.404	1220.5	0	1220.5
580.528	1194.5	0	1194.5
580.653	1220	0	1220
580.778	1234.75	0	1234.75
580.902	1181.5	0	1181.5
581.027	1231.75	0	1231.75
581.151	1235.75	0	1235.75
581.276	1228.5	0	1228.5
581.4	1219.25	0	1219.25
581.525	1227.25	0	1227.25
581.649	1219.75	0	1219.75
581.774	1220.75	0	1220.75
581.898	1198.75	0	1198.75
582.023	1231.5	0	1231.5
582.147	1209	0	1209
582.272	1197.25	0	1197.25
582.396	1248.25	0	1248.25
582.52	1231.75	0	1231.75
582.645	1198.75	0	1198.75
582.769	1217	0	1217
582.893	1269	0	1269
583.018	1252.5	0	1252.5
583.142	1252.25	0	1252.25
583.266	1255.75	0	1255.75
583.391	1226.5	0	1226.5
583.515	1284.5	0	1284.5
583.639	1251.75	0	1251.75
583.763	1261	0	1261
583.888	1232.75	0	1232.75
584.012	1257.75	0	1257.75
584.136	1242.25	0	1242.25
584.26	1238.25	0	1238.25
584.384	1261.5	0	1261.5
584.508	1261.25	0	1261.25
584.632	1282.25	0	1282.25
584.757	1318.5	0	1318.5
584.881	1294	0	1294
585.005	1338.25	0	1338.25
585.129	1372	0	1372
585.253	1430	0	1430
585.377	1436.25	0	1436.25
585.501	1514.5	0	1514.5
585.625	1588	0	1588
585.749	1786.5	0	1786.5
585.873	2061.5	0	2061.5
585.997	2960	0	2960
586.12	4489.75	0	4489.75
586.244	5790	0	5790
586.368	4548.75	0	4548.75
586.492	3264.25	0	3264.25
586.616	2685.5	0	2685.5
586.74	2315.75	0	2315.75
586.864	2158.5	0	2158.5
586.987	1951.25	0	1951.25
587.111	1798.5	0	1798.5
587.235	1751.75	0	1751.75
587.359	1724.75	0	1724.75
587.482	1638.75	0	1638.75
587.606	1581.5	0	1581.5
587.73	1550.75	0	1550.75
587.854	1540.25	0	1540.25
587.977	1495.75	0	1495.75
588.101	1510.75	0	1510.75
588.224	1457.25	0	1457.25
588.348	1445.75	0	1445.75
588.472	1401	0	1401
588.595	1407.75	0	1407.75
588.719	1374.75	0	1374.75
588.842	1393.5	0	1393.5
588.966	1402.25	0	1402.25
589.089	1399	0	1399
589.213	1413.25	0	1413.25
589.336	1541.25	0	1541.25
589.46	1650.75	0	1650.75
589.583	1497	0	1497
589.707	1386	0	1386
589.83	1441.5	0	1441.5
589.954	1479.5	0	1479.5
590.077	1511.25	0	1511.25
590.2	1382.5	0	1382.5
590.324	1357.5	0	1357.5
590.447	1373.75	0	1373.75
590.57	1366.25	0	1366.25
590.694	1345.5	0	1345.5
590.817	1367.75	0	1367.75
590.94	1336.75	0	1336.75
591.063	1350.75	0	1350.75
591.187	1371	0	1371
591.31	1363.25	0	1363.25
591.433	1440.75	0	1440.75
591.556	1430.25	0	1430.25
591.679	1410.25	0	1410.25
591.803	1430	0	1430
591.926	1408	0	1408
592.049	1408.75	0	1408.75
592.172	1439	0	1439
592.295	1469.5	0	1469.5
592.418	1492.5	0	1492.5
592.541	1518.5	0	1518.5
592.664	1521.25	0	1521.25
592.787	1563.5	0	1563.5
592.91	1532.75	0	1532.75
593.033	1605.75	0	1605.75
593.156	1650.25	0	1650.25
593.279	1673	0	1673
593.402	1667.75	0	1667.75
593.525	1717.75	0	1717.75
593.648	1684.25	0	1684.25
593.771	1710.5	0	1710.5
593.894	1732	0	1732
594.016	1727.25	0	1727.25
594.139	1796.75	0	1796.75
594.262	1753.5	0	1753.5
594.385	1791.75	0	1791.75
594.508	1786	0	1786
594.63	1826.5	0	1826.5
594.753	1784.25	0	1784.25
594.876	1814.75	0	1814.75
594.999	1796.25	0	1796.25
595.121	1791.5	0	1791.5
595.244	1823.25	0	1823.25
595.367	1798	0	1798
595.489	1804.75	0	1804.75
595.612	1820.5	0	1820.5
595.735	1815.25	0	1815.25
595.857	1855	0	1855
595.98	1836	0	1836
596.102	1862.75	0	1862.75
596.225	1870.25	0	1870.25
596.347	1882.5	0	1882.5
596.47	1874.5	0	1874.5
596.592	1925	0	1925
596.715	1930.75	0	1930.75
596.837	1957.5	0	1957.5
596.96	1999.25	0	1999.25
597.082	2025.25	0	2025.25
597.205	2090	0	2090
597.327	2114.75	0	2114.75
597.449	2112.25	0	2112.25
597.572	2099	0	2099
597.694	2105	0	2105
597.816	2120	0	2120
597.939	2067.25	0	2067.25
598.061	2094.5	0	2094.5
598.183	2108.5	0	2108.5
598.306	2050	0	2050
598.428	2039.5	0	2039.5
598.55	2058	0	2058
598.672	2126.25	0	2126.25
598.795	2292.25	0	2292.25
598.917	2305.5	0	2305.5
599.039	2231.25	0	2231.25
599.161	2154.5	0	2154.5
599.283	2248.5	0	2248.5
599.405	2204.5	0	2204.5
599.527	2266.75	0	2266.75
599.65	2273.5	0	2273.5
599.772	2217.25	0	2217.25
599.894	2254.25	0	2254.25
600.016	2164.25	0	2164.25
600.138	2157.75	0	2157.75
600.26	2103.75	0	2103.75
600.382	2090	0	2090
600.504	2102.5	0	2102.5
600.625	2180.5	0	2180.5
600.747	2235.25	0	2235.25
600.869	2352.25	0	2352.25
600.991	2310.5	0	2310.5
601.113	2229.75	0	2229.75
601.235	2092.25	0	2092.25
601.357	1965.5	0	1965.5
601.479	1946	0	1946
601.6	1946.25	0	1946.25
601.722	1936.75	0	1936.75
601.844	1926	0	1926
601.966	1967.75	0	1967.75
602.087	1973	0	1973
602.209	1991.5	0	1991.5
602.331	2014.75	0	2014.75
602.453	2005	0	2005
602.574	2021.25	0	2021.25
602.696	2026	0	2026
602.818	2030.25	0	2030.25
602.939	2091.25	0	2091.25
603.061	2103.5	0	2103.5
603.182	2103.5	0	2103.5
603.304	2163.5	0	2163.5
603.426	2159.5	0	2159.5
603.547	2175	0	2175
603.669	2118.75	0	2118.75
603.79	2152.25	0	2152.25
603.912	2203.75	0	2203.75
604.033	2229.75	0	2229.75
604.154	2195	0	2195
604.276	2181.75	0	2181.75
604.397	2262.5	0	2262.5
604.519	2302.75	0	2302.75
604.64	2375.25	0	2375.25
604.761	2357	0	2357
604.883	2412.25	0	2412.25
605.004	2426.75	0	2426.75
605.125	2453.75	0	2453.75
605.247	2475	0	2475
605.368	2438	0	2438
605.489	2519.5	0	2519.5
605.611	2536.75	0	2536.75
605.732	2575.25	0	2575.25
605.853	2605	0	2605
605.974	2635	0	2635
606.095	2719.75	0	2719.75
606.216	2772.25	0	2772.25
606.338	2757.5	0	2757.5
606.459	2827	0	2827
606.58	2736	0	2736
606.701	2703.75	0	2703.75
606.822	2694.5	0	2694.5
606.943	2715.75	0	2715.75
607.064	2780.5	0	2780.5
607.185	2769	0	2769
607.306	2631.25	0	2631.25
607.427	2513.25	0	2513.25
607.548	2457.25	0	2457.25
607.669	2520.25	0	2520.25
607.79	2614	0	2614
607.911	2566.5	0	2566.5
608.032	2510	0	2510
608.153	2459.5	0	2459.5
608.274	2403	0	2403
608.394	2501.5	0	2501.5
608.515	2499.25	0	2499.25
608.636	2512	0	2512
608.757	2629.25	0	2629.25
608.878	2625.5	0	2625.5
608.998	2598.25	0	2598.25
609.119	2696	0	2696
609.24	2785.5	0	2785.5
609.361	2754.5	0	2754.5
609.481	2720.25	0	2720.25
609.602	2712	0	2712
609.723	2664.5	0	2664.5
609.843	2688.25	0	2688.25
609.964	2775.25	0	2775.25
610.085	3056	0	3056
610.205	3083.5	0	3083.5
610.326	3012.75	0	3012.75
610.446	3128.5	0	3128.5
610.567	3876	0	3876
610.687	5394.5	0	5394.5
610.808	5793.25	0	5793.25
610.928	4199.25	0	4199.25
611.049	3491.25	0	3491.25
611.169	3252	0	3252
611.29	3269.75	0	3269.75
611.41	3219	0	3219
611.531	3190	0	3190
611.651	3221.5	0	3221.5
611.771	3230.5	0	3230.5
611.892	3291.75	0	3291.75
612.012	3418	0	3418
612.132	3458.5	0	3458.5
612.253	3692.25	0	3692.25
612.373	4097.75	0	4097.75
612.493	5620.75	0	5620.75
612.613	8330.5	0	8330.5
612.734	10053.2	0	10053.2
612.854	7188	0	7188
612.974	5573.25	0	5573.25
613.094	4834.25	0	4834.25
613.214	4403.25	0	4403.25
613.335	4128.5	0	4128.5
613.455	3892	0	3892
613.575	3684.5	0	3684.5
613.695	3486	0	3486
613.815	3461.5	0	3461.5
613.935	3450.25	0	3450.25
614.055	3424.5	0	3424.5
614.175	3390.75	0	3390.75
614.295	3365.5	0	3365.5
614.415	3338.25	0	3338.25
614.535	3485	0	3485
614.655	3392.25	0	3392.25
614.775	3407.75	0	3407.75
614.895	3372.25	0	3372.25
615.015	3346	0	3346
615.135	3417.5	0	3417.5
615.254	3399	0	3399
615.374	3319.25	0	3319.25
615.494	3312	0	3312
615.614	3341	0	3341
615.734	3447.75	0	3447.75
615.854	3440.5	0	3440.5
615.973	3661	0	3661
616.093	3699.5	0	3699.5
616.213	4096	0	4096
616.332	4612.25	0	4612.25
616.452	5948.25	0	5948.25
616.572	8894	0	8894
616.691	12390.2	0	12390.2
616.811	10045.5	0	10045.5
616.931	7415	0	7415
617.05	6283	0	6283
617.17	6129	0	6129
617.289	6258	0	6258
617.409	6822.25	0	6822.25
617.529	6109.5	0	6109.5
617.648	5231.5	0	5231.5
617.768	4704.5	0	4704.5
617.887	4354.5	0	4354.5
618.006	4146.5	0	4146.5
618.126	3871.25	0	3871.25
618.245	3855.75	0	3855.75
618.365	3688.25	0	3688.25
618.484	3676.25	0	3676.25
618.604	3597.75	0	3597.75
618.723	3519.5	0	3519.5
618.842	3464.25	0	3464.25
618.962	3358.5	0	3358.5
619.081	3304	0	3304
619.2	3200.75	0	3200.75
619.319	3208.75	0	3208.75
619.439	3122	0	3122
619.558	3103.75	0	3103.75
619.677	3134.5	0	3134.5
619.796	3145.25	0	3145.25
619.916	3048.75	0	3048.75
620.035	3054.5	0	3054.5
620.154	3023.25	0	3023.25
620.273	3023.25	0	3023.25
620.392	3037	0	3037
620.511	3055.75	0	3055.75
620.63	2973.75	0	2973.75
620.749	3005	0	3005
620.868	2965.5	0	2965.5
620.987	2993	0	2993
621.106	3098.75	0	3098.75
621.225	3000.75	0	3000.75
621.344	2952	0	2952
621.463	3030.75	0	3030.75
621.582	2990.5	0	2990.5
621.701	2926.25	0	2926.25
621.82	2904.25	0	2904.25
621.939	2849.5	0	2849.5
622.058	2897.75	0	2897.75
622.177	2909.75	0	2909.75
622.295	2879.5	0	2879.5
622.414	2914.5	0	2914.5
622.533	2905.75	0	2905.75
622.652	2867.75	0	2867.75
622.771	2902.75	0	2902.75
622.889	2934.25	0	2934.25
623.008	2943.25	0	2943.25
623.127	2843.25	0	2843.25
623.245	2900.25	0	2900.25
623.364	2804.75	0	2804.75
623.483	2847.5	0	2847.5
623.601	2887	0	2887
623.72	2905	0	2905
623.839	2768.5	0	2768.5
623.957	2865.75	0	2865.75
624.076	2772.75	0	2772.75
624.194	2717.5	0	2717.5
624.313	2699.5	0	2699.5
624.431	2685.25	0	2685.25
624.55	2640.75	0	2640.75
624.668	2628.25	0	2628.25
624.787	2691.25	0	2691.25
624.905	2680.75	0	2680.75
625.024	2684.5	0	2684.5
625.142	2738.75	0	2738.75
625.26	2729.5	0	2729.5
625.379	2632.5	0	2632.5
625.497	2586.25	0	2586.25
625.615	2609.25	0	2609.25
625.734	2615.25	0	2615.25
625.852	2495.75	0	2495.75
625.97	2565.25	0	2565.25
626.089	2580	0	2580
626.207	2526.5	0	2526.5
626.325	2487	0	2487
626.443	2410.75	0	2410.75
626.561	2434	0	2434
626.68	2312	0	2312
626.798	2245.75	0	2245.75
626.916	2168.5	0	2168.5
627.034	2184.25	0	2184.25
627.152	2127.5	0	2127.5
627.27	2118	0	2118
627.388	2029.75	0	2029.75
627.506	2089.75	0	2089.75
627.624	2048	0	2048
627.742	1986.25	0	1986.25
627.86	1953.5	0	1953.5
627.978	1974.75	0	1974.75
628.096	1947.25	0	1947.25
628.214	1918	0	1918
628.332	1906	0	1906
628.45	1886.25	0	1886.25
628.568	1839.75	0	1839.75
628.686	1770.5	0	1770.5
628.804	1718.5	0	1718.5
628.921	1669.5	0	1669.5
629.039	1682	0	1682
629.157	1683.25	0	1683.25
629.275	1575.75	0	1575.75
629.393	1601.75	0	1601.75
629.51	1568.25	0	1568.25
629.628	1566.5	0	1566.5
629.746	1523.5	0	1523.5
629.864	1521.25	0	1521.25
629.981	1516.25	0	1516.25
630.099	1482.5	0	1482.5
630.216	1478.75	0	1478.75
630.334	1489.25	0	1489.25
630.452	1451.5	0	1451.5
630.569	1427	0	1427
630.687	1436.75	0	1436.75
630.804	1423.25	0	1423.25
630.922	1390	0	1390
631.039	1380.75	0	1380.75
631.157	1423	0	1423
631.274	1424.25	0	1424.25
631.392	1419	0	1419
631.509	1387.5	0	1387.5
631.627	1421.25	0	1421.25
631.744	1397	0	1397
631.861	1424.5	0	1424.5
631.979	1387	0	1387
632.096	1437.75	0	1437.75
632.213	1459.5	0	1459.5
632.331	1459.5	0	1459.5
632.448	1400.75	0	1400.75
632.565	1391	0	1391
632.683	1375.75	0	1375.75
632.8	1368.25	0	1368.25
632.917	1388.75	0	1388.75
633.034	1417.75	0	1417.75
633.151	1377	0	1377
633.269	1400.25	0	1400.25
633.386	1362	0	1362
633.503	1355.75	0	1355.75
633.62	1383.75	0	1383.75
633.737	1399.5	0	1399.5
633.854	1367.5	0	1367.5
633.971	1415	0	1415
634.088	1469.25	0	1469.25
634.205	1438.75	0	1438.75
634.322	1503.75	0	1503.75
634.439	1440.75	0	1440.75
634.556	1524.5	0	1524.5
634.673	1501	0	1501
634.79	1563.75	0	1563.75
634.907	1517.25	0	1517.25
635.024	1491.75	0	1491.75
635.141	1485.25	0	1485.25
635.258	1450.5	0	1450.5
635.375	1488.25	0	1488.25
635.491	1477	0	1477
635.608	1480.75	0	1480.75
635.725	1484.5	0	1484.5
635.842	1489.25	0	1489.25
635.958	1502	0	1502
636.075	1497	0	1497
636.192	1529.25	0	1529.25
636.309	1587.25	0	1587.25
636.425	1553.5	0	1553.5
636.542	1641	0	1641
636.659	1608	0	1608
636.775	1598.5	0	1598.5
636.892	1531	0	1531
637.008	1516.25	0	1516.25
637.125	1437.5	0	1437.5
637.241	1475	0	1475
637.358	1482.75	0	1482.75
637.475	1456	0	1456
637.591	1441	0	1441
637.707	1391.25	0	1391.25
637.824	1414	0	1414
637.94	1400.25	0	1400.25
638.057	1382.5	0	1382.5
638.173	1370.5	0	1370.5
638.29	1383	0	1383
638.406	1354.5	0	1354.5
638.522	1372	0	1372
638.639	1351.25	0	1351.25
638.755	1403.75	0	1403.75
638.871	1368.5	0	1368.5
638.987	1390.25	0	1390.25
639.104	1366.5	0	1366.5
639.22	1348.5	0	1348.5
639.336	1350.75	0	1350.75
639.452	1365.75	0	1365.75
639.569	1304.5	0	1304.5
639.685	1338.75	0	1338.75
639.801	1349.75	0	1349.75
639.917	1360.25	0	1360.25
640.033	1381.25	0	1381.25
640.149	1384.75	0	1384.75
640.265	1375.25	0	1375.25
640.381	1346.75	0	1346.75
640.497	1307.5	0	1307.5
640.613	1356	0	1356
640.729	1310.25	0	1310.25
640.845	1360.5	0	1360.5
640.961	1417.75	0	1417.75
641.077	1422.25	0	1422.25
641.193	1441.5	0	1441.5
641.309	1459.5	0	1459.5
641.425	1403.25	0	1403.25
641.541	1447.75	0	1447.75
641.657	1451.5	0	1451.5
641.773	1412.75	0	1412.75
641.888	1424.25	0	1424.25
642.004	1419.5	0	1419.5
642.12	1446.75	0	1446.75
642.236	1451.75	0	1451.75
642.352	1478.75	0	1478.75
642.467	1476	0	1476
642.583	1470.25	0	1470.25
642.699	1477.75	0	1477.75
642.814	1479.75	0	1479.75
642.93	1474.25	0	1474.25
643.046	1476.5	0	1476.5
643.161	1528.5	0	1528.5
643.277	1544.25	0	1544.25
643.392	1602.75	0	1602.75
643.508	1619	0	1619
643.623	1739.75	0	1739.75
643.739	1831.75	0	1831.75
643.854	2058.5	0	2058.5
643.97	2359.75	0	2359.75
644.085	3069.5	0	3069.5
644.201	4943.75	0	4943.75
644.316	8722.25	0	8722.25
644.432	8995.25	0	8995.25
644.547	5015.75	0	5015.75
644.663	3434.75	0	3434.75
644.778	2776.25	0	2776.25
644.893	2433.5	0	2433.5
645.008	2282	0	2282
645.124	2270.25	0	2270.25
645.239	2485.75	0	2485.75
645.354	3517	0	3517
645.47	4287.75	0	4287.75
645.585	2818.5	0	2818.5
645.7	2243.5	0	2243.5
645.815	2086.75	0	2086.75
645.93	2256.5	0	2256.5
646.046	2502.25	0	2502.25
646.161	2198.25	0	2198.25
646.276	2211.75	0	2211.75
646.391	2524.25	0	2524.25
646.506	3584.75	0	3584.75
646.621	6116.5	0	6116.5
646.736	8583.5	0	8583.5
646.851	5267.25	0	5267.25
646.966	3392	0	3392
647.081	2572.75	0	2572.75
647.196	2255.25	0	2255.25
647.311	2133.75	0	2133.75
647.426	2275.5	0	2275.5
647.541	2978	0	2978
647.656	3517.75	0	3517.75
647.771	2338.5	0	2338.5
647.885	1886.75	0	1886.75
648	1710.25	0	1710.25
648.115	1632.5	0	1632.5
648.23	1540.25	0	1540.25
648.345	1579.75	0	1579.75
648.459	1550.75	0	1550.75
648.574	1512	0	1512
648.689	1480.25	0	1480.25
648.804	1494.5	0	1494.5
648.918	1494.75	0	1494.75
649.033	1506.25	0	1506.25
649.148	1467.5	0	1467.5
649.262	1554	0	1554
649.377	1638.25	0	1638.25
649.491	1801.25	0	1801.25
649.606	2209.5	0	2209.5
649.721	3670.75	0	3670.75
649.835	5995	0	5995
649.95	4063.5	0	4063.5
650.064	2523.5	0	2523.5
650.179	2121.75	0	2121.75
650.293	2295.75	0	2295.75
650.408	3058	0	3058
650.522	2460.25	0	2460.25
650.636	1686.75	0	1686.75
650.751	1516.25	0	1516.25
650.865	1475.25	0	1475.25
650.979	1378.5	0	1378.5
651.094	1352.5	0	1352.5
651.208	1305.25	0	1305.25
651.322	1321.5	0	1321.5
651.437	1309	0	1309
651.551	1274.75	0	1274.75
651.665	1212.75	0	1212.75
651.779	1237	0	1237
651.894	1205.75	0	1205.75
652.008	1232	0	1232
652.122	1167.25	0	1167.25
652.236	1203.25	0	1203.25
652.35	1193.5	0	1193.5
652.464	1213.75	0	1213.75
652.578	1200.5	0	1200.5
652.693	1191	0	1191
652.807	1179.5	0	1179.5
652.921	1213.25	0	1213.25
653.035	1203.25	0	1203.25
653.149	1197.75	0	1197.75
653.263	1190.5	0	1190.5
653.376	1208.75	0	1208.75
653.49	1175.5	0	1175.5
653.604	1226	0	1226
653.718	1197.75	0	1197.75
653.832	1216.75	0	1216.75
653.946	1238.25	0	1238.25
654.06	1250.25	0	1250.25
654.174	1250.5	0	1250.5
654.287	1230.75	0	1230.75
654.401	1253.75	0	1253.75
654.515	1217	0	1217
654.629	1269.5	0	1269.5
654.743	1311.25	0	1311.25
654.856	1267.25	0	1267.25
654.97	1323.25	0	1323.25
655.084	1327	0	1327
655.197	1364.25	0	1364.25
655.311	1334.5	0	1334.5
655.424	1361	0	1361
655.538	1382.5	0	1382.5
655.652	1427.5	0	1427.5
655.765	1436	0	1436
655.879	1447.25	0	1447.25
655.992	1455.5	0	1455.5
656.106	1535.25	0	1535.25
656.219	1559.75	0	1559.75
656.333	1609.5	0	1609.5
656.446	1613.5	0	1613.5
656.56	1663.25	0	1663.25
656.673	1680.5	0	1680.5
656.786	1709.25	0	1709.25
656.9	1655.25	0	1655.25
657.013	1660.25	0	1660.25
657.127	1671.5	0	1671.5
657.24	1670.25	0	1670.25
657.353	1606.5	0	1606.5
657.466	1580	0	1580
657.58	1603.5	0	1603.5
657.693	1658.75	0	1658.75
657.806	1646	0	1646
657.919	1532.75	0	1532.75
658.032	1513	0	1513
658.146	1476.75	0	1476.75
658.259	1424.75	0	1424.75
658.372	1409	0	1409
658.485	1422.75	0	1422.75
658.598	1406.5	0	1406.5
658.711	1423.25	0	1423.25
658.824	1374.75	0	1374.75
658.937	1365	0	1365
659.05	1319.25	0	1319.25
659.163	1360.75	0	1360.75
659.276	1329	0	1329
659.389	1275.75	0	1275.75
659.502	1311	0	1311
659.615	1260	0	1260
659.728	1278.75	0	1278.75
659.841	1229	0	1229
659.954	1267.25	0	1267.25
660.067	1203	0	1203
660.179	1242.5	0	1242.5
660.292	1215.75	0	1215.75
660.405	1200.5	0	1200.5
660.518	1219	0	1219
660.63	1190	0	1190
660.743	1181.75	0	1181.75
660.856	1188.75	0	1188.75
660.969	1147.75	0	1147.75
661.081	1167.5	0	1167.5
661.194	1150.5	0	1150.5
661.307	1114.75	0	1114.75
661.419	1153.25	0	1153.25
661.532	1129.75	0	1129.75
661.644	1131.75	0	1131.75
661.757	1096.75	0	1096.75
661.869	1082.25	0	1082.25
661.982	1077	0	1077
662.094	1082.75	0	1082.75
662.207	1065.75	0	1065.75
662.319	1075.75	0	1075.75
662.432	1062.5	0	1062.5
662.544	1053	0	1053
662.656	1030.25	0	1030.25
662.769	1035.25	0	1035.25
662.881	1034.25	0	1034.25
662.994	1017.25	0	1017.25
663.106	1026	0	1026
663.218	982.5	0	982.5
663.331	999	0	999
663.443	1007	0	1007
663.555	967.5	0	967.5
663.667	978.5	0	978.5
663.779	974.75	0	974.75
663.892	946	0	946
664.004	964.5	0	964.5
664.116	944.75	0	944.75
664.228	935.25	0	935.25
664.34	970.25	0	970.25
664.452	920	0	920
664.564	944.75	0	944.75
664.676	921.25	0	921.25
664.788	923	0	923
664.901	905.5	0	905.5
665.012	905	0	905
665.125	878.25	0	878.25
665.236	892	0	892
665.348	908.5	0	908.5
665.46	880.75	0	880.75
665.572	902.5	0	902.5
665.684	902	0	902
665.796	869.5	0	869.5
665.908	909.75	0	909.75
666.02	854.75	0	854.75
666.131	878.25	0	878.25
666.243	873	0	873
666.355	876.25	0	876.25
666.467	873.75	0	873.75
666.578	871.75	0	871.75
666.69	835.5	0	835.5
666.802	875	0	875
666.914	889	0	889
667.025	862.25	0	862.25
667.137	867.75	0	867.75
667.248	856.75	0	856.75
667.36	857.5	0	857.5
667.472	845.5	0	845.5
667.583	866.5	0	866.5
667.695	829.25	0	829.25
667.806	834.25	0	834.25
667.918	825.25	0	825.25
668.029	808.25	0	808.25
668.141	786.25	0	786.25
668.252	819.5	0	819.5
668.363	825.5	0	825.5
668.475	795	0	795
668.586	795	0	795
668.698	804	0	804
668.809	807.25	0	807.25
668.92	797.25	0	797.25
669.032	805	0	805
669.143	767	0	767
669.254	751	0	751
669.365	782	0	782
669.477	802	0	802
669.588	785	0	785
669.699	771	0	771
669.81	805	0	805
669.921	780.5	0	780.5
670.032	771.5	0	771.5
670.143	783	0	783
670.255	770	0	770
670.366	755	0	755
670.477	759.75	0	759.75
670.588	772.75	0	772.75
670.699	736	0	736
670.81	775	0	775
670.921	778.5	0	778.5
671.032	751.25	0	751.25
671.143	809.25	0	809.25
671.253	798.5	0	798.5
671.364	808.5	0	808.5
671.475	770.75	0	770.75
671.586	785.5	0	785.5
671.697	789.5	0	789.5
671.808	789.75	0	789.75
671.919	839.75	0	839.75
672.029	942.75	0	942.75
672.14	1169.75	0	1169.75
672.251	1596.75	0	1596.75
672.362	1360.25	0	1360.25
672.472	1126.25	0	1126.25
672.583	987.75	0	987.75
672.694	935.25	0	935.25
672.804	894.25	0	894.25
672.915	846	0	846
673.025	806	0	806
673.136	786.75	0	786.75
673.247	765	0	765
673.357	759.5	0	759.5
673.468	769.5	0	769.5
673.578	715.5	0	715.5
673.689	731.75	0	731.75
673.799	750	0	750
673.91	729.25	0	729.25
674.02	733.75	0	733.75
674.13	726.75	0	726.75
674.241	714.75	0	714.75
674.351	702.5	0	702.5
674.461	701.5	0	701.5
674.572	700.75	0	700.75
674.682	717.75	0	717.75
674.792	681.25	0	681.25
674.903	698.25	0	698.25
675.013	683.75	0	683.75
675.123	704.75	0	704.75
675.233	692.75	0	692.75
675.344	659	0	659
675.454	663.5	0	663.5
675.564	691.25	0	691.25
675.674	656.75	0	656.75
675.784	658.25	0	658.25
675.894	639.5	0	639.5
676.004	671.25	0	671.25
676.114	648.5	0	648.5
676.224	638.25	0	638.25
676.334	648	0	648
676.444	665.75	0	665.75
676.554	632	0	632
676.664	651.25	0	651.25
676.774	643.5	0	643.5
676.884	625.5	0	625.5
676.994	624.75	0	624.75
677.104	622.5	0	622.5
677.214	623	0	623
677.324	624.25	0	624.25
677.433	606.75	0	606.75
677.543	631.25	0	631.25
677.653	620.25	0	620.25
677.763	622	0	622
677.872	597.5	0	597.5
677.982	598.25	0	598.25
678.092	592	0	592
678.202	609	0	609
678.311	626	0	626
678.421	600.25	0	600.25
678.53	618	0	618
678.64	601	0	601
678.75	591.5	0	591.5
678.859	600.5	0	600.5
678.969	591.5	0	591.5
679.078	602.5	0	602.5
679.188	606.5	0	606.5
679.297	578.25	0	578.25
679.407	584.25	0	584.25
679.516	563.75	0	563.75
679.625	571.25	0	571.25
679.735	569.25	0	569.25
679.844	576.5	0	576.5
679.954	562.5	0	562.5
680.063	564.75	0	564.75
680.172	591	0	591
680.282	594	0	594
680.391	568.75	0	568.75
680.5	583.75	0	583.75
680.609	576.25	0	576.25
680.719	561.5	0	561.5
680.828	550.5	0	550.5
680.937	556.75	0	556.75
681.046	568.75	0	568.75
681.155	557	0	557
681.264	574.25	0	574.25
681.374	542.25	0	542.25
681.483	555.75	0	555.75
681.592	560.75	0	560.75
681.701	548	0	548
681.81	535	0	535
681.919	551.5	0	551.5
682.028	555.75	0	555.75
682.137	553.75	0	553.75
682.246	558.5	0	558.5
682.355	539	0	539
682.463	539.25	0	539.25
682.572	536.25	0	536.25
682.681	536.25	0	536.25
682.79	538.75	0	538.75
682.899	557	0	557
683.008	527.5	0	527.5
683.117	536.5	0	536.5
683.225	542.5	0	542.5
683.334	519.25	0	519.25
683.443	533.5	0	533.5
683.551	549.25	0	549.25
683.66	548.25	0	548.25
683.769	514.25	0	514.25
683.877	524	0	524
683.986	512.25	0	512.25
684.095	519.5	0	519.5
684.203	530	0	530
684.312	517.5	0	517.5
684.42	519	0	519
684.529	531	0	531
684.637	504.75	0	504.75
684.746	495	0	495
684.854	510.25	0	510.25
684.963	541	0	541
685.071	519.5	0	519.5
685.18	501.25	0	501.25
685.288	528.5	0	528.5
685.396	514	0	514
685.505	527.5	0	527.5
685.613	514.25	0	514.25
685.721	514	0	514
685.83	524.75	0	524.75
685.938	491	0	491
686.046	495.75	0	495.75
686.154	505	0	505
686.263	511.5	0	511.5
686.371	502.75	0	502.75
686.479	511	0	511
686.587	497.75	0	497.75
686.695	513	0	513
686.803	502.25	0	502.25
686.911	496.75	0	496.75
687.019	519.5	0	519.5
687.127	496.75	0	496.75
687.235	498.5	0	498.5
687.343	503	0	503
687.451	508.25	0	508.25
687.559	500.75	0	500.75
687.667	507.25	0	507.25
687.775	510.25	0	510.25
687.883	503	0	503
687.991	494	0	494
688.099	494.75	0	494.75
688.207	489.5	0	489.5
688.315	501.5	0	501.5
688.422	469	0	469
688.53	487	0	487
688.638	473.25	0	473.25
688.746	494.75	0	494.75
688.853	492.75	0	492.75
688.961	484.5	0	484.5
689.069	488	0	488
689.176	477.5	0	477.5
689.284	489.75	0	489.75
689.392	469.25	0	469.25
689.499	486.25	0	486.25
689.607	470.5	0	470.5
689.714	472.25	0	472.25
689.822	477.25	0	477.25
689.93	459.5	0	459.5
690.037	478.5	0	478.5
690.144	463.75	0	463.75
690.252	489	0	489
690.359	474.5	0	474.5
690.467	462.25	0	462.25
690.574	445.25	0	445.25
690.682	487.25	0	487.25
690.789	456	0	456
690.896	468.25	0	468.25
691.004	454	0	454
691.111	471	0	471
691.218	441	0	441
691.325	463	0	463
691.433	434	0	434
691.54	452.5	0	452.5
691.647	466.5	0	466.5
691.754	442.5	0	442.5
691.861	443	0	443
691.969	436.5	0	436.5
692.076	443.75	0	443.75
692.183	437.75	0	437.75
692.29	445.75	0	445.75
692.397	443	0	443
692.504	433.25	0	433.25
692.611	438.25	0	438.25
692.718	427.75	0	427.75
692.825	437.25	0	437.25
692.932	439.5	0	439.5
693.039	430	0	430
693.146	439.5	0	439.5
693.253	440.75	0	440.75
693.359	459.5	0	459.5
693.466	423.75	0	423.75
693.573	434.5	0	434.5
693.68	427.75	0	427.75
693.787	424.75	0	424.75
693.894	425.25	0	425.25
694	402.25	0	402.25
694.107	434.25	0	434.25
694.214	425.25	0	425.25
694.32	413.75	0	413.75
694.427	444.5	0	444.5
694.534	406	0	406
694.64	422.5	0	422.5
694.747	400	0	400
694.853	416.25	0	416.25
694.96	415.25	0	415.25
695.067	420	0	420
695.173	429.75	0	429.75
695.28	403	0	403
695.386	400	0	400
695.493	404	0	404
695.599	402.5	0	402.5
695.705	407.25	0	407.25
695.812	412.5	0	412.5
695.918	408.5	0	408.5
696.025	412.5	0	412.5
696.131	423.75	0	423.75
696.237	419	0	419
696.344	390.25	0	390.25
696.45	412.25	0	412.25
696.556	422.75	0	422.75
696.662	427.25	0	427.25
696.768	409	0	409
696.875	406.5	0	406.5
696.981	414.5	0	414.5
697.087	414.25	0	414.25
697.193	421.5	0	421.5
697.299	411	0	411
697.405	404.75	0	404.75
697.512	417.25	0	417.25
697.618	422.5	0	422.5
697.724	414.75	0	414.75
697.83	407	0	407
697.936	403.25	0	403.25
698.042	395.5	0	395.5
698.148	412.25	0	412.25
698.253	412.75	0	412.75
698.359	398	0	398
698.465	393.5	0	393.5
698.571	407.25	0	407.25
698.677	394	0	394
698.783	413.25	0	413.25
698.889	416	0	416
698.994	410.75	0	410.75
699.1	416.5	0	416.5
699.206	396.5	0	396.5
699.312	414	0	414
699.417	430.5	0	430.5
699.523	401.75	0	401.75
699.629	415.25	0	415.25
699.734	413.25	0	413.25
699.84	402	0	402
699.946	398.25	0	398.25
700.051	394.75	0	394.75
700.157	402.5	0	402.5
700.262	387	0	387
700.368	399.5	0	399.5
700.473	415.5	0	415.5
700.579	407.25	0	407.25
700.684	393.25	0	393.25
700.79	410	0	410
700.895	381.25	0	381.25
701	405.75	0	405.75
701.106	398	0	398
701.211	389.5	0	389.5
701.316	389	0	389
701.422	390	0	390
701.527	397.25	0	397.25
701.632	395	0	395
701.738	394.75	0	394.75
701.843	403.5	0	403.5
701.948	396.5	0	396.5
702.053	381	0	381
702.158	390	0	390
702.264	389.75	0	389.75
702.369	379.25	0	379.25
702.474	378.25	0	378.25
702.579	370.5	0	370.5
702.684	391.5	0	391.5
702.789	374.75	0	374.75
702.894	397.5	0	397.5
702.999	381	0	381
703.104	379.25	0	379.25
703.209	358.75	0	358.75
703.314	400.25	0	400.25
703.419	381.75	0	381.75
703.524	398	0	398
703.629	373	0	373
703.733	393.75	0	393.75
703.838	384	0	384
703.943	392.75	0	392.75
704.048	390	0	390
704.153	370	0	370
704.257	370.25	0	370.25
704.362	368	0	368
704.467	381.25	0	381.25
704.572	375.5	0	375.5
704.676	380.5	0	380.5
704.781	376.5	0	376.5
704.886	357.5	0	357.5
704.99	358	0	358
705.095	386.25	0	386.25
705.199	349.75	0	349.75
705.304	387.25	0	387.25
705.408	360.25	0	360.25
705.513	361.5	0	361.5
705.617	357.5	0	357.5
705.722	354.25	0	354.25
705.826	365	0	365
705.931	360.5	0	360.5
706.035	367.75	0	367.75
706.139	367.75	0	367.75
706.244	378	0	378
706.348	371	0	371
706.452	358.75	0	358.75
706.557	350.25	0	350.25
706.661	359.75	0	359.75
706.765	353.5	0	353.5
706.87	371	0	371
706.974	367.25	0	367.25
707.078	373	0	373
707.182	352.75	0	352.75
707.286	345.25	0	345.25
707.39	364	0	364
707.495	370.5	0	370.5
707.599	363.5	0	363.5
707.703	377.75	0	377.75
707.807	356.5	0	356.5
707.911	343	0	343
708.015	360.75	0	360.75
708.119	352.25	0	352.25
708.223	354.75	0	354.75
708.327	332.25	0	332.25
708.431	331	0	331
708.534	354.25	0	354.25
708.638	368	0	368
708.742	355.75	0	355.75
708.846	345.5	0	345.5
708.95	346	0	346
709.054	342.5	0	342.5
709.157	344.5	0	344.5
709.261	364.25	0	364.25
709.365	352.25	0	352.25
709.469	362	0	362
709.572	343.75	0	343.75
709.676	354.75	0	354.75
709.78	356.5	0	356.5
709.883	349	0	349
709.987	345	0	345
710.09	357.75	0	357.75
710.194	360.25	0	360.25
710.298	353.75	0	353.75
710.401	350	0	350
710.505	340	0	340
710.608	327.25	0	327.25
710.711	345.5	0	345.5
710.815	335.25	0	335.25
710.918	345.5	0	345.5
711.022	348	0	348
711.125	357	0	357
711.228	336.75	0	336.75
711.332	355.5	0	355.5
711.435	343.75	0	343.75
711.538	344.5	0	344.5
711.642	359	0	359
711.745	350.25	0	350.25
711.848	343.25	0	343.25
711.951	366.25	0	366.25
712.055	350.25	0	350.25
712.158	348	0	348
712.261	361	0	361
712.364	365.5	0	365.5
712.467	353.5	0	353.5
712.57	365	0	365
712.673	346	0	346
712.776	360.5	0	360.5
712.879	363.25	0	363.25
712.982	361.25	0	361.25
713.085	373.5	0	373.5
713.188	368	0	368
713.291	376.25	0	376.25
713.394	367.5	0	367.5
713.497	395.5	0	395.5
713.6	361.25	0	361.25
713.703	391	0	391
713.805	374.5	0	374.5
713.908	400.25	0	400.25
714.011	422.25	0	422.25
714.114	401	0	401
714.216	413.5	0	413.5
714.319	437.75	0	437.75
714.422	447.5	0	447.5
714.525	458.5	0	458.5
714.627	518	0	518
714.73	538.25	0	538.25
714.833	584.75	0	584.75
714.935	721.25	0	721.25
715.038	952.75	0	952.75
715.14	1549.5	0	1549.5
715.243	3155.5	0	3155.5
715.345	2665.75	0	2665.75
715.448	1295.5	0	1295.5
715.55	859.75	0	859.75
715.653	695.75	0	695.75
715.755	631.25	0	631.25
715.857	562.75	0	562.75
715.96	523.25	0	523.25
716.062	505.75	0	505.75
716.164	459.75	0	459.75
716.267	449.5	0	449.5
716.369	458.25	0	458.25
716.471	417	0	417
716.574	430.25	0	430.25
716.676	413.25	0	413.25
716.778	412.75	0	412.75
716.88	385	0	385
716.982	409	0	409
717.085	386.5	0	386.5
717.187	386.5	0	386.5
717.289	392.25	0	392.25
717.391	368.5	0	368.5
717.493	366	0	366
717.595	376.75	0	376.75
717.697	338.75	0	338.75
717.799	343.5	0	343.5
717.901	344.75	0	344.75
718.003	366	0	366
718.105	342.75	0	342.75
718.207	350.25	0	350.25
718.309	368.25	0	368.25
718.411	347.75	0	347.75
718.512	336	0	336
718.614	351.25	0	351.25
718.716	340	0	340
718.818	349	0	349
718.92	339.75	0	339.75
719.021	346	0	346
719.123	337.5	0	337.5
719.225	349.5	0	349.5
719.326	347.5	0	347.5
719.428	344.25	0	344.25
719.53	338.5	0	338.5
719.631	348.75	0	348.75
719.733	356.25	0	356.25
719.834	365.25	0	365.25
719.936	359.5	0	359.5
720.038	389.25	0	389.25
720.139	407.75	0	407.75
720.241	419	0	419
720.342	470.5	0	470.5
720.443	562.25	0	562.25
720.545	838.5	0	838.5
720.646	1811.75	0	1811.75
720.748	1622.5	0	1622.5
720.849	757.75	0	757.75
720.95	563	0	563
721.052	491.75	0	491.75
721.153	439.25	0	439.25
721.254	407.75	0	407.75
721.355	374.25	0	374.25
721.457	388.5	0	388.5
721.558	360.25	0	360.25
721.659	354	0	354
721.76	358.75	0	358.75
721.861	347.5	0	347.5
721.963	348.75	0	348.75
722.064	336	0	336
722.165	340.5	0	340.5
722.266	330.75	0	330.75
722.367	332.25	0	332.25
722.468	320.25	0	320.25
722.569	322	0	322
722.67	314.25	0	314.25
722.771	305.25	0	305.25
722.872	344.5	0	344.5
722.973	319	0	319
723.073	331.5	0	331.5
723.174	323	0	323
723.275	309.5	0	309.5
723.376	318.25	0	318.25
723.477	312	0	312
723.577	325.25	0	325.25
723.678	318	0	318
723.779	317.25	0	317.25
723.88	303.5	0	303.5
723.98	311.5	0	311.5
724.081	316	0	316
724.182	317	0	317
724.282	321	0	321
724.383	296.75	0	296.75
724.483	315.75	0	315.75
724.584	313.5	0	313.5
724.685	302	0	302
724.785	318	0	318
724.886	309.75	0	309.75
724.986	313.75	0	313.75
725.086	304.25	0	304.25
725.187	289.5	0	289.5
725.287	318	0	318
725.388	301.25	0	301.25
725.488	304.25	0	304.25
725.588	295	0	295
725.689	290.75	0	290.75
725.789	318	0	318
725.889	295.5	0	295.5
725.99	315.5	0	315.5
726.09	295	0	295
726.19	304.25	0	304.25
726.29	310.5	0	310.5
726.39	299.25	0	299.25
726.49	305.25	0	305.25
726.591	314	0	314
726.691	298	0	298
726.791	295.25	0	295.25
726.891	302	0	302
726.991	305	0	305
727.091	300.5	0	300.5
727.191	298	0	298
727.291	302.5	0	302.5
727.391	294.5	0	294.5
727.491	303	0	303
727.591	302.75	0	302.75
727.691	305	0	305
727.79	296.75	0	296.75
727.89	293.25	0	293.25
727.99	291.5	0	291.5
728.09	297.25	0	297.25
728.19	314.5	0	314.5
728.289	288.75	0	288.75
728.389	302	0	302
728.489	293.75	0	293.75
728.589	295.5	0	295.5
728.688	308.75	0	308.75
728.788	309.25	0	309.25
728.888	286.5	0	286.5
728.987	291.75	0	291.75
729.087	313.75	0	313.75
729.186	301.75	0	301.75
729.286	286	0	286
729.385	317.75	0	317.75
729.485	297.25	0	297.25
729.584	313.75	0	313.75
729.684	303.75	0	303.75
729.783	302.5	0	302.5
729.883	311.25	0	311.25
729.982	307	0	307
730.081	313.25	0	313.25
730.181	308.25	0	308.25
730.28	300.25	0	300.25
730.379	304	0	304
730.479	322.5	0	322.5
730.578	308.5	0	308.5
730.677	308.5	0	308.5
730.776	319.5	0	319.5
730.875	300	0	300
730.975	302.25	0	302.25
731.074	311.75	0	311.75
731.173	315.75	0	315.75
731.272	318.25	0	318.25
731.371	324.5	0	324.5
731.47	326	0	326
731.569	326.75	0	326.75
731.668	331.25	0	331.25
731.767	337	0	337
731.866	340.75	0	340.75
731.965	342	0	342
732.064	354.25	0	354.25
732.163	363	0	363
732.262	369	0	369
732.361	406.75	0	406.75
732.46	402.5	0	402.5
732.558	429.5	0	429.5
732.657	459	0	459
732.756	517	0	517
732.855	623.25	0	623.25
732.953	780.75	0	780.75
733.052	1079.25	0	1079.25
733.151	865	0	865
733.25	563.5	0	563.5
733.348	475	0	475
733.447	408.75	0	408.75
733.545	411.5	0	411.5
733.644	393	0	393
733.742	379.25	0	379.25
733.841	369	0	369
733.939	365.75	0	365.75
734.038	350.75	0	350.75
734.136	355.5	0	355.5
734.235	337.5	0	337.5
734.333	336	0	336
734.432	337.75	0	337.75
734.53	344.25	0	344.25
734.628	326.25	0	326.25
734.727	332.25	0	332.25
734.825	324	0	324
734.923	298.25	0	298.25
735.022	323	0	323
735.12	320	0	320
735.218	320.5	0	320.5
735.316	305.5	0	305.5
735.414	318.5	0	318.5
735.513	306.5	0	306.5
735.611	316	0	316
735.709	309.75	0	309.75
735.807	317.75	0	317.75
735.905	303.25	0	303.25
736.003	296.25	0	296.25
736.101	306	0	306
736.199	317.25	0	317.25
736.297	285.25	0	285.25
736.395	303.5	0	303.5
736.493	295	0	295
736.591	297.5	0	297.5
736.689	298	0	298
736.787	293.5	0	293.5
736.884	307.25	0	307.25
736.982	294.5	0	294.5
737.08	301.75	0	301.75
737.178	300.5	0	300.5
737.276	293.75	0	293.75
737.373	282	0	282
737.471	302.25	0	302.25
737.569	292.25	0	292.25
737.667	281.75	0	281.75
737.764	297.25	0	297.25
737.862	280.5	0	280.5
737.959	294.5	0	294.5
738.057	300.5	0	300.5
738.154	289.25	0	289.25
738.252	287	0	287
738.35	281.75	0	281.75
738.447	292.75	0	292.75
738.544	289.25	0	289.25
738.642	277.5	0	277.5
738.739	283	0	283
738.837	292.25	0	292.25
738.934	293.25	0	293.25
739.031	284	0	284
739.129	299.25	0	299.25
739.226	300.5	0	300.5
739.323	284	0	284
739.421	299.5	0	299.5
739.518	292	0	292
739.615	288	0	288