Lambda	Spectrum	Dark	SpecMinusDark
500.031	306.75	0	306.75
500.165	316.25	0	316.25
500.299	292.5	0	292.5
500.433	298.75	0	298.75
500.567	315	0	315
500.701	315.25	0	315.25
500.835	320	0	320
500.968	332.25	0	332.25
501.102	332.75	0	332.75
501.236	332.5	0	332.5
501.37	330.5	0	330.5
501.504	345	0	345
501.637	353.5	0	353.5
501.771	347.75	0	347.75
501.905	375.75	0	375.75
502.039	363.25	0	363.25
502.172	370	0	370
502.306	354.25	0	354.25
502.44	382.25	0	382.25
502.573	377.75	0	377.75
502.707	379.5	0	379.5
502.841	386	0	386
502.974	379	0	379
503.108	397	0	397
503.242	386.25	0	386.25
503.375	403.75	0	403.75
503.509	411.5	0	411.5
503.642	406	0	406
503.776	397	0	397
503.909	401.5	0	401.5
504.043	423.25	0	423.25
504.176	428.25	0	428.25
504.31	420	0	420
504.443	417	0	417
504.577	452.75	0	452.75
504.71	453.5	0	453.5
504.844	451	0	451
504.977	465	0	465
505.111	441	0	441
505.244	476.25	0	476.25
505.377	487.75	0	487.75
505.511	475	0	475
505.644	494	0	494
505.777	501.5	0	501.5
505.911	495	0	495
506.044	501.25	0	501.25
506.177	503.5	0	503.5
506.311	531	0	531
506.444	544.25	0	544.25
506.577	535.5	0	535.5
506.71	555	0	555
506.844	555.75	0	555.75
506.977	591.5	0	591.5
507.11	590.5	0	590.5
507.243	608.25	0	608.25
507.376	637.5	0	637.5
507.51	671.25	0	671.25
507.643	699.25	0	699.25
507.776	716.75	0	716.75
507.909	819	0	819
508.042	895.25	0	895.25
508.175	1015.5	0	1015.5
508.308	1158	0	1158
508.441	1429.75	0	1429.75
508.574	2034.5	0	2034.5
508.707	3375.5	0	3375.5
508.84	5996.75	0	5996.75
508.973	9227.5	0	9227.5
509.106	11367.8	0	11367.8
509.239	8259.75	0	8259.75
509.372	5653.75	0	5653.75
509.505	4261.75	0	4261.75
509.638	3352.75	0	3352.75
509.771	2703.25	0	2703.25
509.904	2306.75	0	2306.75
510.037	2003.25	0	2003.25
510.17	1760.25	0	1760.25
510.303	1595.75	0	1595.75
510.436	1458	0	1458
510.568	1351.75	0	1351.75
510.701	1232.5	0	1232.5
510.834	1181.5	0	1181.5
510.967	1095.75	0	1095.75
511.1	1061.5	0	1061.5
511.232	988.75	0	988.75
511.365	924.25	0	924.25
511.498	890.75	0	890.75
511.631	920.25	0	920.25
511.763	840.75	0	840.75
511.896	799.75	0	799.75
512.029	828.5	0	828.5
512.161	767.75	0	767.75
512.294	786.5	0	786.5
512.427	769.75	0	769.75
512.559	758.75	0	758.75
512.692	734.25	0	734.25
512.825	706.75	0	706.75
512.957	736.25	0	736.25
513.09	703.75	0	703.75
513.222	691.75	0	691.75
513.355	671.5	0	671.5
513.487	661.25	0	661.25
513.62	663.5	0	663.5
513.752	642.25	0	642.25
513.885	638.75	0	638.75
514.017	633.75	0	633.75
514.15	630.5	0	630.5
514.282	655.25	0	655.25
514.415	600.5	0	600.5
514.547	615.25	0	615.25
514.68	612.25	0	612.25
514.812	610.75	0	610.75
514.944	615	0	615
515.077	593.75	0	593.75
515.209	606.5	0	606.5
515.341	599.5	0	599.5
515.474	612.75	0	612.75
515.606	609	0	609
515.738	613.75	0	613.75
515.871	637.25	0	637.25
516.003	627.25	0	627.25
516.135	599.75	0	599.75
516.267	602	0	602
516.4	593.25	0	593.25
516.532	604.5	0	604.5
516.664	580	0	580
516.796	592.25	0	592.25
516.928	594.5	0	594.5
517.06	560	0	560
517.193	584.25	0	584.25
517.325	573.5	0	573.5
517.457	562	0	562
517.589	545.75	0	545.75
517.721	563.5	0	563.5
517.853	564.5	0	564.5
517.985	568.25	0	568.25
518.117	564.5	0	564.5
518.249	558.25	0	558.25
518.381	565.75	0	565.75
518.513	559.25	0	559.25
518.645	556.5	0	556.5
518.777	558.25	0	558.25
518.909	540.5	0	540.5
519.041	545.75	0	545.75
519.173	567.5	0	567.5
519.305	526.75	0	526.75
519.437	560.5	0	560.5
519.569	543.75	0	543.75
519.701	537.75	0	537.75
519.832	555.75	0	555.75
519.964	536.75	0	536.75
520.096	544.75	0	544.75
520.228	552.75	0	552.75
520.36	552.75	0	552.75
520.491	520.25	0	520.25
520.623	536.75	0	536.75
520.755	557.25	0	557.25
520.887	559.25	0	559.25
521.018	547.75	0	547.75
521.15	520	0	520
521.282	532.25	0	532.25
521.414	540	0	540
521.545	541	0	541
521.677	558.25	0	558.25
521.808	549	0	549
521.94	518.5	0	518.5
522.072	518	0	518
522.203	525.5	0	525.5
522.335	549.5	0	549.5
522.466	528.5	0	528.5
522.598	517.75	0	517.75
522.729	526.5	0	526.5
522.861	534.75	0	534.75
522.993	549.75	0	549.75
523.124	536.75	0	536.75
523.256	522.75	0	522.75
523.387	540.25	0	540.25
523.518	516.75	0	516.75
523.65	507.25	0	507.25
523.781	516.75	0	516.75
523.913	515.75	0	515.75
524.044	506.5	0	506.5
524.176	524.75	0	524.75
524.307	536	0	536
524.438	518.75	0	518.75
524.57	511.75	0	511.75
524.701	525.75	0	525.75
524.832	553.25	0	553.25
524.964	517.5	0	517.5
525.095	529.25	0	529.25
525.226	511.75	0	511.75
525.357	514.25	0	514.25
525.489	511.5	0	511.5
525.62	518.75	0	518.75
525.751	518.5	0	518.5
525.882	527.75	0	527.75
526.013	522.5	0	522.5
526.145	536.75	0	536.75
526.276	510.25	0	510.25
526.407	506.75	0	506.75
526.538	552.25	0	552.25
526.669	524.25	0	524.25
526.8	520.75	0	520.75
526.931	512	0	512
527.062	520.75	0	520.75
527.193	521	0	521
527.324	525.5	0	525.5
527.455	530.75	0	530.75
527.586	544	0	544
527.717	529.25	0	529.25
527.848	558.5	0	558.5
527.979	523.25	0	523.25
528.11	553.25	0	553.25
528.241	535	0	535
528.372	555	0	555
528.503	550.75	0	550.75
528.634	558	0	558
528.765	536.5	0	536.5
528.896	556.5	0	556.5
529.026	555.5	0	555.5
529.157	540.25	0	540.25
529.288	558.5	0	558.5
529.419	560.25	0	560.25
529.55	548.75	0	548.75
529.681	564.75	0	564.75
529.811	552.5	0	552.5
529.942	564.25	0	564.25
530.073	570	0	570
530.203	566.25	0	566.25
530.334	578.75	0	578.75
530.465	586.75	0	586.75
530.596	585	0	585
530.726	594.5	0	594.5
530.857	576.5	0	576.5
530.987	609.75	0	609.75
531.118	607.25	0	607.25
531.249	603.5	0	603.5
531.379	614.25	0	614.25
531.51	616.75	0	616.75
531.64	629.25	0	629.25
531.771	610.5	0	610.5
531.901	656.25	0	656.25
532.032	663	0	663
532.163	648.75	0	648.75
532.293	682	0	682
532.423	674.25	0	674.25
532.554	679.5	0	679.5
532.684	695	0	695
532.815	723.25	0	723.25
532.945	738	0	738
533.076	735	0	735
533.206	776.25	0	776.25
533.336	781	0	781
533.467	826.5	0	826.5
533.597	860.5	0	860.5
533.727	850.5	0	850.5
533.858	889	0	889
533.988	965	0	965
534.118	1005.75	0	1005.75
534.248	1050.25	0	1050.25
534.379	1094.25	0	1094.25
534.509	1125	0	1125
534.639	1129	0	1129
534.769	1130.25	0	1130.25
534.9	1106.5	0	1106.5
535.03	1079.5	0	1079.5
535.16	1111.5	0	1111.5
535.29	1086.5	0	1086.5
535.42	1079.5	0	1079.5
535.55	1038.75	0	1038.75
535.68	1046.75	0	1046.75
535.81	1050.25	0	1050.25
535.94	1017.75	0	1017.75
536.071	993.75	0	993.75
536.201	1016.75	0	1016.75
536.331	995.25	0	995.25
536.461	1029	0	1029
536.591	979.25	0	979.25
536.721	986.25	0	986.25
536.851	1030.25	0	1030.25
536.981	1028.5	0	1028.5
537.11	1036.5	0	1036.5
537.24	1013.5	0	1013.5
537.37	1054	0	1054
537.5	1029.5	0	1029.5
537.63	1113.75	0	1113.75
537.76	1113.25	0	1113.25
537.89	1163.25	0	1163.25
538.02	1226	0	1226
538.149	1233.75	0	1233.75
538.279	1346.75	0	1346.75
538.409	1384.5	0	1384.5
538.539	1417.5	0	1417.5
538.669	1417	0	1417
538.798	1404.75	0	1404.75
538.928	1373.75	0	1373.75
539.058	1357.25	0	1357.25
539.187	1319.25	0	1319.25
539.317	1290	0	1290
539.447	1263.25	0	1263.25
539.576	1208.75	0	1208.75
539.706	1176.5	0	1176.5
539.836	1126	0	1126
539.965	1128	0	1128
540.095	1078	0	1078
540.225	1074.25	0	1074.25
540.354	1044.75	0	1044.75
540.484	1021.5	0	1021.5
540.613	988.5	0	988.5
540.743	969	0	969
540.872	971	0	971
541.002	883.25	0	883.25
541.131	881.25	0	881.25
541.261	882.25	0	882.25
541.39	841.5	0	841.5
541.52	863	0	863
541.649	849.5	0	849.5
541.778	814.5	0	814.5
541.908	809.5	0	809.5
542.037	768.25	0	768.25
542.167	756	0	756
542.296	755.75	0	755.75
542.425	742.25	0	742.25
542.554	708.25	0	708.25
542.684	684.5	0	684.5
542.813	677	0	677
542.942	698.25	0	698.25
543.072	704.5	0	704.5
543.201	666	0	666
543.33	666.25	0	666.25
543.459	646	0	646
543.588	645	0	645
543.718	646.25	0	646.25
543.847	631	0	631
543.976	618.5	0	618.5
544.105	613.5	0	613.5
544.234	596	0	596
544.363	611.5	0	611.5
544.492	602	0	602
544.621	598.75	0	598.75
544.75	574.25	0	574.25
544.88	594	0	594
545.009	591.25	0	591.25
545.138	545.5	0	545.5
545.266	558.75	0	558.75
545.396	570.5	0	570.5
545.525	579.5	0	579.5
545.653	541.5	0	541.5
545.782	552.75	0	552.75
545.911	541.75	0	541.75
546.04	540.75	0	540.75
546.169	548.75	0	548.75
546.298	561.25	0	561.25
546.427	552.75	0	552.75
546.556	530.75	0	530.75
546.685	539.75	0	539.75
546.813	537.25	0	537.25
546.942	516	0	516
547.071	527.75	0	527.75
547.2	530.75	0	530.75
547.328	511.25	0	511.25
547.457	493	0	493
547.586	488	0	488
547.715	494.75	0	494.75
547.843	493.25	0	493.25
547.972	508	0	508
548.101	516	0	516
548.229	481	0	481
548.358	476.75	0	476.75
548.487	480.5	0	480.5
548.615	490.5	0	490.5
548.744	459.5	0	459.5
548.872	487.5	0	487.5
549.001	474.75	0	474.75
549.129	468.25	0	468.25
549.258	469.75	0	469.75
549.387	474.75	0	474.75
549.515	456.25	0	456.25
549.643	464.25	0	464.25
549.772	450	0	450
549.9	437.75	0	437.75
550.029	451.25	0	451.25
550.157	454.5	0	454.5
550.286	446	0	446
550.414	452	0	452
550.542	458.25	0	458.25
550.671	439.5	0	439.5
550.799	449.75	0	449.75
550.927	442	0	442
551.056	423.5	0	423.5
551.184	445	0	445
551.312	436.25	0	436.25
551.441	432.25	0	432.25
551.569	420.5	0	420.5
551.697	410.75	0	410.75
551.825	428.5	0	428.5
551.953	408	0	408
552.082	426.5	0	426.5
552.21	417.75	0	417.75
552.338	414.75	0	414.75
552.466	421.25	0	421.25
552.594	397	0	397
552.722	413.25	0	413.25
552.851	407.75	0	407.75
552.979	398.25	0	398.25
553.107	414	0	414
553.235	423.5	0	423.5
553.363	410	0	410
553.491	412.25	0	412.25
553.619	412	0	412
553.747	403.5	0	403.5
553.875	395.75	0	395.75
554.003	382	0	382
554.131	413.5	0	413.5
554.259	392	0	392
554.387	386.25	0	386.25
554.514	401.25	0	401.25
554.642	415	0	415
554.77	400.25	0	400.25
554.898	384.5	0	384.5
555.026	407.5	0	407.5
555.154	390	0	390
555.281	386	0	386
555.409	392	0	392
555.537	391.25	0	391.25
555.665	379.25	0	379.25
555.793	401.5	0	401.5
555.92	386.5	0	386.5
556.048	387.5	0	387.5
556.176	405.5	0	405.5
556.303	382.5	0	382.5
556.431	392.25	0	392.25
556.559	377.25	0	377.25
556.686	384.25	0	384.25
556.814	391.75	0	391.75
556.942	386.75	0	386.75
557.069	381	0	381
557.197	377.5	0	377.5
557.324	389	0	389
557.452	392.75	0	392.75
557.579	355.75	0	355.75
557.707	370	0	370
557.835	368.25	0	368.25
557.962	365.5	0	365.5
558.089	371.25	0	371.25
558.217	377.25	0	377.25
558.344	379.5	0	379.5
558.472	363.5	0	363.5
558.599	367.25	0	367.25
558.727	351	0	351
558.854	368	0	368
558.981	355.75	0	355.75
559.109	370.75	0	370.75
559.236	376	0	376
559.363	360	0	360
559.491	358	0	358
559.618	370.25	0	370.25
559.745	351.25	0	351.25
559.872	338.5	0	338.5
560	353.5	0	353.5
560.127	347	0	347
560.254	361	0	361
560.381	357.5	0	357.5
560.508	354.75	0	354.75
560.636	345.25	0	345.25
560.763	342.5	0	342.5
560.89	356.5	0	356.5
561.017	338.75	0	338.75
561.144	346.75	0	346.75
561.271	345	0	345
561.398	345.75	0	345.75
561.525	341.25	0	341.25
561.652	364.25	0	364.25
561.779	341.25	0	341.25
561.906	348	0	348
562.033	351.75	0	351.75
562.16	340	0	340
562.287	352	0	352
562.414	342.5	0	342.5
562.541	344.5	0	344.5
562.668	337.25	0	337.25
562.795	353	0	353
562.922	337.5	0	337.5
563.049	338.25	0	338.25
563.175	349.75	0	349.75
563.302	335	0	335
563.429	339.5	0	339.5
563.556	334.75	0	334.75
563.683	338.5	0	338.5
563.809	316.25	0	316.25
563.936	317.5	0	317.5
564.063	306.25	0	306.25
564.19	320.75	0	320.75
564.316	312.25	0	312.25
564.443	310.5	0	310.5
564.57	317.25	0	317.25
564.696	333.5	0	333.5
564.823	327.25	0	327.25
564.95	327.5	0	327.5
565.076	321.75	0	321.75
565.203	330.5	0	330.5
565.33	323.25	0	323.25
565.456	319.5	0	319.5
565.583	307.25	0	307.25
565.709	336.75	0	336.75
565.836	318.75	0	318.75
565.962	321	0	321
566.089	324.25	0	324.25
566.215	319	0	319
566.341	301.75	0	301.75
566.468	328.25	0	328.25
566.594	326	0	326
566.721	305.5	0	305.5
566.847	324	0	324
566.974	320.25	0	320.25
567.1	314	0	314
567.226	309	0	309
567.353	306.25	0	306.25
567.479	320	0	320
567.605	304	0	304
567.732	299	0	299
567.858	301.5	0	301.5
567.984	301	0	301
568.11	305	0	305
568.236	302.5	0	302.5
568.363	303	0	303
568.489	297.25	0	297.25
568.615	317.5	0	317.5
568.741	308.5	0	308.5
568.867	291.25	0	291.25
568.993	286	0	286
569.12	301	0	301
569.246	303.75	0	303.75
569.372	301.75	0	301.75
569.498	308.5	0	308.5
569.624	295.5	0	295.5
569.75	293.5	0	293.5
569.876	295.25	0	295.25
570.002	299.75	0	299.75
570.128	290.75	0	290.75
570.254	298.75	0	298.75
570.38	299.75	0	299.75
570.506	305.5	0	305.5
570.632	301.25	0	301.25
570.758	293.75	0	293.75
570.883	286.75	0	286.75
571.009	294.75	0	294.75
571.135	278.75	0	278.75
571.261	296.5	0	296.5
571.387	278.75	0	278.75
571.513	298.25	0	298.25
571.638	303.75	0	303.75
571.764	271.25	0	271.25
571.89	292.25	0	292.25
572.016	286.25	0	286.25
572.141	276	0	276
572.267	296.25	0	296.25
572.393	299.5	0	299.5
572.518	275.5	0	275.5
572.644	290	0	290
572.77	279.5	0	279.5
572.895	281.5	0	281.5
573.021	275.25	0	275.25
573.147	274.75	0	274.75
573.272	277.5	0	277.5
573.398	283.25	0	283.25
573.523	279.75	0	279.75
573.649	278.5	0	278.5
573.774	274.25	0	274.25
573.9	284.75	0	284.75
574.025	279.5	0	279.5
574.151	266.75	0	266.75
574.276	278.25	0	278.25
574.402	275.5	0	275.5
574.527	276.25	0	276.25
574.652	294.75	0	294.75
574.778	268.25	0	268.25
574.903	260.5	0	260.5
575.029	264.75	0	264.75
575.154	280	0	280
575.279	271.25	0	271.25
575.405	277.5	0	277.5
575.53	254.75	0	254.75
575.655	271.75	0	271.75
575.78	263.5	0	263.5
575.906	272.5	0	272.5
576.031	267.75	0	267.75
576.156	278.75	0	278.75
576.281	271.75	0	271.75
576.406	269.75	0	269.75
576.532	260.75	0	260.75
576.657	263.75	0	263.75
576.782	268.75	0	268.75
576.907	264.25	0	264.25
577.032	261.25	0	261.25
577.157	270.75	0	270.75
577.282	267.25	0	267.25
577.407	268.25	0	268.25
577.532	253	0	253
577.657	258	0	258
577.782	254.75	0	254.75
577.907	255.5	0	255.5
578.032	269	0	269
578.157	269.5	0	269.5
578.282	269	0	269
578.407	265.25	0	265.25
578.532	271.75	0	271.75
578.657	261.5	0	261.5
578.782	271.75	0	271.75
578.907	260.5	0	260.5
579.031	250.5	0	250.5
579.156	274.75	0	274.75
579.281	262.75	0	262.75
579.406	266.75	0	266.75
579.531	261.75	0	261.75
579.655	243.25	0	243.25
579.78	271.25	0	271.25
579.905	250.75	0	250.75
580.03	278.75	0	278.75
580.154	259.75	0	259.75
580.279	266	0	266
580.404	251.5	0	251.5
580.528	245.25	0	245.25
580.653	256.25	0	256.25
580.778	257.75	0	257.75
580.902	251.5	0	251.5
581.027	255.25	0	255.25
581.151	251.5	0	251.5
581.276	257.5	0	257.5
581.4	250.25	0	250.25
581.525	252.25	0	252.25
581.649	247.5	0	247.5
581.774	249.75	0	249.75
581.898	253.75	0	253.75
582.023	244.5	0	244.5
582.147	254.5	0	254.5
582.272	241.75	0	241.75
582.396	239.25	0	239.25
582.52	256.25	0	256.25
582.645	240.75	0	240.75
582.769	244.25	0	244.25
582.893	254.25	0	254.25
583.018	249	0	249
583.142	246.5	0	246.5
583.266	247.25	0	247.25
583.391	247.5	0	247.5
583.515	245.5	0	245.5
583.639	242	0	242
583.763	242.75	0	242.75
583.888	250.5	0	250.5
584.012	245.75	0	245.75
584.136	243.75	0	243.75
584.26	247	0	247
584.384	242.75	0	242.75
584.508	231.25	0	231.25
584.632	227.25	0	227.25
584.757	246.75	0	246.75
584.881	240.5	0	240.5
585.005	254.75	0	254.75
585.129	234	0	234
585.253	238	0	238
585.377	231.75	0	231.75
585.501	240.75	0	240.75
585.625	235.75	0	235.75
585.749	243	0	243
585.873	240	0	240
585.997	232.75	0	232.75
586.12	239.25	0	239.25
586.244	246.75	0	246.75
586.368	240.5	0	240.5
586.492	226.5	0	226.5
586.616	232.75	0	232.75
586.74	232	0	232
586.864	232.75	0	232.75
586.987	226.25	0	226.25
587.111	233.75	0	233.75
587.235	226.25	0	226.25
587.359	230.5	0	230.5
587.482	221.75	0	221.75
587.606	237	0	237
587.73	234.25	0	234.25
587.854	224	0	224
587.977	234.25	0	234.25
588.101	231.75	0	231.75
588.224	231	0	231
588.348	232	0	232
588.472	230	0	230
588.595	231	0	231
588.719	230.75	0	230.75
588.842	235.5	0	235.5
588.966	220	0	220
589.089	233.5	0	233.5
589.213	248	0	248
589.336	238.75	0	238.75
589.46	248.25	0	248.25
589.583	233.5	0	233.5
589.707	227.25	0	227.25
589.83	234	0	234
589.954	251.25	0	251.25
590.077	225	0	225
590.2	222.75	0	222.75
590.324	231.5	0	231.5
590.447	218	0	218
590.57	235	0	235
590.694	239.5	0	239.5
590.817	236.25	0	236.25
590.94	218.75	0	218.75
591.063	231.5	0	231.5
591.187	236	0	236
591.31	237.75	0	237.75
591.433	220	0	220
591.556	233.25	0	233.25
591.679	226.75	0	226.75
591.803	225.5	0	225.5
591.926	231.25	0	231.25
592.049	225	0	225
592.172	226	0	226
592.295	211.25	0	211.25
592.418	230.25	0	230.25
592.541	234.5	0	234.5
592.664	227	0	227
592.787	224.5	0	224.5
592.91	231	0	231
593.033	220	0	220
593.156	220.75	0	220.75
593.279	221	0	221
593.402	217.75	0	217.75
593.525	225.5	0	225.5
593.648	232	0	232
593.771	228.75	0	228.75
593.894	219.5	0	219.5
594.016	223.75	0	223.75
594.139	234.25	0	234.25
594.262	234.5	0	234.5
594.385	225.75	0	225.75
594.508	235.25	0	235.25
594.63	228.75	0	228.75
594.753	231	0	231
594.876	240.25	0	240.25
594.999	209.75	0	209.75
595.121	214.5	0	214.5
595.244	222.25	0	222.25
595.367	231.5	0	231.5
595.489	213	0	213
595.612	221.25	0	221.25
595.735	235.75	0	235.75
595.857	226.5	0	226.5
595.98	220.75	0	220.75
596.102	226	0	226
596.225	217.5	0	217.5
596.347	219.75	0	219.75
596.47	231.75	0	231.75
596.592	225.75	0	225.75
596.715	227	0	227
596.837	226.25	0	226.25
596.96	225.75	0	225.75
597.082	208.75	0	208.75
597.205	215.75	0	215.75
597.327	230.5	0	230.5
597.449	211	0	211
597.572	228.75	0	228.75
597.694	217.75	0	217.75
597.816	216.25	0	216.25
597.939	214.75	0	214.75
598.061	217.5	0	217.5
598.183	223.25	0	223.25
598.306	219.75	0	219.75
598.428	230.5	0	230.5
598.55	220.25	0	220.25
598.672	205.25	0	205.25
598.795	223	0	223
598.917	219.75	0	219.75
599.039	231.75	0	231.75
599.161	224	0	224
599.283	218.5	0	218.5
599.405	213	0	213
599.527	217.25	0	217.25
599.65	215.75	0	215.75
599.772	234	0	234
599.894	232.25	0	232.25
600.016	225.5	0	225.5
600.138	218	0	218
600.26	226.75	0	226.75
600.382	221.5	0	221.5
600.504	213.5	0	213.5
600.625	218.75	0	218.75
600.747	223.5	0	223.5
600.869	215.75	0	215.75
600.991	214.75	0	214.75
601.113	209.75	0	209.75
601.235	209.75	0	209.75
601.357	204.25	0	204.25
601.479	201.25	0	201.25
601.6	210.25	0	210.25
601.722	230.25	0	230.25
601.844	230.75	0	230.75
601.966	214.5	0	214.5
602.087	210	0	210
602.209	208.5	0	208.5
602.331	221.5	0	221.5
602.453	209.75	0	209.75
602.574	209.75	0	209.75
602.696	224.5	0	224.5
602.818	222.75	0	222.75
602.939	227.25	0	227.25
603.061	219.75	0	219.75
603.182	231.25	0	231.25
603.304	217.75	0	217.75
603.426	221.75	0	221.75
603.547	207.5	0	207.5
603.669	210.75	0	210.75
603.79	212.5	0	212.5
603.912	215.75	0	215.75
604.033	220.25	0	220.25
604.154	217.25	0	217.25
604.276	215.25	0	215.25
604.397	214.75	0	214.75
604.519	211.25	0	211.25
604.64	217	0	217
604.761	216.5	0	216.5
604.883	207.5	0	207.5
605.004	220.75	0	220.75
605.125	222	0	222
605.247	215.5	0	215.5
605.368	208.75	0	208.75
605.489	221.75	0	221.75
605.611	220.25	0	220.25
605.732	226.5	0	226.5
605.853	216.25	0	216.25
605.974	213.25	0	213.25
606.095	207.75	0	207.75
606.216	220	0	220
606.338	219.75	0	219.75
606.459	222.5	0	222.5
606.58	210.5	0	210.5
606.701	214.25	0	214.25
606.822	224	0	224
606.943	213.25	0	213.25
607.064	204.25	0	204.25
607.185	225.75	0	225.75
607.306	203.5	0	203.5
607.427	218.5	0	218.5
607.548	211	0	211
607.669	198	0	198
607.79	220.25	0	220.25
607.911	204.75	0	204.75
608.032	207.75	0	207.75
608.153	202	0	202
608.274	219	0	219
608.394	216.5	0	216.5
608.515	210.25	0	210.25
608.636	198.75	0	198.75
608.757	216.5	0	216.5
608.878	205.5	0	205.5
608.998	214.25	0	214.25
609.119	219.5	0	219.5
609.24	221.25	0	221.25
609.361	219.25	0	219.25
609.481	209.25	0	209.25
609.602	217	0	217
609.723	208.75	0	208.75
609.843	224	0	224
609.964	226	0	226
610.085	220	0	220
610.205	216	0	216
610.326	201.25	0	201.25
610.446	204	0	204
610.567	210	0	210
610.687	211	0	211
610.808	199.5	0	199.5
610.928	207	0	207
611.049	219.5	0	219.5
611.169	205.5	0	205.5
611.29	225	0	225
611.41	221.75	0	221.75
611.531	208	0	208
611.651	210.25	0	210.25
611.771	213.75	0	213.75
611.892	215	0	215
612.012	218.75	0	218.75
612.132	202	0	202
612.253	208.5	0	208.5
612.373	211.25	0	211.25
612.493	212.5	0	212.5
612.613	201.75	0	201.75
612.734	201	0	201
612.854	212.75	0	212.75
612.974	214.5	0	214.5
613.094	213.75	0	213.75
613.214	205.75	0	205.75
613.335	197.5	0	197.5
613.455	200.25	0	200.25
613.575	212.75	0	212.75
613.695	210.25	0	210.25
613.815	217.75	0	217.75
613.935	204.75	0	204.75
614.055	200.5	0	200.5
614.175	200.25	0	200.25
614.295	211.5	0	211.5
614.415	212.75	0	212.75
614.535	193.75	0	193.75
614.655	209.25	0	209.25
614.775	214	0	214
614.895	211.25	0	211.25
615.015	209.25	0	209.25
615.135	213.25	0	213.25
615.254	204.5	0	204.5
615.374	216.5	0	216.5
615.494	209.5	0	209.5
615.614	206.5	0	206.5
615.734	204	0	204
615.854	201.75	0	201.75
615.973	213.75	0	213.75
616.093	219.25	0	219.25
616.213	208.75	0	208.75
616.332	212	0	212
616.452	206.25	0	206.25
616.572	201.75	0	201.75
616.691	210	0	210
616.811	203.25	0	203.25
616.931	210.5	0	210.5
617.05	202.5	0	202.5
617.17	206.25	0	206.25
617.289	214	0	214
617.409	204	0	204
617.529	197.25	0	197.25
617.648	201.75	0	201.75
617.768	202.5	0	202.5
617.887	216	0	216
618.006	211	0	211
618.126	209	0	209
618.245	206.75	0	206.75
618.365	200.25	0	200.25
618.484	204.5	0	204.5
618.604	193.5	0	193.5
618.723	213.5	0	213.5
618.842	203.75	0	203.75
618.962	215	0	215
619.081	201.75	0	201.75
619.2	207.75	0	207.75
619.319	198.75	0	198.75
619.439	206.75	0	206.75
619.558	212.5	0	212.5
619.677	210.25	0	210.25
619.796	205.75	0	205.75
619.916	206.25	0	206.25
620.035	202.25	0	202.25
620.154	196.75	0	196.75
620.273	194	0	194
620.392	195.25	0	195.25
620.511	195.5	0	195.5
620.63	201	0	201
620.749	202.25	0	202.25
620.868	188	0	188
620.987	199.5	0	199.5
621.106	206.25	0	206.25
621.225	204.5	0	204.5
621.344	195	0	195
621.463	201.5	0	201.5
621.582	201.25	0	201.25
621.701	213.5	0	213.5
621.82	200.75	0	200.75
621.939	205	0	205
622.058	198.75	0	198.75
622.177	203.5	0	203.5
622.295	200.25	0	200.25
622.414	195.75	0	195.75
622.533	197	0	197
622.652	205.75	0	205.75
622.771	199.75	0	199.75
622.889	195.5	0	195.5
623.008	188.75	0	188.75
623.127	194.5	0	194.5
623.245	199.75	0	199.75
623.364	189.75	0	189.75
623.483	205.25	0	205.25
623.601	198.25	0	198.25
623.72	203.75	0	203.75
623.839	192.25	0	192.25
623.957	190.25	0	190.25
624.076	185	0	185
624.194	194	0	194
624.313	186.25	0	186.25
624.431	199.5	0	199.5
624.55	197.5	0	197.5
624.668	208.5	0	208.5
624.787	189.5	0	189.5
624.905	202.5	0	202.5
625.024	198.75	0	198.75
625.142	197.25	0	197.25
625.26	198.25	0	198.25
625.379	200.75	0	200.75
625.497	201.25	0	201.25
625.615	188.75	0	188.75
625.734	190.5	0	190.5
625.852	200.5	0	200.5
625.97	206.75	0	206.75
626.089	197	0	197
626.207	190.25	0	190.25
626.325	194.75	0	194.75
626.443	196.75	0	196.75
626.561	191.75	0	191.75
626.68	183	0	183
626.798	194.5	0	194.5
626.916	200.75	0	200.75
627.034	194.25	0	194.25
627.152	192.25	0	192.25
627.27	190	0	190
627.388	188.75	0	188.75
627.506	198.75	0	198.75
627.624	186.5	0	186.5
627.742	208	0	208
627.86	193	0	193
627.978	189.75	0	189.75
628.096	203.75	0	203.75
628.214	197.25	0	197.25
628.332	196.5	0	196.5
628.45	193	0	193
628.568	188.75	0	188.75
628.686	190.25	0	190.25
628.804	196	0	196
628.921	191.75	0	191.75
629.039	189	0	189
629.157	190.25	0	190.25
629.275	196	0	196
629.393	185.5	0	185.5
629.51	193.75	0	193.75
629.628	186.5	0	186.5
629.746	199	0	199
629.864	200	0	200
629.981	192.25	0	192.25
630.099	193.25	0	193.25
630.216	180.25	0	180.25
630.334	193	0	193
630.452	195	0	195
630.569	194.5	0	194.5
630.687	188	0	188
630.804	182.5	0	182.5
630.922	195.5	0	195.5
631.039	212	0	212
631.157	203.25	0	203.25
631.274	188	0	188
631.392	196.75	0	196.75
631.509	192.75	0	192.75
631.627	201.5	0	201.5
631.744	181.5	0	181.5
631.861	198	0	198
631.979	200.25	0	200.25
632.096	191.25	0	191.25
632.213	189.25	0	189.25
632.331	201.25	0	201.25
632.448	195	0	195
632.565	200	0	200
632.683	196.5	0	196.5
632.8	196.5	0	196.5
632.917	208.5	0	208.5
633.034	198.5	0	198.5
633.151	187	0	187
633.269	187.75	0	187.75
633.386	183.25	0	183.25
633.503	193.75	0	193.75
633.62	207.75	0	207.75
633.737	198	0	198
633.854	186.25	0	186.25
633.971	195	0	195
634.088	191.25	0	191.25
634.205	184.25	0	184.25
634.322	195.5	0	195.5
634.439	197	0	197
634.556	195	0	195
634.673	186	0	186
634.79	191.5	0	191.5
634.907	192.75	0	192.75
635.024	198.5	0	198.5
635.141	184.5	0	184.5
635.258	200	0	200
635.375	200.25	0	200.25
635.491	194.25	0	194.25
635.608	192.75	0	192.75
635.725	191.25	0	191.25
635.842	193.5	0	193.5
635.958	187	0	187
636.075	193	0	193
636.192	202.75	0	202.75
636.309	188.5	0	188.5
636.425	198.25	0	198.25
636.542	193	0	193
636.659	194.5	0	194.5
636.775	205.75	0	205.75
636.892	187.25	0	187.25
637.008	191.5	0	191.5
637.125	196.5	0	196.5
637.241	215.25	0	215.25
637.358	195.25	0	195.25
637.475	199	0	199
637.591	193.25	0	193.25
637.707	202.75	0	202.75
637.824	194	0	194
637.94	195	0	195
638.057	203	0	203
638.173	201	0	201
638.29	189.75	0	189.75
638.406	199	0	199
638.522	191	0	191
638.639	203.5	0	203.5
638.755	200.5	0	200.5
638.871	195.25	0	195.25
638.987	189.5	0	189.5
639.104	188	0	188
639.22	191.75	0	191.75
639.336	201.25	0	201.25
639.452	213.5	0	213.5
639.569	191.75	0	191.75
639.685	198.5	0	198.5
639.801	206.75	0	206.75
639.917	201	0	201
640.033	214.25	0	214.25
640.149	205.75	0	205.75
640.265	214.25	0	214.25
640.381	206.75	0	206.75
640.497	216.5	0	216.5
640.613	216	0	216
640.729	205.75	0	205.75
640.845	206	0	206
640.961	210.75	0	210.75
641.077	221.75	0	221.75
641.193	218.5	0	218.5
641.309	222.25	0	222.25
641.425	223.5	0	223.5
641.541	208.75	0	208.75
641.657	231.25	0	231.25
641.773	225.25	0	225.25
641.888	236	0	236
642.004	234.25	0	234.25
642.12	229.75	0	229.75
642.236	236	0	236
642.352	247.5	0	247.5
642.467	248	0	248
642.583	242	0	242
642.699	236.75	0	236.75
642.814	264.5	0	264.5
642.93	254.25	0	254.25
643.046	270.5	0	270.5
643.161	296.5	0	296.5
643.277	284.75	0	284.75
643.392	303.25	0	303.25
643.508	329	0	329
643.623	341.75	0	341.75
643.739	393.25	0	393.25
643.854	421.25	0	421.25
643.97	483.5	0	483.5
644.085	595.5	0	595.5
644.201	845.75	0	845.75
644.316	1166	0	1166
644.432	1128	0	1128
644.547	948.75	0	948.75
644.663	836.25	0	836.25
644.778	756.75	0	756.75
644.893	639	0	639
645.008	597	0	597
645.124	534.75	0	534.75
645.239	496.5	0	496.5
645.354	482.25	0	482.25
645.47	446.5	0	446.5
645.585	409.5	0	409.5
645.7	390.75	0	390.75
645.815	376.25	0	376.25
645.93	352	0	352
646.046	340.25	0	340.25
646.161	332.75	0	332.75
646.276	343.75	0	343.75
646.391	325.5	0	325.5
646.506	319.5	0	319.5
646.621	314	0	314
646.736	303.25	0	303.25
646.851	300.25	0	300.25
646.966	293.25	0	293.25
647.081	287.75	0	287.75
647.196	284.5	0	284.5
647.311	275	0	275
647.426	277	0	277
647.541	263.5	0	263.5
647.656	263.75	0	263.75
647.771	279.25	0	279.25
647.885	250.5	0	250.5
648	246.5	0	246.5
648.115	254.75	0	254.75
648.23	251.25	0	251.25
648.345	249	0	249
648.459	249.25	0	249.25
648.574	250.25	0	250.25
648.689	243.25	0	243.25
648.804	230	0	230
648.918	247	0	247
649.033	242.5	0	242.5
649.148	236	0	236
649.262	236	0	236
649.377	228	0	228
649.491	230.5	0	230.5
649.606	223.25	0	223.25
649.721	232	0	232
649.835	237.5	0	237.5
649.95	223	0	223
650.064	223.75	0	223.75
650.179	228	0	228
650.293	224.5	0	224.5
650.408	207.75	0	207.75
650.522	224.5	0	224.5
650.636	218.25	0	218.25
650.751	225	0	225
650.865	213.25	0	213.25
650.979	203.25	0	203.25
651.094	201.75	0	201.75
651.208	204.5	0	204.5
651.322	219.5	0	219.5
651.437	203.5	0	203.5
651.551	227	0	227
651.665	207.75	0	207.75
651.779	222.75	0	222.75
651.894	214.25	0	214.25
652.008	207.25	0	207.25
652.122	198.5	0	198.5
652.236	207.75	0	207.75
652.35	201.75	0	201.75
652.464	201.5	0	201.5
652.578	209	0	209
652.693	202.25	0	202.25
652.807	192.25	0	192.25
652.921	210.75	0	210.75
653.035	207.25	0	207.25
653.149	205	0	205
653.263	205	0	205
653.376	187	0	187
653.49	204.75	0	204.75
653.604	202	0	202
653.718	197	0	197
653.832	209	0	209
653.946	194.5	0	194.5
654.06	197.25	0	197.25
654.174	188.5	0	188.5
654.287	190.5	0	190.5
654.401	185.5	0	185.5
654.515	199.25	0	199.25
654.629	200.5	0	200.5
654.743	189.25	0	189.25
654.856	196.25	0	196.25
654.97	184.75	0	184.75
655.084	203	0	203
655.197	193.25	0	193.25
655.311	198	0	198
655.424	197	0	197
655.538	191.75	0	191.75
655.652	181.5	0	181.5
655.765	191	0	191
655.879	185.5	0	185.5
655.992	182	0	182
656.106	198.75	0	198.75
656.219	193.75	0	193.75
656.333	195	0	195
656.446	186.25	0	186.25
656.56	189.5	0	189.5
656.673	187.25	0	187.25
656.786	193.75	0	193.75
656.9	198	0	198
657.013	186	0	186
657.127	197.75	0	197.75
657.24	193	0	193
657.353	179.75	0	179.75
657.466	186.5	0	186.5
657.58	184.5	0	184.5
657.693	178.75	0	178.75
657.806	183	0	183
657.919	191.75	0	191.75
658.032	195.25	0	195.25
658.146	172.25	0	172.25
658.259	189.75	0	189.75
658.372	194.5	0	194.5
658.485	174.25	0	174.25
658.598	182	0	182
658.711	195.5	0	195.5
658.824	179.75	0	179.75
658.937	190.25	0	190.25
659.05	189.5	0	189.5
659.163	185.5	0	185.5
659.276	188.25	0	188.25
659.389	192.25	0	192.25
659.502	193.5	0	193.5
659.615	189.75	0	189.75
659.728	179.75	0	179.75
659.841	179	0	179
659.954	178.5	0	178.5
660.067	185.25	0	185.25
660.179	185.75	0	185.75
660.292	185.25	0	185.25
660.405	183.5	0	183.5
660.518	185.25	0	185.25
660.63	176.5	0	176.5
660.743	181.75	0	181.75
660.856	182	0	182
660.969	180.75	0	180.75
661.081	176	0	176
661.194	193.75	0	193.75
661.307	172.25	0	172.25
661.419	174.5	0	174.5
661.532	183.75	0	183.75
661.644	183.5	0	183.5
661.757	181.75	0	181.75
661.869	173	0	173
661.982	172.75	0	172.75
662.094	181.25	0	181.25
662.207	185.25	0	185.25
662.319	175.25	0	175.25
662.432	175.5	0	175.5
662.544	176.25	0	176.25
662.656	176	0	176
662.769	178	0	178
662.881	173	0	173
662.994	175.25	0	175.25
663.106	178	0	178
663.218	165.5	0	165.5
663.331	167.5	0	167.5
663.443	180.5	0	180.5
663.555	175	0	175
663.667	188	0	188
663.779	177.25	0	177.25
663.892	175.25	0	175.25
664.004	171.75	0	171.75
664.116	174	0	174
664.228	182.5	0	182.5
664.34	181	0	181
664.452	182.5	0	182.5
664.564	179.25	0	179.25
664.676	161.5	0	161.5
664.788	179.25	0	179.25
664.901	179	0	179
665.012	167.75	0	167.75
665.125	167.5	0	167.5
665.236	168.25	0	168.25
665.348	172.5	0	172.5
665.46	165.5	0	165.5
665.572	174.75	0	174.75
665.684	178.25	0	178.25
665.796	173	0	173
665.908	185.25	0	185.25
666.02	182.25	0	182.25
666.131	169.25	0	169.25
666.243	168	0	168
666.355	176.5	0	176.5
666.467	174	0	174
666.578	179.5	0	179.5
666.69	186	0	186
666.802	182	0	182
666.914	186.25	0	186.25
667.025	170	0	170
667.137	174.25	0	174.25
667.248	167	0	167
667.36	174.5	0	174.5
667.472	178.5	0	178.5
667.583	174	0	174
667.695	165.5	0	165.5
667.806	179.5	0	179.5
667.918	173.75	0	173.75
668.029	179.25	0	179.25
668.141	176	0	176
668.252	183.25	0	183.25
668.363	182.25	0	182.25
668.475	170.75	0	170.75
668.586	173.5	0	173.5
668.698	171.5	0	171.5
668.809	181	0	181
668.92	177.5	0	177.5
669.032	171.25	0	171.25
669.143	180.25	0	180.25
669.254	178.75	0	178.75
669.365	181	0	181
669.477	156.75	0	156.75
669.588	180.5	0	180.5
669.699	176.5	0	176.5
669.81	181.25	0	181.25
669.921	176	0	176
670.032	178.75	0	178.75
670.143	167.75	0	167.75
670.255	175.75	0	175.75
670.366	187	0	187
670.477	174	0	174
670.588	180.25	0	180.25
670.699	177.25	0	177.25
670.81	170.75	0	170.75
670.921	173	0	173
671.032	182	0	182
671.143	178	0	178
671.253	175	0	175
671.364	176.75	0	176.75
671.475	181	0	181
671.586	171.5	0	171.5
671.697	174.5	0	174.5
671.808	181.5	0	181.5
671.919	183.25	0	183.25
672.029	181.5	0	181.5
672.14	184.25	0	184.25
672.251	178.25	0	178.25
672.362	199.25	0	199.25
672.472	171.5	0	171.5
672.583	190.25	0	190.25
672.694	186	0	186
672.804	192	0	192
672.915	193	0	193
673.025	191.25	0	191.25
673.136	184.5	0	184.5
673.247	185	0	185
673.357	186.5	0	186.5
673.468	183.5	0	183.5
673.578	198	0	198
673.689	190.75	0	190.75
673.799	176	0	176
673.91	188.75	0	188.75
674.02	182.25	0	182.25
674.13	185.5	0	185.5
674.241	189.25	0	189.25
674.351	183	0	183
674.461	180.75	0	180.75
674.572	179	0	179
674.682	197.75	0	197.75
674.792	187	0	187
674.903	180	0	180
675.013	184.75	0	184.75
675.123	176.5	0	176.5
675.233	186.25	0	186.25
675.344	190.5	0	190.5
675.454	164.5	0	164.5
675.564	179.25	0	179.25
675.674	176.75	0	176.75
675.784	179	0	179
675.894	163.75	0	163.75
676.004	168.75	0	168.75
676.114	169.5	0	169.5
676.224	183.25	0	183.25
676.334	181	0	181
676.444	175.25	0	175.25
676.554	172.25	0	172.25
676.664	167.25	0	167.25
676.774	172.5	0	172.5
676.884	180.5	0	180.5
676.994	174.5	0	174.5
677.104	178	0	178
677.214	168	0	168
677.324	182.75	0	182.75
677.433	167.75	0	167.75
677.543	180.25	0	180.25
677.653	167.5	0	167.5
677.763	180.5	0	180.5
677.872	176.75	0	176.75
677.982	159.75	0	159.75
678.092	179.5	0	179.5
678.202	170.25	0	170.25
678.311	174.25	0	174.25
678.421	159.75	0	159.75
678.53	166.25	0	166.25
678.64	174.25	0	174.25
678.75	175	0	175
678.859	172	0	172
678.969	173.75	0	173.75
679.078	176.5	0	176.5
679.188	168	0	168
679.297	172	0	172
679.407	166	0	166
679.516	164.25	0	164.25
679.625	176.25	0	176.25
679.735	169.5	0	169.5
679.844	162	0	162
679.954	159.5	0	159.5
680.063	173.5	0	173.5
680.172	161.5	0	161.5
680.282	163.25	0	163.25
680.391	158.5	0	158.5
680.5	179.75	0	179.75
680.609	163.25	0	163.25
680.719	169.25	0	169.25
680.828	158.5	0	158.5
680.937	172.75	0	172.75
681.046	159.75	0	159.75
681.155	162	0	162
681.264	156.5	0	156.5
681.374	158.25	0	158.25
681.483	165.25	0	165.25
681.592	164.75	0	164.75
681.701	166	0	166
681.81	163.25	0	163.25
681.919	159.5	0	159.5
682.028	162.5	0	162.5
682.137	157.25	0	157.25
682.246	150.5	0	150.5
682.355	169	0	169
682.463	160.75	0	160.75
682.572	162.25	0	162.25
682.681	168	0	168
682.79	151.75	0	151.75
682.899	159.5	0	159.5
683.008	154.75	0	154.75
683.117	160	0	160
683.225	160.5	0	160.5
683.334	159.25	0	159.25
683.443	167.25	0	167.25
683.551	162.25	0	162.25
683.66	165.5	0	165.5
683.769	150.25	0	150.25
683.877	163.5	0	163.5
683.986	154.5	0	154.5
684.095	151.5	0	151.5
684.203	167.75	0	167.75
684.312	153.5	0	153.5
684.42	166.25	0	166.25
684.529	152.75	0	152.75
684.637	156.75	0	156.75
684.746	149.25	0	149.25
684.854	158.25	0	158.25
684.963	168	0	168
685.071	160.75	0	160.75
685.18	151.75	0	151.75
685.288	164	0	164
685.396	150	0	150
685.505	157	0	157
685.613	156.75	0	156.75
685.721	159.25	0	159.25
685.83	154.5	0	154.5
685.938	153	0	153
686.046	158	0	158
686.154	149.75	0	149.75
686.263	156	0	156
686.371	154.75	0	154.75
686.479	147	0	147
686.587	150.5	0	150.5
686.695	156.75	0	156.75
686.803	156	0	156
686.911	149.75	0	149.75
687.019	153.5	0	153.5
687.127	150.75	0	150.75
687.235	161.25	0	161.25
687.343	166	0	166
687.451	152.25	0	152.25
687.559	142.25	0	142.25
687.667	149.75	0	149.75
687.775	156	0	156
687.883	147	0	147
687.991	152	0	152
688.099	151.5	0	151.5
688.207	153.25	0	153.25
688.315	146	0	146
688.422	157.5	0	157.5
688.53	150.5	0	150.5
688.638	153.75	0	153.75
688.746	161	0	161
688.853	159	0	159
688.961	147.25	0	147.25
689.069	156.75	0	156.75
689.176	146.75	0	146.75
689.284	159.5	0	159.5
689.392	142.5	0	142.5
689.499	151	0	151
689.607	146.25	0	146.25
689.714	164.25	0	164.25
689.822	150.25	0	150.25
689.93	155.75	0	155.75
690.037	154	0	154
690.144	147.5	0	147.5
690.252	149.5	0	149.5
690.359	149	0	149
690.467	156.25	0	156.25
690.574	141.5	0	141.5
690.682	145.75	0	145.75
690.789	153.75	0	153.75
690.896	154	0	154
691.004	155	0	155
691.111	146.25	0	146.25
691.218	149.25	0	149.25
691.325	146.25	0	146.25
691.433	149	0	149
691.54	150	0	150
691.647	145	0	145
691.754	142.5	0	142.5
691.861	153	0	153
691.969	132	0	132
692.076	146	0	146
692.183	150.5	0	150.5
692.29	146.25	0	146.25
692.397	153.5	0	153.5
692.504	149	0	149
692.611	147.5	0	147.5
692.718	143.75	0	143.75
692.825	142	0	142
692.932	148.75	0	148.75
693.039	146	0	146
693.146	144.25	0	144.25
693.253	145.25	0	145.25
693.359	146	0	146
693.466	144.25	0	144.25
693.573	144.5	0	144.5
693.68	148.5	0	148.5
693.787	149.5	0	149.5
693.894	138.5	0	138.5
694	143.5	0	143.5
694.107	139.25	0	139.25
694.214	152.75	0	152.75
694.32	144.75	0	144.75
694.427	140.25	0	140.25
694.534	150.25	0	150.25
694.64	156.5	0	156.5
694.747	142.25	0	142.25
694.853	147.25	0	147.25
694.96	144	0	144
695.067	144.5	0	144.5
695.173	152.75	0	152.75
695.28	140.5	0	140.5
695.386	143	0	143
695.493	135.5	0	135.5
695.599	148.25	0	148.25
695.705	140.75	0	140.75
695.812	151.75	0	151.75
695.918	143	0	143
696.025	146.25	0	146.25
696.131	143	0	143
696.237	141.75	0	141.75
696.344	144.75	0	144.75
696.45	146	0	146
696.556	150.5	0	150.5
696.662	140.5	0	140.5
696.768	148.75	0	148.75
696.875	137.25	0	137.25
696.981	138.5	0	138.5
697.087	137.75	0	137.75
697.193	141.75	0	141.75
697.299	147.25	0	147.25
697.405	146	0	146
697.512	141.25	0	141.25
697.618	143.25	0	143.25
697.724	143.25	0	143.25
697.83	146.5	0	146.5
697.936	154	0	154
698.042	136	0	136
698.148	148.5	0	148.5
698.253	144.5	0	144.5
698.359	143.25	0	143.25
698.465	147	0	147
698.571	144	0	144
698.677	145.25	0	145.25
698.783	139.75	0	139.75
698.889	141.5	0	141.5
698.994	139.5	0	139.5
699.1	142	0	142
699.206	143	0	143
699.312	143.75	0	143.75
699.417	139.75	0	139.75
699.523	134.25	0	134.25
699.629	142	0	142
699.734	152	0	152
699.84	154.25	0	154.25
699.946	144.75	0	144.75
700.051	138.5	0	138.5
700.157	135	0	135
700.262	148.5	0	148.5
700.368	135.5	0	135.5
700.473	143.75	0	143.75
700.579	151.25	0	151.25
700.684	137.5	0	137.5
700.79	145.25	0	145.25
700.895	146.25	0	146.25
701	145.75	0	145.75
701.106	140	0	140
701.211	136.25	0	136.25
701.316	141	0	141
701.422	140	0	140
701.527	143.25	0	143.25
701.632	144.5	0	144.5
701.738	141	0	141
701.843	131.5	0	131.5
701.948	132	0	132
702.053	135	0	135
702.158	140.75	0	140.75
702.264	133	0	133
702.369	123.25	0	123.25
702.474	134.5	0	134.5
702.579	145.5	0	145.5
702.684	140.75	0	140.75
702.789	139	0	139
702.894	144	0	144
702.999	137.75	0	137.75
703.104	133.25	0	133.25
703.209	140.75	0	140.75
703.314	142.5	0	142.5
703.419	140.5	0	140.5
703.524	134.75	0	134.75
703.629	139	0	139
703.733	142.75	0	142.75
703.838	143.75	0	143.75
703.943	138.25	0	138.25
704.048	139.75	0	139.75
704.153	146	0	146
704.257	149.25	0	149.25
704.362	138.75	0	138.75
704.467	144.5	0	144.5
704.572	143.75	0	143.75
704.676	137.5	0	137.5
704.781	138.5	0	138.5
704.886	152.25	0	152.25
704.99	134.25	0	134.25
705.095	145.25	0	145.25
705.199	127.25	0	127.25
705.304	134.75	0	134.75
705.408	131.5	0	131.5
705.513	143	0	143
705.617	143.5	0	143.5
705.722	138	0	138
705.826	136.75	0	136.75
705.931	148.25	0	148.25
706.035	141.5	0	141.5
706.139	137.75	0	137.75
706.244	139.5	0	139.5
706.348	138.75	0	138.75
706.452	144	0	144
706.557	139.75	0	139.75
706.661	137.75	0	137.75
706.765	139.25	0	139.25
706.87	146.25	0	146.25
706.974	134.5	0	134.5
707.078	152.75	0	152.75
707.182	139.25	0	139.25
707.286	140	0	140
707.39	151	0	151
707.495	137.75	0	137.75
707.599	146.25	0	146.25
707.703	142	0	142
707.807	142.5	0	142.5
707.911	136.5	0	136.5
708.015	142.25	0	142.25
708.119	141	0	141
708.223	137	0	137
708.327	143.25	0	143.25
708.431	136.75	0	136.75
708.534	139	0	139
708.638	134.5	0	134.5
708.742	132	0	132
708.846	135.5	0	135.5
708.95	136.75	0	136.75
709.054	134.5	0	134.5
709.157	135.25	0	135.25
709.261	141.5	0	141.5
709.365	135.25	0	135.25
709.469	135.75	0	135.75
709.572	129.25	0	129.25
709.676	139	0	139
709.78	141.25	0	141.25
709.883	134.5	0	134.5
709.987	141.75	0	141.75
710.09	142.5	0	142.5
710.194	135	0	135
710.298	136.5	0	136.5
710.401	142.25	0	142.25
710.505	134.25	0	134.25
710.608	131.75	0	131.75
710.711	148	0	148
710.815	136.75	0	136.75
710.918	140	0	140
711.022	145	0	145
711.125	130.25	0	130.25
711.228	140.5	0	140.5
711.332	137.25	0	137.25
711.435	128	0	128
711.538	142.5	0	142.5
711.642	137	0	137
711.745	138.25	0	138.25
711.848	137	0	137
711.951	141.5	0	141.5
712.055	142.25	0	142.25
712.158	149	0	149
712.261	139	0	139
712.364	131	0	131
712.467	134.25	0	134.25
712.57	137.5	0	137.5
712.673	142	0	142
712.776	141.5	0	141.5
712.879	140.5	0	140.5
712.982	136.5	0	136.5
713.085	135.25	0	135.25
713.188	139	0	139
713.291	132.75	0	132.75
713.394	138.25	0	138.25
713.497	144.25	0	144.25
713.6	133.5	0	133.5
713.703	132.5	0	132.5
713.805	138.75	0	138.75
713.908	129.5	0	129.5
714.011	140.5	0	140.5
714.114	139.25	0	139.25
714.216	134.25	0	134.25
714.319	131.75	0	131.75
714.422	131.75	0	131.75
714.525	133.25	0	133.25
714.627	135.5	0	135.5
714.73	136.5	0	136.5
714.833	138.25	0	138.25
714.935	139.75	0	139.75
715.038	135	0	135
715.14	132.75	0	132.75
715.243	141.25	0	141.25
715.345	138	0	138
715.448	135.25	0	135.25
715.55	146.5	0	146.5
715.653	132.75	0	132.75
715.755	140.5	0	140.5
715.857	133.5	0	133.5
715.96	139	0	139
716.062	129.25	0	129.25
716.164	130.75	0	130.75
716.267	133.75	0	133.75
716.369	134.25	0	134.25
716.471	133	0	133
716.574	140.5	0	140.5
716.676	134.25	0	134.25
716.778	132.75	0	132.75
716.88	135.5	0	135.5
716.982	140.5	0	140.5
717.085	134.75	0	134.75
717.187	135.5	0	135.5
717.289	133.25	0	133.25
717.391	144.25	0	144.25
717.493	143.25	0	143.25
717.595	138.75	0	138.75
717.697	129.25	0	129.25
717.799	136	0	136
717.901	136	0	136
718.003	139	0	139
718.105	135.75	0	135.75
718.207	142	0	142
718.309	138	0	138
718.411	142.5	0	142.5
718.512	133	0	133
718.614	136.75	0	136.75
718.716	142	0	142
718.818	131.5	0	131.5
718.92	138.75	0	138.75
719.021	131	0	131
719.123	140.75	0	140.75
719.225	134	0	134
719.326	139.75	0	139.75
719.428	130.75	0	130.75
719.53	140	0	140
719.631	138.25	0	138.25
719.733	137	0	137
719.834	132.25	0	132.25
719.936	136.75	0	136.75
720.038	139.5	0	139.5
720.139	136	0	136
720.241	138.5	0	138.5
720.342	134	0	134
720.443	136.75	0	136.75
720.545	136.75	0	136.75
720.646	145.5	0	145.5
720.748	125.75	0	125.75
720.849	132	0	132
720.95	134.25	0	134.25
721.052	136.25	0	136.25
721.153	133.75	0	133.75
721.254	139.75	0	139.75
721.355	138.5	0	138.5
721.457	136	0	136
721.558	137	0	137
721.659	148.75	0	148.75
721.76	138.75	0	138.75
721.861	130.25	0	130.25
721.963	132	0	132
722.064	138.5	0	138.5
722.165	124.25	0	124.25
722.266	127.25	0	127.25
722.367	130.5	0	130.5
722.468	130.5	0	130.5
722.569	132.25	0	132.25
722.67	139	0	139
722.771	137.5	0	137.5
722.872	139.25	0	139.25
722.973	141.75	0	141.75
723.073	139	0	139
723.174	142	0	142
723.275	143.25	0	143.25
723.376	140	0	140
723.477	133.25	0	133.25
723.577	135	0	135
723.678	140	0	140
723.779	135	0	135
723.88	123.5	0	123.5
723.98	129	0	129
724.081	140.5	0	140.5
724.182	136	0	136
724.282	133.5	0	133.5
724.383	138.75	0	138.75
724.483	127.5	0	127.5
724.584	136.75	0	136.75
724.685	138	0	138
724.785	135.75	0	135.75
724.886	131.25	0	131.25
724.986	130.75	0	130.75
725.086	133.75	0	133.75
725.187	137	0	137
725.287	132.25	0	132.25
725.388	140.5	0	140.5
725.488	132.25	0	132.25
725.588	134.75	0	134.75
725.689	132.5	0	132.5
725.789	132.5	0	132.5
725.889	130.75	0	130.75
725.99	135.5	0	135.5
726.09	128.25	0	128.25
726.19	125.75	0	125.75
726.29	138.25	0	138.25
726.39	131.25	0	131.25
726.49	142.25	0	142.25
726.591	137.5	0	137.5
726.691	130.25	0	130.25
726.791	133.5	0	133.5
726.891	136	0	136
726.991	133.5	0	133.5
727.091	130.25	0	130.25
727.191	129	0	129
727.291	136.75	0	136.75
727.391	135.5	0	135.5
727.491	132.25	0	132.25
727.591	138.5	0	138.5
727.691	130.5	0	130.5
727.79	145.25	0	145.25
727.89	137.75	0	137.75
727.99	137	0	137
728.09	133.75	0	133.75
728.19	131.75	0	131.75
728.289	136	0	136
728.389	138.75	0	138.75
728.489	129	0	129
728.589	138.75	0	138.75
728.688	135.25	0	135.25
728.788	132	0	132
728.888	136.75	0	136.75
728.987	124	0	124
729.087	133.25	0	133.25
729.186	128	0	128
729.286	140	0	140
729.385	135.75	0	135.75
729.485	136.5	0	136.5
729.584	134	0	134
729.684	127.5	0	127.5
729.783	135.5	0	135.5
729.883	136.75	0	136.75
729.982	132.75	0	132.75
730.081	128.5	0	128.5
730.181	131.25	0	131.25
730.28	134.25	0	134.25
730.379	134.75	0	134.75
730.479	137.75	0	137.75
730.578	131.75	0	131.75
730.677	129	0	129
730.776	130	0	130
730.875	133.25	0	133.25
730.975	133.75	0	133.75
731.074	123.75	0	123.75
731.173	137.5	0	137.5
731.272	130.5	0	130.5
731.371	142	0	142
731.47	130.75	0	130.75
731.569	129.25	0	129.25
731.668	128.25	0	128.25
731.767	138.75	0	138.75
731.866	134.5	0	134.5
731.965	133.75	0	133.75
732.064	127	0	127
732.163	136.5	0	136.5
732.262	131.75	0	131.75
732.361	125.25	0	125.25
732.46	134.25	0	134.25
732.558	126.5	0	126.5
732.657	136.25	0	136.25
732.756	129.25	0	129.25
732.855	133	0	133
732.953	132	0	132
733.052	138.25	0	138.25
733.151	135	0	135
733.25	128	0	128
733.348	137	0	137
733.447	128.5	0	128.5
733.545	132	0	132
733.644	134.5	0	134.5
733.742	139	0	139
733.841	137.5	0	137.5
733.939	129.75	0	129.75
734.038	139	0	139
734.136	134.25	0	134.25
734.235	129	0	129
734.333	127.75	0	127.75
734.432	135.75	0	135.75
734.53	132.5	0	132.5
734.628	131	0	131
734.727	131.5	0	131.5
734.825	130.75	0	130.75
734.923	134.75	0	134.75
735.022	135.25	0	135.25
735.12	137.5	0	137.5
735.218	133.75	0	133.75
735.316	129.75	0	129.75
735.414	140.75	0	140.75
735.513	137.5	0	137.5
735.611	128.25	0	128.25
735.709	126.75	0	126.75
735.807	134.25	0	134.25
735.905	124.25	0	124.25
736.003	130.25	0	130.25
736.101	136.5	0	136.5
736.199	125.75	0	125.75
736.297	131	0	131
736.395	127	0	127
736.493	131	0	131
736.591	133.25	0	133.25
736.689	135.25	0	135.25
736.787	134	0	134
736.884	121.5	0	121.5
736.982	129.5	0	129.5
737.08	127	0	127
737.178	133	0	133
737.276	131.5	0	131.5
737.373	124.75	0	124.75
737.471	127.25	0	127.25
737.569	125.5	0	125.5
737.667	133.5	0	133.5
737.764	134.25	0	134.25
737.862	127.75	0	127.75
737.959	125	0	125
738.057	130.75	0	130.75
738.154	137.25	0	137.25
738.252	127	0	127
738.35	130.25	0	130.25
738.447	130.5	0	130.5
738.544	139.25	0	139.25
738.642	138	0	138
738.739	134.5	0	134.5
738.837	126.5	0	126.5
738.934	129.75	0	129.75
739.031	129	0	129
739.129	130	0	130
739.226	132.75	0	132.75
739.323	124.25	0	124.25
739.421	137.75	0	137.75
739.518	133	0	133
739.615	136.5	0	136.5