Lambda	Spectrum	Dark	SpecMinusDark
500.031	471.5	0	471.5
500.165	496.75	0	496.75
500.299	494	0	494
500.433	474	0	474
500.567	499.25	0	499.25
500.701	498.25	0	498.25
500.835	502.25	0	502.25
500.968	523.5	0	523.5
501.102	511	0	511
501.236	516	0	516
501.37	521.5	0	521.5
501.504	551.5	0	551.5
501.637	575.75	0	575.75
501.771	565.5	0	565.5
501.905	572.5	0	572.5
502.039	550.75	0	550.75
502.172	558.75	0	558.75
502.306	548.25	0	548.25
502.44	561.75	0	561.75
502.573	562.25	0	562.25
502.707	556.75	0	556.75
502.841	575.75	0	575.75
502.974	587	0	587
503.108	596.25	0	596.25
503.242	611	0	611
503.375	612.25	0	612.25
503.509	599.25	0	599.25
503.642	623.5	0	623.5
503.776	639.5	0	639.5
503.909	644	0	644
504.043	630.5	0	630.5
504.176	627.5	0	627.5
504.31	633.75	0	633.75
504.443	643.25	0	643.25
504.577	664	0	664
504.71	652.75	0	652.75
504.844	650.75	0	650.75
504.977	657.75	0	657.75
505.111	665.5	0	665.5
505.244	682	0	682
505.377	682.75	0	682.75
505.511	691.25	0	691.25
505.644	695.25	0	695.25
505.777	712.75	0	712.75
505.911	721.5	0	721.5
506.044	716.25	0	716.25
506.177	720	0	720
506.311	741.5	0	741.5
506.444	737.75	0	737.75
506.577	727.25	0	727.25
506.71	745	0	745
506.844	759.5	0	759.5
506.977	736.75	0	736.75
507.11	755.75	0	755.75
507.243	776	0	776
507.376	737	0	737
507.51	757.25	0	757.25
507.643	760.75	0	760.75
507.776	763.25	0	763.25
507.909	774	0	774
508.042	758.5	0	758.5
508.175	785	0	785
508.308	786.75	0	786.75
508.441	774	0	774
508.574	786.5	0	786.5
508.707	783.75	0	783.75
508.84	807	0	807
508.973	790.75	0	790.75
509.106	810	0	810
509.239	844.75	0	844.75
509.372	819.25	0	819.25
509.505	834.5	0	834.5
509.638	841.25	0	841.25
509.771	832.5	0	832.5
509.904	847.25	0	847.25
510.037	849	0	849
510.17	874.25	0	874.25
510.303	859	0	859
510.436	860.25	0	860.25
510.568	846	0	846
510.701	902.5	0	902.5
510.834	888.5	0	888.5
510.967	898.5	0	898.5
511.1	908.5	0	908.5
511.232	912	0	912
511.365	952.25	0	952.25
511.498	975.25	0	975.25
511.631	984.75	0	984.75
511.763	994.75	0	994.75
511.896	981.5	0	981.5
512.029	1010	0	1010
512.161	1030	0	1030
512.294	1027.25	0	1027.25
512.427	1079.25	0	1079.25
512.559	1051.25	0	1051.25
512.692	1103	0	1103
512.825	1109	0	1109
512.957	1154.5	0	1154.5
513.09	1177	0	1177
513.222	1117.5	0	1117.5
513.355	1107.5	0	1107.5
513.487	1074.5	0	1074.5
513.62	1050.25	0	1050.25
513.752	1102	0	1102
513.885	1064.25	0	1064.25
514.017	1017.75	0	1017.75
514.15	1022.25	0	1022.25
514.282	1034	0	1034
514.415	1015	0	1015
514.547	1019	0	1019
514.68	1045.25	0	1045.25
514.812	1038	0	1038
514.944	1110	0	1110
515.077	1130	0	1130
515.209	1152	0	1152
515.341	1156.5	0	1156.5
515.474	1136.5	0	1136.5
515.606	1087.5	0	1087.5
515.738	1081.5	0	1081.5
515.871	1104	0	1104
516.003	1090.75	0	1090.75
516.135	1073.25	0	1073.25
516.267	1015.75	0	1015.75
516.4	1047.25	0	1047.25
516.532	1046	0	1046
516.664	1028.25	0	1028.25
516.796	1039	0	1039
516.928	1049.25	0	1049.25
517.06	1044.5	0	1044.5
517.193	1015.5	0	1015.5
517.325	1067	0	1067
517.457	1059.5	0	1059.5
517.589	1025.5	0	1025.5
517.721	1068.75	0	1068.75
517.853	1091.75	0	1091.75
517.985	1127.5	0	1127.5
518.117	1119.75	0	1119.75
518.249	1118.25	0	1118.25
518.381	1093.25	0	1093.25
518.513	1047.25	0	1047.25
518.645	1060.75	0	1060.75
518.777	1036.25	0	1036.25
518.909	1061.5	0	1061.5
519.041	1060	0	1060
519.173	1080	0	1080
519.305	1045.25	0	1045.25
519.437	1072.5	0	1072.5
519.569	1029.25	0	1029.25
519.701	1107.5	0	1107.5
519.832	1077.5	0	1077.5
519.964	1079	0	1079
520.096	1052.25	0	1052.25
520.228	1050.5	0	1050.5
520.36	1098.75	0	1098.75
520.491	1076.75	0	1076.75
520.623	1067	0	1067
520.755	1085.5	0	1085.5
520.887	1120.75	0	1120.75
521.018	1091.75	0	1091.75
521.15	1157.25	0	1157.25
521.282	1197	0	1197
521.414	1227.25	0	1227.25
521.545	1283.25	0	1283.25
521.677	1358.75	0	1358.75
521.808	1378	0	1378
521.94	1281	0	1281
522.072	1192.5	0	1192.5
522.203	1221	0	1221
522.335	1219.25	0	1219.25
522.466	1166.5	0	1166.5
522.598	1134	0	1134
522.729	1150.75	0	1150.75
522.861	1176.5	0	1176.5
522.993	1182	0	1182
523.124	1180.75	0	1180.75
523.256	1210	0	1210
523.387	1289.25	0	1289.25
523.518	1313.25	0	1313.25
523.65	1234.5	0	1234.5
523.781	1276.75	0	1276.75
523.913	1314	0	1314
524.044	1335	0	1335
524.176	1243	0	1243
524.307	1202.25	0	1202.25
524.438	1160.75	0	1160.75
524.57	1202	0	1202
524.701	1173.5	0	1173.5
524.832	1188.5	0	1188.5
524.964	1184.5	0	1184.5
525.095	1209.75	0	1209.75
525.226	1303.5	0	1303.5
525.357	1267.75	0	1267.75
525.489	1184.75	0	1184.75
525.62	1212.25	0	1212.25
525.751	1213.75	0	1213.75
525.882	1219.75	0	1219.75
526.013	1225.75	0	1225.75
526.145	1254.25	0	1254.25
526.276	1233.5	0	1233.5
526.407	1221.25	0	1221.25
526.538	1214.25	0	1214.25
526.669	1267.25	0	1267.25
526.8	1324.5	0	1324.5
526.931	1478.25	0	1478.25
527.062	1673	0	1673
527.193	1681.5	0	1681.5
527.324	1571	0	1571
527.455	1468.75	0	1468.75
527.586	1385	0	1385
527.717	1380.5	0	1380.5
527.848	1344.25	0	1344.25
527.979	1339.5	0	1339.5
528.11	1344.75	0	1344.75
528.241	1310.5	0	1310.5
528.372	1372.75	0	1372.75
528.503	1454	0	1454
528.634	1431.75	0	1431.75
528.765	1393.75	0	1393.75
528.896	1355.25	0	1355.25
529.026	1354.25	0	1354.25
529.157	1327.5	0	1327.5
529.288	1324.25	0	1324.25
529.419	1295.75	0	1295.75
529.55	1253	0	1253
529.681	1268	0	1268
529.811	1232.75	0	1232.75
529.942	1231.5	0	1231.5
530.073	1293.75	0	1293.75
530.203	1244.5	0	1244.5
530.334	1306	0	1306
530.465	1328.25	0	1328.25
530.596	1367.25	0	1367.25
530.726	1275.25	0	1275.25
530.857	1282.25	0	1282.25
530.987	1274.5	0	1274.5
531.118	1254	0	1254
531.249	1281.5	0	1281.5
531.379	1280	0	1280
531.51	1282.5	0	1282.5
531.64	1341.75	0	1341.75
531.771	1296.5	0	1296.5
531.901	1319.25	0	1319.25
532.032	1301.5	0	1301.5
532.163	1338.75	0	1338.75
532.293	1318.25	0	1318.25
532.423	1283.25	0	1283.25
532.554	1301.5	0	1301.5
532.684	1360.75	0	1360.75
532.815	1380.25	0	1380.25
532.945	1420	0	1420
533.076	1417.5	0	1417.5
533.206	1424.25	0	1424.25
533.336	1454.25	0	1454.25
533.467	1478	0	1478
533.597	1577.5	0	1577.5
533.727	1552.75	0	1552.75
533.858	1539	0	1539
533.988	1554.5	0	1554.5
534.118	1571	0	1571
534.248	1621.25	0	1621.25
534.379	1639.25	0	1639.25
534.509	1708.5	0	1708.5
534.639	1753.25	0	1753.25
534.769	1740	0	1740
534.9	1583.5	0	1583.5
535.03	1547.5	0	1547.5
535.16	1536.75	0	1536.75
535.29	1531	0	1531
535.42	1613.5	0	1613.5
535.55	1729.25	0	1729.25
535.68	1791.75	0	1791.75
535.81	1744.25	0	1744.25
535.94	1663.5	0	1663.5
536.071	1590.75	0	1590.75
536.201	1559.5	0	1559.5
536.331	1499.25	0	1499.25
536.461	1503	0	1503
536.591	1453.25	0	1453.25
536.721	1455.75	0	1455.75
536.851	1408.75	0	1408.75
536.981	1424	0	1424
537.11	1451.5	0	1451.5
537.24	1487	0	1487
537.37	1559.25	0	1559.25
537.5	1507.75	0	1507.75
537.63	1332.5	0	1332.5
537.76	1283.75	0	1283.75
537.89	1312	0	1312
538.02	1282	0	1282
538.149	1242.25	0	1242.25
538.279	1266.75	0	1266.75
538.409	1230.25	0	1230.25
538.539	1273	0	1273
538.669	1229	0	1229
538.798	1199	0	1199
538.928	1180.75	0	1180.75
539.058	1157	0	1157
539.187	1158	0	1158
539.317	1183	0	1183
539.447	1171	0	1171
539.576	1147.25	0	1147.25
539.706	1098	0	1098
539.836	1131.5	0	1131.5
539.965	1142.5	0	1142.5
540.095	1133	0	1133
540.225	1127.5	0	1127.5
540.354	1124.5	0	1124.5
540.484	1144.25	0	1144.25
540.613	1147.25	0	1147.25
540.743	1135	0	1135
540.872	1170.25	0	1170.25
541.002	1144.25	0	1144.25
541.131	1149	0	1149
541.261	1143.5	0	1143.5
541.39	1124.5	0	1124.5
541.52	1101	0	1101
541.649	1128.5	0	1128.5
541.778	1104	0	1104
541.908	1111.75	0	1111.75
542.037	1061.75	0	1061.75
542.167	1092	0	1092
542.296	1065.75	0	1065.75
542.425	1080.5	0	1080.5
542.554	1085.75	0	1085.75
542.684	1069.25	0	1069.25
542.813	1085	0	1085
542.942	1116.75	0	1116.75
543.072	1105.75	0	1105.75
543.201	1105.75	0	1105.75
543.33	1100.5	0	1100.5
543.459	1109	0	1109
543.588	1085.25	0	1085.25
543.718	1123.75	0	1123.75
543.847	1074.75	0	1074.75
543.976	1122.75	0	1122.75
544.105	1113	0	1113
544.234	1086	0	1086
544.363	1098.75	0	1098.75
544.492	1104.75	0	1104.75
544.621	1119.25	0	1119.25
544.75	1137	0	1137
544.88	1175.5	0	1175.5
545.009	1152.75	0	1152.75
545.138	1137.75	0	1137.75
545.266	1132.5	0	1132.5
545.396	1131	0	1131
545.525	1115.25	0	1115.25
545.653	1143.25	0	1143.25
545.782	1157.75	0	1157.75
545.911	1156.25	0	1156.25
546.04	1095	0	1095
546.169	1091.5	0	1091.5
546.298	1098	0	1098
546.427	1068.25	0	1068.25
546.556	1084.5	0	1084.5
546.685	1088	0	1088
546.813	1092.25	0	1092.25
546.942	1041	0	1041
547.071	1069	0	1069
547.2	1053.75	0	1053.75
547.328	1077	0	1077
547.457	1089.5	0	1089.5
547.586	1113	0	1113
547.715	1106.5	0	1106.5
547.843	1113.25	0	1113.25
547.972	1116	0	1116
548.101	1125.75	0	1125.75
548.229	1153	0	1153
548.358	1144.25	0	1144.25
548.487	1220	0	1220
548.615	1335	0	1335
548.744	1460.75	0	1460.75
548.872	1432.5	0	1432.5
549.001	1255.5	0	1255.5
549.129	1175.5	0	1175.5
549.258	1179.5	0	1179.5
549.387	1123.75	0	1123.75
549.515	1121.75	0	1121.75
549.643	1101.75	0	1101.75
549.772	1078.25	0	1078.25
549.9	1076.75	0	1076.75
550.029	1095.25	0	1095.25
550.157	1053.75	0	1053.75
550.286	1046.25	0	1046.25
550.414	1051	0	1051
550.542	1051.25	0	1051.25
550.671	1035	0	1035
550.799	1024.75	0	1024.75
550.927	1012.5	0	1012.5
551.056	999.5	0	999.5
551.184	1032.5	0	1032.5
551.312	1019	0	1019
551.441	989.75	0	989.75
551.569	975.25	0	975.25
551.697	1046.25	0	1046.25
551.825	1000.25	0	1000.25
551.953	1007.5	0	1007.5
552.082	994.75	0	994.75
552.21	1002.5	0	1002.5
552.338	1029.5	0	1029.5
552.466	1049.5	0	1049.5
552.594	1037.25	0	1037.25
552.722	1060.75	0	1060.75
552.851	1095.25	0	1095.25
552.979	1058.25	0	1058.25
553.107	1007.25	0	1007.25
553.235	1075.5	0	1075.5
553.363	1049.25	0	1049.25
553.491	1055.5	0	1055.5
553.619	1063	0	1063
553.747	1015	0	1015
553.875	988.25	0	988.25
554.003	987.5	0	987.5
554.131	988.25	0	988.25
554.259	976.5	0	976.5
554.387	981	0	981
554.514	968.5	0	968.5
554.642	998.25	0	998.25
554.77	982	0	982
554.898	981.25	0	981.25
555.026	961	0	961
555.154	1008.75	0	1008.75
555.281	971.5	0	971.5
555.409	976	0	976
555.537	974.5	0	974.5
555.665	977	0	977
555.793	951.75	0	951.75
555.92	978.25	0	978.25
556.048	988	0	988
556.176	992.75	0	992.75
556.303	1004	0	1004
556.431	1004.25	0	1004.25
556.559	976.5	0	976.5
556.686	989	0	989
556.814	973.25	0	973.25
556.942	946.5	0	946.5
557.069	942	0	942
557.197	956.25	0	956.25
557.324	949	0	949
557.452	940	0	940
557.579	961.75	0	961.75
557.707	933	0	933
557.835	986.5	0	986.5
557.962	967	0	967
558.089	976	0	976
558.217	972.75	0	972.75
558.344	971.5	0	971.5
558.472	967.25	0	967.25
558.599	948	0	948
558.727	978	0	978
558.854	962.75	0	962.75
558.981	977.75	0	977.75
559.109	959.5	0	959.5
559.236	1005.5	0	1005.5
559.363	1020.5	0	1020.5
559.491	1026.75	0	1026.75
559.618	1028.75	0	1028.75
559.745	974.75	0	974.75
559.872	969.75	0	969.75
560	983.75	0	983.75
560.127	941.25	0	941.25
560.254	950.75	0	950.75
560.381	964.25	0	964.25
560.508	930.75	0	930.75
560.636	961.25	0	961.25
560.763	962	0	962
560.89	943.75	0	943.75
561.017	976.5	0	976.5
561.144	967.25	0	967.25
561.271	940.5	0	940.5
561.398	939	0	939
561.525	926.25	0	926.25
561.652	967.25	0	967.25
561.779	954	0	954
561.906	990.25	0	990.25
562.033	996.5	0	996.5
562.16	1010.5	0	1010.5
562.287	977.5	0	977.5
562.414	954.5	0	954.5
562.541	967.5	0	967.5
562.668	990.75	0	990.75
562.795	948.75	0	948.75
562.922	987.25	0	987.25
563.049	992.75	0	992.75
563.175	1002.25	0	1002.25
563.302	976.25	0	976.25
563.429	972.25	0	972.25
563.556	971.5	0	971.5
563.683	965.75	0	965.75
563.809	979	0	979
563.936	997.5	0	997.5
564.063	953.5	0	953.5
564.19	973.25	0	973.25
564.316	972.75	0	972.75
564.443	982	0	982
564.57	983.75	0	983.75
564.696	985.75	0	985.75
564.823	982	0	982
564.95	1025.25	0	1025.25
565.076	1038	0	1038
565.203	1090.75	0	1090.75
565.33	1024.75	0	1024.75
565.456	996.5	0	996.5
565.583	977.5	0	977.5
565.709	961	0	961
565.836	980.75	0	980.75
565.962	933.25	0	933.25
566.089	925.75	0	925.75
566.215	957.25	0	957.25
566.341	952	0	952
566.468	948.25	0	948.25
566.594	929.5	0	929.5
566.721	944.75	0	944.75
566.847	953.5	0	953.5
566.974	954.5	0	954.5
567.1	925.5	0	925.5
567.226	906.25	0	906.25
567.353	910.25	0	910.25
567.479	913.75	0	913.75
567.605	926.75	0	926.75
567.732	899.25	0	899.25
567.858	909	0	909
567.984	922	0	922
568.11	896.25	0	896.25
568.236	902.25	0	902.25
568.363	930.5	0	930.5
568.489	899	0	899
568.615	911.5	0	911.5
568.741	891	0	891
568.867	917	0	917
568.993	898.25	0	898.25
569.12	899.5	0	899.5
569.246	906.25	0	906.25
569.372	915	0	915
569.498	901	0	901
569.624	936	0	936
569.75	917.75	0	917.75
569.876	905.5	0	905.5
570.002	892	0	892
570.128	853	0	853
570.254	883.5	0	883.5
570.38	882.25	0	882.25
570.506	881.75	0	881.75
570.632	909	0	909
570.758	895	0	895
570.883	908.75	0	908.75
571.009	888.5	0	888.5
571.135	878.25	0	878.25
571.261	899.5	0	899.5
571.387	875	0	875
571.513	870.25	0	870.25
571.638	880.75	0	880.75
571.764	869	0	869
571.89	867.25	0	867.25
572.016	862.5	0	862.5
572.141	867.5	0	867.5
572.267	900.25	0	900.25
572.393	893.5	0	893.5
572.518	875	0	875
572.644	862.25	0	862.25
572.77	858.75	0	858.75
572.895	878	0	878
573.021	848.75	0	848.75
573.147	876.5	0	876.5
573.272	880	0	880
573.398	850.25	0	850.25
573.523	873.5	0	873.5
573.649	864.75	0	864.75
573.774	843.25	0	843.25
573.9	887.5	0	887.5
574.025	863.5	0	863.5
574.151	862.25	0	862.25
574.276	841.75	0	841.75
574.402	867.5	0	867.5
574.527	844.75	0	844.75
574.652	855.75	0	855.75
574.778	854.5	0	854.5
574.903	857.25	0	857.25
575.029	892.75	0	892.75
575.154	845.75	0	845.75
575.279	816.25	0	816.25
575.405	846.75	0	846.75
575.53	834.5	0	834.5
575.655	858.75	0	858.75
575.78	889.25	0	889.25
575.906	848.5	0	848.5
576.031	856.75	0	856.75
576.156	841.25	0	841.25
576.281	858.75	0	858.75
576.406	822	0	822
576.532	831.75	0	831.75
576.657	844.75	0	844.75
576.782	848.5	0	848.5
576.907	822.75	0	822.75
577.032	847.5	0	847.5
577.157	822.75	0	822.75
577.282	826.25	0	826.25
577.407	858.75	0	858.75
577.532	831.75	0	831.75
577.657	818.25	0	818.25
577.782	847.75	0	847.75
577.907	819.5	0	819.5
578.032	843.75	0	843.75
578.157	841.75	0	841.75
578.282	826.5	0	826.5
578.407	826.25	0	826.25
578.532	830.25	0	830.25
578.657	834.75	0	834.75
578.782	846.75	0	846.75
578.907	845.75	0	845.75
579.031	846.5	0	846.5
579.156	826	0	826
579.281	819.25	0	819.25
579.406	834.75	0	834.75
579.531	817.25	0	817.25
579.655	810.75	0	810.75
579.78	815.5	0	815.5
579.905	831.5	0	831.5
580.03	841.25	0	841.25
580.154	832.5	0	832.5
580.279	835.75	0	835.75
580.404	802.75	0	802.75
580.528	819.75	0	819.75
580.653	798.5	0	798.5
580.778	805.25	0	805.25
580.902	821.75	0	821.75
581.027	820.75	0	820.75
581.151	790.25	0	790.25
581.276	795.25	0	795.25
581.4	801.5	0	801.5
581.525	805.25	0	805.25
581.649	822.25	0	822.25
581.774	807.5	0	807.5
581.898	787	0	787
582.023	803.25	0	803.25
582.147	822.5	0	822.5
582.272	797.5	0	797.5
582.396	800.25	0	800.25
582.52	804.5	0	804.5
582.645	827	0	827
582.769	794.25	0	794.25
582.893	816.75	0	816.75
583.018	808.5	0	808.5
583.142	814.25	0	814.25
583.266	812.5	0	812.5
583.391	814.5	0	814.5
583.515	835.25	0	835.25
583.639	839.75	0	839.75
583.763	795.5	0	795.5
583.888	807.75	0	807.75
584.012	799.25	0	799.25
584.136	805.5	0	805.5
584.26	806.75	0	806.75
584.384	806.75	0	806.75
584.508	805.75	0	805.75
584.632	815.5	0	815.5
584.757	831.75	0	831.75
584.881	803.75	0	803.75
585.005	833.25	0	833.25
585.129	827.75	0	827.75
585.253	817.75	0	817.75
585.377	793.25	0	793.25
585.501	807.75	0	807.75
585.625	797.5	0	797.5
585.749	813.25	0	813.25
585.873	799.75	0	799.75
585.997	816.5	0	816.5
586.12	804.75	0	804.75
586.244	813.75	0	813.75
586.368	815.5	0	815.5
586.492	792.75	0	792.75
586.616	809.25	0	809.25
586.74	824.25	0	824.25
586.864	798.75	0	798.75
586.987	794.75	0	794.75
587.111	798.25	0	798.25
587.235	802.5	0	802.5
587.359	797.5	0	797.5
587.482	785.75	0	785.75
587.606	817.75	0	817.75
587.73	816	0	816
587.854	791.75	0	791.75
587.977	842.75	0	842.75
588.101	829.75	0	829.75
588.224	794.75	0	794.75
588.348	826.5	0	826.5
588.472	803.75	0	803.75
588.595	808.75	0	808.75
588.719	813.75	0	813.75
588.842	803.25	0	803.25
588.966	838.75	0	838.75
589.089	792.75	0	792.75
589.213	802.75	0	802.75
589.336	843.25	0	843.25
589.46	857	0	857
589.583	801.75	0	801.75
589.707	794.25	0	794.25
589.83	798.75	0	798.75
589.954	816.5	0	816.5
590.077	793.5	0	793.5
590.2	774.25	0	774.25
590.324	820.5	0	820.5
590.447	818.25	0	818.25
590.57	789.75	0	789.75
590.694	792.75	0	792.75
590.817	802	0	802
590.94	784.75	0	784.75
591.063	772.5	0	772.5
591.187	785.75	0	785.75
591.31	783.75	0	783.75
591.433	805.5	0	805.5
591.556	799.25	0	799.25
591.679	825.75	0	825.75
591.803	832.75	0	832.75
591.926	829.25	0	829.25
592.049	827.25	0	827.25
592.172	818	0	818
592.295	801.75	0	801.75
592.418	800.75	0	800.75
592.541	781	0	781
592.664	781.5	0	781.5
592.787	773	0	773
592.91	783.25	0	783.25
593.033	795.75	0	795.75
593.156	788	0	788
593.279	793.25	0	793.25
593.402	798.5	0	798.5
593.525	796.5	0	796.5
593.648	793.75	0	793.75
593.771	804.5	0	804.5
593.894	795	0	795
594.016	823.75	0	823.75
594.139	804.75	0	804.75
594.262	817.25	0	817.25
594.385	775.75	0	775.75
594.508	779.5	0	779.5
594.63	780.75	0	780.75
594.753	800.25	0	800.25
594.876	770	0	770
594.999	803.25	0	803.25
595.121	807.25	0	807.25
595.244	799.75	0	799.75
595.367	796.5	0	796.5
595.489	796	0	796
595.612	772.5	0	772.5
595.735	792.5	0	792.5
595.857	782.75	0	782.75
595.98	826.75	0	826.75
596.102	788.5	0	788.5
596.225	760.25	0	760.25
596.347	786.25	0	786.25
596.47	817.75	0	817.75
596.592	799.25	0	799.25
596.715	800.75	0	800.75
596.837	807.5	0	807.5
596.96	799.5	0	799.5
597.082	806.75	0	806.75
597.205	825.5	0	825.5
597.327	774.25	0	774.25
597.449	794.25	0	794.25
597.572	784.25	0	784.25
597.694	778.25	0	778.25
597.816	812.75	0	812.75
597.939	791	0	791
598.061	742	0	742
598.183	787.5	0	787.5
598.306	787.5	0	787.5
598.428	824.75	0	824.75
598.55	803	0	803
598.672	792.5	0	792.5
598.795	797.75	0	797.75
598.917	801.25	0	801.25
599.039	803.25	0	803.25
599.161	806.5	0	806.5
599.283	838.75	0	838.75
599.405	827.25	0	827.25
599.527	867.5	0	867.5
599.65	866	0	866
599.772	871.75	0	871.75
599.894	819.75	0	819.75
600.016	804	0	804
600.138	805.25	0	805.25
600.26	805	0	805
600.382	804.75	0	804.75
600.504	830.25	0	830.25
600.625	863.5	0	863.5
600.747	834.5	0	834.5
600.869	814.5	0	814.5
600.991	834.25	0	834.25
601.113	831	0	831
601.235	817.25	0	817.25
601.357	816.75	0	816.75
601.479	811.75	0	811.75
601.6	779.5	0	779.5
601.722	806	0	806
601.844	795.5	0	795.5
601.966	800.25	0	800.25
602.087	794.75	0	794.75
602.209	809.75	0	809.75
602.331	781	0	781
602.453	793.25	0	793.25
602.574	802.5	0	802.5
602.696	788.75	0	788.75
602.818	809.25	0	809.25
602.939	810	0	810
603.061	797	0	797
603.182	788.75	0	788.75
603.304	765.25	0	765.25
603.426	767.5	0	767.5
603.547	772	0	772
603.669	775	0	775
603.79	783.25	0	783.25
603.912	780	0	780
604.033	749.25	0	749.25
604.154	787	0	787
604.276	794	0	794
604.397	776	0	776
604.519	797.5	0	797.5
604.64	785	0	785
604.761	757	0	757
604.883	796.5	0	796.5
605.004	791.5	0	791.5
605.125	763.25	0	763.25
605.247	776.5	0	776.5
605.368	808	0	808
605.489	769.75	0	769.75
605.611	781.25	0	781.25
605.732	785	0	785
605.853	810.25	0	810.25
605.974	785.5	0	785.5
606.095	763.25	0	763.25
606.216	754	0	754
606.338	783.5	0	783.5
606.459	794	0	794
606.58	789.75	0	789.75
606.701	759.5	0	759.5
606.822	785.5	0	785.5
606.943	772.75	0	772.75
607.064	773.5	0	773.5
607.185	774.25	0	774.25
607.306	760.75	0	760.75
607.427	791.75	0	791.75
607.548	789.75	0	789.75
607.669	782.25	0	782.25
607.79	754.5	0	754.5
607.911	771.75	0	771.75
608.032	776.25	0	776.25
608.153	758.25	0	758.25
608.274	770	0	770
608.394	776.75	0	776.75
608.515	781.25	0	781.25
608.636	851	0	851
608.757	837.5	0	837.5
608.878	839.5	0	839.5
608.998	842.75	0	842.75
609.119	865.5	0	865.5
609.24	821	0	821
609.361	810.75	0	810.75
609.481	817.25	0	817.25
609.602	797.75	0	797.75
609.723	818.75	0	818.75
609.843	821	0	821
609.964	796.75	0	796.75
610.085	754.5	0	754.5
610.205	786.25	0	786.25
610.326	777.25	0	777.25
610.446	773.5	0	773.5
610.567	771.75	0	771.75
610.687	773.75	0	773.75
610.808	768	0	768
610.928	783	0	783
611.049	792.25	0	792.25
611.169	767.75	0	767.75
611.29	760.75	0	760.75
611.41	764.5	0	764.5
611.531	769	0	769
611.651	775	0	775
611.771	754.75	0	754.75
611.892	762.25	0	762.25
612.012	779.75	0	779.75
612.132	800	0	800
612.253	783	0	783
612.373	752.75	0	752.75
612.493	782.5	0	782.5
612.613	771.75	0	771.75
612.734	801.5	0	801.5
612.854	783.5	0	783.5
612.974	767.25	0	767.25
613.094	765.75	0	765.75
613.214	787.25	0	787.25
613.335	764.25	0	764.25
613.455	774.25	0	774.25
613.575	730	0	730
613.695	760.25	0	760.25
613.815	787	0	787
613.935	753	0	753
614.055	753	0	753
614.175	744	0	744
614.295	773	0	773
614.415	738.5	0	738.5
614.535	759.5	0	759.5
614.655	771	0	771
614.775	747	0	747
614.895	748.5	0	748.5
615.015	756.75	0	756.75
615.135	713.25	0	713.25
615.254	743	0	743
615.374	756.5	0	756.5
615.494	756.75	0	756.75
615.614	757.25	0	757.25
615.734	748.5	0	748.5
615.854	744	0	744
615.973	770.75	0	770.75
616.093	756.25	0	756.25
616.213	741.5	0	741.5
616.332	757.75	0	757.75
616.452	749.5	0	749.5
616.572	734.75	0	734.75
616.691	744.5	0	744.5
616.811	732.75	0	732.75
616.931	741.75	0	741.75
617.05	744.25	0	744.25
617.17	730.25	0	730.25
617.289	749.75	0	749.75
617.409	752.25	0	752.25
617.529	730.75	0	730.75
617.648	753	0	753
617.768	753.5	0	753.5
617.887	739.25	0	739.25
618.006	727.5	0	727.5
618.126	735.25	0	735.25
618.245	707.5	0	707.5
618.365	755.75	0	755.75
618.484	726	0	726
618.604	731.25	0	731.25
618.723	725	0	725
618.842	743.25	0	743.25
618.962	734.75	0	734.75
619.081	750	0	750
619.2	741.5	0	741.5
619.319	746.5	0	746.5
619.439	748.5	0	748.5
619.558	729.75	0	729.75
619.677	744	0	744
619.796	729.25	0	729.25
619.916	724.75	0	724.75
620.035	725.75	0	725.75
620.154	723.25	0	723.25
620.273	708	0	708
620.392	737	0	737
620.511	716.25	0	716.25
620.63	724.25	0	724.25
620.749	731	0	731
620.868	723	0	723
620.987	741.5	0	741.5
621.106	740.5	0	740.5
621.225	723	0	723
621.344	718	0	718
621.463	722.5	0	722.5
621.582	736.25	0	736.25
621.701	734.75	0	734.75
621.82	751	0	751
621.939	714.5	0	714.5
622.058	705.25	0	705.25
622.177	731.5	0	731.5
622.295	717.25	0	717.25
622.414	736	0	736
622.533	710.75	0	710.75
622.652	710	0	710
622.771	714.75	0	714.75
622.889	701	0	701
623.008	717	0	717
623.127	703.75	0	703.75
623.245	717.5	0	717.5
623.364	724.75	0	724.75
623.483	748.5	0	748.5
623.601	744	0	744
623.72	707.25	0	707.25
623.839	708.75	0	708.75
623.957	708.25	0	708.25
624.076	691.75	0	691.75
624.194	712.5	0	712.5
624.313	729	0	729
624.431	736.25	0	736.25
624.55	700	0	700
624.668	700.25	0	700.25
624.787	731.25	0	731.25
624.905	681	0	681
625.024	714.5	0	714.5
625.142	726.5	0	726.5
625.26	695.5	0	695.5
625.379	715	0	715
625.497	723	0	723
625.615	708.75	0	708.75
625.734	704.75	0	704.75
625.852	733.25	0	733.25
625.97	689	0	689
626.089	701.5	0	701.5
626.207	721.25	0	721.25
626.325	702.25	0	702.25
626.443	707.5	0	707.5
626.561	715.5	0	715.5
626.68	710.25	0	710.25
626.798	697.5	0	697.5
626.916	663.5	0	663.5
627.034	700.25	0	700.25
627.152	677.25	0	677.25
627.27	697.5	0	697.5
627.388	685.75	0	685.75
627.506	691.75	0	691.75
627.624	688	0	688
627.742	686	0	686
627.86	723.25	0	723.25
627.978	702.25	0	702.25
628.096	699.25	0	699.25
628.214	689.5	0	689.5
628.332	707	0	707
628.45	689.5	0	689.5
628.568	710	0	710
628.686	760.5	0	760.5
628.804	733.75	0	733.75
628.921	692.5	0	692.5
629.039	680.75	0	680.75
629.157	699	0	699
629.275	680.75	0	680.75
629.393	673.75	0	673.75
629.51	686.75	0	686.75
629.628	681.75	0	681.75
629.746	685	0	685
629.864	686.75	0	686.75
629.981	664.25	0	664.25
630.099	674.25	0	674.25
630.216	647.25	0	647.25
630.334	696	0	696
630.452	675.25	0	675.25
630.569	680.5	0	680.5
630.687	675.5	0	675.5
630.804	691	0	691
630.922	679.5	0	679.5
631.039	661	0	661
631.157	664.25	0	664.25
631.274	688.25	0	688.25
631.392	680.5	0	680.5
631.509	672.25	0	672.25
631.627	712.5	0	712.5
631.744	653	0	653
631.861	670.5	0	670.5
631.979	684.75	0	684.75
632.096	682	0	682
632.213	679.75	0	679.75
632.331	676	0	676
632.448	675.75	0	675.75
632.565	649.25	0	649.25
632.683	683.5	0	683.5
632.8	666.25	0	666.25
632.917	669.5	0	669.5
633.034	687.75	0	687.75
633.151	636	0	636
633.269	656.25	0	656.25
633.386	660.5	0	660.5
633.503	646.75	0	646.75
633.62	661.25	0	661.25
633.737	649.5	0	649.5
633.854	661	0	661
633.971	653.25	0	653.25
634.088	641.75	0	641.75
634.205	646	0	646
634.322	664.25	0	664.25
634.439	650	0	650
634.556	671.5	0	671.5
634.673	659.75	0	659.75
634.79	684.5	0	684.5
634.907	650	0	650
635.024	659	0	659
635.141	646.25	0	646.25
635.258	644.25	0	644.25
635.375	653.25	0	653.25
635.491	651	0	651
635.608	653.5	0	653.5
635.725	644.5	0	644.5
635.842	633	0	633
635.958	636.5	0	636.5
636.075	637	0	637
636.192	648.75	0	648.75
636.309	624.75	0	624.75
636.425	650	0	650
636.542	629.75	0	629.75
636.659	632.5	0	632.5
636.775	631.75	0	631.75
636.892	648.75	0	648.75
637.008	617	0	617
637.125	635.25	0	635.25
637.241	649.25	0	649.25
637.358	649.25	0	649.25
637.475	634.25	0	634.25
637.591	616	0	616
637.707	637	0	637
637.824	646.5	0	646.5
637.94	635.5	0	635.5
638.057	643.5	0	643.5
638.173	621	0	621
638.29	606	0	606
638.406	625.75	0	625.75
638.522	627.75	0	627.75
638.639	630.25	0	630.25
638.755	611	0	611
638.871	646.5	0	646.5
638.987	627.75	0	627.75
639.104	605.75	0	605.75
639.22	610.5	0	610.5
639.336	636	0	636
639.452	630.75	0	630.75
639.569	616.25	0	616.25
639.685	619.25	0	619.25
639.801	633.25	0	633.25
639.917	618.5	0	618.5
640.033	623.75	0	623.75
640.149	618.5	0	618.5
640.265	636.5	0	636.5
640.381	658	0	658
640.497	619.25	0	619.25
640.613	630.25	0	630.25
640.729	615.25	0	615.25
640.845	610.25	0	610.25
640.961	636.5	0	636.5
641.077	599	0	599
641.193	638.5	0	638.5
641.309	616	0	616
641.425	606.5	0	606.5
641.541	614.25	0	614.25
641.657	603	0	603
641.773	629.75	0	629.75
641.888	635	0	635
642.004	624.75	0	624.75
642.12	600	0	600
642.236	637.5	0	637.5
642.352	618.25	0	618.25
642.467	612	0	612
642.583	597.25	0	597.25
642.699	621	0	621
642.814	626.75	0	626.75
642.93	607	0	607
643.046	606	0	606
643.161	608	0	608
643.277	628.5	0	628.5
643.392	605.75	0	605.75
643.508	631	0	631
643.623	600.5	0	600.5
643.739	599	0	599
643.854	610.25	0	610.25
643.97	617.25	0	617.25
644.085	629	0	629
644.201	582.75	0	582.75
644.316	598.5	0	598.5
644.432	585.5	0	585.5
644.547	606	0	606
644.663	620	0	620
644.778	620.25	0	620.25
644.893	596.25	0	596.25
645.008	612.75	0	612.75
645.124	657	0	657
645.239	635.5	0	635.5
645.354	716	0	716
645.47	760.5	0	760.5
645.585	712.75	0	712.75
645.7	650	0	650
645.815	666.25	0	666.25
645.93	661	0	661
646.046	649.75	0	649.75
646.161	637.75	0	637.75
646.276	634	0	634
646.391	633.5	0	633.5
646.506	637	0	637
646.621	643.75	0	643.75
646.736	630.25	0	630.25
646.851	608	0	608
646.966	617.25	0	617.25
647.081	608	0	608
647.196	615.25	0	615.25
647.311	617	0	617
647.426	601.5	0	601.5
647.541	616	0	616
647.656	615.5	0	615.5
647.771	612	0	612
647.885	603	0	603
648	578.25	0	578.25
648.115	628.5	0	628.5
648.23	609.75	0	609.75
648.345	610	0	610
648.459	617	0	617
648.574	612	0	612
648.689	612.25	0	612.25
648.804	602.75	0	602.75
648.918	595.5	0	595.5
649.033	594	0	594
649.148	611	0	611
649.262	631	0	631
649.377	600.75	0	600.75
649.491	584.25	0	584.25
649.606	581.5	0	581.5
649.721	577.5	0	577.5
649.835	603.5	0	603.5
649.95	582.25	0	582.25
650.064	609.5	0	609.5
650.179	605.25	0	605.25
650.293	583.25	0	583.25
650.408	569.75	0	569.75
650.522	587	0	587
650.636	591.25	0	591.25
650.751	586	0	586
650.865	600.5	0	600.5
650.979	595.25	0	595.25
651.094	607	0	607
651.208	580.5	0	580.5
651.322	588	0	588
651.437	584.25	0	584.25
651.551	589.5	0	589.5
651.665	579	0	579
651.779	576.25	0	576.25
651.894	584	0	584
652.008	584.5	0	584.5
652.122	571.25	0	571.25
652.236	560.5	0	560.5
652.35	569	0	569
652.464	559	0	559
652.578	583.75	0	583.75
652.693	590	0	590
652.807	577.75	0	577.75
652.921	571.5	0	571.5
653.035	594.5	0	594.5
653.149	574.75	0	574.75
653.263	578	0	578
653.376	575.25	0	575.25
653.49	562.75	0	562.75
653.604	581.75	0	581.75
653.718	589.75	0	589.75
653.832	573.5	0	573.5
653.946	567.5	0	567.5
654.06	574.75	0	574.75
654.174	554.75	0	554.75
654.287	578.75	0	578.75
654.401	578.25	0	578.25
654.515	561.25	0	561.25
654.629	572.75	0	572.75
654.743	552.25	0	552.25
654.856	581.25	0	581.25
654.97	562.5	0	562.5
655.084	582.5	0	582.5
655.197	572.75	0	572.75
655.311	567	0	567
655.424	544.5	0	544.5
655.538	568.25	0	568.25
655.652	577.75	0	577.75
655.765	585.25	0	585.25
655.879	562	0	562
655.992	550.75	0	550.75
656.106	559	0	559
656.219	562.25	0	562.25
656.333	591.5	0	591.5
656.446	574.5	0	574.5
656.56	551.75	0	551.75
656.673	593.5	0	593.5
656.786	617.5	0	617.5
656.9	602.25	0	602.25
657.013	574.25	0	574.25
657.127	562.75	0	562.75
657.24	573.75	0	573.75
657.353	546.75	0	546.75
657.466	569.5	0	569.5
657.58	559	0	559
657.693	562.25	0	562.25
657.806	565.25	0	565.25
657.919	568.75	0	568.75
658.032	557.25	0	557.25
658.146	564	0	564
658.259	550	0	550
658.372	562.5	0	562.5
658.485	532.75	0	532.75
658.598	579.5	0	579.5
658.711	574.5	0	574.5
658.824	546.5	0	546.5
658.937	549.25	0	549.25
659.05	581.25	0	581.25
659.163	563.75	0	563.75
659.276	551.75	0	551.75
659.389	563.25	0	563.25
659.502	545	0	545
659.615	563.5	0	563.5
659.728	571.25	0	571.25
659.841	564.25	0	564.25
659.954	586.5	0	586.5
660.067	563	0	563
660.179	584.25	0	584.25
660.292	567	0	567
660.405	558	0	558
660.518	581.75	0	581.75
660.63	552.5	0	552.5
660.743	562	0	562
660.856	567	0	567
660.969	556	0	556
661.081	571.25	0	571.25
661.194	548.75	0	548.75
661.307	572.5	0	572.5
661.419	562	0	562
661.532	562	0	562
661.644	550.5	0	550.5
661.757	549.25	0	549.25
661.869	559.75	0	559.75
661.982	563	0	563
662.094	547.5	0	547.5
662.207	570.75	0	570.75
662.319	549.5	0	549.5
662.432	549.75	0	549.75
662.544	561.5	0	561.5
662.656	554.75	0	554.75
662.769	549.25	0	549.25
662.881	545.75	0	545.75
662.994	547.25	0	547.25
663.106	534.25	0	534.25
663.218	546.75	0	546.75
663.331	580	0	580
663.443	546.25	0	546.25
663.555	564.5	0	564.5
663.667	564	0	564
663.779	564.25	0	564.25
663.892	552.5	0	552.5
664.004	543	0	543
664.116	522.75	0	522.75
664.228	550.5	0	550.5
664.34	541	0	541
664.452	560.25	0	560.25
664.564	534	0	534
664.676	561.75	0	561.75
664.788	520.25	0	520.25
664.901	542.5	0	542.5
665.012	543.5	0	543.5
665.125	535.5	0	535.5
665.236	540.25	0	540.25
665.348	546.5	0	546.5
665.46	555.25	0	555.25
665.572	547.75	0	547.75
665.684	522.75	0	522.75
665.796	527.5	0	527.5
665.908	546.75	0	546.75
666.02	548.5	0	548.5
666.131	527.75	0	527.75
666.243	541.75	0	541.75
666.355	555.75	0	555.75
666.467	531.75	0	531.75
666.578	567.25	0	567.25
666.69	521.75	0	521.75
666.802	540.75	0	540.75
666.914	543.25	0	543.25
667.025	531.25	0	531.25
667.137	525	0	525
667.248	546.75	0	546.75
667.36	543.25	0	543.25
667.472	542.5	0	542.5
667.583	542	0	542
667.695	547	0	547
667.806	524.75	0	524.75
667.918	522	0	522
668.029	535.25	0	535.25
668.141	517.5	0	517.5
668.252	528	0	528
668.363	531.75	0	531.75
668.475	505.5	0	505.5
668.586	519.5	0	519.5
668.698	541.75	0	541.75
668.809	539.5	0	539.5
668.92	533.75	0	533.75
669.032	519.25	0	519.25
669.143	530.75	0	530.75
669.254	545.75	0	545.75
669.365	518.75	0	518.75
669.477	526.25	0	526.25
669.588	541	0	541
669.699	527.25	0	527.25
669.81	527.75	0	527.75
669.921	522.25	0	522.25
670.032	519	0	519
670.143	517.5	0	517.5
670.255	521.5	0	521.5
670.366	523.75	0	523.75
670.477	512.5	0	512.5
670.588	528.5	0	528.5
670.699	515.75	0	515.75
670.81	515.25	0	515.25
670.921	519.75	0	519.75
671.032	517.25	0	517.25
671.143	530.75	0	530.75
671.253	522.75	0	522.75
671.364	506.5	0	506.5
671.475	523.25	0	523.25
671.586	518.5	0	518.5
671.697	527.75	0	527.75
671.808	506.25	0	506.25
671.919	500.25	0	500.25
672.029	519	0	519
672.14	528.25	0	528.25
672.251	499.25	0	499.25
672.362	509.5	0	509.5
672.472	503.5	0	503.5
672.583	513.5	0	513.5
672.694	487	0	487
672.804	510	0	510
672.915	502.75	0	502.75
673.025	497.75	0	497.75
673.136	515.75	0	515.75
673.247	503	0	503
673.357	490.5	0	490.5
673.468	508.25	0	508.25
673.578	500.25	0	500.25
673.689	490.75	0	490.75
673.799	512	0	512
673.91	507.25	0	507.25
674.02	513.5	0	513.5
674.13	505.5	0	505.5
674.241	491.75	0	491.75
674.351	503	0	503
674.461	494	0	494
674.572	489.75	0	489.75
674.682	500.75	0	500.75
674.792	491.25	0	491.25
674.903	499	0	499
675.013	498	0	498
675.123	479.25	0	479.25
675.233	503.25	0	503.25
675.344	479.5	0	479.5
675.454	507	0	507
675.564	503	0	503
675.674	513	0	513
675.784	506.5	0	506.5
675.894	482.25	0	482.25
676.004	493.5	0	493.5
676.114	491.5	0	491.5
676.224	493.5	0	493.5
676.334	508.75	0	508.75
676.444	497.5	0	497.5
676.554	484.25	0	484.25
676.664	474.25	0	474.25
676.774	488.25	0	488.25
676.884	503.25	0	503.25
676.994	475.75	0	475.75
677.104	479	0	479
677.214	499.5	0	499.5
677.324	480	0	480
677.433	515	0	515
677.543	533.75	0	533.75
677.653	499.5	0	499.5
677.763	505.25	0	505.25
677.872	476.5	0	476.5
677.982	487.5	0	487.5
678.092	482.25	0	482.25
678.202	486.25	0	486.25
678.311	485.5	0	485.5
678.421	479.25	0	479.25
678.53	475.75	0	475.75
678.64	496	0	496
678.75	470.5	0	470.5
678.859	471.75	0	471.75
678.969	453	0	453
679.078	500.25	0	500.25
679.188	485	0	485
679.297	490.75	0	490.75
679.407	470.25	0	470.25
679.516	472.5	0	472.5
679.625	478	0	478
679.735	475	0	475
679.844	471.75	0	471.75
679.954	476.5	0	476.5
680.063	463.25	0	463.25
680.172	470.5	0	470.5
680.282	490.5	0	490.5
680.391	449.75	0	449.75
680.5	480.75	0	480.75
680.609	449	0	449
680.719	457.75	0	457.75
680.828	484.75	0	484.75
680.937	465.25	0	465.25
681.046	465.25	0	465.25
681.155	462	0	462
681.264	475.75	0	475.75
681.374	466.75	0	466.75
681.483	466	0	466
681.592	463	0	463
681.701	473	0	473
681.81	472.75	0	472.75
681.919	524.25	0	524.25
682.028	499	0	499
682.137	492.5	0	492.5
682.246	475.5	0	475.5
682.355	461.25	0	461.25
682.463	464.5	0	464.5
682.572	463.5	0	463.5
682.681	456.75	0	456.75
682.79	468.25	0	468.25
682.899	453.5	0	453.5
683.008	458.25	0	458.25
683.117	452.75	0	452.75
683.225	464.75	0	464.75
683.334	441.5	0	441.5
683.443	472.25	0	472.25
683.551	472	0	472
683.66	461.25	0	461.25
683.769	450.25	0	450.25
683.877	452.75	0	452.75
683.986	439	0	439
684.095	459	0	459
684.203	464	0	464
684.312	441.5	0	441.5
684.42	460.75	0	460.75
684.529	434.5	0	434.5
684.637	441	0	441
684.746	456.5	0	456.5
684.854	437.75	0	437.75
684.963	443.75	0	443.75
685.071	453.25	0	453.25
685.18	456	0	456
685.288	433.75	0	433.75
685.396	448.25	0	448.25
685.505	448.25	0	448.25
685.613	450.5	0	450.5
685.721	442	0	442
685.83	447.25	0	447.25
685.938	454	0	454
686.046	441	0	441
686.154	435.75	0	435.75
686.263	455	0	455
686.371	441.5	0	441.5
686.479	456.5	0	456.5
686.587	440	0	440
686.695	447.25	0	447.25
686.803	435	0	435
686.911	426.25	0	426.25
687.019	444.25	0	444.25
687.127	436.5	0	436.5
687.235	428.5	0	428.5
687.343	448	0	448
687.451	442	0	442
687.559	465	0	465
687.667	461.75	0	461.75
687.775	461.75	0	461.75
687.883	445.5	0	445.5
687.991	444.5	0	444.5
688.099	437.5	0	437.5
688.207	461.75	0	461.75
688.315	437.25	0	437.25
688.422	427.75	0	427.75
688.53	417.25	0	417.25
688.638	434.75	0	434.75
688.746	445.25	0	445.25
688.853	434.5	0	434.5
688.961	436.75	0	436.75
689.069	428	0	428
689.176	436.25	0	436.25
689.284	409.5	0	409.5
689.392	427.75	0	427.75
689.499	428.25	0	428.25
689.607	443	0	443
689.714	427.5	0	427.5
689.822	422.25	0	422.25
689.93	416.25	0	416.25
690.037	417	0	417
690.144	409	0	409
690.252	405.25	0	405.25
690.359	429.5	0	429.5
690.467	431.5	0	431.5
690.574	414.5	0	414.5
690.682	423	0	423
690.789	430.5	0	430.5
690.896	414.25	0	414.25
691.004	409.25	0	409.25
691.111	426.25	0	426.25
691.218	429	0	429
691.325	428.75	0	428.75
691.433	427.5	0	427.5
691.54	429	0	429
691.647	424.5	0	424.5
691.754	421	0	421
691.861	424.75	0	424.75
691.969	422.25	0	422.25
692.076	428.5	0	428.5
692.183	422.75	0	422.75
692.29	408.5	0	408.5
692.397	426.25	0	426.25
692.504	413.5	0	413.5
692.611	413.75	0	413.75
692.718	411.25	0	411.25
692.825	423.25	0	423.25
692.932	415	0	415
693.039	406.25	0	406.25
693.146	413.75	0	413.75
693.253	429	0	429
693.359	406.5	0	406.5
693.466	396	0	396
693.573	414.5	0	414.5
693.68	401.25	0	401.25
693.787	430	0	430
693.894	431.75	0	431.75
694	411.5	0	411.5
694.107	411.25	0	411.25
694.214	414	0	414
694.32	419	0	419
694.427	400.25	0	400.25
694.534	411.75	0	411.75
694.64	422	0	422
694.747	412	0	412
694.853	393.5	0	393.5
694.96	408.5	0	408.5
695.067	428.75	0	428.75
695.173	403	0	403
695.28	420	0	420
695.386	405.75	0	405.75
695.493	390.25	0	390.25
695.599	413.75	0	413.75
695.705	416	0	416
695.812	390	0	390
695.918	400.25	0	400.25
696.025	426	0	426
696.131	404.75	0	404.75
696.237	399.5	0	399.5
696.344	403	0	403
696.45	410.5	0	410.5
696.556	394	0	394
696.662	394.25	0	394.25
696.768	397.75	0	397.75
696.875	392	0	392
696.981	395.75	0	395.75
697.087	394.5	0	394.5
697.193	400.5	0	400.5
697.299	376.25	0	376.25
697.405	393	0	393
697.512	390.25	0	390.25
697.618	397.25	0	397.25
697.724	385.75	0	385.75
697.83	395.5	0	395.5
697.936	418	0	418
698.042	398	0	398
698.148	394.5	0	394.5
698.253	410.25	0	410.25
698.359	398.75	0	398.75
698.465	398	0	398
698.571	397	0	397
698.677	388.75	0	388.75
698.783	395.5	0	395.5
698.889	392.25	0	392.25
698.994	393.5	0	393.5
699.1	376.5	0	376.5
699.206	384.75	0	384.75
699.312	385.25	0	385.25
699.417	388.5	0	388.5
699.523	395.25	0	395.25
699.629	388.25	0	388.25
699.734	392.25	0	392.25
699.84	398	0	398
699.946	382.75	0	382.75
700.051	383	0	383
700.157	378	0	378
700.262	389.5	0	389.5
700.368	388	0	388
700.473	391.75	0	391.75
700.579	391.5	0	391.5
700.684	393	0	393
700.79	389.25	0	389.25
700.895	406.5	0	406.5
701	382.75	0	382.75
701.106	392.25	0	392.25
701.211	371.5	0	371.5
701.316	383.5	0	383.5
701.422	376.75	0	376.75
701.527	381.25	0	381.25
701.632	377	0	377
701.738	379.75	0	379.75
701.843	389.25	0	389.25
701.948	397.75	0	397.75
702.053	411	0	411
702.158	412.5	0	412.5
702.264	390.25	0	390.25
702.369	373.5	0	373.5
702.474	395.75	0	395.75
702.579	388.5	0	388.5
702.684	370.75	0	370.75
702.789	385	0	385
702.894	383.75	0	383.75
702.999	387.75	0	387.75
703.104	374.25	0	374.25
703.209	382.75	0	382.75
703.314	388	0	388
703.419	377.75	0	377.75
703.524	379.75	0	379.75
703.629	362.5	0	362.5
703.733	375.25	0	375.25
703.838	384	0	384
703.943	386.25	0	386.25
704.048	384.75	0	384.75
704.153	379.75	0	379.75
704.257	367	0	367
704.362	389	0	389
704.467	384	0	384
704.572	374.25	0	374.25
704.676	376.25	0	376.25
704.781	368.5	0	368.5
704.886	374	0	374
704.99	368.5	0	368.5
705.095	378	0	378
705.199	392.5	0	392.5
705.304	368.75	0	368.75
705.408	386.5	0	386.5
705.513	391.75	0	391.75
705.617	401	0	401
705.722	444.25	0	444.25
705.826	417.75	0	417.75
705.931	411.25	0	411.25
706.035	385.25	0	385.25
706.139	375	0	375
706.244	405	0	405
706.348	369.25	0	369.25
706.452	367	0	367
706.557	367.5	0	367.5
706.661	362	0	362
706.765	368	0	368
706.87	366.5	0	366.5
706.974	387.5	0	387.5
707.078	377.25	0	377.25
707.182	376.5	0	376.5
707.286	377	0	377
707.39	375.25	0	375.25
707.495	381.25	0	381.25
707.599	377.5	0	377.5
707.703	373.25	0	373.25
707.807	383.5	0	383.5
707.911	361	0	361
708.015	359	0	359
708.119	377.75	0	377.75
708.223	356.5	0	356.5
708.327	379.75	0	379.75
708.431	368	0	368
708.534	362.5	0	362.5
708.638	382.75	0	382.75
708.742	388.75	0	388.75
708.846	427.25	0	427.25
708.95	476.5	0	476.5
709.054	428.75	0	428.75
709.157	387.75	0	387.75
709.261	379.25	0	379.25
709.365	367.5	0	367.5
709.469	375.75	0	375.75
709.572	373.25	0	373.25
709.676	349.75	0	349.75
709.78	371	0	371
709.883	366.25	0	366.25
709.987	372.75	0	372.75
710.09	368	0	368
710.194	353.25	0	353.25
710.298	350.5	0	350.5
710.401	359.5	0	359.5
710.505	369.25	0	369.25
710.608	368	0	368
710.711	364	0	364
710.815	363.75	0	363.75
710.918	369.75	0	369.75
711.022	366	0	366
711.125	349	0	349
711.228	352.5	0	352.5
711.332	361.75	0	361.75
711.435	356.25	0	356.25
711.538	361	0	361
711.642	367.5	0	367.5
711.745	352.75	0	352.75
711.848	348.75	0	348.75
711.951	362.5	0	362.5
712.055	372	0	372
712.158	359.75	0	359.75
712.261	366.75	0	366.75
712.364	359.75	0	359.75
712.467	360.75	0	360.75
712.57	373.5	0	373.5
712.673	359.25	0	359.25
712.776	370.75	0	370.75
712.879	357.25	0	357.25
712.982	375.25	0	375.25
713.085	362.25	0	362.25
713.188	365	0	365
713.291	349.75	0	349.75
713.394	347	0	347
713.497	367.5	0	367.5
713.6	356	0	356
713.703	377.5	0	377.5
713.805	371.25	0	371.25
713.908	351.5	0	351.5
714.011	361.25	0	361.25
714.114	361	0	361
714.216	357.75	0	357.75
714.319	356	0	356
714.422	343.75	0	343.75
714.525	359.5	0	359.5
714.627	357	0	357
714.73	359.75	0	359.75
714.833	365.5	0	365.5
714.935	353.25	0	353.25
715.038	337.75	0	337.75
715.14	356	0	356
715.243	351.75	0	351.75
715.345	339.25	0	339.25
715.448	350.5	0	350.5
715.55	355.25	0	355.25
715.653	337.5	0	337.5
715.755	349.25	0	349.25
715.857	361	0	361
715.96	361.25	0	361.25
716.062	354	0	354
716.164	369.25	0	369.25
716.267	350	0	350
716.369	338.5	0	338.5
716.471	350.5	0	350.5
716.574	331.5	0	331.5
716.676	341	0	341
716.778	339.5	0	339.5
716.88	355.75	0	355.75
716.982	339.75	0	339.75
717.085	352.75	0	352.75
717.187	362.5	0	362.5
717.289	353.75	0	353.75
717.391	328.25	0	328.25
717.493	366.25	0	366.25
717.595	350.25	0	350.25
717.697	351.25	0	351.25
717.799	351.25	0	351.25
717.901	333	0	333
718.003	359	0	359
718.105	351.5	0	351.5
718.207	361	0	361
718.309	348.5	0	348.5
718.411	344.5	0	344.5
718.512	339.5	0	339.5
718.614	359.25	0	359.25
718.716	353	0	353
718.818	357.25	0	357.25
718.92	344.25	0	344.25
719.021	349.75	0	349.75
719.123	346.5	0	346.5
719.225	347	0	347
719.326	344.5	0	344.5
719.428	358.5	0	358.5
719.53	337.75	0	337.75
719.631	347.25	0	347.25
719.733	345	0	345
719.834	346.25	0	346.25
719.936	344.75	0	344.75
720.038	344.75	0	344.75
720.139	336.5	0	336.5
720.241	368.5	0	368.5
720.342	333	0	333
720.443	334.75	0	334.75
720.545	321.25	0	321.25
720.646	338.75	0	338.75
720.748	334.25	0	334.25
720.849	357	0	357
720.95	338.25	0	338.25
721.052	327	0	327
721.153	351.75	0	351.75
721.254	336	0	336
721.355	336	0	336
721.457	339.5	0	339.5
721.558	346.5	0	346.5
721.659	342.75	0	342.75
721.76	341	0	341
721.861	325	0	325
721.963	343.25	0	343.25
722.064	334.25	0	334.25
722.165	358.25	0	358.25
722.266	332	0	332
722.367	324	0	324
722.468	333.5	0	333.5
722.569	355	0	355
722.67	340.5	0	340.5
722.771	322	0	322
722.872	330	0	330
722.973	321.25	0	321.25
723.073	334.5	0	334.5
723.174	338.25	0	338.25
723.275	332.5	0	332.5
723.376	337	0	337
723.477	333.5	0	333.5
723.577	335.75	0	335.75
723.678	331.5	0	331.5
723.779	331.25	0	331.25
723.88	320	0	320
723.98	325.25	0	325.25
724.081	328.25	0	328.25
724.182	334.25	0	334.25
724.282	340.5	0	340.5
724.383	336.5	0	336.5
724.483	336.5	0	336.5
724.584	327.5	0	327.5
724.685	326	0	326
724.785	338.75	0	338.75
724.886	335.25	0	335.25
724.986	327.25	0	327.25
725.086	327.75	0	327.75
725.187	341	0	341
725.287	331.25	0	331.25
725.388	336.5	0	336.5
725.488	344	0	344
725.588	321.25	0	321.25
725.689	334	0	334
725.789	346.5	0	346.5
725.889	330.25	0	330.25
725.99	323	0	323
726.09	336	0	336
726.19	328	0	328
726.29	304.75	0	304.75
726.39	320.5	0	320.5
726.49	340	0	340
726.591	325	0	325
726.691	332	0	332
726.791	328.75	0	328.75
726.891	326.25	0	326.25
726.991	337.5	0	337.5
727.091	339	0	339
727.191	347.5	0	347.5
727.291	321.75	0	321.75
727.391	330.5	0	330.5
727.491	335.75	0	335.75
727.591	336.5	0	336.5
727.691	328.75	0	328.75
727.79	334.75	0	334.75
727.89	326.25	0	326.25
727.99	345.25	0	345.25
728.09	332.75	0	332.75
728.19	334.75	0	334.75
728.289	324.25	0	324.25
728.389	332.5	0	332.5
728.489	325	0	325
728.589	320.25	0	320.25
728.688	332.75	0	332.75
728.788	332	0	332
728.888	337.25	0	337.25
728.987	314	0	314
729.087	319.5	0	319.5
729.186	332.25	0	332.25
729.286	318	0	318
729.385	324	0	324
729.485	323.5	0	323.5
729.584	334.25	0	334.25
729.684	328.5	0	328.5
729.783	302.5	0	302.5
729.883	316.5	0	316.5
729.982	317.75	0	317.75
730.081	319	0	319
730.181	331.25	0	331.25
730.28	317.75	0	317.75
730.379	334.25	0	334.25
730.479	322.75	0	322.75
730.578	316.5	0	316.5
730.677	332	0	332
730.776	325.75	0	325.75
730.875	312.5	0	312.5
730.975	328.75	0	328.75
731.074	339.75	0	339.75
731.173	324	0	324
731.272	316.25	0	316.25
731.371	341.75	0	341.75
731.47	334.75	0	334.75
731.569	335.25	0	335.25
731.668	329	0	329
731.767	323.5	0	323.5
731.866	315.25	0	315.25
731.965	318.75	0	318.75
732.064	322	0	322
732.163	307.5	0	307.5
732.262	319.25	0	319.25
732.361	310	0	310
732.46	321.75	0	321.75
732.558	324.5	0	324.5
732.657	313.25	0	313.25
732.756	325.5	0	325.5
732.855	306.5	0	306.5
732.953	318.75	0	318.75
733.052	321.75	0	321.75
733.151	330	0	330
733.25	319.75	0	319.75
733.348	310.25	0	310.25
733.447	301.25	0	301.25
733.545	306.75	0	306.75
733.644	314	0	314
733.742	323.75	0	323.75
733.841	320	0	320
733.939	330.5	0	330.5
734.038	313.75	0	313.75
734.136	314	0	314
734.235	302.25	0	302.25
734.333	327	0	327
734.432	318.25	0	318.25
734.53	309.75	0	309.75
734.628	313.5	0	313.5
734.727	314	0	314
734.825	305.5	0	305.5
734.923	318.5	0	318.5
735.022	315.75	0	315.75
735.12	317.25	0	317.25
735.218	316.5	0	316.5
735.316	299.25	0	299.25
735.414	314.75	0	314.75
735.513	331.25	0	331.25
735.611	321.5	0	321.5
735.709	322.75	0	322.75
735.807	315.5	0	315.5
735.905	305.25	0	305.25
736.003	315	0	315
736.101	315.25	0	315.25
736.199	330.75	0	330.75
736.297	312.75	0	312.75
736.395	326	0	326
736.493	309	0	309
736.591	315.5	0	315.5
736.689	320.25	0	320.25
736.787	303.25	0	303.25
736.884	316.5	0	316.5
736.982	316.5	0	316.5
737.08	297.75	0	297.75
737.178	329	0	329
737.276	315	0	315
737.373	309.75	0	309.75
737.471	312.25	0	312.25
737.569	312.25	0	312.25
737.667	317	0	317
737.764	315	0	315
737.862	305.75	0	305.75
737.959	313	0	313
738.057	310	0	310
738.154	301	0	301
738.252	314	0	314
738.35	308.25	0	308.25
738.447	300	0	300
738.544	306.5	0	306.5
738.642	318	0	318
738.739	310.5	0	310.5
738.837	315.5	0	315.5
738.934	310.5	0	310.5
739.031	310.75	0	310.75
739.129	303	0	303
739.226	315.25	0	315.25
739.323	311.25	0	311.25
739.421	328.25	0	328.25
739.518	304.75	0	304.75
739.615	295.5	0	295.5