Lambda	Spectrum	Dark	SpecMinusDark
500.031	238.5	0	238.5
500.165	244.75	0	244.75
500.299	247.75	0	247.75
500.433	255.25	0	255.25
500.567	247.25	0	247.25
500.701	244.25	0	244.25
500.835	263.75	0	263.75
500.968	257.25	0	257.25
501.102	258.5	0	258.5
501.236	253	0	253
501.37	261	0	261
501.504	304.25	0	304.25
501.637	316	0	316
501.771	313.25	0	313.25
501.905	294	0	294
502.039	287	0	287
502.172	294	0	294
502.306	288.5	0	288.5
502.44	282.5	0	282.5
502.573	284.5	0	284.5
502.707	282	0	282
502.841	285.5	0	285.5
502.974	298.75	0	298.75
503.108	289.75	0	289.75
503.242	276.75	0	276.75
503.375	272	0	272
503.509	285.25	0	285.25
503.642	295.25	0	295.25
503.776	285.25	0	285.25
503.909	293.75	0	293.75
504.043	292	0	292
504.176	283	0	283
504.31	292.5	0	292.5
504.443	288	0	288
504.577	300.75	0	300.75
504.71	310.5	0	310.5
504.844	296.5	0	296.5
504.977	313.75	0	313.75
505.111	315.5	0	315.5
505.244	307.25	0	307.25
505.377	315.25	0	315.25
505.511	335.25	0	335.25
505.644	320.25	0	320.25
505.777	318.75	0	318.75
505.911	309.5	0	309.5
506.044	311	0	311
506.177	324.5	0	324.5
506.311	321	0	321
506.444	311.25	0	311.25
506.577	334.25	0	334.25
506.71	336.5	0	336.5
506.844	326.25	0	326.25
506.977	363.5	0	363.5
507.11	398.5	0	398.5
507.243	398.5	0	398.5
507.376	358.75	0	358.75
507.51	365	0	365
507.643	354.75	0	354.75
507.776	382.25	0	382.25
507.909	354.75	0	354.75
508.042	334.75	0	334.75
508.175	342	0	342
508.308	343.25	0	343.25
508.441	351	0	351
508.574	329.75	0	329.75
508.707	335.25	0	335.25
508.84	337	0	337
508.973	341.5	0	341.5
509.106	330.5	0	330.5
509.239	329.25	0	329.25
509.372	332.5	0	332.5
509.505	340	0	340
509.638	351.25	0	351.25
509.771	344.75	0	344.75
509.904	314	0	314
510.037	343.75	0	343.75
510.17	348	0	348
510.303	339.5	0	339.5
510.436	346.25	0	346.25
510.568	322.5	0	322.5
510.701	333.25	0	333.25
510.834	330	0	330
510.967	361.75	0	361.75
511.1	350.5	0	350.5
511.232	386.25	0	386.25
511.365	381	0	381
511.498	379	0	379
511.631	406.75	0	406.75
511.763	382.75	0	382.75
511.896	381.5	0	381.5
512.029	377	0	377
512.161	368.5	0	368.5
512.294	368.75	0	368.75
512.427	381.25	0	381.25
512.559	369.75	0	369.75
512.692	413.5	0	413.5
512.825	394.75	0	394.75
512.957	380.25	0	380.25
513.09	377	0	377
513.222	368.25	0	368.25
513.355	390.25	0	390.25
513.487	388.25	0	388.25
513.62	376	0	376
513.752	375.5	0	375.5
513.885	397.5	0	397.5
514.017	398	0	398
514.15	405.5	0	405.5
514.282	436	0	436
514.415	481.25	0	481.25
514.547	460.25	0	460.25
514.68	435	0	435
514.812	440.25	0	440.25
514.944	452	0	452
515.077	405.5	0	405.5
515.209	409.5	0	409.5
515.341	399.5	0	399.5
515.474	404.5	0	404.5
515.606	406.5	0	406.5
515.738	407.25	0	407.25
515.871	392.25	0	392.25
516.003	404.25	0	404.25
516.135	399.25	0	399.25
516.267	401.75	0	401.75
516.4	426.5	0	426.5
516.532	423.5	0	423.5
516.664	460	0	460
516.796	465	0	465
516.928	492.75	0	492.75
517.06	509.75	0	509.75
517.193	513.25	0	513.25
517.325	487.5	0	487.5
517.457	472	0	472
517.589	468.75	0	468.75
517.721	476.75	0	476.75
517.853	488.5	0	488.5
517.985	513.25	0	513.25
518.117	511	0	511
518.249	537.25	0	537.25
518.381	538.75	0	538.75
518.513	553.75	0	553.75
518.645	574	0	574
518.777	599	0	599
518.909	640	0	640
519.041	658.75	0	658.75
519.173	635.25	0	635.25
519.305	679	0	679
519.437	718	0	718
519.569	782	0	782
519.701	815.25	0	815.25
519.832	880.5	0	880.5
519.964	938	0	938
520.096	1007.5	0	1007.5
520.228	1134.5	0	1134.5
520.36	1271	0	1271
520.491	1485.25	0	1485.25
520.623	1839.5	0	1839.5
520.755	2396.25	0	2396.25
520.887	3035.25	0	3035.25
521.018	3218	0	3218
521.15	3082	0	3082
521.282	2897.25	0	2897.25
521.414	2454	0	2454
521.545	1912.5	0	1912.5
521.677	1634	0	1634
521.808	1426	0	1426
521.94	1303	0	1303
522.072	1167.5	0	1167.5
522.203	1078.75	0	1078.75
522.335	1015	0	1015
522.466	954.5	0	954.5
522.598	990.5	0	990.5
522.729	933.25	0	933.25
522.861	939.75	0	939.75
522.993	957	0	957
523.124	870.75	0	870.75
523.256	805.75	0	805.75
523.387	776	0	776
523.518	730.75	0	730.75
523.65	696.5	0	696.5
523.781	693.75	0	693.75
523.913	669.25	0	669.25
524.044	654.5	0	654.5
524.176	639.75	0	639.75
524.307	642.75	0	642.75
524.438	635.25	0	635.25
524.57	635.5	0	635.5
524.701	616.75	0	616.75
524.832	651.25	0	651.25
524.964	713.25	0	713.25
525.095	760	0	760
525.226	878.75	0	878.75
525.357	710.75	0	710.75
525.489	626.5	0	626.5
525.62	602.5	0	602.5
525.751	630.5	0	630.5
525.882	663.25	0	663.25
526.013	685.25	0	685.25
526.145	656.75	0	656.75
526.276	644.75	0	644.75
526.407	686.75	0	686.75
526.538	725.5	0	725.5
526.669	947	0	947
526.8	1126.25	0	1126.25
526.931	1257.75	0	1257.75
527.062	1039.75	0	1039.75
527.193	797.25	0	797.25
527.324	710	0	710
527.455	722.5	0	722.5
527.586	730.75	0	730.75
527.717	759.75	0	759.75
527.848	824	0	824
527.979	829	0	829
528.11	787.25	0	787.25
528.241	702.25	0	702.25
528.372	681.25	0	681.25
528.503	667.5	0	667.5
528.634	642.5	0	642.5
528.765	637	0	637
528.896	655	0	655
529.026	647.5	0	647.5
529.157	638.25	0	638.25
529.288	625.25	0	625.25
529.419	650.5	0	650.5
529.55	669	0	669
529.681	692.25	0	692.25
529.811	819.5	0	819.5
529.942	1018	0	1018
530.073	1298.75	0	1298.75
530.203	1487	0	1487
530.334	1339.5	0	1339.5
530.465	1019.25	0	1019.25
530.596	857	0	857
530.726	731.25	0	731.25
530.857	707	0	707
530.987	641.25	0	641.25
531.118	624.5	0	624.5
531.249	616.5	0	616.5
531.379	599	0	599
531.51	588	0	588
531.64	620.5	0	620.5
531.771	615.25	0	615.25
531.901	605.75	0	605.75
532.032	611.5	0	611.5
532.163	590.5	0	590.5
532.293	579.75	0	579.75
532.423	608.5	0	608.5
532.554	614.75	0	614.75
532.684	604.75	0	604.75
532.815	629.75	0	629.75
532.945	653.25	0	653.25
533.076	683.25	0	683.25
533.206	749.25	0	749.25
533.336	789.25	0	789.25
533.467	711.75	0	711.75
533.597	666	0	666
533.727	656.5	0	656.5
533.858	613.5	0	613.5
533.988	583	0	583
534.118	573.25	0	573.25
534.248	546.5	0	546.5
534.379	596.25	0	596.25
534.509	604.75	0	604.75
534.639	647.5	0	647.5
534.769	810	0	810
534.9	1039.75	0	1039.75
535.03	1354	0	1354
535.16	1185.75	0	1185.75
535.29	1136.75	0	1136.75
535.42	849.5	0	849.5
535.55	649.75	0	649.75
535.68	571.5	0	571.5
535.81	554.25	0	554.25
535.94	537.25	0	537.25
536.071	524.25	0	524.25
536.201	505.75	0	505.75
536.331	503.25	0	503.25
536.461	493.5	0	493.5
536.591	501	0	501
536.721	502.5	0	502.5
536.851	505.75	0	505.75
536.981	484	0	484
537.11	496.75	0	496.75
537.24	491.5	0	491.5
537.37	513.25	0	513.25
537.5	508.75	0	508.75
537.63	505.5	0	505.5
537.76	497.75	0	497.75
537.89	488.25	0	488.25
538.02	483	0	483
538.149	460.75	0	460.75
538.279	458.25	0	458.25
538.409	451.75	0	451.75
538.539	456.5	0	456.5
538.669	460	0	460
538.798	468.25	0	468.25
538.928	507	0	507
539.058	511.25	0	511.25
539.187	524.75	0	524.75
539.317	513	0	513
539.447	479	0	479
539.576	463	0	463
539.706	471.5	0	471.5
539.836	461.75	0	461.75
539.965	457.5	0	457.5
540.095	468.5	0	468.5
540.225	479.5	0	479.5
540.354	495.75	0	495.75
540.484	534.75	0	534.75
540.613	530.25	0	530.25
540.743	502.25	0	502.25
540.872	544.25	0	544.25
541.002	614.75	0	614.75
541.131	776.75	0	776.75
541.261	1003	0	1003
541.39	1265.5	0	1265.5
541.52	1223.5	0	1223.5
541.649	813.25	0	813.25
541.778	643.25	0	643.25
541.908	550.5	0	550.5
542.037	522.25	0	522.25
542.167	504.75	0	504.75
542.296	473.5	0	473.5
542.425	452	0	452
542.554	449.25	0	449.25
542.684	447	0	447
542.813	433.25	0	433.25
542.942	450.75	0	450.75
543.072	426.5	0	426.5
543.201	424.5	0	424.5
543.33	432.5	0	432.5
543.459	423	0	423
543.588	428.25	0	428.25
543.718	429.25	0	429.25
543.847	411.25	0	411.25
543.976	427.25	0	427.25
544.105	425.5	0	425.5
544.234	391.5	0	391.5
544.363	409.5	0	409.5
544.492	422.5	0	422.5
544.621	423	0	423
544.75	412.75	0	412.75
544.88	405.75	0	405.75
545.009	413.25	0	413.25
545.138	402.75	0	402.75
545.266	393.5	0	393.5
545.396	394.25	0	394.25
545.525	393.25	0	393.25
545.653	399.5	0	399.5
545.782	385.25	0	385.25
545.911	420.25	0	420.25
546.04	396	0	396
546.169	371.5	0	371.5
546.298	401.25	0	401.25
546.427	378	0	378
546.556	381	0	381
546.685	396.5	0	396.5
546.813	431.75	0	431.75
546.942	421	0	421
547.071	389	0	389
547.2	364	0	364
547.328	396.75	0	396.75
547.457	373.25	0	373.25
547.586	381.5	0	381.5
547.715	358.5	0	358.5
547.843	365.5	0	365.5
547.972	382.75	0	382.75
548.101	372.5	0	372.5
548.229	371.75	0	371.75
548.358	392.25	0	392.25
548.487	418.75	0	418.75
548.615	393.75	0	393.75
548.744	404.75	0	404.75
548.872	379.25	0	379.25
549.001	401	0	401
549.129	405.75	0	405.75
549.258	381.75	0	381.75
549.387	394.25	0	394.25
549.515	372	0	372
549.643	389	0	389
549.772	381.75	0	381.75
549.9	375.25	0	375.25
550.029	365	0	365
550.157	374	0	374
550.286	380.5	0	380.5
550.414	372.25	0	372.25
550.542	367.5	0	367.5
550.671	375	0	375
550.799	369.5	0	369.5
550.927	385.75	0	385.75
551.056	358.5	0	358.5
551.184	387.25	0	387.25
551.312	380.5	0	380.5
551.441	378.75	0	378.75
551.569	371.25	0	371.25
551.697	364.25	0	364.25
551.825	353	0	353
551.953	369.75	0	369.75
552.082	370.25	0	370.25
552.21	354.5	0	354.5
552.338	369	0	369
552.466	368	0	368
552.594	362.25	0	362.25
552.722	359.5	0	359.5
552.851	351.75	0	351.75
552.979	356	0	356
553.107	370	0	370
553.235	345.5	0	345.5
553.363	346.25	0	346.25
553.491	340.25	0	340.25
553.619	365	0	365
553.747	369.5	0	369.5
553.875	384.25	0	384.25
554.003	381	0	381
554.131	348.5	0	348.5
554.259	356.5	0	356.5
554.387	346.75	0	346.75
554.514	365	0	365
554.642	337	0	337
554.77	365.25	0	365.25
554.898	367.75	0	367.75
555.026	354.25	0	354.25
555.154	363	0	363
555.281	358.5	0	358.5
555.409	361	0	361
555.537	350.25	0	350.25
555.665	354	0	354
555.793	350.5	0	350.5
555.92	349.25	0	349.25
556.048	351.5	0	351.5
556.176	339.5	0	339.5
556.303	352.5	0	352.5
556.431	349.25	0	349.25
556.559	361	0	361
556.686	367.75	0	367.75
556.814	374.75	0	374.75
556.942	393.75	0	393.75
557.069	394	0	394
557.197	414	0	414
557.324	395.25	0	395.25
557.452	408.25	0	408.25
557.579	412.25	0	412.25
557.707	397	0	397
557.835	411.5	0	411.5
557.962	428.5	0	428.5
558.089	417.5	0	417.5
558.217	416.5	0	416.5
558.344	415.5	0	415.5
558.472	417.25	0	417.25
558.599	424.25	0	424.25
558.727	407.75	0	407.75
558.854	411.25	0	411.25
558.981	417.75	0	417.75
559.109	427	0	427
559.236	409	0	409
559.363	418.25	0	418.25
559.491	429.5	0	429.5
559.618	405.25	0	405.25
559.745	407	0	407
559.872	417	0	417
560	410	0	410
560.127	412.25	0	412.25
560.254	395.5	0	395.5
560.381	418.5	0	418.5
560.508	401.5	0	401.5
560.636	406	0	406
560.763	398	0	398
560.89	386.25	0	386.25
561.017	397.75	0	397.75
561.144	391.75	0	391.75
561.271	395	0	395
561.398	383	0	383
561.525	380.5	0	380.5
561.652	386.75	0	386.75
561.779	394.25	0	394.25
561.906	388	0	388
562.033	385.5	0	385.5
562.16	388.25	0	388.25
562.287	389.25	0	389.25
562.414	378.5	0	378.5
562.541	377.5	0	377.5
562.668	380.25	0	380.25
562.795	393.5	0	393.5
562.922	393.5	0	393.5
563.049	435.25	0	435.25
563.175	424.25	0	424.25
563.302	442	0	442
563.429	443.25	0	443.25
563.556	422.25	0	422.25
563.683	440	0	440
563.809	402	0	402
563.936	420	0	420
564.063	402.5	0	402.5
564.19	415	0	415
564.316	448.5	0	448.5
564.443	423	0	423
564.57	412.5	0	412.5
564.696	423.25	0	423.25
564.823	424.5	0	424.5
564.95	407.75	0	407.75
565.076	406.5	0	406.5
565.203	405.75	0	405.75
565.33	422	0	422
565.456	405.75	0	405.75
565.583	408.75	0	408.75
565.709	399.75	0	399.75
565.836	396.75	0	396.75
565.962	394	0	394
566.089	414.25	0	414.25
566.215	406.75	0	406.75
566.341	392.75	0	392.75
566.468	399.75	0	399.75
566.594	429.5	0	429.5
566.721	421.5	0	421.5
566.847	434.25	0	434.25
566.974	411.75	0	411.75
567.1	409.25	0	409.25
567.226	403.25	0	403.25
567.353	403.25	0	403.25
567.479	395	0	395
567.605	378.25	0	378.25
567.732	395.5	0	395.5
567.858	375	0	375
567.984	390.5	0	390.5
568.11	395	0	395
568.236	382.5	0	382.5
568.363	412.75	0	412.75
568.489	393	0	393
568.615	390.75	0	390.75
568.741	397	0	397
568.867	400.25	0	400.25
568.993	384.75	0	384.75
569.12	386	0	386
569.246	385.25	0	385.25
569.372	370.5	0	370.5
569.498	389.5	0	389.5
569.624	402.25	0	402.25
569.75	410.5	0	410.5
569.876	404	0	404
570.002	407.75	0	407.75
570.128	410.25	0	410.25
570.254	414.5	0	414.5
570.38	409.75	0	409.75
570.506	415	0	415
570.632	439.75	0	439.75
570.758	426	0	426
570.883	412.25	0	412.25
571.009	376.25	0	376.25
571.135	378.5	0	378.5
571.261	390.75	0	390.75
571.387	386.5	0	386.5
571.513	408	0	408
571.638	425.5	0	425.5
571.764	431.75	0	431.75
571.89	410.75	0	410.75
572.016	384.75	0	384.75
572.141	382.5	0	382.5
572.267	398.25	0	398.25
572.393	390.75	0	390.75
572.518	373.75	0	373.75
572.644	380.25	0	380.25
572.77	345.25	0	345.25
572.895	370	0	370
573.021	370.25	0	370.25
573.147	353.75	0	353.75
573.272	376.5	0	376.5
573.398	344.5	0	344.5
573.523	353	0	353
573.649	378.5	0	378.5
573.774	347.25	0	347.25
573.9	368.25	0	368.25
574.025	360.25	0	360.25
574.151	363	0	363
574.276	366.25	0	366.25
574.402	346.5	0	346.5
574.527	330.5	0	330.5
574.652	354	0	354
574.778	376.5	0	376.5
574.903	351.5	0	351.5
575.029	371.25	0	371.25
575.154	359.75	0	359.75
575.279	353.5	0	353.5
575.405	355.75	0	355.75
575.53	364.25	0	364.25
575.655	355	0	355
575.78	383.75	0	383.75
575.906	355.25	0	355.25
576.031	368.25	0	368.25
576.156	345	0	345
576.281	355	0	355
576.406	349.75	0	349.75
576.532	358	0	358
576.657	334.5	0	334.5
576.782	345	0	345
576.907	359.5	0	359.5
577.032	352.75	0	352.75
577.157	355	0	355
577.282	336.25	0	336.25
577.407	331.5	0	331.5
577.532	336.75	0	336.75
577.657	355.75	0	355.75
577.782	355.5	0	355.5
577.907	347.5	0	347.5
578.032	355.75	0	355.75
578.157	366.25	0	366.25
578.282	356.25	0	356.25
578.407	376.25	0	376.25
578.532	380.75	0	380.75
578.657	404.75	0	404.75
578.782	437.5	0	437.5
578.907	436	0	436
579.031	441.5	0	441.5
579.156	454.25	0	454.25
579.281	458.75	0	458.75
579.406	462.25	0	462.25
579.531	455	0	455
579.655	459.25	0	459.25
579.78	449.5	0	449.5
579.905	452.75	0	452.75
580.03	437	0	437
580.154	482.5	0	482.5
580.279	472	0	472
580.404	458.25	0	458.25
580.528	461.75	0	461.75
580.653	458.5	0	458.5
580.778	446.75	0	446.75
580.902	452	0	452
581.027	462	0	462
581.151	464.25	0	464.25
581.276	450.25	0	450.25
581.4	448.25	0	448.25
581.525	452	0	452
581.649	440	0	440
581.774	446.5	0	446.5
581.898	436	0	436
582.023	430	0	430
582.147	428	0	428
582.272	422.5	0	422.5
582.396	427.25	0	427.25
582.52	421	0	421
582.645	414	0	414
582.769	428.5	0	428.5
582.893	423.75	0	423.75
583.018	416	0	416
583.142	418.5	0	418.5
583.266	405.5	0	405.5
583.391	384.25	0	384.25
583.515	403.25	0	403.25
583.639	393	0	393
583.763	413.25	0	413.25
583.888	402.25	0	402.25
584.012	401.5	0	401.5
584.136	397.5	0	397.5
584.26	406.5	0	406.5
584.384	398.5	0	398.5
584.508	388	0	388
584.632	375.75	0	375.75
584.757	383.75	0	383.75
584.881	397.25	0	397.25
585.005	386.25	0	386.25
585.129	369.5	0	369.5
585.253	383.75	0	383.75
585.377	367.25	0	367.25
585.501	399	0	399
585.625	367	0	367
585.749	372.75	0	372.75
585.873	398.75	0	398.75
585.997	372.5	0	372.5
586.12	379.5	0	379.5
586.244	386	0	386
586.368	373.25	0	373.25
586.492	367.75	0	367.75
586.616	380.75	0	380.75
586.74	373.25	0	373.25
586.864	378	0	378
586.987	377	0	377
587.111	388.75	0	388.75
587.235	379.25	0	379.25
587.359	389.5	0	389.5
587.482	367.5	0	367.5
587.606	382.5	0	382.5
587.73	351.25	0	351.25
587.854	381.5	0	381.5
587.977	368.25	0	368.25
588.101	365.75	0	365.75
588.224	362.25	0	362.25
588.348	373	0	373
588.472	351.25	0	351.25
588.595	377	0	377
588.719	386.25	0	386.25
588.842	395.5	0	395.5
588.966	413	0	413
589.089	463	0	463
589.213	558.5	0	558.5
589.336	739	0	739
589.46	841.75	0	841.75
589.583	610	0	610
589.707	526	0	526
589.83	537.25	0	537.25
589.954	623.5	0	623.5
590.077	721.25	0	721.25
590.2	488.5	0	488.5
590.324	432	0	432
590.447	389	0	389
590.57	375.75	0	375.75
590.694	373	0	373
590.817	376.25	0	376.25
590.94	358	0	358
591.063	349.5	0	349.5
591.187	336.25	0	336.25
591.31	353.5	0	353.5
591.433	335.5	0	335.5
591.556	334	0	334
591.679	331.75	0	331.75
591.803	331.5	0	331.5
591.926	354.75	0	354.75
592.049	342.75	0	342.75
592.172	340	0	340
592.295	327.25	0	327.25
592.418	331.75	0	331.75
592.541	347.25	0	347.25
592.664	321.25	0	321.25
592.787	330.5	0	330.5
592.91	315	0	315
593.033	336.25	0	336.25
593.156	315.5	0	315.5
593.279	319.5	0	319.5
593.402	337.75	0	337.75
593.525	322.5	0	322.5
593.648	317	0	317
593.771	325.25	0	325.25
593.894	311.75	0	311.75
594.016	318.25	0	318.25
594.139	313.75	0	313.75
594.262	325.5	0	325.5
594.385	304.5	0	304.5
594.508	302.75	0	302.75
594.63	329	0	329
594.753	304.75	0	304.75
594.876	321.25	0	321.25
594.999	298.25	0	298.25
595.121	309.75	0	309.75
595.244	308.5	0	308.5
595.367	294.75	0	294.75
595.489	295.5	0	295.5
595.612	292.5	0	292.5
595.735	300.75	0	300.75
595.857	314.75	0	314.75
595.98	302.25	0	302.25
596.102	304.25	0	304.25
596.225	302.75	0	302.75
596.347	301.25	0	301.25
596.47	296.25	0	296.25
596.592	296.5	0	296.5
596.715	292.5	0	292.5
596.837	310.25	0	310.25
596.96	299.5	0	299.5
597.082	298	0	298
597.205	292.75	0	292.75
597.327	304.25	0	304.25
597.449	304.5	0	304.5
597.572	300.25	0	300.25
597.694	293.5	0	293.5
597.816	281.75	0	281.75
597.939	288	0	288
598.061	304.25	0	304.25
598.183	315.5	0	315.5
598.306	306.75	0	306.75
598.428	296.75	0	296.75
598.55	296.5	0	296.5
598.672	295	0	295
598.795	300.25	0	300.25
598.917	290.75	0	290.75
599.039	290.75	0	290.75
599.161	277.75	0	277.75
599.283	308.5	0	308.5
599.405	289	0	289
599.527	290.75	0	290.75
599.65	290.75	0	290.75
599.772	287.25	0	287.25
599.894	286.25	0	286.25
600.016	301	0	301
600.138	291.25	0	291.25
600.26	290.25	0	290.25
600.382	290	0	290
600.504	305.5	0	305.5
600.625	287.5	0	287.5
600.747	292	0	292
600.869	286.5	0	286.5
600.991	295	0	295
601.113	287.25	0	287.25
601.235	294.75	0	294.75
601.357	287	0	287
601.479	298.25	0	298.25
601.6	281.5	0	281.5
601.722	301	0	301
601.844	297.25	0	297.25
601.966	277.5	0	277.5
602.087	284	0	284
602.209	294.75	0	294.75
602.331	293.5	0	293.5
602.453	282.5	0	282.5
602.574	280.25	0	280.25
602.696	292	0	292
602.818	288.75	0	288.75
602.939	285.75	0	285.75
603.061	287.75	0	287.75
603.182	274	0	274
603.304	283	0	283
603.426	284.75	0	284.75
603.547	289.75	0	289.75
603.669	274.25	0	274.25
603.79	282.5	0	282.5
603.912	273.5	0	273.5
604.033	286.75	0	286.75
604.154	284.75	0	284.75
604.276	293.5	0	293.5
604.397	283.75	0	283.75
604.519	286.75	0	286.75
604.64	281.75	0	281.75
604.761	286.75	0	286.75
604.883	291.25	0	291.25
605.004	286.75	0	286.75
605.125	278.25	0	278.25
605.247	298.25	0	298.25
605.368	272.25	0	272.25
605.489	305.5	0	305.5
605.611	340.25	0	340.25
605.732	338	0	338
605.853	343	0	343
605.974	358	0	358
606.095	362.75	0	362.75
606.216	371	0	371
606.338	369.5	0	369.5
606.459	386.5	0	386.5
606.58	386.5	0	386.5
606.701	370.25	0	370.25
606.822	388.5	0	388.5
606.943	396.75	0	396.75
607.064	389.75	0	389.75
607.185	370.75	0	370.75
607.306	381.5	0	381.5
607.427	384.75	0	384.75
607.548	360.25	0	360.25
607.669	372.75	0	372.75
607.79	367.25	0	367.25
607.911	363.75	0	363.75
608.032	355.25	0	355.25
608.153	363	0	363
608.274	374.75	0	374.75
608.394	366.5	0	366.5
608.515	357.25	0	357.25
608.636	355.5	0	355.5
608.757	345	0	345
608.878	346.75	0	346.75
608.998	362.25	0	362.25
609.119	340.5	0	340.5
609.24	353.25	0	353.25
609.361	337	0	337
609.481	356.75	0	356.75
609.602	361.5	0	361.5
609.723	353.25	0	353.25
609.843	335.5	0	335.5
609.964	341.5	0	341.5
610.085	345.75	0	345.75
610.205	340.25	0	340.25
610.326	326.5	0	326.5
610.446	347.25	0	347.25
610.567	332.25	0	332.25
610.687	342.25	0	342.25
610.808	347.5	0	347.5
610.928	329.75	0	329.75
611.049	335	0	335
611.169	334.5	0	334.5
611.29	330.5	0	330.5
611.41	328.25	0	328.25
611.531	320.25	0	320.25
611.651	323	0	323
611.771	338.25	0	338.25
611.892	327.25	0	327.25
612.012	346.5	0	346.5
612.132	304.5	0	304.5
612.253	325	0	325
612.373	322.5	0	322.5
612.493	323.5	0	323.5
612.613	336.75	0	336.75
612.734	332.25	0	332.25
612.854	321	0	321
612.974	328.75	0	328.75
613.094	317.25	0	317.25
613.214	310.75	0	310.75
613.335	313	0	313
613.455	323	0	323
613.575	325.25	0	325.25
613.695	323.5	0	323.5
613.815	316.75	0	316.75
613.935	320.5	0	320.5
614.055	301.5	0	301.5
614.175	313	0	313
614.295	324.25	0	324.25
614.415	315.75	0	315.75
614.535	306.75	0	306.75
614.655	306.25	0	306.25
614.775	301	0	301
614.895	304.5	0	304.5
615.015	309.75	0	309.75
615.135	301.75	0	301.75
615.254	293	0	293
615.374	320	0	320
615.494	317.25	0	317.25
615.614	297.75	0	297.75
615.734	304.75	0	304.75
615.854	293	0	293
615.973	303	0	303
616.093	299.5	0	299.5
616.213	302.25	0	302.25
616.332	299.25	0	299.25
616.452	296	0	296
616.572	294	0	294
616.691	302.75	0	302.75
616.811	292	0	292
616.931	299	0	299
617.05	284.5	0	284.5
617.17	286	0	286
617.289	319.75	0	319.75
617.409	300	0	300
617.529	298.5	0	298.5
617.648	306.25	0	306.25
617.768	313	0	313
617.887	297.25	0	297.25
618.006	300	0	300
618.126	309.25	0	309.25
618.245	296	0	296
618.365	293	0	293
618.484	295.5	0	295.5
618.604	310	0	310
618.723	297.5	0	297.5
618.842	296.5	0	296.5
618.962	301.5	0	301.5
619.081	302.25	0	302.25
619.2	296.5	0	296.5
619.319	303.25	0	303.25
619.439	286.75	0	286.75
619.558	299.75	0	299.75
619.677	296.5	0	296.5
619.796	284.75	0	284.75
619.916	309	0	309
620.035	302.25	0	302.25
620.154	296.25	0	296.25
620.273	279.25	0	279.25
620.392	291.75	0	291.75
620.511	295	0	295
620.63	284.5	0	284.5
620.749	288.5	0	288.5
620.868	289.5	0	289.5
620.987	287.75	0	287.75
621.106	277	0	277
621.225	274.75	0	274.75
621.344	285.25	0	285.25
621.463	278.75	0	278.75
621.582	278.25	0	278.25
621.701	271	0	271
621.82	280.75	0	280.75
621.939	275	0	275
622.058	280.25	0	280.25
622.177	264.5	0	264.5
622.295	276	0	276
622.414	286.75	0	286.75
622.533	274	0	274
622.652	281	0	281
622.771	264.25	0	264.25
622.889	276.5	0	276.5
623.008	260.25	0	260.25
623.127	286.5	0	286.5
623.245	279	0	279
623.364	272.5	0	272.5
623.483	267.25	0	267.25
623.601	263.5	0	263.5
623.72	262.25	0	262.25
623.839	289.5	0	289.5
623.957	284.25	0	284.25
624.076	270	0	270
624.194	291.25	0	291.25
624.313	284.5	0	284.5
624.431	271.75	0	271.75
624.55	268.5	0	268.5
624.668	256.5	0	256.5
624.787	272.5	0	272.5
624.905	278.75	0	278.75
625.024	281.25	0	281.25
625.142	272.25	0	272.25
625.26	272.75	0	272.75
625.379	266.25	0	266.25
625.497	276.25	0	276.25
625.615	274.5	0	274.5
625.734	270	0	270
625.852	267.25	0	267.25
625.97	266	0	266
626.089	277	0	277
626.207	271.25	0	271.25
626.325	282	0	282
626.443	273	0	273
626.561	269	0	269
626.68	271.5	0	271.5
626.798	267	0	267
626.916	273	0	273
627.034	267	0	267
627.152	269	0	269
627.27	262.75	0	262.75
627.388	254.5	0	254.5
627.506	260.5	0	260.5
627.624	263	0	263
627.742	262	0	262
627.86	263.75	0	263.75
627.978	251.75	0	251.75
628.096	259.75	0	259.75
628.214	253.5	0	253.5
628.332	263.5	0	263.5
628.45	252.75	0	252.75
628.568	250.25	0	250.25
628.686	258.75	0	258.75
628.804	255.75	0	255.75
628.921	254.75	0	254.75
629.039	263.75	0	263.75
629.157	264.5	0	264.5
629.275	256.25	0	256.25
629.393	252.75	0	252.75
629.51	257.75	0	257.75
629.628	254.25	0	254.25
629.746	257.75	0	257.75
629.864	251	0	251
629.981	259.25	0	259.25
630.099	262.25	0	262.25
630.216	259	0	259
630.334	263.25	0	263.25
630.452	251.5	0	251.5
630.569	246	0	246
630.687	232	0	232
630.804	260.5	0	260.5
630.922	262.5	0	262.5
631.039	263.75	0	263.75
631.157	248	0	248
631.274	250.5	0	250.5
631.392	248.75	0	248.75
631.509	252.25	0	252.25
631.627	244.75	0	244.75
631.744	253.5	0	253.5
631.861	247.25	0	247.25
631.979	244.75	0	244.75
632.096	245.5	0	245.5
632.213	244.75	0	244.75
632.331	239.75	0	239.75
632.448	242	0	242
632.565	240.75	0	240.75
632.683	247.25	0	247.25
632.8	247.75	0	247.75
632.917	247.75	0	247.75
633.034	231	0	231
633.151	246.75	0	246.75
633.269	255.5	0	255.5
633.386	253.75	0	253.75
633.503	248.25	0	248.25
633.62	244	0	244
633.737	239.25	0	239.25
633.854	240.75	0	240.75
633.971	231.75	0	231.75
634.088	248.5	0	248.5
634.205	246.5	0	246.5
634.322	237.5	0	237.5
634.439	237.75	0	237.75
634.556	234.75	0	234.75
634.673	231.75	0	231.75
634.79	240.25	0	240.25
634.907	247.75	0	247.75
635.024	239.25	0	239.25
635.141	230.75	0	230.75
635.258	242.25	0	242.25
635.375	244	0	244
635.491	241.75	0	241.75
635.608	235.5	0	235.5
635.725	229.75	0	229.75
635.842	227.5	0	227.5
635.958	229	0	229
636.075	230.25	0	230.25
636.192	245.25	0	245.25
636.309	230.25	0	230.25
636.425	241.25	0	241.25
636.542	244	0	244
636.659	245	0	245
636.775	240.5	0	240.5
636.892	225.5	0	225.5
637.008	242.5	0	242.5
637.125	237.5	0	237.5
637.241	232.5	0	232.5
637.358	243.25	0	243.25
637.475	234.75	0	234.75
637.591	231.25	0	231.25
637.707	241.25	0	241.25
637.824	228.25	0	228.25
637.94	237.5	0	237.5
638.057	231.75	0	231.75
638.173	230	0	230
638.29	226	0	226
638.406	224.5	0	224.5
638.522	220.25	0	220.25
638.639	217.25	0	217.25
638.755	250	0	250
638.871	225.5	0	225.5
638.987	218.75	0	218.75
639.104	225.5	0	225.5
639.22	227.5	0	227.5
639.336	233	0	233
639.452	242.25	0	242.25
639.569	239.25	0	239.25
639.685	236.75	0	236.75
639.801	246.75	0	246.75
639.917	263	0	263
640.033	265.5	0	265.5
640.149	278	0	278
640.265	286.75	0	286.75
640.381	276.25	0	276.25
640.497	282	0	282
640.613	291.25	0	291.25
640.729	297.5	0	297.5
640.845	261.25	0	261.25
640.961	292.5	0	292.5
641.077	298.5	0	298.5
641.193	294.5	0	294.5
641.309	298.25	0	298.25
641.425	306	0	306
641.541	289.25	0	289.25
641.657	291.25	0	291.25
641.773	287.75	0	287.75
641.888	281	0	281
642.004	278	0	278
642.12	281	0	281
642.236	284	0	284
642.352	288.25	0	288.25
642.467	279.5	0	279.5
642.583	275.5	0	275.5
642.699	275	0	275
642.814	276	0	276
642.93	276	0	276
643.046	264.75	0	264.75
643.161	270.25	0	270.25
643.277	283	0	283
643.392	286.5	0	286.5
643.508	270	0	270
643.623	271.75	0	271.75
643.739	274	0	274
643.854	277	0	277
643.97	269.25	0	269.25
644.085	256	0	256
644.201	279.75	0	279.75
644.316	283	0	283
644.432	267.5	0	267.5
644.547	271.5	0	271.5
644.663	270	0	270
644.778	271.75	0	271.75
644.893	269.5	0	269.5
645.008	266.25	0	266.25
645.124	266.25	0	266.25
645.239	258.5	0	258.5
645.354	265.25	0	265.25
645.47	263.25	0	263.25
645.585	273	0	273
645.7	264.5	0	264.5
645.815	256.75	0	256.75
645.93	268.5	0	268.5
646.046	271.5	0	271.5
646.161	273	0	273
646.276	278.25	0	278.25
646.391	270.75	0	270.75
646.506	263.25	0	263.25
646.621	287.75	0	287.75
646.736	276	0	276
646.851	286.5	0	286.5
646.966	273.25	0	273.25
647.081	273.5	0	273.5
647.196	262.75	0	262.75
647.311	263.5	0	263.5
647.426	261.75	0	261.75
647.541	259.5	0	259.5
647.656	285.25	0	285.25
647.771	270.75	0	270.75
647.885	251.75	0	251.75
648	256.75	0	256.75
648.115	266.25	0	266.25
648.23	262	0	262
648.345	262.25	0	262.25
648.459	264.25	0	264.25
648.574	259.75	0	259.75
648.689	272	0	272
648.804	257	0	257
648.918	252.5	0	252.5
649.033	256.5	0	256.5
649.148	275.25	0	275.25
649.262	267	0	267
649.377	256	0	256
649.491	249.25	0	249.25
649.606	258.25	0	258.25
649.721	245.5	0	245.5
649.835	258	0	258
649.95	263.5	0	263.5
650.064	254.5	0	254.5
650.179	239	0	239
650.293	260.75	0	260.75
650.408	253.5	0	253.5
650.522	240.25	0	240.25
650.636	240.25	0	240.25
650.751	249	0	249
650.865	248.25	0	248.25
650.979	243.75	0	243.75
651.094	256	0	256
651.208	247.5	0	247.5
651.322	256.5	0	256.5
651.437	250.5	0	250.5
651.551	244.25	0	244.25
651.665	236.5	0	236.5
651.779	240.25	0	240.25
651.894	249.25	0	249.25
652.008	232.75	0	232.75
652.122	235.5	0	235.5
652.236	250.25	0	250.25
652.35	240.5	0	240.5
652.464	238	0	238
652.578	233.75	0	233.75
652.693	244.75	0	244.75
652.807	234.5	0	234.5
652.921	245.75	0	245.75
653.035	248.5	0	248.5
653.149	243.25	0	243.25
653.263	240.25	0	240.25
653.376	235.75	0	235.75
653.49	235.25	0	235.25
653.604	242.75	0	242.75
653.718	245	0	245
653.832	249.5	0	249.5
653.946	236.25	0	236.25
654.06	222	0	222
654.174	232.75	0	232.75
654.287	227	0	227
654.401	233.75	0	233.75
654.515	223.5	0	223.5
654.629	230	0	230
654.743	236.75	0	236.75
654.856	227.5	0	227.5
654.97	229.25	0	229.25
655.084	219.25	0	219.25
655.197	229.5	0	229.5
655.311	231.25	0	231.25
655.424	224.75	0	224.75
655.538	230.5	0	230.5
655.652	229	0	229
655.765	222.25	0	222.25
655.879	226.5	0	226.5
655.992	234.75	0	234.75
656.106	229.25	0	229.25
656.219	228	0	228
656.333	233	0	233
656.446	215.25	0	215.25
656.56	224.75	0	224.75
656.673	222.5	0	222.5
656.786	219.5	0	219.5
656.9	224	0	224
657.013	226.5	0	226.5
657.127	231.75	0	231.75
657.24	214.75	0	214.75
657.353	222.75	0	222.75
657.466	221.5	0	221.5
657.58	213.25	0	213.25
657.693	219.75	0	219.75
657.806	223.75	0	223.75
657.919	230.25	0	230.25
658.032	217.75	0	217.75
658.146	220.5	0	220.5
658.259	229.25	0	229.25
658.372	212.75	0	212.75
658.485	227	0	227
658.598	224.75	0	224.75
658.711	228.25	0	228.25
658.824	231	0	231
658.937	222.75	0	222.75
659.05	223	0	223
659.163	225.25	0	225.25
659.276	227	0	227
659.389	224	0	224
659.502	232.75	0	232.75
659.615	225.5	0	225.5
659.728	219	0	219
659.841	210.5	0	210.5
659.954	215.5	0	215.5
660.067	215.25	0	215.25
660.179	218.75	0	218.75
660.292	231.5	0	231.5
660.405	216.75	0	216.75
660.518	202.75	0	202.75
660.63	234.5	0	234.5
660.743	212.75	0	212.75
660.856	212.75	0	212.75
660.969	221.25	0	221.25
661.081	219.25	0	219.25
661.194	216.25	0	216.25
661.307	223.75	0	223.75
661.419	220.75	0	220.75
661.532	215.5	0	215.5
661.644	205.5	0	205.5
661.757	214	0	214
661.869	221.75	0	221.75
661.982	223.25	0	223.25
662.094	217.25	0	217.25
662.207	231.75	0	231.75
662.319	207.5	0	207.5
662.432	207.75	0	207.75
662.544	218.5	0	218.5
662.656	218.5	0	218.5
662.769	215.75	0	215.75
662.881	233.25	0	233.25
662.994	197.75	0	197.75
663.106	211.75	0	211.75
663.218	228.75	0	228.75
663.331	214.75	0	214.75
663.443	227	0	227
663.555	216.25	0	216.25
663.667	200.25	0	200.25
663.779	222.25	0	222.25
663.892	213.25	0	213.25
664.004	211	0	211
664.116	215.5	0	215.5
664.228	216	0	216
664.34	218.5	0	218.5
664.452	209	0	209
664.564	221.5	0	221.5
664.676	212.75	0	212.75
664.788	209	0	209
664.901	224.25	0	224.25
665.012	207.5	0	207.5
665.125	221.75	0	221.75
665.236	220.75	0	220.75
665.348	218	0	218
665.46	214.5	0	214.5
665.572	210.75	0	210.75
665.684	218.25	0	218.25
665.796	222.75	0	222.75
665.908	215	0	215
666.02	217.25	0	217.25
666.131	203.25	0	203.25
666.243	224.5	0	224.5
666.355	201.75	0	201.75
666.467	209.5	0	209.5
666.578	212	0	212
666.69	209.5	0	209.5
666.802	209.25	0	209.25
666.914	209.25	0	209.25
667.025	214.25	0	214.25
667.137	215.5	0	215.5
667.248	214.75	0	214.75
667.36	214	0	214
667.472	202.5	0	202.5
667.583	216	0	216
667.695	196.25	0	196.25
667.806	214.25	0	214.25
667.918	211.5	0	211.5
668.029	214.75	0	214.75
668.141	218.5	0	218.5
668.252	213.5	0	213.5
668.363	204	0	204
668.475	216.75	0	216.75
668.586	206.25	0	206.25
668.698	208.25	0	208.25
668.809	206.25	0	206.25
668.92	214	0	214
669.032	200.25	0	200.25
669.143	200.5	0	200.5
669.254	202	0	202
669.365	205.5	0	205.5
669.477	203	0	203
669.588	221	0	221
669.699	202.25	0	202.25
669.81	207.5	0	207.5
669.921	213.75	0	213.75
670.032	206	0	206
670.143	196.5	0	196.5
670.255	211	0	211
670.366	216.25	0	216.25
670.477	213.25	0	213.25
670.588	208	0	208
670.699	199.75	0	199.75
670.81	209	0	209
670.921	197.5	0	197.5
671.032	195	0	195
671.143	207.5	0	207.5
671.253	206.25	0	206.25
671.364	203.5	0	203.5
671.475	200.75	0	200.75
671.586	203	0	203
671.697	195.75	0	195.75
671.808	197	0	197
671.919	203.25	0	203.25
672.029	206.75	0	206.75
672.14	200	0	200
672.251	207.25	0	207.25
672.362	204	0	204
672.472	217.5	0	217.5
672.583	201.75	0	201.75
672.694	211	0	211
672.804	205.5	0	205.5
672.915	201	0	201
673.025	196.75	0	196.75
673.136	209.25	0	209.25
673.247	203.5	0	203.5
673.357	197.25	0	197.25
673.468	208	0	208
673.578	207.25	0	207.25
673.689	206	0	206
673.799	199.25	0	199.25
673.91	205.5	0	205.5
674.02	181.5	0	181.5
674.13	207.5	0	207.5
674.241	210	0	210
674.351	201.5	0	201.5
674.461	210.75	0	210.75
674.572	206.75	0	206.75
674.682	203.75	0	203.75
674.792	200	0	200
674.903	210.25	0	210.25
675.013	212.25	0	212.25
675.123	198.75	0	198.75
675.233	203.75	0	203.75
675.344	204	0	204
675.454	207	0	207
675.564	214	0	214
675.674	208.25	0	208.25
675.784	206.25	0	206.25
675.894	213.5	0	213.5
676.004	210	0	210
676.114	205.5	0	205.5
676.224	200.5	0	200.5
676.334	208	0	208
676.444	197.25	0	197.25
676.554	207	0	207
676.664	187.25	0	187.25
676.774	203.75	0	203.75
676.884	196.5	0	196.5
676.994	210	0	210
677.104	196.5	0	196.5
677.214	206	0	206
677.324	192.25	0	192.25
677.433	209.25	0	209.25
677.543	195	0	195
677.653	190.25	0	190.25
677.763	202.5	0	202.5
677.872	207	0	207
677.982	220	0	220
678.092	203.5	0	203.5
678.202	216.5	0	216.5
678.311	217.25	0	217.25
678.421	213.5	0	213.5
678.53	216	0	216
678.64	214.75	0	214.75
678.75	208.75	0	208.75
678.859	208	0	208
678.969	213.25	0	213.25
679.078	208.5	0	208.5
679.188	216.25	0	216.25
679.297	227.25	0	227.25
679.407	218.5	0	218.5
679.516	218.5	0	218.5
679.625	213.25	0	213.25
679.735	214.5	0	214.5
679.844	223	0	223
679.954	204.75	0	204.75
680.063	212.75	0	212.75
680.172	214	0	214
680.282	219.75	0	219.75
680.391	204.5	0	204.5
680.5	222.75	0	222.75
680.609	215.25	0	215.25
680.719	222.5	0	222.5
680.828	213.75	0	213.75
680.937	220.25	0	220.25
681.046	211.25	0	211.25
681.155	209.5	0	209.5
681.264	200.75	0	200.75
681.374	204.25	0	204.25
681.483	200.5	0	200.5
681.592	208.5	0	208.5
681.701	212.75	0	212.75
681.81	213.75	0	213.75
681.919	214	0	214
682.028	209.75	0	209.75
682.137	200.75	0	200.75
682.246	200.25	0	200.25
682.355	214.25	0	214.25
682.463	201.5	0	201.5
682.572	210.75	0	210.75
682.681	203.75	0	203.75
682.79	199.5	0	199.5
682.899	215	0	215
683.008	202.25	0	202.25
683.117	209.75	0	209.75
683.225	207.75	0	207.75
683.334	208.75	0	208.75
683.443	212	0	212
683.551	213.5	0	213.5
683.66	214.25	0	214.25
683.769	216.75	0	216.75
683.877	208.75	0	208.75
683.986	215.5	0	215.5
684.095	211.25	0	211.25
684.203	214.5	0	214.5
684.312	211.25	0	211.25
684.42	220.75	0	220.75
684.529	212.75	0	212.75
684.637	200.5	0	200.5
684.746	225.25	0	225.25
684.854	209.5	0	209.5
684.963	228.25	0	228.25
685.071	224.25	0	224.25
685.18	216.75	0	216.75
685.288	218	0	218
685.396	215.25	0	215.25
685.505	215.5	0	215.5
685.613	219	0	219
685.721	214.25	0	214.25
685.83	204	0	204
685.938	211.5	0	211.5
686.046	214.25	0	214.25
686.154	211	0	211
686.263	207.5	0	207.5
686.371	211	0	211
686.479	206.25	0	206.25
686.587	203.5	0	203.5
686.695	204	0	204
686.803	208.25	0	208.25
686.911	204.5	0	204.5
687.019	207	0	207
687.127	207.25	0	207.25
687.235	204.5	0	204.5
687.343	202	0	202
687.451	208.75	0	208.75
687.559	197.5	0	197.5
687.667	213.5	0	213.5
687.775	213.75	0	213.75
687.883	211.5	0	211.5
687.991	217.75	0	217.75
688.099	203.75	0	203.75
688.207	214.25	0	214.25
688.315	217.25	0	217.25
688.422	205.75	0	205.75
688.53	222.75	0	222.75
688.638	212.75	0	212.75
688.746	203.5	0	203.5
688.853	203.5	0	203.5
688.961	213.75	0	213.75
689.069	198.75	0	198.75
689.176	208.75	0	208.75
689.284	203.75	0	203.75
689.392	198.75	0	198.75
689.499	206.75	0	206.75
689.607	216.75	0	216.75
689.714	216.75	0	216.75
689.822	212.25	0	212.25
689.93	205.75	0	205.75
690.037	209.25	0	209.25
690.144	200.75	0	200.75
690.252	200.75	0	200.75
690.359	203.5	0	203.5
690.467	204.75	0	204.75
690.574	199	0	199
690.682	196.25	0	196.25
690.789	207.75	0	207.75
690.896	212.25	0	212.25
691.004	194.25	0	194.25
691.111	206.5	0	206.5
691.218	202.5	0	202.5
691.325	207.75	0	207.75
691.433	203.5	0	203.5
691.54	203.5	0	203.5
691.647	202.75	0	202.75
691.754	197.75	0	197.75
691.861	209.75	0	209.75
691.969	207.75	0	207.75
692.076	204.75	0	204.75
692.183	203.25	0	203.25
692.29	216.75	0	216.75
692.397	196.25	0	196.25
692.504	212.25	0	212.25
692.611	206.75	0	206.75
692.718	204	0	204
692.825	211.75	0	211.75
692.932	206	0	206
693.039	201	0	201
693.146	206.75	0	206.75
693.253	197.5	0	197.5
693.359	200.75	0	200.75
693.466	198.5	0	198.5
693.573	208	0	208
693.68	188.25	0	188.25
693.787	195.75	0	195.75
693.894	197.75	0	197.75
694	187.75	0	187.75
694.107	197.5	0	197.5
694.214	198.5	0	198.5
694.32	201.75	0	201.75
694.427	198.75	0	198.75
694.534	199.25	0	199.25
694.64	201.75	0	201.75
694.747	205.25	0	205.25
694.853	196.75	0	196.75
694.96	187.75	0	187.75
695.067	192.5	0	192.5
695.173	193.25	0	193.25
695.28	183	0	183
695.386	185.75	0	185.75
695.493	189.75	0	189.75
695.599	190.25	0	190.25
695.705	190	0	190
695.812	190.5	0	190.5
695.918	190.25	0	190.25
696.025	195.25	0	195.25
696.131	193.5	0	193.5
696.237	191	0	191
696.344	194.25	0	194.25
696.45	195.5	0	195.5
696.556	189.5	0	189.5
696.662	187.75	0	187.75
696.768	190.5	0	190.5
696.875	196	0	196
696.981	194.75	0	194.75
697.087	191.25	0	191.25
697.193	191.25	0	191.25
697.299	198.75	0	198.75
697.405	192	0	192
697.512	192.25	0	192.25
697.618	194	0	194
697.724	194.5	0	194.5
697.83	192.25	0	192.25
697.936	185.5	0	185.5
698.042	189	0	189
698.148	194.5	0	194.5
698.253	204.75	0	204.75
698.359	196.5	0	196.5
698.465	209.75	0	209.75
698.571	198.5	0	198.5
698.677	193.75	0	193.75
698.783	200.75	0	200.75
698.889	194.25	0	194.25
698.994	190.25	0	190.25
699.1	196.75	0	196.75
699.206	187.25	0	187.25
699.312	185.75	0	185.75
699.417	187	0	187
699.523	187.5	0	187.5
699.629	189.75	0	189.75
699.734	193.5	0	193.5
699.84	192.75	0	192.75
699.946	190	0	190
700.051	186.25	0	186.25
700.157	185.75	0	185.75
700.262	184.25	0	184.25
700.368	187.25	0	187.25
700.473	179	0	179
700.579	176.5	0	176.5
700.684	192.25	0	192.25
700.79	174.5	0	174.5
700.895	184.5	0	184.5
701	174.5	0	174.5
701.106	183.75	0	183.75
701.211	182	0	182
701.316	186.25	0	186.25
701.422	185.75	0	185.75
701.527	190.75	0	190.75
701.632	186.25	0	186.25
701.738	200	0	200
701.843	176	0	176
701.948	188.75	0	188.75
702.053	171.25	0	171.25
702.158	176.5	0	176.5
702.264	180	0	180
702.369	190	0	190
702.474	178.75	0	178.75
702.579	181.5	0	181.5
702.684	181.75	0	181.75
702.789	187	0	187
702.894	194	0	194
702.999	175.75	0	175.75
703.104	181.25	0	181.25
703.209	182.75	0	182.75
703.314	179	0	179
703.419	180.5	0	180.5
703.524	178.25	0	178.25
703.629	176	0	176
703.733	175.75	0	175.75
703.838	178	0	178
703.943	173.75	0	173.75
704.048	176	0	176
704.153	170	0	170
704.257	176.25	0	176.25
704.362	179.5	0	179.5
704.467	179.25	0	179.25
704.572	181	0	181
704.676	181.5	0	181.5
704.781	189.5	0	189.5
704.886	176.25	0	176.25
704.99	182	0	182
705.095	175	0	175
705.199	175.25	0	175.25
705.304	171.75	0	171.75
705.408	175.5	0	175.5
705.513	178	0	178
705.617	169	0	169
705.722	173	0	173
705.826	187.25	0	187.25
705.931	157.75	0	157.75
706.035	169.5	0	169.5
706.139	176.5	0	176.5
706.244	173	0	173
706.348	190	0	190
706.452	177.75	0	177.75
706.557	161.25	0	161.25
706.661	172.25	0	172.25
706.765	173.5	0	173.5
706.87	169.5	0	169.5
706.974	167.75	0	167.75
707.078	182	0	182
707.182	173.5	0	173.5
707.286	178.25	0	178.25
707.39	179.25	0	179.25
707.495	171.75	0	171.75
707.599	173	0	173
707.703	171.25	0	171.25
707.807	172.5	0	172.5
707.911	175	0	175
708.015	186.25	0	186.25
708.119	183.5	0	183.5
708.223	172	0	172
708.327	167.25	0	167.25
708.431	172	0	172
708.534	181	0	181
708.638	167.25	0	167.25
708.742	169.5	0	169.5
708.846	170.5	0	170.5
708.95	177.5	0	177.5
709.054	177.5	0	177.5
709.157	179	0	179
709.261	175.25	0	175.25
709.365	173.25	0	173.25
709.469	182.75	0	182.75
709.572	170.25	0	170.25
709.676	181.5	0	181.5
709.78	176.5	0	176.5
709.883	172.5	0	172.5
709.987	170.75	0	170.75
710.09	160.5	0	160.5
710.194	175.75	0	175.75
710.298	173.75	0	173.75
710.401	174.75	0	174.75
710.505	163.75	0	163.75
710.608	170.75	0	170.75
710.711	175.25	0	175.25
710.815	170.75	0	170.75
710.918	161.75	0	161.75
711.022	170.25	0	170.25
711.125	177.25	0	177.25
711.228	175	0	175
711.332	180.75	0	180.75
711.435	173.25	0	173.25
711.538	173	0	173
711.642	161	0	161
711.745	169	0	169
711.848	173.75	0	173.75
711.951	174	0	174
712.055	169.5	0	169.5
712.158	176	0	176
712.261	164.5	0	164.5
712.364	178.75	0	178.75
712.467	173.5	0	173.5
712.57	166.75	0	166.75
712.673	167.5	0	167.5
712.776	170.75	0	170.75
712.879	163.75	0	163.75
712.982	163.25	0	163.25
713.085	167.75	0	167.75
713.188	172.75	0	172.75
713.291	180.75	0	180.75
713.394	165.25	0	165.25
713.497	173	0	173
713.6	169.25	0	169.25
713.703	169.75	0	169.75
713.805	169.75	0	169.75
713.908	172	0	172
714.011	170.5	0	170.5
714.114	172	0	172
714.216	176.75	0	176.75
714.319	172.25	0	172.25
714.422	172	0	172
714.525	168.25	0	168.25
714.627	168.5	0	168.5
714.73	166.25	0	166.25
714.833	166.5	0	166.5
714.935	176.5	0	176.5
715.038	175.5	0	175.5
715.14	168.75	0	168.75
715.243	167	0	167
715.345	181.75	0	181.75
715.448	173.75	0	173.75
715.55	162.25	0	162.25
715.653	170.25	0	170.25
715.755	167	0	167
715.857	169.25	0	169.25
715.96	174.25	0	174.25
716.062	171	0	171
716.164	173.5	0	173.5
716.267	169.5	0	169.5
716.369	168	0	168
716.471	170	0	170
716.574	176	0	176
716.676	169.75	0	169.75
716.778	159.25	0	159.25
716.88	175	0	175
716.982	162.5	0	162.5
717.085	175	0	175
717.187	160.75	0	160.75
717.289	168	0	168
717.391	161.5	0	161.5
717.493	167.25	0	167.25
717.595	166.5	0	166.5
717.697	169.75	0	169.75
717.799	170.5	0	170.5
717.901	171.25	0	171.25
718.003	167	0	167
718.105	171.75	0	171.75
718.207	166.75	0	166.75
718.309	169.75	0	169.75
718.411	159	0	159
718.512	168	0	168
718.614	163.75	0	163.75
718.716	170.25	0	170.25
718.818	164.25	0	164.25
718.92	168	0	168
719.021	170.5	0	170.5
719.123	161.75	0	161.75
719.225	165.5	0	165.5
719.326	173.5	0	173.5
719.428	162	0	162
719.53	170.25	0	170.25
719.631	167.25	0	167.25
719.733	178.25	0	178.25
719.834	176.25	0	176.25
719.936	166.5	0	166.5
720.038	175	0	175
720.139	164	0	164
720.241	166	0	166
720.342	174.5	0	174.5
720.443	172.25	0	172.25
720.545	172	0	172
720.646	170	0	170
720.748	179	0	179
720.849	165.75	0	165.75
720.95	170.5	0	170.5
721.052	162.5	0	162.5
721.153	163	0	163
721.254	164	0	164
721.355	160.25	0	160.25
721.457	171.25	0	171.25
721.558	168.75	0	168.75
721.659	164	0	164
721.76	160	0	160
721.861	164	0	164
721.963	166.5	0	166.5
722.064	167.75	0	167.75
722.165	159	0	159
722.266	165.5	0	165.5
722.367	169.5	0	169.5
722.468	170.25	0	170.25
722.569	172.25	0	172.25
722.67	175.5	0	175.5
722.771	159.75	0	159.75
722.872	152.25	0	152.25
722.973	162.5	0	162.5
723.073	171	0	171
723.174	168.25	0	168.25
723.275	168.25	0	168.25
723.376	167	0	167
723.477	165.25	0	165.25
723.577	169	0	169
723.678	166.5	0	166.5
723.779	167	0	167
723.88	171.5	0	171.5
723.98	161.5	0	161.5
724.081	177	0	177
724.182	162.25	0	162.25
724.282	177	0	177
724.383	169.75	0	169.75
724.483	165.75	0	165.75
724.584	171.5	0	171.5
724.685	159.5	0	159.5
724.785	164	0	164
724.886	159.75	0	159.75
724.986	159.25	0	159.25
725.086	164.75	0	164.75
725.187	167.75	0	167.75
725.287	166	0	166
725.388	167.75	0	167.75
725.488	177	0	177
725.588	170.75	0	170.75
725.689	173.75	0	173.75
725.789	173.5	0	173.5
725.889	163.25	0	163.25
725.99	179.5	0	179.5
726.09	165.25	0	165.25
726.19	163.75	0	163.75
726.29	165.75	0	165.75
726.39	157	0	157
726.49	168.25	0	168.25
726.591	165	0	165
726.691	170.25	0	170.25
726.791	179.25	0	179.25
726.891	170.5	0	170.5
726.991	176	0	176
727.091	171.5	0	171.5
727.191	164	0	164
727.291	170	0	170
727.391	164.75	0	164.75
727.491	175.5	0	175.5
727.591	164.75	0	164.75
727.691	168	0	168
727.79	169	0	169
727.89	165.75	0	165.75
727.99	165.25	0	165.25
728.09	166.25	0	166.25
728.19	162.5	0	162.5
728.289	159	0	159
728.389	176.25	0	176.25
728.489	167.5	0	167.5
728.589	159.5	0	159.5
728.688	174.25	0	174.25
728.788	175	0	175
728.888	167.5	0	167.5
728.987	170.75	0	170.75
729.087	163.25	0	163.25
729.186	159.5	0	159.5
729.286	162	0	162
729.385	176.25	0	176.25
729.485	167.75	0	167.75
729.584	161.5	0	161.5
729.684	164.25	0	164.25
729.783	164	0	164
729.883	174	0	174
729.982	167.25	0	167.25
730.081	161.75	0	161.75
730.181	162.5	0	162.5
730.28	165.5	0	165.5
730.379	160.5	0	160.5
730.479	168.5	0	168.5
730.578	158.75	0	158.75
730.677	170.75	0	170.75
730.776	158.25	0	158.25
730.875	169.75	0	169.75
730.975	167.25	0	167.25
731.074	156.75	0	156.75
731.173	173.25	0	173.25
731.272	168.5	0	168.5
731.371	168.75	0	168.75
731.47	172	0	172
731.569	166.75	0	166.75
731.668	166.5	0	166.5
731.767	164.25	0	164.25
731.866	163.75	0	163.75
731.965	170	0	170
732.064	176.25	0	176.25
732.163	164.75	0	164.75
732.262	165	0	165
732.361	168.25	0	168.25
732.46	162	0	162
732.558	164.5	0	164.5
732.657	171.75	0	171.75
732.756	173.5	0	173.5
732.855	167.5	0	167.5
732.953	166	0	166
733.052	163.75	0	163.75
733.151	167.25	0	167.25
733.25	174.25	0	174.25
733.348	165.25	0	165.25
733.447	165	0	165
733.545	165.75	0	165.75
733.644	169.5	0	169.5
733.742	165.5	0	165.5
733.841	168.5	0	168.5
733.939	162.5	0	162.5
734.038	173.75	0	173.75
734.136	167.25	0	167.25
734.235	166.75	0	166.75
734.333	164.75	0	164.75
734.432	174.75	0	174.75
734.53	166.75	0	166.75
734.628	171	0	171
734.727	154.25	0	154.25
734.825	163.25	0	163.25
734.923	163.25	0	163.25
735.022	169.75	0	169.75
735.12	163	0	163
735.218	160.5	0	160.5
735.316	163	0	163
735.414	162.5	0	162.5
735.513	169.25	0	169.25
735.611	168.5	0	168.5
735.709	163.25	0	163.25
735.807	168	0	168
735.905	171.25	0	171.25
736.003	184.5	0	184.5
736.101	182.75	0	182.75
736.199	167.5	0	167.5
736.297	175	0	175
736.395	166.5	0	166.5
736.493	167.75	0	167.75
736.591	167.25	0	167.25
736.689	164.75	0	164.75
736.787	163	0	163
736.884	165.25	0	165.25
736.982	161.25	0	161.25
737.08	169.5	0	169.5
737.178	163.25	0	163.25
737.276	169.5	0	169.5
737.373	166	0	166
737.471	174	0	174
737.569	163.25	0	163.25
737.667	172	0	172
737.764	163.25	0	163.25
737.862	167	0	167
737.959	175.5	0	175.5
738.057	171	0	171
738.154	160	0	160
738.252	161	0	161
738.35	171	0	171
738.447	156.25	0	156.25
738.544	159.5	0	159.5
738.642	164.5	0	164.5
738.739	166.5	0	166.5
738.837	166.5	0	166.5
738.934	165	0	165
739.031	168.75	0	168.75
739.129	155.25	0	155.25
739.226	164.25	0	164.25
739.323	164.75	0	164.75
739.421	171	0	171
739.518	162.25	0	162.25
739.615	160.5	0	160.5