Lambda	Spectrum	Dark	SpecMinusDark
500.031	847	0	847
500.165	846.25	0	846.25
500.299	899.75	0	899.75
500.433	881.5	0	881.5
500.567	902.75	0	902.75
500.701	918	0	918
500.835	920.5	0	920.5
500.968	965.25	0	965.25
501.102	962.75	0	962.75
501.236	1011.25	0	1011.25
501.37	1011.5	0	1011.5
501.504	1029.25	0	1029.25
501.637	1027	0	1027
501.771	1110.25	0	1110.25
501.905	1156	0	1156
502.039	1229.75	0	1229.75
502.172	1245.5	0	1245.5
502.306	1203	0	1203
502.44	1167	0	1167
502.573	1185.5	0	1185.5
502.707	1178.75	0	1178.75
502.841	1141.75	0	1141.75
502.974	1145	0	1145
503.108	1129.5	0	1129.5
503.242	1135.75	0	1135.75
503.375	1195.25	0	1195.25
503.509	1206.25	0	1206.25
503.642	1239	0	1239
503.776	1339.75	0	1339.75
503.909	1355.25	0	1355.25
504.043	1364	0	1364
504.176	1335	0	1335
504.31	1312	0	1312
504.443	1318.25	0	1318.25
504.577	1331.5	0	1331.5
504.71	1289	0	1289
504.844	1306.5	0	1306.5
504.977	1333	0	1333
505.111	1348	0	1348
505.244	1360.75	0	1360.75
505.377	1371	0	1371
505.511	1397.75	0	1397.75
505.644	1445	0	1445
505.777	1449	0	1449
505.911	1435.25	0	1435.25
506.044	1485.5	0	1485.5
506.177	1493.75	0	1493.75
506.311	1564.5	0	1564.5
506.444	1542	0	1542
506.577	1582	0	1582
506.71	1562.25	0	1562.25
506.844	1575.75	0	1575.75
506.977	1601.75	0	1601.75
507.11	1589	0	1589
507.243	1623.5	0	1623.5
507.376	1651.5	0	1651.5
507.51	1635.25	0	1635.25
507.643	1677.75	0	1677.75
507.776	1825	0	1825
507.909	1903.25	0	1903.25
508.042	2062.75	0	2062.75
508.175	2007.5	0	2007.5
508.308	1939.75	0	1939.75
508.441	1820	0	1820
508.574	1789	0	1789
508.707	1770.75	0	1770.75
508.84	1751.25	0	1751.25
508.973	1745.25	0	1745.25
509.106	1704	0	1704
509.239	1705	0	1705
509.372	1696.25	0	1696.25
509.505	1692	0	1692
509.638	1640	0	1640
509.771	1732	0	1732
509.904	1730	0	1730
510.037	1765.5	0	1765.5
510.17	1789.5	0	1789.5
510.303	1882.5	0	1882.5
510.436	2051.5	0	2051.5
510.568	2483.5	0	2483.5
510.701	3844.25	0	3844.25
510.834	5706.75	0	5706.75
510.967	8245.75	0	8245.75
511.1	6701.25	0	6701.25
511.232	3034.25	0	3034.25
511.365	2370	0	2370
511.498	2109.25	0	2109.25
511.631	2065.75	0	2065.75
511.763	2004.5	0	2004.5
511.896	1906.5	0	1906.5
512.029	1867	0	1867
512.161	1773.5	0	1773.5
512.294	1773.75	0	1773.75
512.427	1801.75	0	1801.75
512.559	1820.75	0	1820.75
512.692	1772.5	0	1772.5
512.825	1830.75	0	1830.75
512.957	1845.25	0	1845.25
513.09	1851.25	0	1851.25
513.222	1932.25	0	1932.25
513.355	1893.75	0	1893.75
513.487	1932.75	0	1932.75
513.62	1961	0	1961
513.752	2032.5	0	2032.5
513.885	2089.5	0	2089.5
514.017	2146.75	0	2146.75
514.15	2249.25	0	2249.25
514.282	2359	0	2359
514.415	2511.75	0	2511.75
514.547	2780.25	0	2780.25
514.68	3115.25	0	3115.25
514.812	3507	0	3507
514.944	3809	0	3809
515.077	4046.75	0	4046.75
515.209	4468.5	0	4468.5
515.341	5438	0	5438
515.474	6899.5	0	6899.5
515.606	8261.5	0	8261.5
515.738	8746.75	0	8746.75
515.871	6406.25	0	6406.25
516.003	4244	0	4244
516.135	3598.25	0	3598.25
516.267	3175.25	0	3175.25
516.4	2891.25	0	2891.25
516.532	2688.5	0	2688.5
516.664	2488.5	0	2488.5
516.796	2403.5	0	2403.5
516.928	2285	0	2285
517.06	2206	0	2206
517.193	2128.25	0	2128.25
517.325	2105.75	0	2105.75
517.457	2057.75	0	2057.75
517.589	2014.5	0	2014.5
517.721	1964	0	1964
517.853	1952.5	0	1952.5
517.985	1972.25	0	1972.25
518.117	1944.25	0	1944.25
518.249	1932.75	0	1932.75
518.381	1937.5	0	1937.5
518.513	1880.75	0	1880.75
518.645	1926	0	1926
518.777	1962	0	1962
518.909	1957.25	0	1957.25
519.041	2008.25	0	2008.25
519.173	2037.75	0	2037.75
519.305	2069.5	0	2069.5
519.437	2102	0	2102
519.569	2156	0	2156
519.701	2239	0	2239
519.832	2263.25	0	2263.25
519.964	2379.25	0	2379.25
520.096	2501	0	2501
520.228	2628	0	2628
520.36	2851	0	2851
520.491	3116	0	3116
520.623	3282	0	3282
520.755	3421.5	0	3421.5
520.887	3529	0	3529
521.018	3680.5	0	3680.5
521.15	4024.5	0	4024.5
521.282	4369	0	4369
521.414	4921.25	0	4921.25
521.545	5499	0	5499
521.677	6549.25	0	6549.25
521.808	7904.25	0	7904.25
521.94	10017.5	0	10017.5
522.072	12299	0	12299
522.203	13970	0	13970
522.335	12362.5	0	12362.5
522.466	8380	0	8380
522.598	5912.25	0	5912.25
522.729	4699.5	0	4699.5
522.861	3977.5	0	3977.5
522.993	3501.75	0	3501.75
523.124	3075.5	0	3075.5
523.256	2766.5	0	2766.5
523.387	2618.75	0	2618.75
523.518	2440.75	0	2440.75
523.65	2339.25	0	2339.25
523.781	2237.75	0	2237.75
523.913	2074.25	0	2074.25
524.044	2104.75	0	2104.75
524.176	2012.75	0	2012.75
524.307	1982	0	1982
524.438	1870.25	0	1870.25
524.57	1784.5	0	1784.5
524.701	1715.75	0	1715.75
524.832	1737.25	0	1737.25
524.964	1645.5	0	1645.5
525.095	1624.5	0	1624.5
525.226	1657.75	0	1657.75
525.357	1692.75	0	1692.75
525.489	1693.5	0	1693.5
525.62	1722.75	0	1722.75
525.751	1626.25	0	1626.25
525.882	1535.25	0	1535.25
526.013	1512.75	0	1512.75
526.145	1470.75	0	1470.75
526.276	1399.75	0	1399.75
526.407	1368.5	0	1368.5
526.538	1370	0	1370
526.669	1302.75	0	1302.75
526.8	1294.25	0	1294.25
526.931	1289.25	0	1289.25
527.062	1289.75	0	1289.75
527.193	1274.5	0	1274.5
527.324	1231.25	0	1231.25
527.455	1245.5	0	1245.5
527.586	1210	0	1210
527.717	1205.75	0	1205.75
527.848	1202.75	0	1202.75
527.979	1198.5	0	1198.5
528.11	1178.25	0	1178.25
528.241	1199.5	0	1199.5
528.372	1185.75	0	1185.75
528.503	1206.75	0	1206.75
528.634	1179.25	0	1179.25
528.765	1212	0	1212
528.896	1184.75	0	1184.75
529.026	1203.25	0	1203.25
529.157	1227.25	0	1227.25
529.288	1355.5	0	1355.5
529.419	1513	0	1513
529.55	1907.75	0	1907.75
529.681	2361	0	2361
529.811	2558.5	0	2558.5
529.942	2136.75	0	2136.75
530.073	1858	0	1858
530.203	1645.75	0	1645.75
530.334	1469.5	0	1469.5
530.465	1419.25	0	1419.25
530.596	1296.25	0	1296.25
530.726	1258.5	0	1258.5
530.857	1246.25	0	1246.25
530.987	1197.25	0	1197.25
531.118	1197.5	0	1197.5
531.249	1140.5	0	1140.5
531.379	1110.25	0	1110.25
531.51	1152	0	1152
531.64	1084	0	1084
531.771	1091.75	0	1091.75
531.901	1086.75	0	1086.75
532.032	1084.5	0	1084.5
532.163	1052.5	0	1052.5
532.293	1056.5	0	1056.5
532.423	1038.25	0	1038.25
532.554	999.25	0	999.25
532.684	1038.25	0	1038.25
532.815	1008.75	0	1008.75
532.945	1009.75	0	1009.75
533.076	993.5	0	993.5
533.206	975.5	0	975.5
533.336	969.5	0	969.5
533.467	987.25	0	987.25
533.597	951.75	0	951.75
533.727	958.75	0	958.75
533.858	921.75	0	921.75
533.988	930.75	0	930.75
534.118	909	0	909
534.248	910.75	0	910.75
534.379	916.25	0	916.25
534.509	909.25	0	909.25
534.639	918.25	0	918.25
534.769	935	0	935
534.9	924.25	0	924.25
535.03	932.5	0	932.5
535.16	913.5	0	913.5
535.29	922	0	922
535.42	951	0	951
535.55	995	0	995
535.68	1054.25	0	1054.25
535.81	1084.25	0	1084.25
535.94	1125	0	1125
536.071	1122.5	0	1122.5
536.201	1089.5	0	1089.5
536.331	1073	0	1073
536.461	1086.5	0	1086.5
536.591	1031.5	0	1031.5
536.721	1008.25	0	1008.25
536.851	1017.75	0	1017.75
536.981	991	0	991
537.11	974.75	0	974.75
537.24	940.25	0	940.25
537.37	939.5	0	939.5
537.5	941.25	0	941.25
537.63	924.5	0	924.5
537.76	917.75	0	917.75
537.89	954	0	954
538.02	950.25	0	950.25
538.149	926.5	0	926.5
538.279	901.25	0	901.25
538.409	949.25	0	949.25
538.539	953.5	0	953.5
538.669	934.5	0	934.5
538.798	938.75	0	938.75
538.928	936	0	936
539.058	948	0	948
539.187	966.75	0	966.75
539.317	958.75	0	958.75
539.447	1059.75	0	1059.75
539.576	1088.5	0	1088.5
539.706	1109.5	0	1109.5
539.836	1068.25	0	1068.25
539.965	1025.25	0	1025.25
540.095	1010.25	0	1010.25
540.225	960.25	0	960.25
540.354	931.25	0	931.25
540.484	938	0	938
540.613	929.5	0	929.5
540.743	898.5	0	898.5
540.872	896	0	896
541.002	920.5	0	920.5
541.131	933.5	0	933.5
541.261	940.75	0	940.75
541.39	981.75	0	981.75
541.52	940	0	940
541.649	911.25	0	911.25
541.778	926.25	0	926.25
541.908	852.25	0	852.25
542.037	884.75	0	884.75
542.167	858	0	858
542.296	847	0	847
542.425	846.5	0	846.5
542.554	863.5	0	863.5
542.684	815.25	0	815.25
542.813	836	0	836
542.942	828	0	828
543.072	828.75	0	828.75
543.201	866.75	0	866.75
543.33	847.5	0	847.5
543.459	873	0	873
543.588	911	0	911
543.718	943.75	0	943.75
543.847	943.75	0	943.75
543.976	875.75	0	875.75
544.105	889	0	889
544.234	881.5	0	881.5
544.363	844.25	0	844.25
544.492	839.25	0	839.25
544.621	831.25	0	831.25
544.75	796.5	0	796.5
544.88	847.25	0	847.25
545.009	830.5	0	830.5
545.138	784.5	0	784.5
545.266	796.5	0	796.5
545.396	797.25	0	797.25
545.525	794.5	0	794.5
545.653	797.25	0	797.25
545.782	778.25	0	778.25
545.911	808.25	0	808.25
546.04	760	0	760
546.169	800.25	0	800.25
546.298	796	0	796
546.427	802	0	802
546.556	820.5	0	820.5
546.685	806	0	806
546.813	843	0	843
546.942	828	0	828
547.071	784.5	0	784.5
547.2	822.25	0	822.25
547.328	763.5	0	763.5
547.457	792	0	792
547.586	767	0	767
547.715	785.75	0	785.75
547.843	773	0	773
547.972	745.75	0	745.75
548.101	763	0	763
548.229	774	0	774
548.358	790.75	0	790.75
548.487	758	0	758
548.615	780.75	0	780.75
548.744	777	0	777
548.872	769.5	0	769.5
549.001	763.75	0	763.75
549.129	757.5	0	757.5
549.258	750.75	0	750.75
549.387	769	0	769
549.515	748.75	0	748.75
549.643	753.75	0	753.75
549.772	760.25	0	760.25
549.9	752.25	0	752.25
550.029	763.5	0	763.5
550.157	770.25	0	770.25
550.286	758.25	0	758.25
550.414	756.5	0	756.5
550.542	766.5	0	766.5
550.671	724.75	0	724.75
550.799	744	0	744
550.927	724	0	724
551.056	759.75	0	759.75
551.184	740.75	0	740.75
551.312	716.75	0	716.75
551.441	714	0	714
551.569	729	0	729
551.697	721.25	0	721.25
551.825	709.75	0	709.75
551.953	746.25	0	746.25
552.082	737.5	0	737.5
552.21	727	0	727
552.338	748.5	0	748.5
552.466	726.75	0	726.75
552.594	717.5	0	717.5
552.722	704.25	0	704.25
552.851	734.5	0	734.5
552.979	702.75	0	702.75
553.107	719.75	0	719.75
553.235	720.75	0	720.75
553.363	745	0	745
553.491	763.25	0	763.25
553.619	763.25	0	763.25
553.747	842.25	0	842.25
553.875	871.75	0	871.75
554.003	928	0	928
554.131	950	0	950
554.259	937	0	937
554.387	873	0	873
554.514	810.25	0	810.25
554.642	816	0	816
554.77	779.5	0	779.5
554.898	774	0	774
555.026	789	0	789
555.154	754	0	754
555.281	777.5	0	777.5
555.409	746.25	0	746.25
555.537	740	0	740
555.665	751.5	0	751.5
555.793	753.5	0	753.5
555.92	785.25	0	785.25
556.048	795.5	0	795.5
556.176	755	0	755
556.303	746.25	0	746.25
556.431	742.25	0	742.25
556.559	747.5	0	747.5
556.686	743.25	0	743.25
556.814	715.5	0	715.5
556.942	741.5	0	741.5
557.069	721	0	721
557.197	735.75	0	735.75
557.324	733.5	0	733.5
557.452	728.75	0	728.75
557.579	717.25	0	717.25
557.707	694.5	0	694.5
557.835	686.75	0	686.75
557.962	725.25	0	725.25
558.089	694.25	0	694.25
558.217	687.5	0	687.5
558.344	696.75	0	696.75
558.472	688.75	0	688.75
558.599	696	0	696
558.727	709.5	0	709.5
558.854	681.75	0	681.75
558.981	705.25	0	705.25
559.109	709.75	0	709.75
559.236	709	0	709
559.363	700.25	0	700.25
559.491	682.75	0	682.75
559.618	695	0	695
559.745	701.75	0	701.75
559.872	681.5	0	681.5
560	710.5	0	710.5
560.127	682.75	0	682.75
560.254	704	0	704
560.381	689.25	0	689.25
560.508	682.75	0	682.75
560.636	665.75	0	665.75
560.763	715.75	0	715.75
560.89	702	0	702
561.017	723.5	0	723.5
561.144	696.25	0	696.25
561.271	696.25	0	696.25
561.398	706.25	0	706.25
561.525	706.5	0	706.5
561.652	700.75	0	700.75
561.779	698.5	0	698.5
561.906	714.5	0	714.5
562.033	693	0	693
562.16	729.75	0	729.75
562.287	723.75	0	723.75
562.414	717.75	0	717.75
562.541	716.25	0	716.25
562.668	679.5	0	679.5
562.795	706.25	0	706.25
562.922	721.75	0	721.75
563.049	694.25	0	694.25
563.175	697	0	697
563.302	691.75	0	691.75
563.429	706	0	706
563.556	690.25	0	690.25
563.683	683	0	683
563.809	710.5	0	710.5
563.936	691.25	0	691.25
564.063	684.5	0	684.5
564.19	708	0	708
564.316	699	0	699
564.443	714.25	0	714.25
564.57	702	0	702
564.696	704.75	0	704.75
564.823	718	0	718
564.95	715.5	0	715.5
565.076	716.5	0	716.5
565.203	708	0	708
565.33	711.25	0	711.25
565.456	699.5	0	699.5
565.583	693.25	0	693.25
565.709	697.25	0	697.25
565.836	702	0	702
565.962	689.5	0	689.5
566.089	691.75	0	691.75
566.215	696.5	0	696.5
566.341	677.5	0	677.5
566.468	675	0	675
566.594	679.25	0	679.25
566.721	672.75	0	672.75
566.847	691.25	0	691.25
566.974	694.25	0	694.25
567.1	678.5	0	678.5
567.226	668	0	668
567.353	676.75	0	676.75
567.479	674	0	674
567.605	676.5	0	676.5
567.732	683.25	0	683.25
567.858	680.5	0	680.5
567.984	684.75	0	684.75
568.11	665	0	665
568.236	689.75	0	689.75
568.363	672.5	0	672.5
568.489	659.75	0	659.75
568.615	664.25	0	664.25
568.741	657	0	657
568.867	636.25	0	636.25
568.993	670.25	0	670.25
569.12	630.75	0	630.75
569.246	647	0	647
569.372	626	0	626
569.498	638.5	0	638.5
569.624	657.5	0	657.5
569.75	654.75	0	654.75
569.876	670.5	0	670.5
570.002	682.5	0	682.5
570.128	764.25	0	764.25
570.254	988.25	0	988.25
570.38	1276.25	0	1276.25
570.506	1498.25	0	1498.25
570.632	928.25	0	928.25
570.758	721.5	0	721.5
570.883	669.5	0	669.5
571.009	638.5	0	638.5
571.135	624.5	0	624.5
571.261	602	0	602
571.387	612.25	0	612.25
571.513	628.25	0	628.25
571.638	590.25	0	590.25
571.764	598.75	0	598.75
571.89	621	0	621
572.016	593.5	0	593.5
572.141	579.5	0	579.5
572.267	572.5	0	572.5
572.393	593.25	0	593.25
572.518	602	0	602
572.644	595.75	0	595.75
572.77	594.75	0	594.75
572.895	585.25	0	585.25
573.021	582	0	582
573.147	574	0	574
573.272	567.75	0	567.75
573.398	579.75	0	579.75
573.523	560	0	560
573.649	603	0	603
573.774	595	0	595
573.9	600.75	0	600.75
574.025	566.25	0	566.25
574.151	574	0	574
574.276	579	0	579
574.402	581.5	0	581.5
574.527	559.25	0	559.25
574.652	570.5	0	570.5
574.778	551	0	551
574.903	577.5	0	577.5
575.029	554.25	0	554.25
575.154	565	0	565
575.279	545.25	0	545.25
575.405	557.5	0	557.5
575.53	555.25	0	555.25
575.655	543.5	0	543.5
575.78	551	0	551
575.906	571	0	571
576.031	546.25	0	546.25
576.156	560	0	560
576.281	554.75	0	554.75
576.406	555	0	555
576.532	543	0	543
576.657	552	0	552
576.782	546.5	0	546.5
576.907	556.75	0	556.75
577.032	580	0	580
577.157	559	0	559
577.282	556.5	0	556.5
577.407	579.25	0	579.25
577.532	570.25	0	570.25
577.657	546	0	546
577.782	577	0	577
577.907	572.75	0	572.75
578.032	624	0	624
578.157	682	0	682
578.282	831.5	0	831.5
578.407	1432	0	1432
578.532	2614.25	0	2614.25
578.657	3931.5	0	3931.5
578.782	2441	0	2441
578.907	1111.75	0	1111.75
579.031	796	0	796
579.156	699.5	0	699.5
579.281	624.75	0	624.75
579.406	569	0	569
579.531	543.25	0	543.25
579.655	551	0	551
579.78	544.75	0	544.75
579.905	530.25	0	530.25
580.03	536.5	0	536.5
580.154	510.5	0	510.5
580.279	508.5	0	508.5
580.404	530.25	0	530.25
580.528	527.5	0	527.5
580.653	521.25	0	521.25
580.778	527.75	0	527.75
580.902	511.75	0	511.75
581.027	503.5	0	503.5
581.151	515.75	0	515.75
581.276	509.5	0	509.5
581.4	491.75	0	491.75
581.525	499.75	0	499.75
581.649	498.25	0	498.25
581.774	506.25	0	506.25
581.898	500.25	0	500.25
582.023	503.75	0	503.75
582.147	498.75	0	498.75
582.272	504	0	504
582.396	504	0	504
582.52	484	0	484
582.645	493.75	0	493.75
582.769	504.25	0	504.25
582.893	505.5	0	505.5
583.018	499	0	499
583.142	499	0	499
583.266	489.75	0	489.75
583.391	519	0	519
583.515	476.25	0	476.25
583.639	505.5	0	505.5
583.763	492	0	492
583.888	518.75	0	518.75
584.012	509.5	0	509.5
584.136	518.5	0	518.5
584.26	478.75	0	478.75
584.384	488	0	488
584.508	482.25	0	482.25
584.632	506.25	0	506.25
584.757	519.25	0	519.25
584.881	491.25	0	491.25
585.005	488.5	0	488.5
585.129	515	0	515
585.253	507	0	507
585.377	513	0	513
585.501	497.5	0	497.5
585.625	511.25	0	511.25
585.749	512	0	512
585.873	502.5	0	502.5
585.997	498.5	0	498.5
586.12	483.75	0	483.75
586.244	498.5	0	498.5
586.368	492.5	0	492.5
586.492	516.75	0	516.75
586.616	487.25	0	487.25
586.74	486.75	0	486.75
586.864	468.25	0	468.25
586.987	478.75	0	478.75
587.111	481.25	0	481.25
587.235	446	0	446
587.359	462.25	0	462.25
587.482	474.5	0	474.5
587.606	475.75	0	475.75
587.73	476	0	476
587.854	439.5	0	439.5
587.977	467.5	0	467.5
588.101	460.25	0	460.25
588.224	471.25	0	471.25
588.348	470.5	0	470.5
588.472	456.75	0	456.75
588.595	442.75	0	442.75
588.719	454	0	454
588.842	444	0	444
588.966	459.75	0	459.75
589.089	464.75	0	464.75
589.213	453.75	0	453.75
589.336	472	0	472
589.46	467.5	0	467.5
589.583	468.25	0	468.25
589.707	450.25	0	450.25
589.83	454.25	0	454.25
589.954	441.5	0	441.5
590.077	440.25	0	440.25
590.2	448	0	448
590.324	442	0	442
590.447	466.5	0	466.5
590.57	434.75	0	434.75
590.694	439.5	0	439.5
590.817	455.5	0	455.5
590.94	444	0	444
591.063	424.75	0	424.75
591.187	433.25	0	433.25
591.31	450.25	0	450.25
591.433	446.25	0	446.25
591.556	441	0	441
591.679	449.75	0	449.75
591.803	434	0	434
591.926	432	0	432
592.049	438	0	438
592.172	432.5	0	432.5
592.295	440.25	0	440.25
592.418	459.5	0	459.5
592.541	455	0	455
592.664	441	0	441
592.787	451.75	0	451.75
592.91	427.5	0	427.5
593.033	458.25	0	458.25
593.156	451	0	451
593.279	435	0	435
593.402	440.25	0	440.25
593.525	451.75	0	451.75
593.648	467	0	467
593.771	436.5	0	436.5
593.894	457	0	457
594.016	453.5	0	453.5
594.139	450.25	0	450.25
594.262	470.5	0	470.5
594.385	445.25	0	445.25
594.508	449.5	0	449.5
594.63	458.75	0	458.75
594.753	436	0	436
594.876	440.25	0	440.25
594.999	425.5	0	425.5
595.121	450.25	0	450.25
595.244	447.25	0	447.25
595.367	444.5	0	444.5
595.489	462.5	0	462.5
595.612	473.25	0	473.25
595.735	437.5	0	437.5
595.857	459	0	459
595.98	448.25	0	448.25
596.102	434.75	0	434.75
596.225	432	0	432
596.347	447.75	0	447.75
596.47	451	0	451
596.592	445	0	445
596.715	457.25	0	457.25
596.837	442	0	442
596.96	450.25	0	450.25
597.082	457	0	457
597.205	444	0	444
597.327	460.5	0	460.5
597.449	436.5	0	436.5
597.572	426	0	426
597.694	435.5	0	435.5
597.816	467.5	0	467.5
597.939	444.75	0	444.75
598.061	443.75	0	443.75
598.183	443	0	443
598.306	420.75	0	420.75
598.428	443.75	0	443.75
598.55	446.25	0	446.25
598.672	424.75	0	424.75
598.795	433.5	0	433.5
598.917	418.75	0	418.75
599.039	446.25	0	446.25
599.161	428	0	428
599.283	429.75	0	429.75
599.405	457.25	0	457.25
599.527	438.75	0	438.75
599.65	439.5	0	439.5
599.772	425.5	0	425.5
599.894	439.75	0	439.75
600.016	431	0	431
600.138	441.25	0	441.25
600.26	438.75	0	438.75
600.382	432.75	0	432.75
600.504	434.75	0	434.75
600.625	425	0	425
600.747	435.5	0	435.5
600.869	433.25	0	433.25
600.991	410.75	0	410.75
601.113	448.75	0	448.75
601.235	439.5	0	439.5
601.357	441.75	0	441.75
601.479	432.5	0	432.5
601.6	429.25	0	429.25
601.722	430.25	0	430.25
601.844	411.25	0	411.25
601.966	430.75	0	430.75
602.087	417.75	0	417.75
602.209	429	0	429
602.331	428.5	0	428.5
602.453	416	0	416
602.574	409.75	0	409.75
602.696	435.25	0	435.25
602.818	405	0	405
602.939	406.75	0	406.75
603.061	407	0	407
603.182	409.25	0	409.25
603.304	415	0	415
603.426	421.5	0	421.5
603.547	416.25	0	416.25
603.669	441	0	441
603.79	406.5	0	406.5
603.912	415	0	415
604.033	428.75	0	428.75
604.154	417.5	0	417.5
604.276	422	0	422
604.397	419.25	0	419.25
604.519	415	0	415
604.64	426.25	0	426.25
604.761	403.25	0	403.25
604.883	403.5	0	403.5
605.004	411.5	0	411.5
605.125	400	0	400
605.247	405	0	405
605.368	416	0	416
605.489	407.75	0	407.75
605.611	409.75	0	409.75
605.732	402.5	0	402.5
605.853	408.5	0	408.5
605.974	410	0	410
606.095	399.25	0	399.25
606.216	407.75	0	407.75
606.338	397.75	0	397.75
606.459	424.75	0	424.75
606.58	412.5	0	412.5
606.701	410	0	410
606.822	416.75	0	416.75
606.943	424.75	0	424.75
607.064	400.25	0	400.25
607.185	393.25	0	393.25
607.306	404.5	0	404.5
607.427	427.75	0	427.75
607.548	418.25	0	418.25
607.669	399	0	399
607.79	402.5	0	402.5
607.911	422.25	0	422.25
608.032	401.25	0	401.25
608.153	410	0	410
608.274	420	0	420
608.394	442.25	0	442.25
608.515	412.5	0	412.5
608.636	394	0	394
608.757	410	0	410
608.878	415.5	0	415.5
608.998	429	0	429
609.119	400.25	0	400.25
609.24	419.5	0	419.5
609.361	412	0	412
609.481	413.75	0	413.75
609.602	400.5	0	400.5
609.723	398.5	0	398.5
609.843	406.25	0	406.25
609.964	417.5	0	417.5
610.085	395.25	0	395.25
610.205	399.75	0	399.75
610.326	404.25	0	404.25
610.446	406.5	0	406.5
610.567	409.75	0	409.75
610.687	390.5	0	390.5
610.808	408.25	0	408.25
610.928	407.5	0	407.5
611.049	410.75	0	410.75
611.169	413.25	0	413.25
611.29	420.75	0	420.75
611.41	418.5	0	418.5
611.531	401.75	0	401.75
611.651	406.75	0	406.75
611.771	393.5	0	393.5
611.892	414.75	0	414.75
612.012	415.75	0	415.75
612.132	410.25	0	410.25
612.253	401.75	0	401.75
612.373	405.25	0	405.25
612.493	400.25	0	400.25
612.613	408.75	0	408.75
612.734	420	0	420
612.854	407.25	0	407.25
612.974	392	0	392
613.094	407	0	407
613.214	409.75	0	409.75
613.335	408	0	408
613.455	413	0	413
613.575	420.5	0	420.5
613.695	407.5	0	407.5
613.815	410.75	0	410.75
613.935	398.5	0	398.5
614.055	412.5	0	412.5
614.175	407.25	0	407.25
614.295	407.75	0	407.75
614.415	395.75	0	395.75
614.535	411.75	0	411.75
614.655	412.75	0	412.75
614.775	406	0	406
614.895	403.75	0	403.75
615.015	397.25	0	397.25
615.135	409.75	0	409.75
615.254	416.75	0	416.75
615.374	409.5	0	409.5
615.494	409.75	0	409.75
615.614	401	0	401
615.734	408.75	0	408.75
615.854	424.25	0	424.25
615.973	417.75	0	417.75
616.093	402.75	0	402.75
616.213	394.5	0	394.5
616.332	407.25	0	407.25
616.452	421	0	421
616.572	426.75	0	426.75
616.691	420.75	0	420.75
616.811	416.25	0	416.25
616.931	393.5	0	393.5
617.05	413.5	0	413.5
617.17	412.25	0	412.25
617.289	420.75	0	420.75
617.409	409	0	409
617.529	422.75	0	422.75
617.648	421.25	0	421.25
617.768	416	0	416
617.887	413.75	0	413.75
618.006	408	0	408
618.126	402.75	0	402.75
618.245	438	0	438
618.365	422.5	0	422.5
618.484	421.25	0	421.25
618.604	405	0	405
618.723	398.75	0	398.75
618.842	406	0	406
618.962	413.25	0	413.25
619.081	406	0	406
619.2	411.5	0	411.5
619.319	400.25	0	400.25
619.439	407.5	0	407.5
619.558	401.5	0	401.5
619.677	420.5	0	420.5
619.796	407.75	0	407.75
619.916	400.5	0	400.5
620.035	399.25	0	399.25
620.154	408.25	0	408.25
620.273	397.25	0	397.25
620.392	405.75	0	405.75
620.511	420.75	0	420.75
620.63	404.5	0	404.5
620.749	418	0	418
620.868	403	0	403
620.987	409.25	0	409.25
621.106	411.25	0	411.25
621.225	406.75	0	406.75
621.344	386.5	0	386.5
621.463	409.5	0	409.5
621.582	413.5	0	413.5
621.701	421	0	421
621.82	406.25	0	406.25
621.939	411.75	0	411.75
622.058	416.25	0	416.25
622.177	421.75	0	421.75
622.295	421	0	421
622.414	408.5	0	408.5
622.533	416.75	0	416.75
622.652	412	0	412
622.771	421.25	0	421.25
622.889	408	0	408
623.008	420.25	0	420.25
623.127	396.25	0	396.25
623.245	418	0	418
623.364	408	0	408
623.483	409	0	409
623.601	405	0	405
623.72	396.5	0	396.5
623.839	377	0	377
623.957	390	0	390
624.076	394	0	394
624.194	389.5	0	389.5
624.313	394.25	0	394.25
624.431	396	0	396
624.55	392.5	0	392.5
624.668	385.5	0	385.5
624.787	383.25	0	383.25
624.905	399	0	399
625.024	398	0	398
625.142	394.75	0	394.75
625.26	408.75	0	408.75
625.379	399	0	399
625.497	388	0	388
625.615	386.5	0	386.5
625.734	390.75	0	390.75
625.852	379.75	0	379.75
625.97	397.5	0	397.5
626.089	395.5	0	395.5
626.207	391.75	0	391.75
626.325	397.25	0	397.25
626.443	400.75	0	400.75
626.561	385.75	0	385.75
626.68	401.25	0	401.25
626.798	403.25	0	403.25
626.916	380.5	0	380.5
627.034	424.75	0	424.75
627.152	405.75	0	405.75
627.27	425	0	425
627.388	408.5	0	408.5
627.506	406.25	0	406.25
627.624	395.25	0	395.25
627.742	389.25	0	389.25
627.86	385	0	385
627.978	388.75	0	388.75
628.096	378	0	378
628.214	389.5	0	389.5
628.332	372	0	372
628.45	387	0	387
628.568	399.75	0	399.75
628.686	393.5	0	393.5
628.804	388.75	0	388.75
628.921	373	0	373
629.039	362.5	0	362.5
629.157	383.75	0	383.75
629.275	364.75	0	364.75
629.393	365.25	0	365.25
629.51	377.5	0	377.5
629.628	355.25	0	355.25
629.746	389.25	0	389.25
629.864	377.25	0	377.25
629.981	371.5	0	371.5
630.099	371.25	0	371.25
630.216	373.5	0	373.5
630.334	362	0	362
630.452	357.5	0	357.5
630.569	362.25	0	362.25
630.687	371.5	0	371.5
630.804	371.25	0	371.25
630.922	368	0	368
631.039	353.75	0	353.75
631.157	344.5	0	344.5
631.274	349.25	0	349.25
631.392	362	0	362
631.509	374	0	374
631.627	367.75	0	367.75
631.744	350.75	0	350.75
631.861	366	0	366
631.979	350	0	350
632.096	369.5	0	369.5
632.213	357.25	0	357.25
632.331	352.75	0	352.75
632.448	343	0	343
632.565	360	0	360
632.683	359.75	0	359.75
632.8	341	0	341
632.917	346.25	0	346.25
633.034	358	0	358
633.151	340	0	340
633.269	343.25	0	343.25
633.386	350	0	350
633.503	345.5	0	345.5
633.62	345.5	0	345.5
633.737	321	0	321
633.854	324.5	0	324.5
633.971	343	0	343
634.088	330.25	0	330.25
634.205	320.25	0	320.25
634.322	347	0	347
634.439	334.75	0	334.75
634.556	337	0	337
634.673	333.5	0	333.5
634.79	322.5	0	322.5
634.907	347	0	347
635.024	338.25	0	338.25
635.141	319.5	0	319.5
635.258	323.75	0	323.75
635.375	321.75	0	321.75
635.491	323.5	0	323.5
635.608	324	0	324
635.725	325.75	0	325.75
635.842	323.75	0	323.75
635.958	321.75	0	321.75
636.075	316.25	0	316.25
636.192	341	0	341
636.309	304.75	0	304.75
636.425	333.75	0	333.75
636.542	319.25	0	319.25
636.659	316.5	0	316.5
636.775	303	0	303
636.892	306.75	0	306.75
637.008	317.25	0	317.25
637.125	319.5	0	319.5
637.241	322.25	0	322.25
637.358	315.5	0	315.5
637.475	325.75	0	325.75
637.591	310	0	310
637.707	303.75	0	303.75
637.824	311	0	311
637.94	310.25	0	310.25
638.057	303.75	0	303.75
638.173	319	0	319
638.29	312.75	0	312.75
638.406	311.5	0	311.5
638.522	311	0	311
638.639	304.25	0	304.25
638.755	316	0	316
638.871	321.75	0	321.75
638.987	304.25	0	304.25
639.104	309.5	0	309.5
639.22	305.5	0	305.5
639.336	313	0	313
639.452	312.25	0	312.25
639.569	309	0	309
639.685	309.25	0	309.25
639.801	310.25	0	310.25
639.917	311	0	311
640.033	298.5	0	298.5
640.149	302.5	0	302.5
640.265	291.5	0	291.5
640.381	309	0	309
640.497	304.5	0	304.5
640.613	310.75	0	310.75
640.729	299.75	0	299.75
640.845	313.25	0	313.25
640.961	315.5	0	315.5
641.077	293.75	0	293.75
641.193	322.25	0	322.25
641.309	296.25	0	296.25
641.425	301	0	301
641.541	304.75	0	304.75
641.657	298.25	0	298.25
641.773	320.5	0	320.5
641.888	305.5	0	305.5
642.004	304	0	304
642.12	299.25	0	299.25
642.236	297.5	0	297.5
642.352	297.75	0	297.75
642.467	311.75	0	311.75
642.583	294	0	294
642.699	299	0	299
642.814	303.25	0	303.25
642.93	293.25	0	293.25
643.046	299.75	0	299.75
643.161	309.5	0	309.5
643.277	303	0	303
643.392	294	0	294
643.508	294.5	0	294.5
643.623	300.75	0	300.75
643.739	302.75	0	302.75
643.854	290	0	290
643.97	296	0	296
644.085	289.25	0	289.25
644.201	292.75	0	292.75
644.316	296.25	0	296.25
644.432	295.5	0	295.5
644.547	294.5	0	294.5
644.663	295	0	295
644.778	285.75	0	285.75
644.893	288	0	288
645.008	293.25	0	293.25
645.124	286.25	0	286.25
645.239	298	0	298
645.354	288.25	0	288.25
645.47	311.5	0	311.5
645.585	290	0	290
645.7	282	0	282
645.815	299.5	0	299.5
645.93	287	0	287
646.046	286.75	0	286.75
646.161	282	0	282
646.276	288	0	288
646.391	285.25	0	285.25
646.506	288	0	288
646.621	275.25	0	275.25
646.736	269	0	269
646.851	279.5	0	279.5
646.966	279	0	279
647.081	298.5	0	298.5
647.196	278.5	0	278.5
647.311	291.5	0	291.5
647.426	289.25	0	289.25
647.541	300.5	0	300.5
647.656	298.25	0	298.25
647.771	310.75	0	310.75
647.885	288.75	0	288.75
648	293	0	293
648.115	290.75	0	290.75
648.23	283.5	0	283.5
648.345	283.75	0	283.75
648.459	283.75	0	283.75
648.574	288	0	288
648.689	282.25	0	282.25
648.804	299.75	0	299.75
648.918	305.25	0	305.25
649.033	282.75	0	282.75
649.148	278.5	0	278.5
649.262	283.5	0	283.5
649.377	267.25	0	267.25
649.491	265.5	0	265.5
649.606	273.25	0	273.25
649.721	279.75	0	279.75
649.835	286.25	0	286.25
649.95	270	0	270
650.064	262.75	0	262.75
650.179	274	0	274
650.293	277.25	0	277.25
650.408	282.5	0	282.5
650.522	271.5	0	271.5
650.636	275.75	0	275.75
650.751	276.5	0	276.5
650.865	273	0	273
650.979	274.75	0	274.75
651.094	267.25	0	267.25
651.208	274.25	0	274.25
651.322	271.75	0	271.75
651.437	262.5	0	262.5
651.551	262.25	0	262.25
651.665	275.5	0	275.5
651.779	266	0	266
651.894	281.25	0	281.25
652.008	267.75	0	267.75
652.122	269	0	269
652.236	278.25	0	278.25
652.35	266	0	266
652.464	267.5	0	267.5
652.578	262.75	0	262.75
652.693	261.5	0	261.5
652.807	263.5	0	263.5
652.921	262.5	0	262.5
653.035	256.25	0	256.25
653.149	270.25	0	270.25
653.263	263.75	0	263.75
653.376	265.25	0	265.25
653.49	260.75	0	260.75
653.604	257	0	257
653.718	274.5	0	274.5
653.832	272.75	0	272.75
653.946	262	0	262
654.06	260.75	0	260.75
654.174	272.5	0	272.5
654.287	272.25	0	272.25
654.401	257.75	0	257.75
654.515	253.5	0	253.5
654.629	264.75	0	264.75
654.743	257.75	0	257.75
654.856	257	0	257
654.97	263.25	0	263.25
655.084	254.25	0	254.25
655.197	257.25	0	257.25
655.311	257.75	0	257.75
655.424	270.5	0	270.5
655.538	254	0	254
655.652	264	0	264
655.765	260.5	0	260.5
655.879	276.75	0	276.75
655.992	260.25	0	260.25
656.106	264	0	264
656.219	251	0	251
656.333	257.75	0	257.75
656.446	250.75	0	250.75
656.56	255.5	0	255.5
656.673	258.5	0	258.5
656.786	255.5	0	255.5
656.9	258.75	0	258.75
657.013	270.75	0	270.75
657.127	259.25	0	259.25
657.24	261.75	0	261.75
657.353	270.25	0	270.25
657.466	266.25	0	266.25
657.58	259.25	0	259.25
657.693	256.5	0	256.5
657.806	261.25	0	261.25
657.919	255	0	255
658.032	262.5	0	262.5
658.146	259	0	259
658.259	249.75	0	249.75
658.372	266	0	266
658.485	260.5	0	260.5
658.598	245.25	0	245.25
658.711	262	0	262
658.824	253.25	0	253.25
658.937	239	0	239
659.05	260.25	0	260.25
659.163	263.5	0	263.5
659.276	265.5	0	265.5
659.389	243.5	0	243.5
659.502	260.5	0	260.5
659.615	245	0	245
659.728	248.75	0	248.75
659.841	263.25	0	263.25
659.954	245.75	0	245.75
660.067	242.25	0	242.25
660.179	270	0	270
660.292	253.75	0	253.75
660.405	269.5	0	269.5
660.518	250.75	0	250.75
660.63	252.5	0	252.5
660.743	243	0	243
660.856	265.25	0	265.25
660.969	264.25	0	264.25
661.081	277.25	0	277.25
661.194	233.75	0	233.75
661.307	251	0	251
661.419	251.5	0	251.5
661.532	257.5	0	257.5
661.644	265	0	265
661.757	250.25	0	250.25
661.869	273	0	273
661.982	255.75	0	255.75
662.094	264.25	0	264.25
662.207	272.5	0	272.5
662.319	265	0	265
662.432	268	0	268
662.544	278.25	0	278.25
662.656	269.5	0	269.5
662.769	265.75	0	265.75
662.881	267	0	267
662.994	258	0	258
663.106	265.5	0	265.5
663.218	266.25	0	266.25
663.331	260.25	0	260.25
663.443	261	0	261
663.555	256.5	0	256.5
663.667	258.25	0	258.25
663.779	256.5	0	256.5
663.892	265	0	265
664.004	268.5	0	268.5
664.116	252.75	0	252.75
664.228	251	0	251
664.34	257.25	0	257.25
664.452	251	0	251
664.564	253.75	0	253.75
664.676	254.25	0	254.25
664.788	242	0	242
664.901	257.5	0	257.5
665.012	257	0	257
665.125	263.25	0	263.25
665.236	244	0	244
665.348	251.5	0	251.5
665.46	231.25	0	231.25
665.572	270.5	0	270.5
665.684	252.5	0	252.5
665.796	240.5	0	240.5
665.908	249.25	0	249.25
666.02	253	0	253
666.131	252.75	0	252.75
666.243	261.25	0	261.25
666.355	257.25	0	257.25
666.467	247	0	247
666.578	248.5	0	248.5
666.69	257.75	0	257.75
666.802	254	0	254
666.914	254	0	254
667.025	267	0	267
667.137	271.75	0	271.75
667.248	259.75	0	259.75
667.36	252.5	0	252.5
667.472	255.5	0	255.5
667.583	258.5	0	258.5
667.695	268.25	0	268.25
667.806	263.25	0	263.25
667.918	252.75	0	252.75
668.029	249.25	0	249.25
668.141	253.75	0	253.75
668.252	248	0	248
668.363	234	0	234
668.475	245.25	0	245.25
668.586	258.5	0	258.5
668.698	249.75	0	249.75
668.809	235.5	0	235.5
668.92	240	0	240
669.032	246	0	246
669.143	229.25	0	229.25
669.254	230.75	0	230.75
669.365	238.25	0	238.25
669.477	242	0	242
669.588	243	0	243
669.699	244	0	244
669.81	238.25	0	238.25
669.921	240.5	0	240.5
670.032	241.5	0	241.5
670.143	247	0	247
670.255	255	0	255
670.366	240.5	0	240.5
670.477	244.75	0	244.75
670.588	242.25	0	242.25
670.699	245	0	245
670.81	240.5	0	240.5
670.921	244.25	0	244.25
671.032	243.25	0	243.25
671.143	243	0	243
671.253	245	0	245
671.364	239.25	0	239.25
671.475	249	0	249
671.586	232	0	232
671.697	238	0	238
671.808	230.5	0	230.5
671.919	241.5	0	241.5
672.029	226	0	226
672.14	247.5	0	247.5
672.251	241.5	0	241.5
672.362	245.25	0	245.25
672.472	229.25	0	229.25
672.583	231.5	0	231.5
672.694	236.25	0	236.25
672.804	243.75	0	243.75
672.915	235	0	235
673.025	242.5	0	242.5
673.136	237.25	0	237.25
673.247	234.5	0	234.5
673.357	232.75	0	232.75
673.468	237.5	0	237.5
673.578	253.25	0	253.25
673.689	243.5	0	243.5
673.799	246.75	0	246.75
673.91	251.75	0	251.75
674.02	261.75	0	261.75
674.13	254.5	0	254.5
674.241	280.25	0	280.25
674.351	275.25	0	275.25
674.461	287.75	0	287.75
674.572	308.75	0	308.75
674.682	306.75	0	306.75
674.792	291.5	0	291.5
674.903	287	0	287
675.013	266.75	0	266.75
675.123	267.75	0	267.75
675.233	263.25	0	263.25
675.344	261.25	0	261.25
675.454	264	0	264
675.564	263.25	0	263.25
675.674	252.25	0	252.25
675.784	260.5	0	260.5
675.894	237	0	237
676.004	248	0	248
676.114	236.5	0	236.5
676.224	232.5	0	232.5
676.334	243.25	0	243.25
676.444	244.5	0	244.5
676.554	242.5	0	242.5
676.664	240.25	0	240.25
676.774	238.25	0	238.25
676.884	220.5	0	220.5
676.994	232.25	0	232.25
677.104	229.25	0	229.25
677.214	237.5	0	237.5
677.324	233	0	233
677.433	231.75	0	231.75
677.543	232.5	0	232.5
677.653	223.5	0	223.5
677.763	235.25	0	235.25
677.872	232	0	232
677.982	225.75	0	225.75
678.092	227.75	0	227.75
678.202	220.25	0	220.25
678.311	212.5	0	212.5
678.421	228.5	0	228.5
678.53	233.75	0	233.75
678.64	227.25	0	227.25
678.75	226.5	0	226.5
678.859	220.75	0	220.75
678.969	226.75	0	226.75
679.078	227.75	0	227.75
679.188	224	0	224
679.297	211.75	0	211.75
679.407	216.75	0	216.75
679.516	214.75	0	214.75
679.625	213.75	0	213.75
679.735	221.5	0	221.5
679.844	220.25	0	220.25
679.954	204.75	0	204.75
680.063	216.25	0	216.25
680.172	221.25	0	221.25
680.282	218.25	0	218.25
680.391	215.5	0	215.5
680.5	214.25	0	214.25
680.609	224.5	0	224.5
680.719	218.5	0	218.5
680.828	210.5	0	210.5
680.937	208.25	0	208.25
681.046	220	0	220
681.155	218.75	0	218.75
681.264	216.75	0	216.75
681.374	215.25	0	215.25
681.483	210.5	0	210.5
681.592	217	0	217
681.701	207.75	0	207.75
681.81	220.75	0	220.75
681.919	198	0	198
682.028	219.75	0	219.75
682.137	214.5	0	214.5
682.246	206.25	0	206.25
682.355	211.75	0	211.75
682.463	217	0	217
682.572	210.75	0	210.75
682.681	216.25	0	216.25
682.79	208	0	208
682.899	202.75	0	202.75
683.008	214	0	214
683.117	200.75	0	200.75
683.225	216	0	216
683.334	219	0	219
683.443	213.25	0	213.25
683.551	212.5	0	212.5
683.66	219.25	0	219.25
683.769	205.5	0	205.5
683.877	206.5	0	206.5
683.986	221	0	221
684.095	210.25	0	210.25
684.203	213.5	0	213.5
684.312	197.75	0	197.75
684.42	208.75	0	208.75
684.529	216.5	0	216.5
684.637	207.5	0	207.5
684.746	211.75	0	211.75
684.854	212.25	0	212.25
684.963	211.25	0	211.25
685.071	206.25	0	206.25
685.18	204.75	0	204.75
685.288	212.75	0	212.75
685.396	206.5	0	206.5
685.505	200	0	200
685.613	205	0	205
685.721	207.75	0	207.75
685.83	211.25	0	211.25
685.938	197.25	0	197.25
686.046	217.5	0	217.5
686.154	195	0	195
686.263	202.75	0	202.75
686.371	212.5	0	212.5
686.479	209	0	209
686.587	200.75	0	200.75
686.695	198	0	198
686.803	214.25	0	214.25
686.911	198.75	0	198.75
687.019	219.5	0	219.5
687.127	202.75	0	202.75
687.235	206	0	206
687.343	202	0	202
687.451	210.25	0	210.25
687.559	209.25	0	209.25
687.667	211.25	0	211.25
687.775	205	0	205
687.883	218	0	218
687.991	209	0	209
688.099	203.5	0	203.5
688.207	208.5	0	208.5
688.315	208.5	0	208.5
688.422	212.5	0	212.5
688.53	213.5	0	213.5
688.638	211.25	0	211.25
688.746	200.75	0	200.75
688.853	207.75	0	207.75
688.961	208.75	0	208.75
689.069	203.25	0	203.25
689.176	205.5	0	205.5
689.284	208.75	0	208.75
689.392	208.25	0	208.25
689.499	201.25	0	201.25
689.607	218	0	218
689.714	204.25	0	204.25
689.822	204.25	0	204.25
689.93	210.5	0	210.5
690.037	209.5	0	209.5
690.144	199.5	0	199.5
690.252	216.5	0	216.5
690.359	205.5	0	205.5
690.467	205.25	0	205.25
690.574	207.25	0	207.25
690.682	218.25	0	218.25
690.789	219.75	0	219.75
690.896	223.75	0	223.75
691.004	239	0	239
691.111	225.5	0	225.5
691.218	220.5	0	220.5
691.325	225.25	0	225.25
691.433	219.25	0	219.25
691.54	216.5	0	216.5
691.647	210.75	0	210.75
691.754	202.75	0	202.75
691.861	221	0	221
691.969	220	0	220
692.076	201.75	0	201.75
692.183	220.75	0	220.75
692.29	214.25	0	214.25
692.397	211	0	211
692.504	214	0	214
692.611	213.75	0	213.75
692.718	199.75	0	199.75
692.825	208	0	208
692.932	219	0	219
693.039	209	0	209
693.146	208.25	0	208.25
693.253	202.25	0	202.25
693.359	200.5	0	200.5
693.466	191.5	0	191.5
693.573	197.5	0	197.5
693.68	204.5	0	204.5
693.787	205	0	205
693.894	199.75	0	199.75
694	209.25	0	209.25
694.107	198.25	0	198.25
694.214	193.25	0	193.25
694.32	194	0	194
694.427	195.75	0	195.75
694.534	190	0	190
694.64	199.5	0	199.5
694.747	188	0	188
694.853	197	0	197
694.96	182.25	0	182.25
695.067	187	0	187
695.173	194.75	0	194.75
695.28	202	0	202
695.386	193	0	193
695.493	195.5	0	195.5
695.599	194.5	0	194.5
695.705	194.25	0	194.25
695.812	196	0	196
695.918	195	0	195
696.025	179.75	0	179.75
696.131	193.25	0	193.25
696.237	197.5	0	197.5
696.344	184	0	184
696.45	181.5	0	181.5
696.556	190.25	0	190.25
696.662	184.5	0	184.5
696.768	187.25	0	187.25
696.875	194.5	0	194.5
696.981	209.25	0	209.25
697.087	188	0	188
697.193	192.75	0	192.75
697.299	189	0	189
697.405	192.75	0	192.75
697.512	193	0	193
697.618	185.5	0	185.5
697.724	189.75	0	189.75
697.83	180.5	0	180.5
697.936	190.25	0	190.25
698.042	183.5	0	183.5
698.148	193.25	0	193.25
698.253	185.25	0	185.25
698.359	199.25	0	199.25
698.465	196.5	0	196.5
698.571	189.25	0	189.25
698.677	193	0	193
698.783	180	0	180
698.889	185	0	185
698.994	192.25	0	192.25
699.1	178	0	178
699.206	185	0	185
699.312	190	0	190
699.417	179.5	0	179.5
699.523	177.5	0	177.5
699.629	188.5	0	188.5
699.734	194	0	194
699.84	181	0	181
699.946	185.25	0	185.25
700.051	182.75	0	182.75
700.157	180.25	0	180.25
700.262	184	0	184
700.368	180.5	0	180.5
700.473	188	0	188
700.579	190.75	0	190.75
700.684	178	0	178
700.79	183	0	183
700.895	187.75	0	187.75
701	179.5	0	179.5
701.106	187.25	0	187.25
701.211	185.5	0	185.5
701.316	197.5	0	197.5
701.422	178.75	0	178.75
701.527	178.75	0	178.75
701.632	179.5	0	179.5
701.738	181.25	0	181.25
701.843	185.25	0	185.25
701.948	185.25	0	185.25
702.053	171.25	0	171.25
702.158	179.25	0	179.25
702.264	185	0	185
702.369	191	0	191
702.474	185.5	0	185.5
702.579	183.5	0	183.5
702.684	168.5	0	168.5
702.789	176.5	0	176.5
702.894	182	0	182
702.999	180.25	0	180.25
703.104	184.75	0	184.75
703.209	189.75	0	189.75
703.314	179.25	0	179.25
703.419	184.5	0	184.5
703.524	181.5	0	181.5
703.629	175.75	0	175.75
703.733	173.25	0	173.25
703.838	181.5	0	181.5
703.943	185.75	0	185.75
704.048	187.25	0	187.25
704.153	177.25	0	177.25
704.257	187	0	187
704.362	178.75	0	178.75
704.467	182.75	0	182.75
704.572	176.5	0	176.5
704.676	182.5	0	182.5
704.781	182	0	182
704.886	189.25	0	189.25
704.99	192.25	0	192.25
705.095	193.75	0	193.75
705.199	184.25	0	184.25
705.304	177	0	177
705.408	177.5	0	177.5
705.513	182	0	182
705.617	179.75	0	179.75
705.722	159.5	0	159.5
705.826	174.5	0	174.5
705.931	180.25	0	180.25
706.035	178	0	178
706.139	175.75	0	175.75
706.244	173.75	0	173.75
706.348	175.75	0	175.75
706.452	183	0	183
706.557	176	0	176
706.661	174.25	0	174.25
706.765	178.25	0	178.25
706.87	185.25	0	185.25
706.974	174.5	0	174.5
707.078	177	0	177
707.182	172	0	172
707.286	177	0	177
707.39	166	0	166
707.495	182.75	0	182.75
707.599	169.5	0	169.5
707.703	167.5	0	167.5
707.807	164.5	0	164.5
707.911	177	0	177
708.015	177.75	0	177.75
708.119	181.25	0	181.25
708.223	170.25	0	170.25
708.327	175.25	0	175.25
708.431	172.5	0	172.5
708.534	174.25	0	174.25
708.638	182	0	182
708.742	183	0	183
708.846	189	0	189
708.95	170.25	0	170.25
709.054	172.5	0	172.5
709.157	170.5	0	170.5
709.261	179	0	179
709.365	175.5	0	175.5
709.469	181.5	0	181.5
709.572	181.25	0	181.25
709.676	170.75	0	170.75
709.78	174	0	174
709.883	168.25	0	168.25
709.987	187.25	0	187.25
710.09	177.5	0	177.5
710.194	173.25	0	173.25
710.298	178.5	0	178.5
710.401	168	0	168
710.505	171.5	0	171.5
710.608	169.25	0	169.25
710.711	185	0	185
710.815	178.75	0	178.75
710.918	180.5	0	180.5
711.022	180.25	0	180.25
711.125	182.5	0	182.5
711.228	175.5	0	175.5
711.332	174.25	0	174.25
711.435	174.25	0	174.25
711.538	173.5	0	173.5
711.642	181.75	0	181.75
711.745	176.75	0	176.75
711.848	179.5	0	179.5
711.951	176.5	0	176.5
712.055	179.25	0	179.25
712.158	184.75	0	184.75
712.261	170.25	0	170.25
712.364	180.25	0	180.25
712.467	163.75	0	163.75
712.57	181	0	181
712.673	175.25	0	175.25
712.776	171	0	171
712.879	176	0	176
712.982	171.75	0	171.75
713.085	159.5	0	159.5
713.188	163	0	163
713.291	174.5	0	174.5
713.394	172.5	0	172.5
713.497	175.75	0	175.75
713.6	170.75	0	170.75
713.703	170	0	170
713.805	164.75	0	164.75
713.908	173.25	0	173.25
714.011	169.25	0	169.25
714.114	171.75	0	171.75
714.216	172.5	0	172.5
714.319	173.25	0	173.25
714.422	177.5	0	177.5
714.525	173	0	173
714.627	167.75	0	167.75
714.73	168.75	0	168.75
714.833	176.5	0	176.5
714.935	175.75	0	175.75
715.038	179	0	179
715.14	172.75	0	172.75
715.243	169.25	0	169.25
715.345	169.25	0	169.25
715.448	170.75	0	170.75
715.55	167.5	0	167.5
715.653	168.75	0	168.75
715.755	179	0	179
715.857	167.5	0	167.5
715.96	176.25	0	176.25
716.062	185.75	0	185.75
716.164	179.25	0	179.25
716.267	177.5	0	177.5
716.369	181.75	0	181.75
716.471	182	0	182
716.574	170.75	0	170.75
716.676	180.5	0	180.5
716.778	180.25	0	180.25
716.88	177.25	0	177.25
716.982	184.5	0	184.5
717.085	175.25	0	175.25
717.187	172.75	0	172.75
717.289	176	0	176
717.391	175.5	0	175.5
717.493	179.25	0	179.25
717.595	180.5	0	180.5
717.697	162.75	0	162.75
717.799	176	0	176
717.901	180.25	0	180.25
718.003	180	0	180
718.105	176.75	0	176.75
718.207	170.25	0	170.25
718.309	164	0	164
718.411	166	0	166
718.512	177	0	177
718.614	168.75	0	168.75
718.716	169.5	0	169.5
718.818	178.5	0	178.5
718.92	173.5	0	173.5
719.021	173.5	0	173.5
719.123	163.25	0	163.25
719.225	179.75	0	179.75
719.326	174.75	0	174.75
719.428	172.25	0	172.25
719.53	173.25	0	173.25
719.631	181	0	181
719.733	167.25	0	167.25
719.834	176.25	0	176.25
719.936	174.5	0	174.5
720.038	168.5	0	168.5
720.139	178	0	178
720.241	167	0	167
720.342	170	0	170
720.443	177.75	0	177.75
720.545	173.75	0	173.75
720.646	173	0	173
720.748	168.5	0	168.5
720.849	155	0	155
720.95	156.25	0	156.25
721.052	169.25	0	169.25
721.153	156.5	0	156.5
721.254	167.75	0	167.75
721.355	162	0	162
721.457	162.5	0	162.5
721.558	168.5	0	168.5
721.659	173.75	0	173.75
721.76	179.25	0	179.25
721.861	172	0	172
721.963	165.75	0	165.75
722.064	165.75	0	165.75
722.165	171.25	0	171.25
722.266	175	0	175
722.367	161.5	0	161.5
722.468	166.25	0	166.25
722.569	162.25	0	162.25
722.67	162	0	162
722.771	161	0	161
722.872	168.75	0	168.75
722.973	165.5	0	165.5
723.073	164	0	164
723.174	169.5	0	169.5
723.275	158	0	158
723.376	166.25	0	166.25
723.477	171.25	0	171.25
723.577	168.5	0	168.5
723.678	164.75	0	164.75
723.779	164.5	0	164.5
723.88	172	0	172
723.98	165	0	165
724.081	165.25	0	165.25
724.182	166.75	0	166.75
724.282	173.25	0	173.25
724.383	163.5	0	163.5
724.483	168	0	168
724.584	162.5	0	162.5
724.685	166.75	0	166.75
724.785	167.5	0	167.5
724.886	156.25	0	156.25
724.986	159.5	0	159.5
725.086	168.25	0	168.25
725.187	165.25	0	165.25
725.287	165.75	0	165.75
725.388	162.5	0	162.5
725.488	158.25	0	158.25
725.588	167.5	0	167.5
725.689	169	0	169
725.789	161.25	0	161.25
725.889	161.25	0	161.25
725.99	166	0	166
726.09	154.25	0	154.25
726.19	160	0	160
726.29	168	0	168
726.39	161	0	161
726.49	159.5	0	159.5
726.591	166	0	166
726.691	164	0	164
726.791	166	0	166
726.891	163.5	0	163.5
726.991	164.25	0	164.25
727.091	171	0	171
727.191	161.5	0	161.5
727.291	154	0	154
727.391	163.75	0	163.75
727.491	159.5	0	159.5
727.591	171	0	171
727.691	159.75	0	159.75
727.79	155.5	0	155.5
727.89	157.25	0	157.25
727.99	164.75	0	164.75
728.09	163	0	163
728.19	167.75	0	167.75
728.289	161.75	0	161.75
728.389	154.5	0	154.5
728.489	159.75	0	159.75
728.589	159.5	0	159.5
728.688	168.25	0	168.25
728.788	165.75	0	165.75
728.888	160.75	0	160.75
728.987	162.25	0	162.25
729.087	164.25	0	164.25
729.186	163.5	0	163.5
729.286	159.75	0	159.75
729.385	166.75	0	166.75
729.485	167.5	0	167.5
729.584	176	0	176
729.684	158.75	0	158.75
729.783	160.75	0	160.75
729.883	171.75	0	171.75
729.982	171.75	0	171.75
730.081	156.5	0	156.5
730.181	163.75	0	163.75
730.28	167.25	0	167.25
730.379	167.25	0	167.25
730.479	159.75	0	159.75
730.578	162.25	0	162.25
730.677	164.75	0	164.75
730.776	168.5	0	168.5
730.875	174	0	174
730.975	159.75	0	159.75
731.074	169.5	0	169.5
731.173	162.75	0	162.75
731.272	153.25	0	153.25
731.371	162.5	0	162.5
731.47	170.25	0	170.25
731.569	162.25	0	162.25
731.668	160.75	0	160.75
731.767	156	0	156
731.866	170.75	0	170.75
731.965	167.5	0	167.5
732.064	168	0	168
732.163	164.75	0	164.75
732.262	167.5	0	167.5
732.361	167.75	0	167.75
732.46	164.25	0	164.25
732.558	162	0	162
732.657	157.75	0	157.75
732.756	168.75	0	168.75
732.855	162.25	0	162.25
732.953	168.5	0	168.5
733.052	160.5	0	160.5
733.151	163.75	0	163.75
733.25	153.75	0	153.75
733.348	166	0	166
733.447	162.25	0	162.25
733.545	151.75	0	151.75
733.644	166.25	0	166.25
733.742	161.75	0	161.75
733.841	157.5	0	157.5
733.939	156.5	0	156.5
734.038	160.25	0	160.25
734.136	167.5	0	167.5
734.235	160.75	0	160.75
734.333	164.75	0	164.75
734.432	163.75	0	163.75
734.53	160	0	160
734.628	163.25	0	163.25
734.727	160.25	0	160.25
734.825	154.75	0	154.75
734.923	161.25	0	161.25
735.022	151.5	0	151.5
735.12	159.5	0	159.5
735.218	160.5	0	160.5
735.316	151.25	0	151.25
735.414	161.5	0	161.5
735.513	159.25	0	159.25
735.611	165.25	0	165.25
735.709	158.75	0	158.75
735.807	160.5	0	160.5
735.905	160.25	0	160.25
736.003	163.5	0	163.5
736.101	164	0	164
736.199	156.25	0	156.25
736.297	161.75	0	161.75
736.395	160.5	0	160.5
736.493	167.25	0	167.25
736.591	164.5	0	164.5
736.689	159	0	159
736.787	159.25	0	159.25
736.884	154.25	0	154.25
736.982	157	0	157
737.08	154.75	0	154.75
737.178	163	0	163
737.276	161.5	0	161.5
737.373	154	0	154
737.471	157	0	157
737.569	160.75	0	160.75
737.667	160	0	160
737.764	155.75	0	155.75
737.862	160.5	0	160.5
737.959	165	0	165
738.057	159.75	0	159.75
738.154	170.5	0	170.5
738.252	157.25	0	157.25
738.35	162.75	0	162.75
738.447	158.5	0	158.5
738.544	158.25	0	158.25
738.642	167.75	0	167.75
738.739	159.5	0	159.5
738.837	152.25	0	152.25
738.934	171.75	0	171.75
739.031	167	0	167
739.129	151.75	0	151.75
739.226	160.25	0	160.25
739.323	160.5	0	160.5
739.421	160.25	0	160.25
739.518	159	0	159
739.615	164.75	0	164.75