Lambda	Spectrum	Dark	SpecMinusDark
500.031	7560.25	0	7560.25
500.165	8345.75	0	8345.75
500.299	9470.5	0	9470.5
500.433	10542	0	10542
500.567	11307	0	11307
500.701	11521.5	0	11521.5
500.835	11815.2	0	11815.2
500.968	11529.8	0	11529.8
501.102	10898	0	10898
501.236	10010	0	10010
501.37	9518.75	0	9518.75
501.504	8741.5	0	8741.5
501.637	8281.75	0	8281.75
501.771	7788	0	7788
501.905	7584.5	0	7584.5
502.039	7679.75	0	7679.75
502.172	7618.75	0	7618.75
502.306	7360.25	0	7360.25
502.44	6593	0	6593
502.573	6400.25	0	6400.25
502.707	6320.25	0	6320.25
502.841	6226.25	0	6226.25
502.974	6069.5	0	6069.5
503.108	5948	0	5948
503.242	5968	0	5968
503.375	5895.5	0	5895.5
503.509	5735	0	5735
503.642	5675.75	0	5675.75
503.776	5588.5	0	5588.5
503.909	5637	0	5637
504.043	5737.25	0	5737.25
504.176	5789.5	0	5789.5
504.31	5995.75	0	5995.75
504.443	6167.25	0	6167.25
504.577	6399	0	6399
504.71	6555	0	6555
504.844	6623.75	0	6623.75
504.977	6629.75	0	6629.75
505.111	6367	0	6367
505.244	6176	0	6176
505.377	6142	0	6142
505.511	6023.25	0	6023.25
505.644	5848.75	0	5848.75
505.777	5819.5	0	5819.5
505.911	5753	0	5753
506.044	5708.5	0	5708.5
506.177	5763.5	0	5763.5
506.311	5733.75	0	5733.75
506.444	5723.75	0	5723.75
506.577	5771	0	5771
506.71	5657.75	0	5657.75
506.844	5794.75	0	5794.75
506.977	5694.25	0	5694.25
507.11	5715.75	0	5715.75
507.243	5835	0	5835
507.376	5836.75	0	5836.75
507.51	5780.25	0	5780.25
507.643	5766	0	5766
507.776	5848.25	0	5848.25
507.909	5818	0	5818
508.042	5799.75	0	5799.75
508.175	5752	0	5752
508.308	5750	0	5750
508.441	5782.5	0	5782.5
508.574	5694	0	5694
508.707	5631.25	0	5631.25
508.84	5663.5	0	5663.5
508.973	5640.5	0	5640.5
509.106	5679.75	0	5679.75
509.239	5809	0	5809
509.372	5756.5	0	5756.5
509.505	5755.25	0	5755.25
509.638	5725.75	0	5725.75
509.771	5796.75	0	5796.75
509.904	5858.5	0	5858.5
510.037	5893.75	0	5893.75
510.17	5973	0	5973
510.303	6055.25	0	6055.25
510.436	5986.25	0	5986.25
510.568	5915.75	0	5915.75
510.701	5906.25	0	5906.25
510.834	5933.5	0	5933.5
510.967	6015	0	6015
511.1	5980.5	0	5980.5
511.232	6054.75	0	6054.75
511.365	5890.5	0	5890.5
511.498	5978.75	0	5978.75
511.631	6026.5	0	6026.5
511.763	5942.75	0	5942.75
511.896	5965.25	0	5965.25
512.029	5995.25	0	5995.25
512.161	6086.25	0	6086.25
512.294	6048.75	0	6048.75
512.427	6024.25	0	6024.25
512.559	6172	0	6172
512.692	6270.5	0	6270.5
512.825	6327	0	6327
512.957	6335.75	0	6335.75
513.09	6419	0	6419
513.222	6383	0	6383
513.355	6469.25	0	6469.25
513.487	6541	0	6541
513.62	6662.75	0	6662.75
513.752	6766	0	6766
513.885	6746	0	6746
514.017	6692	0	6692
514.15	6934.5	0	6934.5
514.282	7237.25	0	7237.25
514.415	7499.5	0	7499.5
514.547	7054.5	0	7054.5
514.68	7053.5	0	7053.5
514.812	6892.25	0	6892.25
514.944	6890	0	6890
515.077	6972.25	0	6972.25
515.209	7077.25	0	7077.25
515.341	7209.75	0	7209.75
515.474	7179.5	0	7179.5
515.606	7326.5	0	7326.5
515.738	7175.5	0	7175.5
515.871	7343	0	7343
516.003	7369.25	0	7369.25
516.135	7448.75	0	7448.75
516.267	7555.25	0	7555.25
516.4	7735.75	0	7735.75
516.532	7954	0	7954
516.664	8181.5	0	8181.5
516.796	8417.75	0	8417.75
516.928	8974	0	8974
517.06	9883.25	0	9883.25
517.193	11288.5	0	11288.5
517.325	11556.2	0	11556.2
517.457	10562.8	0	10562.8
517.589	10063	0	10063
517.721	9963	0	9963
517.853	9892.25	0	9892.25
517.985	9924	0	9924
518.117	9968.75	0	9968.75
518.249	10012	0	10012
518.381	9863	0	9863
518.513	9644	0	9644
518.645	9381.5	0	9381.5
518.777	9155.25	0	9155.25
518.909	8810	0	8810
519.041	8751.5	0	8751.5
519.173	8560.5	0	8560.5
519.305	8439.25	0	8439.25
519.437	8632	0	8632
519.569	8947	0	8947
519.701	9066.75	0	9066.75
519.832	8489.75	0	8489.75
519.964	8346	0	8346
520.096	8215.5	0	8215.5
520.228	8036.5	0	8036.5
520.36	7976.25	0	7976.25
520.491	7786.25	0	7786.25
520.623	7741.5	0	7741.5
520.755	7774.25	0	7774.25
520.887	7671.75	0	7671.75
521.018	7608	0	7608
521.15	7703.5	0	7703.5
521.282	7698.75	0	7698.75
521.414	7664	0	7664
521.545	7460.25	0	7460.25
521.677	7604.5	0	7604.5
521.808	7581.75	0	7581.75
521.94	7761.75	0	7761.75
522.072	7836	0	7836
522.203	7746.5	0	7746.5
522.335	7527.25	0	7527.25
522.466	7521.25	0	7521.25
522.598	7494.25	0	7494.25
522.729	7607	0	7607
522.861	7807.75	0	7807.75
522.993	8182.5	0	8182.5
523.124	8796.5	0	8796.5
523.256	8587.5	0	8587.5
523.387	7991	0	7991
523.518	8247.75	0	8247.75
523.65	8379.75	0	8379.75
523.781	8941.25	0	8941.25
523.913	8152.25	0	8152.25
524.044	7634	0	7634
524.176	7372.75	0	7372.75
524.307	7304.75	0	7304.75
524.438	7188	0	7188
524.57	7272.5	0	7272.5
524.701	7225	0	7225
524.832	7140.25	0	7140.25
524.964	7103.25	0	7103.25
525.095	7163.5	0	7163.5
525.226	7073.25	0	7073.25
525.357	7024.5	0	7024.5
525.489	7104	0	7104
525.62	7086.5	0	7086.5
525.751	7051.25	0	7051.25
525.882	6996	0	6996
526.013	6909.25	0	6909.25
526.145	6976.5	0	6976.5
526.276	6923.25	0	6923.25
526.407	6837.5	0	6837.5
526.538	6989.5	0	6989.5
526.669	7006.5	0	7006.5
526.8	7215.25	0	7215.25
526.931	7356	0	7356
527.062	7829.25	0	7829.25
527.193	8505.25	0	8505.25
527.324	8885.75	0	8885.75
527.455	9454.5	0	9454.5
527.586	7475	0	7475
527.717	6937.5	0	6937.5
527.848	6827	0	6827
527.979	6737.25	0	6737.25
528.11	6706.75	0	6706.75
528.241	6672	0	6672
528.372	6730.25	0	6730.25
528.503	6737	0	6737
528.634	6841	0	6841
528.765	6900.75	0	6900.75
528.896	6837	0	6837
529.026	6373	0	6373
529.157	6350.5	0	6350.5
529.288	6432	0	6432
529.419	6439.75	0	6439.75
529.55	6297	0	6297
529.681	6398	0	6398
529.811	6274.25	0	6274.25
529.942	6306	0	6306
530.073	6319.75	0	6319.75
530.203	6264	0	6264
530.334	6263	0	6263
530.465	6378.5	0	6378.5
530.596	6346.5	0	6346.5
530.726	6448.25	0	6448.25
530.857	6299.5	0	6299.5
530.987	6230.5	0	6230.5
531.118	6275.75	0	6275.75
531.249	6280.75	0	6280.75
531.379	6182	0	6182
531.51	6274.75	0	6274.75
531.64	6221.25	0	6221.25
531.771	6244.75	0	6244.75
531.901	6370.75	0	6370.75
532.032	6477.5	0	6477.5
532.163	6595.75	0	6595.75
532.293	6361	0	6361
532.423	6304.25	0	6304.25
532.554	6330.75	0	6330.75
532.684	6540.25	0	6540.25
532.815	6872.75	0	6872.75
532.945	7235	0	7235
533.076	7194.5	0	7194.5
533.206	7600.75	0	7600.75
533.336	7380.5	0	7380.5
533.467	6149.25	0	6149.25
533.597	6131.5	0	6131.5
533.727	6033.75	0	6033.75
533.858	5924.75	0	5924.75
533.988	5985.25	0	5985.25
534.118	6006.5	0	6006.5
534.248	6068.25	0	6068.25
534.379	6236.75	0	6236.75
534.509	6328.25	0	6328.25
534.639	6129	0	6129
534.769	5962.75	0	5962.75
534.9	5927	0	5927
535.03	5795.75	0	5795.75
535.16	5837	0	5837
535.29	5750	0	5750
535.42	5880.75	0	5880.75
535.55	5799.5	0	5799.5
535.68	5845.25	0	5845.25
535.81	5855	0	5855
535.94	5778	0	5778
536.071	5778.75	0	5778.75
536.201	5752.25	0	5752.25
536.331	5716	0	5716
536.461	5913.5	0	5913.5
536.591	5958.5	0	5958.5
536.721	6086.25	0	6086.25
536.851	6184	0	6184
536.981	6353.5	0	6353.5
537.11	6238.25	0	6238.25
537.24	6333.25	0	6333.25
537.37	6603	0	6603
537.5	6666.5	0	6666.5
537.63	6782.75	0	6782.75
537.76	5884.5	0	5884.5
537.89	5783	0	5783
538.02	5812	0	5812
538.149	5664.75	0	5664.75
538.279	5683.75	0	5683.75
538.409	5868.25	0	5868.25
538.539	5968.5	0	5968.5
538.669	6181	0	6181
538.798	6258.25	0	6258.25
538.928	5797.25	0	5797.25
539.058	5661.5	0	5661.5
539.187	5555.75	0	5555.75
539.317	5658.5	0	5658.5
539.447	5679	0	5679
539.576	5617.5	0	5617.5
539.706	5768.25	0	5768.25
539.836	5828.75	0	5828.75
539.965	5795.75	0	5795.75
540.095	6063.5	0	6063.5
540.225	6078.25	0	6078.25
540.354	5716	0	5716
540.484	5913.25	0	5913.25
540.613	5899.25	0	5899.25
540.743	6236.25	0	6236.25
540.872	6561	0	6561
541.002	6403.5	0	6403.5
541.131	5911	0	5911
541.261	5721.5	0	5721.5
541.39	5790.5	0	5790.5
541.52	5864	0	5864
541.649	5760.75	0	5760.75
541.778	5886	0	5886
541.908	5971.25	0	5971.25
542.037	5747.25	0	5747.25
542.167	5572	0	5572
542.296	5427.25	0	5427.25
542.425	5432.5	0	5432.5
542.554	5574	0	5574
542.684	5789	0	5789
542.813	5926.5	0	5926.5
542.942	5719	0	5719
543.072	5506.25	0	5506.25
543.201	5590	0	5590
543.33	5784	0	5784
543.459	5864.75	0	5864.75
543.588	5345.5	0	5345.5
543.718	5457.5	0	5457.5
543.847	5503	0	5503
543.976	5380.5	0	5380.5
544.105	5247.25	0	5247.25
544.234	5254.75	0	5254.75
544.363	5234.75	0	5234.75
544.492	5209.5	0	5209.5
544.621	5270.25	0	5270.25
544.75	5304.5	0	5304.5
544.88	5596.25	0	5596.25
545.009	5736.75	0	5736.75
545.138	5825.75	0	5825.75
545.266	5502	0	5502
545.396	5363.75	0	5363.75
545.525	5376.5	0	5376.5
545.653	5466.75	0	5466.75
545.782	5614.75	0	5614.75
545.911	5796.5	0	5796.5
546.04	5896.25	0	5896.25
546.169	5464.75	0	5464.75
546.298	5434.25	0	5434.25
546.427	5324.25	0	5324.25
546.556	5463.25	0	5463.25
546.685	5510	0	5510
546.813	5472.75	0	5472.75
546.942	5362	0	5362
547.071	5304	0	5304
547.2	5319.5	0	5319.5
547.328	5280	0	5280
547.457	5215.25	0	5215.25
547.586	5324.5	0	5324.5
547.715	5276	0	5276
547.843	5475.25	0	5475.25
547.972	5397.5	0	5397.5
548.101	5512.5	0	5512.5
548.229	5416.75	0	5416.75
548.358	5527.5	0	5527.5
548.487	5453	0	5453
548.615	5550.75	0	5550.75
548.744	5452.75	0	5452.75
548.872	5452.25	0	5452.25
549.001	5392.75	0	5392.75
549.129	5390	0	5390
549.258	5378.75	0	5378.75
549.387	5425.25	0	5425.25
549.515	5494.5	0	5494.5
549.643	5446.25	0	5446.25
549.772	5557.5	0	5557.5
549.9	5673.75	0	5673.75
550.029	5639.5	0	5639.5
550.157	5555.75	0	5555.75
550.286	5489.5	0	5489.5
550.414	5422.75	0	5422.75
550.542	5459.75	0	5459.75
550.671	5415.75	0	5415.75
550.799	5329.75	0	5329.75
550.927	5453.25	0	5453.25
551.056	5382.25	0	5382.25
551.184	5379.75	0	5379.75
551.312	5350.25	0	5350.25
551.441	5357.75	0	5357.75
551.569	5223.5	0	5223.5
551.697	5289.5	0	5289.5
551.825	5377.75	0	5377.75
551.953	5228	0	5228
552.082	5266.25	0	5266.25
552.21	5262.25	0	5262.25
552.338	5377.25	0	5377.25
552.466	5387.25	0	5387.25
552.594	5417	0	5417
552.722	5427.5	0	5427.5
552.851	5567	0	5567
552.979	5585.5	0	5585.5
553.107	5667.5	0	5667.5
553.235	5846.5	0	5846.5
553.363	5867.75	0	5867.75
553.491	5957.5	0	5957.5
553.619	6074.75	0	6074.75
553.747	5992.25	0	5992.25
553.875	6045.25	0	6045.25
554.003	5958.75	0	5958.75
554.131	5752.75	0	5752.75
554.259	5690.25	0	5690.25
554.387	5565.5	0	5565.5
554.514	5616	0	5616
554.642	5554.75	0	5554.75
554.77	5480.25	0	5480.25
554.898	5387	0	5387
555.026	5281.25	0	5281.25
555.154	5229.5	0	5229.5
555.281	5201.75	0	5201.75
555.409	5069.5	0	5069.5
555.537	5157	0	5157
555.665	5124.5	0	5124.5
555.793	4999.25	0	4999.25
555.92	4975.75	0	4975.75
556.048	4915.25	0	4915.25
556.176	4921.5	0	4921.5
556.303	4951.75	0	4951.75
556.431	4881.5	0	4881.5
556.559	4884.25	0	4884.25
556.686	4883	0	4883
556.814	4924.75	0	4924.75
556.942	4883.25	0	4883.25
557.069	4853.75	0	4853.75
557.197	4920.5	0	4920.5
557.324	4963	0	4963
557.452	5137.25	0	5137.25
557.579	5045	0	5045
557.707	5164.75	0	5164.75
557.835	5058.25	0	5058.25
557.962	4876	0	4876
558.089	4876	0	4876
558.217	4703	0	4703
558.344	4720.25	0	4720.25
558.472	4668.5	0	4668.5
558.599	4675	0	4675
558.727	4715	0	4715
558.854	4836	0	4836
558.981	5054	0	5054
559.109	5319.75	0	5319.75
559.236	5158	0	5158
559.363	4804	0	4804
559.491	4672	0	4672
559.618	4663.5	0	4663.5
559.745	4604.75	0	4604.75
559.872	4795	0	4795
560	4654.5	0	4654.5
560.127	4597.5	0	4597.5
560.254	4600.25	0	4600.25
560.381	4682.25	0	4682.25
560.508	4625	0	4625
560.636	4683.75	0	4683.75
560.763	4610.75	0	4610.75
560.89	4622	0	4622
561.017	4555.5	0	4555.5
561.144	4568.5	0	4568.5
561.271	4466.25	0	4466.25
561.398	4523.75	0	4523.75
561.525	4519.5	0	4519.5
561.652	4659.25	0	4659.25
561.779	4870.75	0	4870.75
561.906	5259	0	5259
562.033	5663.75	0	5663.75
562.16	5126.75	0	5126.75
562.287	4754	0	4754
562.414	4683.25	0	4683.25
562.541	4568	0	4568
562.668	4620.75	0	4620.75
562.795	4607.75	0	4607.75
562.922	4691.5	0	4691.5
563.049	4633.5	0	4633.5
563.175	4566	0	4566
563.302	4550.25	0	4550.25
563.429	4525.25	0	4525.25
563.556	4607.25	0	4607.25
563.683	4593.75	0	4593.75
563.809	4567.5	0	4567.5
563.936	4630.5	0	4630.5
564.063	4558.5	0	4558.5
564.19	4627.5	0	4627.5
564.316	4662.75	0	4662.75
564.443	4688.75	0	4688.75
564.57	4660.75	0	4660.75
564.696	4754.25	0	4754.25
564.823	4712.25	0	4712.25
564.95	4730.75	0	4730.75
565.076	4877.75	0	4877.75
565.203	4909.25	0	4909.25
565.33	4971	0	4971
565.456	4938	0	4938
565.583	4955.25	0	4955.25
565.709	5050.25	0	5050.25
565.836	5237.5	0	5237.5
565.962	5310	0	5310
566.089	5438	0	5438
566.215	5587	0	5587
566.341	5738.5	0	5738.5
566.468	5978.25	0	5978.25
566.594	6380	0	6380
566.721	6649	0	6649
566.847	6965.5	0	6965.5
566.974	7285.75	0	7285.75
567.1	7287.5	0	7287.5
567.226	7244.5	0	7244.5
567.353	7138.5	0	7138.5
567.479	7104.25	0	7104.25
567.605	7469.25	0	7469.25
567.732	7626.75	0	7626.75
567.858	8051.25	0	8051.25
567.984	8490.75	0	8490.75
568.11	8784	0	8784
568.236	9012	0	9012
568.363	8803.75	0	8803.75
568.489	8225.5	0	8225.5
568.615	7619.25	0	7619.25
568.741	7042.5	0	7042.5
568.867	6782.5	0	6782.5
568.993	6308.25	0	6308.25
569.12	6069.25	0	6069.25
569.246	5605.5	0	5605.5
569.372	5290.75	0	5290.75
569.498	5060.25	0	5060.25
569.624	5097	0	5097
569.75	4908	0	4908
569.876	4775.25	0	4775.25
570.002	4697.75	0	4697.75
570.128	4627.5	0	4627.5
570.254	4560	0	4560
570.38	4488	0	4488
570.506	4494.5	0	4494.5
570.632	4547.75	0	4547.75
570.758	4533.25	0	4533.25
570.883	4490	0	4490
571.009	4642.5	0	4642.5
571.135	4619.75	0	4619.75
571.261	4684.25	0	4684.25
571.387	4740.5	0	4740.5
571.513	4613.5	0	4613.5
571.638	4473.75	0	4473.75
571.764	4305.75	0	4305.75
571.89	4229	0	4229
572.016	4209.75	0	4209.75
572.141	4156.25	0	4156.25
572.267	4061.75	0	4061.75
572.393	4005.25	0	4005.25
572.518	4000	0	4000
572.644	3856.75	0	3856.75
572.77	3922	0	3922
572.895	3759.25	0	3759.25
573.021	3865.5	0	3865.5
573.147	3796	0	3796
573.272	3879.75	0	3879.75
573.398	3819	0	3819
573.523	3729.5	0	3729.5
573.649	3798.25	0	3798.25
573.774	3709.5	0	3709.5
573.9	3738.25	0	3738.25
574.025	3762.5	0	3762.5
574.151	3681.75	0	3681.75
574.276	3680.5	0	3680.5
574.402	3711.25	0	3711.25
574.527	3692.5	0	3692.5
574.652	3717.25	0	3717.25
574.778	3634.75	0	3634.75
574.903	3641.25	0	3641.25
575.029	3677	0	3677
575.154	3697.25	0	3697.25
575.279	3666.5	0	3666.5
575.405	3594.75	0	3594.75
575.53	3621.5	0	3621.5
575.655	3629.5	0	3629.5
575.78	3581.5	0	3581.5
575.906	3550.75	0	3550.75
576.031	3515.25	0	3515.25
576.156	3479.25	0	3479.25
576.281	3471.25	0	3471.25
576.406	3508.25	0	3508.25
576.532	3508.25	0	3508.25
576.657	3488	0	3488
576.782	3561	0	3561
576.907	3509.5	0	3509.5
577.032	3445	0	3445
577.157	3469	0	3469
577.282	3372.5	0	3372.5
577.407	3381	0	3381
577.532	3362.25	0	3362.25
577.657	3356	0	3356
577.782	3323.5	0	3323.5
577.907	3365.25	0	3365.25
578.032	3340	0	3340
578.157	3348	0	3348
578.282	3300	0	3300
578.407	3325.75	0	3325.75
578.532	3306.5	0	3306.5
578.657	3309.5	0	3309.5
578.782	3246	0	3246
578.907	3411	0	3411
579.031	3260.25	0	3260.25
579.156	3217.75	0	3217.75
579.281	3222.75	0	3222.75
579.406	3257.5	0	3257.5
579.531	3214.5	0	3214.5
579.655	3221	0	3221
579.78	3161.75	0	3161.75
579.905	3236.75	0	3236.75
580.03	3216.75	0	3216.75
580.154	3242.75	0	3242.75
580.279	3126.5	0	3126.5
580.404	3182.25	0	3182.25
580.528	3158.25	0	3158.25
580.653	3172.75	0	3172.75
580.778	3156.75	0	3156.75
580.902	3152.25	0	3152.25
581.027	3180.5	0	3180.5
581.151	3142	0	3142
581.276	3130.25	0	3130.25
581.4	3121.25	0	3121.25
581.525	3127	0	3127
581.649	3109.25	0	3109.25
581.774	3111	0	3111
581.898	3125	0	3125
582.023	3138	0	3138
582.147	3156	0	3156
582.272	3073.5	0	3073.5
582.396	3032	0	3032
582.52	3116.5	0	3116.5
582.645	3037.5	0	3037.5
582.769	3063	0	3063
582.893	3009.75	0	3009.75
583.018	3105.5	0	3105.5
583.142	3123.25	0	3123.25
583.266	3076.25	0	3076.25
583.391	3077.5	0	3077.5
583.515	3026.25	0	3026.25
583.639	3074.75	0	3074.75
583.763	3073.5	0	3073.5
583.888	3034	0	3034
584.012	3024.75	0	3024.75
584.136	3028	0	3028
584.26	3025.75	0	3025.75
584.384	2979.75	0	2979.75
584.508	2998.5	0	2998.5
584.632	2919.75	0	2919.75
584.757	3063.5	0	3063.5
584.881	2982.75	0	2982.75
585.005	2983.25	0	2983.25
585.129	2932.75	0	2932.75
585.253	2973.25	0	2973.25
585.377	3034.75	0	3034.75
585.501	3037.75	0	3037.75
585.625	3068.5	0	3068.5
585.749	3046.75	0	3046.75
585.873	2969.5	0	2969.5
585.997	3042.25	0	3042.25
586.12	2982.75	0	2982.75
586.244	2989.75	0	2989.75
586.368	3004.25	0	3004.25
586.492	2988.75	0	2988.75
586.616	3023.5	0	3023.5
586.74	2966.75	0	2966.75
586.864	3037.25	0	3037.25
586.987	2899	0	2899
587.111	2946.75	0	2946.75
587.235	2895.25	0	2895.25
587.359	2984.75	0	2984.75
587.482	2933.5	0	2933.5
587.606	2964.5	0	2964.5
587.73	2965.25	0	2965.25
587.854	3000.5	0	3000.5
587.977	3008.25	0	3008.25
588.101	2981.25	0	2981.25
588.224	2930.75	0	2930.75
588.348	2974	0	2974
588.472	2910.75	0	2910.75
588.595	2960.5	0	2960.5
588.719	2915	0	2915
588.842	3013.75	0	3013.75
588.966	2946.5	0	2946.5
589.089	3012.75	0	3012.75
589.213	2947.75	0	2947.75
589.336	3009.5	0	3009.5
589.46	2980.25	0	2980.25
589.583	2986.25	0	2986.25
589.707	2929.25	0	2929.25
589.83	2957.75	0	2957.75
589.954	2947.75	0	2947.75
590.077	3009	0	3009
590.2	2965.5	0	2965.5
590.324	2975	0	2975
590.447	2998.25	0	2998.25
590.57	2981.75	0	2981.75
590.694	3013	0	3013
590.817	3071.75	0	3071.75
590.94	3087.5	0	3087.5
591.063	3033.5	0	3033.5
591.187	3076.25	0	3076.25
591.31	3070.5	0	3070.5
591.433	3112.75	0	3112.75
591.556	3119.75	0	3119.75
591.679	3223.75	0	3223.75
591.803	3184	0	3184
591.926	3210.75	0	3210.75
592.049	3179.75	0	3179.75
592.172	3197.25	0	3197.25
592.295	3231.25	0	3231.25
592.418	3284	0	3284
592.541	3329.25	0	3329.25
592.664	3399.25	0	3399.25
592.787	3502.5	0	3502.5
592.91	3520.5	0	3520.5
593.033	3654	0	3654
593.156	3678.5	0	3678.5
593.279	3801.5	0	3801.5
593.402	3883.75	0	3883.75
593.525	3965.25	0	3965.25
593.648	3833.5	0	3833.5
593.771	3912.25	0	3912.25
593.894	3847.25	0	3847.25
594.016	3914.75	0	3914.75
594.139	3905.5	0	3905.5
594.262	4048.25	0	4048.25
594.385	3993.5	0	3993.5
594.508	4099	0	4099
594.63	3983.75	0	3983.75
594.753	3942.75	0	3942.75
594.876	3773.5	0	3773.5
594.999	3663.25	0	3663.25
595.121	3552	0	3552
595.244	3466.75	0	3466.75
595.367	3444.75	0	3444.75
595.489	3375.25	0	3375.25
595.612	3387	0	3387
595.735	3279.5	0	3279.5
595.857	3234.75	0	3234.75
595.98	3162.75	0	3162.75
596.102	3166	0	3166
596.225	3057	0	3057
596.347	3105.75	0	3105.75
596.47	2990.25	0	2990.25
596.592	3035.75	0	3035.75
596.715	2974.5	0	2974.5
596.837	2959	0	2959
596.96	2912.75	0	2912.75
597.082	2938.5	0	2938.5
597.205	2873.25	0	2873.25
597.327	2898.25	0	2898.25
597.449	2878.5	0	2878.5
597.572	2786.25	0	2786.25
597.694	2824.25	0	2824.25
597.816	2820	0	2820
597.939	2804.5	0	2804.5
598.061	2817.25	0	2817.25
598.183	2807.5	0	2807.5
598.306	2750	0	2750
598.428	2738.5	0	2738.5
598.55	2784.25	0	2784.25
598.672	2737	0	2737
598.795	2798.25	0	2798.25
598.917	2839	0	2839
599.039	2796.75	0	2796.75
599.161	2756.5	0	2756.5
599.283	2777	0	2777
599.405	2735.5	0	2735.5
599.527	2737.5	0	2737.5
599.65	2677.75	0	2677.75
599.772	2662.75	0	2662.75
599.894	2739.5	0	2739.5
600.016	2714.25	0	2714.25
600.138	2648.75	0	2648.75
600.26	2670.75	0	2670.75
600.382	2663.75	0	2663.75
600.504	2683.25	0	2683.25
600.625	2687	0	2687
600.747	2716.75	0	2716.75
600.869	2721.25	0	2721.25
600.991	2661.25	0	2661.25
601.113	2741	0	2741
601.235	2721	0	2721
601.357	2757.75	0	2757.75
601.479	2661	0	2661
601.6	2682.5	0	2682.5
601.722	2635	0	2635
601.844	2651	0	2651
601.966	2631.75	0	2631.75
602.087	2731.5	0	2731.5
602.209	2661.75	0	2661.75
602.331	2692	0	2692
602.453	2719.5	0	2719.5
602.574	2725.75	0	2725.75
602.696	2750.25	0	2750.25
602.818	2831.75	0	2831.75
602.939	2719.5	0	2719.5
603.061	2735.25	0	2735.25
603.182	2686.25	0	2686.25
603.304	2628	0	2628
603.426	2627.75	0	2627.75
603.547	2608.75	0	2608.75
603.669	2655.5	0	2655.5
603.79	2618	0	2618
603.912	2543.5	0	2543.5
604.033	2629.25	0	2629.25
604.154	2624.75	0	2624.75
604.276	2558.25	0	2558.25
604.397	2572	0	2572
604.519	2598.75	0	2598.75
604.64	2566.5	0	2566.5
604.761	2540.25	0	2540.25
604.883	2594	0	2594
605.004	2563	0	2563
605.125	2592.75	0	2592.75
605.247	2562.75	0	2562.75
605.368	2559.5	0	2559.5
605.489	2564.5	0	2564.5
605.611	2562.5	0	2562.5
605.732	2591.75	0	2591.75
605.853	2582.25	0	2582.25
605.974	2553.25	0	2553.25
606.095	2531.25	0	2531.25
606.216	2543.25	0	2543.25
606.338	2526.25	0	2526.25
606.459	2576	0	2576
606.58	2555.5	0	2555.5
606.701	2543	0	2543
606.822	2566	0	2566
606.943	2648	0	2648
607.064	2577.5	0	2577.5
607.185	2500.75	0	2500.75
607.306	2522	0	2522
607.427	2510.5	0	2510.5
607.548	2511	0	2511
607.669	2541.25	0	2541.25
607.79	2514.25	0	2514.25
607.911	2524	0	2524
608.032	2490.25	0	2490.25
608.153	2462.5	0	2462.5
608.274	2547.5	0	2547.5
608.394	2519.5	0	2519.5
608.515	2494	0	2494
608.636	2459	0	2459
608.757	2505.25	0	2505.25
608.878	2482.75	0	2482.75
608.998	2506.75	0	2506.75
609.119	2471.5	0	2471.5
609.24	2458	0	2458
609.361	2498.5	0	2498.5
609.481	2458.75	0	2458.75
609.602	2441.25	0	2441.25
609.723	2465.25	0	2465.25
609.843	2466	0	2466
609.964	2477.75	0	2477.75
610.085	2481.75	0	2481.75
610.205	2451	0	2451
610.326	2513.5	0	2513.5
610.446	2492	0	2492
610.567	2573.75	0	2573.75
610.687	2482.75	0	2482.75
610.808	2486	0	2486
610.928	2476.25	0	2476.25
611.049	2454	0	2454
611.169	2468.25	0	2468.25
611.29	2474.25	0	2474.25
611.41	2414	0	2414
611.531	2438	0	2438
611.651	2471	0	2471
611.771	2436	0	2436
611.892	2430	0	2430
612.012	2419.5	0	2419.5
612.132	2455.5	0	2455.5
612.253	2425.5	0	2425.5
612.373	2386	0	2386
612.493	2417	0	2417
612.613	2427.25	0	2427.25
612.734	2478.25	0	2478.25
612.854	2442.75	0	2442.75
612.974	2419.5	0	2419.5
613.094	2412	0	2412
613.214	2408	0	2408
613.335	2374.5	0	2374.5
613.455	2431.75	0	2431.75
613.575	2419.25	0	2419.25
613.695	2371	0	2371
613.815	2388.5	0	2388.5
613.935	2463.75	0	2463.75
614.055	2625.75	0	2625.75
614.175	2663.5	0	2663.5
614.295	2546.5	0	2546.5
614.415	2441.75	0	2441.75
614.535	2388.75	0	2388.75
614.655	2409.25	0	2409.25
614.775	2386.25	0	2386.25
614.895	2405.25	0	2405.25
615.015	2385.25	0	2385.25
615.135	2436.25	0	2436.25
615.254	2505	0	2505
615.374	2409.5	0	2409.5
615.494	2429	0	2429
615.614	2453	0	2453
615.734	2409.5	0	2409.5
615.854	2436	0	2436
615.973	2407.75	0	2407.75
616.093	2395	0	2395
616.213	2466.5	0	2466.5
616.332	2502.25	0	2502.25
616.452	2475.5	0	2475.5
616.572	2446.25	0	2446.25
616.691	2429	0	2429
616.811	2463.75	0	2463.75
616.931	2503.5	0	2503.5
617.05	2441.75	0	2441.75
617.17	2483.5	0	2483.5
617.289	2507	0	2507
617.409	2487.25	0	2487.25
617.529	2512.25	0	2512.25
617.648	2479.75	0	2479.75
617.768	2467.75	0	2467.75
617.887	2472.5	0	2472.5
618.006	2446	0	2446
618.126	2424.5	0	2424.5
618.245	2379.75	0	2379.75
618.365	2441.75	0	2441.75
618.484	2421.75	0	2421.75
618.604	2431	0	2431
618.723	2461.25	0	2461.25
618.842	2448.25	0	2448.25
618.962	2390.25	0	2390.25
619.081	2446.25	0	2446.25
619.2	2421	0	2421
619.319	2379.5	0	2379.5
619.439	2417.5	0	2417.5
619.558	2493	0	2493
619.677	2441	0	2441
619.796	2355.5	0	2355.5
619.916	2393.25	0	2393.25
620.035	2321.25	0	2321.25
620.154	2372	0	2372
620.273	2331	0	2331
620.392	2372.25	0	2372.25
620.511	2359	0	2359
620.63	2323	0	2323
620.749	2293.5	0	2293.5
620.868	2312.5	0	2312.5
620.987	2327	0	2327
621.106	2249.5	0	2249.5
621.225	2307	0	2307
621.344	2300.25	0	2300.25
621.463	2283.25	0	2283.25
621.582	2301.5	0	2301.5
621.701	2226.75	0	2226.75
621.82	2316.5	0	2316.5
621.939	2270	0	2270
622.058	2262	0	2262
622.177	2207.75	0	2207.75
622.295	2234.25	0	2234.25
622.414	2274.75	0	2274.75
622.533	2266.5	0	2266.5
622.652	2239.5	0	2239.5
622.771	2195.25	0	2195.25
622.889	2296.5	0	2296.5
623.008	2231.75	0	2231.75
623.127	2231.75	0	2231.75
623.245	2222.75	0	2222.75
623.364	2242	0	2242
623.483	2370.25	0	2370.25
623.601	2310.75	0	2310.75
623.72	2210.75	0	2210.75
623.839	2182.25	0	2182.25
623.957	2203.5	0	2203.5
624.076	2162	0	2162
624.194	2197.25	0	2197.25
624.313	2205.25	0	2205.25
624.431	2168	0	2168
624.55	2187.25	0	2187.25
624.668	2159	0	2159
624.787	2144.5	0	2144.5
624.905	2189.5	0	2189.5
625.024	2219	0	2219
625.142	2285.5	0	2285.5
625.26	2218	0	2218
625.379	2171.25	0	2171.25
625.497	2177.75	0	2177.75
625.615	2204.5	0	2204.5
625.734	2199.25	0	2199.25
625.852	2200.5	0	2200.5
625.97	2186	0	2186
626.089	2165.25	0	2165.25
626.207	2140.75	0	2140.75
626.325	2112	0	2112
626.443	2118.75	0	2118.75
626.561	2139.5	0	2139.5
626.68	2079	0	2079
626.798	2077.75	0	2077.75
626.916	2155	0	2155
627.034	2111.75	0	2111.75
627.152	2115.75	0	2115.75
627.27	2100.5	0	2100.5
627.388	2168.25	0	2168.25
627.506	2097	0	2097
627.624	2079.75	0	2079.75
627.742	2079.75	0	2079.75
627.86	2146.25	0	2146.25
627.978	2100.5	0	2100.5
628.096	2060.5	0	2060.5
628.214	2106.25	0	2106.25
628.332	2103.75	0	2103.75
628.45	2118.5	0	2118.5
628.568	2128.25	0	2128.25
628.686	2103.75	0	2103.75
628.804	2103.5	0	2103.5
628.921	2096.75	0	2096.75
629.039	2079.25	0	2079.25
629.157	2076.5	0	2076.5
629.275	2112.75	0	2112.75
629.393	2048.75	0	2048.75
629.51	2077.25	0	2077.25
629.628	2111	0	2111
629.746	2065.75	0	2065.75
629.864	2085.25	0	2085.25
629.981	2047.25	0	2047.25
630.099	2018	0	2018
630.216	2088.5	0	2088.5
630.334	2069.25	0	2069.25
630.452	2076.5	0	2076.5
630.569	2156.5	0	2156.5
630.687	2137.5	0	2137.5
630.804	2088.75	0	2088.75
630.922	2002.5	0	2002.5
631.039	2023.75	0	2023.75
631.157	2117.75	0	2117.75
631.274	2010.75	0	2010.75
631.392	2053.75	0	2053.75
631.509	2008.25	0	2008.25
631.627	2001.25	0	2001.25
631.744	1985.75	0	1985.75
631.861	2015.75	0	2015.75
631.979	2007.25	0	2007.25
632.096	2003	0	2003
632.213	2084	0	2084
632.331	2035.75	0	2035.75
632.448	2012.75	0	2012.75
632.565	2012.5	0	2012.5
632.683	2031	0	2031
632.8	2029	0	2029
632.917	2008.75	0	2008.75
633.034	2020.25	0	2020.25
633.151	1990.75	0	1990.75
633.269	2034	0	2034
633.386	1967.5	0	1967.5
633.503	2012.75	0	2012.75
633.62	2012.5	0	2012.5
633.737	1988.75	0	1988.75
633.854	1990.5	0	1990.5
633.971	2033.75	0	2033.75
634.088	2062.25	0	2062.25
634.205	2089.25	0	2089.25
634.322	1995.75	0	1995.75
634.439	1968.25	0	1968.25
634.556	1959.75	0	1959.75
634.673	1953	0	1953
634.79	2026	0	2026
634.907	1965.25	0	1965.25
635.024	1954	0	1954
635.141	2023.25	0	2023.25
635.258	1943	0	1943
635.375	1962	0	1962
635.491	1934.5	0	1934.5
635.608	1974.5	0	1974.5
635.725	1975	0	1975
635.842	1997	0	1997
635.958	1982	0	1982
636.075	1958.75	0	1958.75
636.192	1958.25	0	1958.25
636.309	1945.5	0	1945.5
636.425	1993.5	0	1993.5
636.542	1954.5	0	1954.5
636.659	1964.25	0	1964.25
636.775	2015	0	2015
636.892	1985.75	0	1985.75
637.008	1957.75	0	1957.75
637.125	1973.25	0	1973.25
637.241	1985	0	1985
637.358	1996.5	0	1996.5
637.475	1960.25	0	1960.25
637.591	1983.75	0	1983.75
637.707	1941.5	0	1941.5
637.824	1921.5	0	1921.5
637.94	1993.75	0	1993.75
638.057	1997	0	1997
638.173	1954.25	0	1954.25
638.29	1972.75	0	1972.75
638.406	1942.25	0	1942.25
638.522	1979.25	0	1979.25
638.639	1930	0	1930
638.755	1954.5	0	1954.5
638.871	1986.25	0	1986.25
638.987	1978.5	0	1978.5
639.104	1933	0	1933
639.22	1914	0	1914
639.336	1970.25	0	1970.25
639.452	1960.5	0	1960.5
639.569	1992.25	0	1992.25
639.685	2010.5	0	2010.5
639.801	2031	0	2031
639.917	1987.5	0	1987.5
640.033	1930.75	0	1930.75
640.149	1931	0	1931
640.265	1969.75	0	1969.75
640.381	2100	0	2100
640.497	2204.75	0	2204.75
640.613	1981.25	0	1981.25
640.729	1947	0	1947
640.845	1894.75	0	1894.75
640.961	1908.5	0	1908.5
641.077	1953.75	0	1953.75
641.193	1972	0	1972
641.309	1946	0	1946
641.425	1939.75	0	1939.75
641.541	1975.25	0	1975.25
641.657	2002.25	0	2002.25
641.773	1951.5	0	1951.5
641.888	1905	0	1905
642.004	1912.25	0	1912.25
642.12	1920.5	0	1920.5
642.236	1873	0	1873
642.352	1915.25	0	1915.25
642.467	1981	0	1981
642.583	1974.5	0	1974.5
642.699	1919.75	0	1919.75
642.814	1896.5	0	1896.5
642.93	1871	0	1871
643.046	1880	0	1880
643.161	1919.25	0	1919.25
643.277	1902.75	0	1902.75
643.392	1949.75	0	1949.75
643.508	1998	0	1998
643.623	1890	0	1890
643.739	1943	0	1943
643.854	1864.25	0	1864.25
643.97	1887.75	0	1887.75
644.085	1915.5	0	1915.5
644.201	1915.5	0	1915.5
644.316	1913.5	0	1913.5
644.432	1896.5	0	1896.5
644.547	1931.75	0	1931.75
644.663	1957.75	0	1957.75
644.778	1926.75	0	1926.75
644.893	1948.75	0	1948.75
645.008	1909.25	0	1909.25
645.124	1941.25	0	1941.25
645.239	1897.25	0	1897.25
645.354	1909.25	0	1909.25
645.47	1905.25	0	1905.25
645.585	1949	0	1949
645.7	1981	0	1981
645.815	1907	0	1907
645.93	1955	0	1955
646.046	2003.5	0	2003.5
646.161	2023	0	2023
646.276	2024	0	2024
646.391	1971.5	0	1971.5
646.506	2012	0	2012
646.621	1983.25	0	1983.25
646.736	2029	0	2029
646.851	1972.5	0	1972.5
646.966	1974.75	0	1974.75
647.081	2014.5	0	2014.5
647.196	2030.5	0	2030.5
647.311	2021.5	0	2021.5
647.426	2064.75	0	2064.75
647.541	2059.25	0	2059.25
647.656	2058.25	0	2058.25
647.771	2051.25	0	2051.25
647.885	2084.75	0	2084.75
648	2132.75	0	2132.75
648.115	2168.5	0	2168.5
648.23	2145.5	0	2145.5
648.345	2205.5	0	2205.5
648.459	2239.75	0	2239.75
648.574	2355.25	0	2355.25
648.689	2332.75	0	2332.75
648.804	2271.75	0	2271.75
648.918	2251.75	0	2251.75
649.033	2220.75	0	2220.75
649.148	2200.5	0	2200.5
649.262	2163.25	0	2163.25
649.377	2142.25	0	2142.25
649.491	2154.25	0	2154.25
649.606	2073.25	0	2073.25
649.721	2117.75	0	2117.75
649.835	2233.5	0	2233.5
649.95	2303.5	0	2303.5
650.064	2179	0	2179
650.179	2112	0	2112
650.293	2060.25	0	2060.25
650.408	2093.25	0	2093.25
650.522	2043.25	0	2043.25
650.636	2080	0	2080
650.751	2077.5	0	2077.5
650.865	2082.5	0	2082.5
650.979	2024.5	0	2024.5
651.094	1998	0	1998
651.208	2030.5	0	2030.5
651.322	2042.75	0	2042.75
651.437	2034.25	0	2034.25
651.551	2051.75	0	2051.75
651.665	2002.5	0	2002.5
651.779	2017.25	0	2017.25
651.894	2014.25	0	2014.25
652.008	2020	0	2020
652.122	2089.75	0	2089.75
652.236	2059.25	0	2059.25
652.35	1999	0	1999
652.464	2017	0	2017
652.578	2091	0	2091
652.693	2062.25	0	2062.25
652.807	2081	0	2081
652.921	2060.5	0	2060.5
653.035	2079.5	0	2079.5
653.149	2055.5	0	2055.5
653.263	2066	0	2066
653.376	2129	0	2129
653.49	2158.25	0	2158.25
653.604	2100.25	0	2100.25
653.718	2158.75	0	2158.75
653.832	2132.5	0	2132.5
653.946	2177.5	0	2177.5
654.06	2173.5	0	2173.5
654.174	2194.5	0	2194.5
654.287	2175.75	0	2175.75
654.401	2168.25	0	2168.25
654.515	2240.25	0	2240.25
654.629	2246.25	0	2246.25
654.743	2282.75	0	2282.75
654.856	2302.75	0	2302.75
654.97	2281	0	2281
655.084	2413.5	0	2413.5
655.197	2398.5	0	2398.5
655.311	2383.75	0	2383.75
655.424	2472.25	0	2472.25
655.538	2519	0	2519
655.652	2596.25	0	2596.25
655.765	2597.25	0	2597.25
655.879	2663.25	0	2663.25
655.992	2758	0	2758
656.106	2817.5	0	2817.5
656.219	2929	0	2929
656.333	2962	0	2962
656.446	3089	0	3089
656.56	3278.5	0	3278.5
656.673	3318.75	0	3318.75
656.786	3331.5	0	3331.5
656.9	3205	0	3205
657.013	3151	0	3151
657.127	3124.25	0	3124.25
657.24	3104.25	0	3104.25
657.353	2941.25	0	2941.25
657.466	2895.5	0	2895.5
657.58	2875.5	0	2875.5
657.693	2785.5	0	2785.5
657.806	2678	0	2678
657.919	2652	0	2652
658.032	2662.25	0	2662.25
658.146	2562.25	0	2562.25
658.259	2534.75	0	2534.75
658.372	2520.5	0	2520.5
658.485	2439.5	0	2439.5
658.598	2452	0	2452
658.711	2419.5	0	2419.5
658.824	2373.75	0	2373.75
658.937	2359.25	0	2359.25
659.05	2336.25	0	2336.25
659.163	2343	0	2343
659.276	2280.25	0	2280.25
659.389	2288.25	0	2288.25
659.502	2323	0	2323
659.615	2288	0	2288
659.728	2322.5	0	2322.5
659.841	2305.5	0	2305.5
659.954	2226	0	2226
660.067	2229	0	2229
660.179	2216	0	2216
660.292	2258.25	0	2258.25
660.405	2253.25	0	2253.25
660.518	2205	0	2205
660.63	2275.5	0	2275.5
660.743	2249	0	2249
660.856	2293	0	2293
660.969	2287	0	2287
661.081	2294	0	2294
661.194	2306.75	0	2306.75
661.307	2307.5	0	2307.5
661.419	2296.5	0	2296.5
661.532	2248	0	2248
661.644	2276	0	2276
661.757	2223.75	0	2223.75
661.869	2204.75	0	2204.75
661.982	2129.75	0	2129.75
662.094	2091.5	0	2091.5
662.207	2085	0	2085
662.319	2018.25	0	2018.25
662.432	2027.75	0	2027.75
662.544	1973.25	0	1973.25
662.656	1987.25	0	1987.25
662.769	1909.5	0	1909.5
662.881	1915.5	0	1915.5
662.994	1959.75	0	1959.75
663.106	1904	0	1904
663.218	1938.5	0	1938.5
663.331	1889.75	0	1889.75
663.443	1865.25	0	1865.25
663.555	1920.75	0	1920.75
663.667	1898	0	1898
663.779	1862.25	0	1862.25
663.892	1819.25	0	1819.25
664.004	1855	0	1855
664.116	1847.25	0	1847.25
664.228	1835.5	0	1835.5
664.34	1843	0	1843
664.452	1794	0	1794
664.564	1767.5	0	1767.5
664.676	1804	0	1804
664.788	1786.25	0	1786.25
664.901	1782.5	0	1782.5
665.012	1717.5	0	1717.5
665.125	1761.75	0	1761.75
665.236	1782.5	0	1782.5
665.348	1792	0	1792
665.46	1799.25	0	1799.25
665.572	1783.25	0	1783.25
665.684	1809.75	0	1809.75
665.796	1727.75	0	1727.75
665.908	1740.5	0	1740.5
666.02	1734.5	0	1734.5
666.131	1712	0	1712
666.243	1730.75	0	1730.75
666.355	1697.25	0	1697.25
666.467	1759.75	0	1759.75
666.578	1735.75	0	1735.75
666.69	1692	0	1692
666.802	1699.75	0	1699.75
666.914	1663.5	0	1663.5
667.025	1669.75	0	1669.75
667.137	1674.75	0	1674.75
667.248	1699.5	0	1699.5
667.36	1698.75	0	1698.75
667.472	1639.25	0	1639.25
667.583	1656.25	0	1656.25
667.695	1638.75	0	1638.75
667.806	1637.25	0	1637.25
667.918	1644.25	0	1644.25
668.029	1655	0	1655
668.141	1697	0	1697
668.252	1730.25	0	1730.25
668.363	1611	0	1611
668.475	1608.5	0	1608.5
668.586	1634	0	1634
668.698	1608.5	0	1608.5
668.809	1580	0	1580
668.92	1577	0	1577
669.032	1562.75	0	1562.75
669.143	1552.5	0	1552.5
669.254	1551.75	0	1551.75
669.365	1571.5	0	1571.5
669.477	1531	0	1531
669.588	1549.75	0	1549.75
669.699	1568.75	0	1568.75
669.81	1512.75	0	1512.75
669.921	1572.25	0	1572.25
670.032	1530	0	1530
670.143	1516.75	0	1516.75
670.255	1522.75	0	1522.75
670.366	1537.75	0	1537.75
670.477	1505	0	1505
670.588	1523.5	0	1523.5
670.699	1510.75	0	1510.75
670.81	1506.75	0	1506.75
670.921	1476.25	0	1476.25
671.032	1547.5	0	1547.5
671.143	1501.25	0	1501.25
671.253	1528.25	0	1528.25
671.364	1539.75	0	1539.75
671.475	1479.5	0	1479.5
671.586	1519.25	0	1519.25
671.697	1488	0	1488
671.808	1507.5	0	1507.5
671.919	1542.25	0	1542.25
672.029	1504.75	0	1504.75
672.14	1508.5	0	1508.5
672.251	1511	0	1511
672.362	1489.25	0	1489.25
672.472	1488	0	1488
672.583	1497.75	0	1497.75
672.694	1457.25	0	1457.25
672.804	1494	0	1494
672.915	1449	0	1449
673.025	1505.5	0	1505.5
673.136	1515.75	0	1515.75
673.247	1515	0	1515
673.357	1479	0	1479
673.468	1474.5	0	1474.5
673.578	1519.25	0	1519.25
673.689	1473.75	0	1473.75
673.799	1424.5	0	1424.5
673.91	1451	0	1451
674.02	1458.75	0	1458.75
674.13	1486	0	1486
674.241	1467.75	0	1467.75
674.351	1465.75	0	1465.75
674.461	1419	0	1419
674.572	1444.75	0	1444.75
674.682	1413.5	0	1413.5
674.792	1433.25	0	1433.25
674.903	1414.25	0	1414.25
675.013	1396	0	1396
675.123	1477.75	0	1477.75
675.233	1428.75	0	1428.75
675.344	1409	0	1409
675.454	1468	0	1468
675.564	1428	0	1428
675.674	1506.75	0	1506.75
675.784	1399.25	0	1399.25
675.894	1389.5	0	1389.5
676.004	1361.5	0	1361.5
676.114	1369	0	1369
676.224	1401.75	0	1401.75
676.334	1372.5	0	1372.5
676.444	1360.75	0	1360.75
676.554	1373.25	0	1373.25
676.664	1380	0	1380
676.774	1369.75	0	1369.75
676.884	1359.75	0	1359.75
676.994	1349.75	0	1349.75
677.104	1333.5	0	1333.5
677.214	1364.5	0	1364.5
677.324	1333.25	0	1333.25
677.433	1346.25	0	1346.25
677.543	1353.25	0	1353.25
677.653	1321.25	0	1321.25
677.763	1352.75	0	1352.75
677.872	1358	0	1358
677.982	1323	0	1323
678.092	1313	0	1313
678.202	1355.5	0	1355.5
678.311	1328.25	0	1328.25
678.421	1303.5	0	1303.5
678.53	1342.5	0	1342.5
678.64	1333.5	0	1333.5
678.75	1335.75	0	1335.75
678.859	1303	0	1303
678.969	1303.25	0	1303.25
679.078	1271.25	0	1271.25
679.188	1341.75	0	1341.75
679.297	1293.25	0	1293.25
679.407	1281	0	1281
679.516	1303.5	0	1303.5
679.625	1328.5	0	1328.5
679.735	1319.25	0	1319.25
679.844	1310	0	1310
679.954	1290	0	1290
680.063	1277.75	0	1277.75
680.172	1293.25	0	1293.25
680.282	1273.5	0	1273.5
680.391	1264.5	0	1264.5
680.5	1305	0	1305
680.609	1292.25	0	1292.25
680.719	1273.5	0	1273.5
680.828	1302.25	0	1302.25
680.937	1236.75	0	1236.75
681.046	1274	0	1274
681.155	1269.5	0	1269.5
681.264	1293.25	0	1293.25
681.374	1301	0	1301
681.483	1262.25	0	1262.25
681.592	1254	0	1254
681.701	1256.75	0	1256.75
681.81	1291.5	0	1291.5
681.919	1262.5	0	1262.5
682.028	1259	0	1259
682.137	1234.5	0	1234.5
682.246	1247.25	0	1247.25
682.355	1240.25	0	1240.25
682.463	1276.25	0	1276.25
682.572	1248.5	0	1248.5
682.681	1266.25	0	1266.25
682.79	1259.5	0	1259.5
682.899	1255.5	0	1255.5
683.008	1218	0	1218
683.117	1215.75	0	1215.75
683.225	1247.5	0	1247.5
683.334	1241.25	0	1241.25
683.443	1238.25	0	1238.25
683.551	1227	0	1227
683.66	1249.25	0	1249.25
683.769	1259.75	0	1259.75
683.877	1254	0	1254
683.986	1203.5	0	1203.5
684.095	1228	0	1228
684.203	1232	0	1232
684.312	1215.25	0	1215.25
684.42	1220	0	1220
684.529	1236.75	0	1236.75
684.637	1228	0	1228
684.746	1240.5	0	1240.5
684.854	1238	0	1238
684.963	1233	0	1233
685.071	1215.75	0	1215.75
685.18	1202	0	1202
685.288	1220.75	0	1220.75
685.396	1229.5	0	1229.5
685.505	1218.5	0	1218.5
685.613	1192.75	0	1192.75
685.721	1203.5	0	1203.5
685.83	1209.25	0	1209.25
685.938	1249.25	0	1249.25
686.046	1249.75	0	1249.75
686.154	1241.25	0	1241.25
686.263	1257.75	0	1257.75
686.371	1200	0	1200
686.479	1182	0	1182
686.587	1198.75	0	1198.75
686.695	1215	0	1215
686.803	1224.75	0	1224.75
686.911	1202	0	1202
687.019	1196.5	0	1196.5
687.127	1215.25	0	1215.25
687.235	1152	0	1152
687.343	1171.75	0	1171.75
687.451	1159.5	0	1159.5
687.559	1157.75	0	1157.75
687.667	1166	0	1166
687.775	1171.5	0	1171.5
687.883	1167.25	0	1167.25
687.991	1172.75	0	1172.75
688.099	1164.75	0	1164.75
688.207	1160	0	1160
688.315	1172.25	0	1172.25
688.422	1160.5	0	1160.5
688.53	1132.75	0	1132.75
688.638	1107.25	0	1107.25
688.746	1177	0	1177
688.853	1135.5	0	1135.5
688.961	1154.75	0	1154.75
689.069	1143.75	0	1143.75
689.176	1132	0	1132
689.284	1127	0	1127
689.392	1127.25	0	1127.25
689.499	1142.25	0	1142.25
689.607	1126.75	0	1126.75
689.714	1094.5	0	1094.5
689.822	1135	0	1135
689.93	1111	0	1111
690.037	1104	0	1104
690.144	1097.75	0	1097.75
690.252	1115.25	0	1115.25
690.359	1106	0	1106
690.467	1142.5	0	1142.5
690.574	1123.5	0	1123.5
690.682	1117.25	0	1117.25
690.789	1088.5	0	1088.5
690.896	1121	0	1121
691.004	1102.75	0	1102.75
691.111	1077.25	0	1077.25
691.218	1098.5	0	1098.5
691.325	1072.25	0	1072.25
691.433	1128	0	1128
691.54	1107.25	0	1107.25
691.647	1072	0	1072
691.754	1072.25	0	1072.25
691.861	1103.5	0	1103.5
691.969	1101	0	1101
692.076	1095	0	1095
692.183	1074.5	0	1074.5
692.29	1073	0	1073
692.397	1052.25	0	1052.25
692.504	1080	0	1080
692.611	1077.5	0	1077.5
692.718	1058.75	0	1058.75
692.825	1091.5	0	1091.5
692.932	1080	0	1080
693.039	1095.5	0	1095.5
693.146	1046.75	0	1046.75
693.253	1068.25	0	1068.25
693.359	1079.25	0	1079.25
693.466	1073	0	1073
693.573	1052.25	0	1052.25
693.68	1060.25	0	1060.25
693.787	1047.5	0	1047.5
693.894	1041	0	1041
694	1084.5	0	1084.5
694.107	1079.5	0	1079.5
694.214	1027	0	1027
694.32	1048.75	0	1048.75
694.427	1032.5	0	1032.5
694.534	1034.75	0	1034.75
694.64	1035.75	0	1035.75
694.747	1061.5	0	1061.5
694.853	1040.25	0	1040.25
694.96	1049.25	0	1049.25
695.067	1048.25	0	1048.25
695.173	1031.25	0	1031.25
695.28	1045.25	0	1045.25
695.386	1041.5	0	1041.5
695.493	1018.5	0	1018.5
695.599	1023.5	0	1023.5
695.705	1034	0	1034
695.812	1015	0	1015
695.918	1023.75	0	1023.75
696.025	1033.75	0	1033.75
696.131	1040.25	0	1040.25
696.237	1017.5	0	1017.5
696.344	1022	0	1022
696.45	1008.75	0	1008.75
696.556	1013.75	0	1013.75
696.662	1001.5	0	1001.5
696.768	992.75	0	992.75
696.875	998	0	998
696.981	1020.75	0	1020.75
697.087	1021.75	0	1021.75
697.193	1003.25	0	1003.25
697.299	1007.25	0	1007.25
697.405	991	0	991
697.512	1028.75	0	1028.75
697.618	997.75	0	997.75
697.724	993	0	993
697.83	991	0	991
697.936	990	0	990
698.042	998.25	0	998.25
698.148	1004.25	0	1004.25
698.253	987.5	0	987.5
698.359	989	0	989
698.465	993.5	0	993.5
698.571	975.5	0	975.5
698.677	986	0	986
698.783	985.25	0	985.25
698.889	991.5	0	991.5
698.994	978.25	0	978.25
699.1	979.75	0	979.75
699.206	917	0	917
699.312	960.5	0	960.5
699.417	941.75	0	941.75
699.523	943.5	0	943.5
699.629	925.25	0	925.25
699.734	949	0	949
699.84	982.25	0	982.25
699.946	940.25	0	940.25
700.051	949.75	0	949.75
700.157	960	0	960
700.262	941	0	941
700.368	954.5	0	954.5
700.473	946.5	0	946.5
700.579	950.25	0	950.25
700.684	935.5	0	935.5
700.79	944	0	944
700.895	915.75	0	915.75
701	937.75	0	937.75
701.106	921	0	921
701.211	941.75	0	941.75
701.316	932.5	0	932.5
701.422	946.25	0	946.25
701.527	916.25	0	916.25
701.632	947	0	947
701.738	942.75	0	942.75
701.843	919.25	0	919.25
701.948	940	0	940
702.053	912	0	912
702.158	935	0	935
702.264	926.75	0	926.75
702.369	927	0	927
702.474	913.5	0	913.5
702.579	935.5	0	935.5
702.684	914.5	0	914.5
702.789	931.25	0	931.25
702.894	944.5	0	944.5
702.999	915.75	0	915.75
703.104	899.25	0	899.25
703.209	879.25	0	879.25
703.314	892.5	0	892.5
703.419	914.75	0	914.75
703.524	907.75	0	907.75
703.629	904.5	0	904.5
703.733	891.5	0	891.5
703.838	906.25	0	906.25
703.943	917.25	0	917.25
704.048	909.25	0	909.25
704.153	899.75	0	899.75
704.257	900.75	0	900.75
704.362	893	0	893
704.467	908.5	0	908.5
704.572	904	0	904
704.676	885.75	0	885.75
704.781	890.25	0	890.25
704.886	890.5	0	890.5
704.99	896.25	0	896.25
705.095	931	0	931
705.199	873.75	0	873.75
705.304	879.5	0	879.5
705.408	870.75	0	870.75
705.513	898	0	898
705.617	856.5	0	856.5
705.722	864.25	0	864.25
705.826	866.25	0	866.25
705.931	877.75	0	877.75
706.035	848.5	0	848.5
706.139	844.25	0	844.25
706.244	854	0	854
706.348	863	0	863
706.452	852.25	0	852.25
706.557	882.25	0	882.25
706.661	845.5	0	845.5
706.765	838.5	0	838.5
706.87	854	0	854
706.974	865	0	865
707.078	856	0	856
707.182	865.25	0	865.25
707.286	886.25	0	886.25
707.39	870.5	0	870.5
707.495	849.5	0	849.5
707.599	852	0	852
707.703	833	0	833
707.807	850	0	850
707.911	837.75	0	837.75
708.015	858.25	0	858.25
708.119	813.5	0	813.5
708.223	828.5	0	828.5
708.327	829	0	829
708.431	835.75	0	835.75
708.534	840	0	840
708.638	857.25	0	857.25
708.742	813.75	0	813.75
708.846	863.5	0	863.5
708.95	859.25	0	859.25
709.054	819	0	819
709.157	850.5	0	850.5
709.261	839.25	0	839.25
709.365	850.25	0	850.25
709.469	837.5	0	837.5
709.572	819.5	0	819.5
709.676	823.25	0	823.25
709.78	851	0	851
709.883	822.5	0	822.5
709.987	833.25	0	833.25
710.09	835.25	0	835.25
710.194	825	0	825
710.298	852.5	0	852.5
710.401	796.25	0	796.25
710.505	830.5	0	830.5
710.608	836.5	0	836.5
710.711	870.5	0	870.5
710.815	815.25	0	815.25
710.918	819.5	0	819.5
711.022	814.75	0	814.75
711.125	808.25	0	808.25
711.228	811.75	0	811.75
711.332	799	0	799
711.435	798.75	0	798.75
711.538	829.75	0	829.75
711.642	800.5	0	800.5
711.745	826.75	0	826.75
711.848	827	0	827
711.951	804.75	0	804.75
712.055	801.25	0	801.25
712.158	822.75	0	822.75
712.261	812.75	0	812.75
712.364	825.5	0	825.5
712.467	827.25	0	827.25
712.57	797	0	797
712.673	823.75	0	823.75
712.776	804.25	0	804.25
712.879	818.75	0	818.75
712.982	801	0	801
713.085	799	0	799
713.188	818.75	0	818.75
713.291	783.5	0	783.5
713.394	807.75	0	807.75
713.497	821.5	0	821.5
713.6	819	0	819
713.703	838.25	0	838.25
713.805	815.75	0	815.75
713.908	797.25	0	797.25
714.011	794.75	0	794.75
714.114	793	0	793
714.216	805.5	0	805.5
714.319	805.25	0	805.25
714.422	819	0	819
714.525	803.75	0	803.75
714.627	793	0	793
714.73	793.25	0	793.25
714.833	797	0	797
714.935	807.5	0	807.5
715.038	781.75	0	781.75
715.14	784	0	784
715.243	790	0	790
715.345	791.5	0	791.5
715.448	780.75	0	780.75
715.55	801.25	0	801.25
715.653	834	0	834
715.755	805.5	0	805.5
715.857	851.25	0	851.25
715.96	873.25	0	873.25
716.062	939.5	0	939.5
716.164	1008.5	0	1008.5
716.267	992.25	0	992.25
716.369	941	0	941
716.471	922	0	922
716.574	888.25	0	888.25
716.676	874.75	0	874.75
716.778	862.5	0	862.5
716.88	919.5	0	919.5
716.982	866.5	0	866.5
717.085	850	0	850
717.187	822.25	0	822.25
717.289	830.25	0	830.25
717.391	831.75	0	831.75
717.493	829.25	0	829.25
717.595	815.5	0	815.5
717.697	808	0	808
717.799	802.5	0	802.5
717.901	820.25	0	820.25
718.003	787.5	0	787.5
718.105	812.75	0	812.75
718.207	790.5	0	790.5
718.309	743.75	0	743.75
718.411	777	0	777
718.512	766.75	0	766.75
718.614	785.25	0	785.25
718.716	806.25	0	806.25
718.818	805.75	0	805.75
718.92	770	0	770
719.021	766.25	0	766.25
719.123	856	0	856
719.225	867.5	0	867.5
719.326	819.25	0	819.25
719.428	793	0	793
719.53	779	0	779
719.631	780	0	780
719.733	756.75	0	756.75
719.834	748	0	748
719.936	776	0	776
720.038	745	0	745
720.139	751	0	751
720.241	749.25	0	749.25
720.342	750.5	0	750.5
720.443	736	0	736
720.545	757.5	0	757.5
720.646	759	0	759
720.748	730.5	0	730.5
720.849	728.25	0	728.25
720.95	742.5	0	742.5
721.052	741.75	0	741.75
721.153	778.5	0	778.5
721.254	788.75	0	788.75
721.355	737	0	737
721.457	769.25	0	769.25
721.558	711.75	0	711.75
721.659	721.75	0	721.75
721.76	757.25	0	757.25
721.861	722.5	0	722.5
721.963	744	0	744
722.064	734.75	0	734.75
722.165	723.75	0	723.75
722.266	730	0	730
722.367	716.75	0	716.75
722.468	720.5	0	720.5
722.569	728.25	0	728.25
722.67	722.75	0	722.75
722.771	707	0	707
722.872	747.25	0	747.25
722.973	749.25	0	749.25
723.073	717	0	717
723.174	702.25	0	702.25
723.275	715.5	0	715.5
723.376	722	0	722
723.477	693.5	0	693.5
723.577	717	0	717
723.678	719	0	719
723.779	711.75	0	711.75
723.88	706	0	706
723.98	700.75	0	700.75
724.081	708.5	0	708.5
724.182	719	0	719
724.282	710.25	0	710.25
724.383	716.5	0	716.5
724.483	708.75	0	708.75
724.584	709.75	0	709.75
724.685	708.5	0	708.5
724.785	737.5	0	737.5
724.886	719.75	0	719.75
724.986	710.25	0	710.25
725.086	693.75	0	693.75
725.187	694.25	0	694.25
725.287	706.75	0	706.75
725.388	698.75	0	698.75
725.488	668	0	668
725.588	687.75	0	687.75
725.689	683	0	683
725.789	691.25	0	691.25
725.889	685.75	0	685.75
725.99	704.5	0	704.5
726.09	738.75	0	738.75
726.19	690	0	690
726.29	702.5	0	702.5
726.39	705.75	0	705.75
726.49	702.25	0	702.25
726.591	697.75	0	697.75
726.691	707	0	707
726.791	678.25	0	678.25
726.891	693.75	0	693.75
726.991	670.5	0	670.5
727.091	707.75	0	707.75
727.191	693	0	693
727.291	681.5	0	681.5
727.391	701.25	0	701.25
727.491	670.25	0	670.25
727.591	658.75	0	658.75
727.691	697.5	0	697.5
727.79	669.75	0	669.75
727.89	672	0	672
727.99	665.5	0	665.5
728.09	705.75	0	705.75
728.19	689.25	0	689.25
728.289	687.25	0	687.25
728.389	695	0	695
728.489	676.75	0	676.75
728.589	676.75	0	676.75
728.688	662.5	0	662.5
728.788	674.5	0	674.5
728.888	686	0	686
728.987	678.75	0	678.75
729.087	711.75	0	711.75
729.186	686.25	0	686.25
729.286	684.25	0	684.25
729.385	694	0	694
729.485	681.75	0	681.75
729.584	658.25	0	658.25
729.684	684.5	0	684.5
729.783	697.5	0	697.5
729.883	674	0	674
729.982	666.25	0	666.25
730.081	703	0	703
730.181	658.75	0	658.75
730.28	693.75	0	693.75
730.379	696.5	0	696.5
730.479	652	0	652
730.578	644	0	644
730.677	683.25	0	683.25
730.776	676.25	0	676.25
730.875	680.25	0	680.25
730.975	682.5	0	682.5
731.074	673	0	673
731.173	681.5	0	681.5
731.272	678.5	0	678.5
731.371	671.5	0	671.5
731.47	650.25	0	650.25
731.569	689	0	689
731.668	659.25	0	659.25
731.767	666.75	0	666.75
731.866	652.25	0	652.25
731.965	673.5	0	673.5
732.064	661.5	0	661.5
732.163	658	0	658
732.262	665.25	0	665.25
732.361	663	0	663
732.46	663.25	0	663.25
732.558	649.25	0	649.25
732.657	691	0	691
732.756	648	0	648
732.855	662	0	662
732.953	642.5	0	642.5
733.052	677.5	0	677.5
733.151	656	0	656
733.25	660.5	0	660.5
733.348	644	0	644
733.447	646.75	0	646.75
733.545	637.25	0	637.25
733.644	640	0	640
733.742	645.25	0	645.25
733.841	664	0	664
733.939	632.25	0	632.25
734.038	671.5	0	671.5
734.136	651	0	651
734.235	661.5	0	661.5
734.333	640.5	0	640.5
734.432	637	0	637
734.53	636.25	0	636.25
734.628	640.5	0	640.5
734.727	659.75	0	659.75
734.825	642.75	0	642.75
734.923	640.5	0	640.5
735.022	646.5	0	646.5
735.12	683.25	0	683.25
735.218	653.25	0	653.25
735.316	634.75	0	634.75
735.414	638.75	0	638.75
735.513	634.25	0	634.25
735.611	641	0	641
735.709	646	0	646
735.807	640.75	0	640.75
735.905	650.25	0	650.25
736.003	621.5	0	621.5
736.101	625.5	0	625.5
736.199	653	0	653
736.297	627.75	0	627.75
736.395	656	0	656
736.493	636.75	0	636.75
736.591	638.75	0	638.75
736.689	628	0	628
736.787	641.75	0	641.75
736.884	631	0	631
736.982	654.25	0	654.25
737.08	628.75	0	628.75
737.178	642.5	0	642.5
737.276	639.25	0	639.25
737.373	644	0	644
737.471	639.5	0	639.5
737.569	639.25	0	639.25
737.667	650.75	0	650.75
737.764	651	0	651
737.862	624	0	624
737.959	628.25	0	628.25
738.057	641.5	0	641.5
738.154	677.25	0	677.25
738.252	633.5	0	633.5
738.35	642.5	0	642.5
738.447	631.5	0	631.5
738.544	619.25	0	619.25
738.642	653	0	653
738.739	683.75	0	683.75
738.837	652.75	0	652.75
738.934	673.75	0	673.75
739.031	674	0	674
739.129	648.5	0	648.5
739.226	652.75	0	652.75
739.323	656.25	0	656.25
739.421	685.75	0	685.75
739.518	666	0	666
739.615	677.75	0	677.75