Lambda	Spectrum	Dark	SpecMinusDark
500.031	4445.5	0	4445.5
500.165	4797.75	0	4797.75
500.299	5163	0	5163
500.433	5625	0	5625
500.567	5761.75	0	5761.75
500.701	5975.25	0	5975.25
500.835	6013.25	0	6013.25
500.968	5890	0	5890
501.102	5806	0	5806
501.236	5596.75	0	5596.75
501.37	5447	0	5447
501.504	5159	0	5159
501.637	5004	0	5004
501.771	4880.5	0	4880.5
501.905	4594.75	0	4594.75
502.039	4588	0	4588
502.172	4513	0	4513
502.306	4434.5	0	4434.5
502.44	4399.75	0	4399.75
502.573	4418.25	0	4418.25
502.707	4425.5	0	4425.5
502.841	4419.5	0	4419.5
502.974	4452.25	0	4452.25
503.108	4371.25	0	4371.25
503.242	4371	0	4371
503.375	4361.25	0	4361.25
503.509	4397.75	0	4397.75
503.642	4358.5	0	4358.5
503.776	4426.5	0	4426.5
503.909	4473	0	4473
504.043	4530.5	0	4530.5
504.176	4536.25	0	4536.25
504.31	4646.75	0	4646.75
504.443	4655.75	0	4655.75
504.577	4778	0	4778
504.71	4842.25	0	4842.25
504.844	5062	0	5062
504.977	4998.75	0	4998.75
505.111	4946.25	0	4946.25
505.244	4831.5	0	4831.5
505.377	4901	0	4901
505.511	4861.5	0	4861.5
505.644	4774.75	0	4774.75
505.777	4928.5	0	4928.5
505.911	4884.75	0	4884.75
506.044	4970	0	4970
506.177	4974.25	0	4974.25
506.311	4953.75	0	4953.75
506.444	4996.25	0	4996.25
506.577	4983.25	0	4983.25
506.71	5108	0	5108
506.844	4994	0	4994
506.977	5085.75	0	5085.75
507.11	4953	0	4953
507.243	5046	0	5046
507.376	5136.5	0	5136.5
507.51	5105.5	0	5105.5
507.643	5153.25	0	5153.25
507.776	5107	0	5107
507.909	5132	0	5132
508.042	5145.75	0	5145.75
508.175	5201.25	0	5201.25
508.308	5330	0	5330
508.441	5264	0	5264
508.574	5326.5	0	5326.5
508.707	5300.25	0	5300.25
508.84	5416.5	0	5416.5
508.973	5442	0	5442
509.106	5524	0	5524
509.239	5565.75	0	5565.75
509.372	5568.5	0	5568.5
509.505	5561.75	0	5561.75
509.638	5696	0	5696
509.771	5704.5	0	5704.5
509.904	5812.25	0	5812.25
510.037	5836.75	0	5836.75
510.17	5851.75	0	5851.75
510.303	6018.5	0	6018.5
510.436	5932.25	0	5932.25
510.568	6110.5	0	6110.5
510.701	6151.25	0	6151.25
510.834	6233.25	0	6233.25
510.967	6263.25	0	6263.25
511.1	6415.5	0	6415.5
511.232	6455.75	0	6455.75
511.365	6481	0	6481
511.498	6579	0	6579
511.631	6704.5	0	6704.5
511.763	6830.25	0	6830.25
511.896	6967.25	0	6967.25
512.029	7009.5	0	7009.5
512.161	7091.5	0	7091.5
512.294	7210.25	0	7210.25
512.427	7168	0	7168
512.559	7251	0	7251
512.692	7474.75	0	7474.75
512.825	7637.25	0	7637.25
512.957	7887	0	7887
513.09	7916.5	0	7916.5
513.222	8256	0	8256
513.355	8434.25	0	8434.25
513.487	8474.5	0	8474.5
513.62	8765	0	8765
513.752	8815.75	0	8815.75
513.885	8961	0	8961
514.017	8887	0	8887
514.15	8740.25	0	8740.25
514.282	8708.5	0	8708.5
514.415	8608.25	0	8608.25
514.547	8508.5	0	8508.5
514.68	8277.5	0	8277.5
514.812	8258.5	0	8258.5
514.944	8226.75	0	8226.75
515.077	8002	0	8002
515.209	8095.75	0	8095.75
515.341	8001.25	0	8001.25
515.474	7998.25	0	7998.25
515.606	7996.25	0	7996.25
515.738	7903.5	0	7903.5
515.871	7898.75	0	7898.75
516.003	7894.5	0	7894.5
516.135	7815.5	0	7815.5
516.267	7795.5	0	7795.5
516.4	7855.75	0	7855.75
516.532	7963.75	0	7963.75
516.664	8035.25	0	8035.25
516.796	8077.25	0	8077.25
516.928	8120.75	0	8120.75
517.06	8356.25	0	8356.25
517.193	8541.25	0	8541.25
517.325	8664.5	0	8664.5
517.457	8800	0	8800
517.589	9009.75	0	9009.75
517.721	9106	0	9106
517.853	9274.5	0	9274.5
517.985	9419.25	0	9419.25
518.117	9416.5	0	9416.5
518.249	9306.25	0	9306.25
518.381	9270.5	0	9270.5
518.513	9056.25	0	9056.25
518.645	8794	0	8794
518.777	8598.25	0	8598.25
518.909	8367	0	8367
519.041	8121.75	0	8121.75
519.173	8000.5	0	8000.5
519.305	7820.5	0	7820.5
519.437	7573.5	0	7573.5
519.569	7440	0	7440
519.701	7419.25	0	7419.25
519.832	7207.75	0	7207.75
519.964	7139.75	0	7139.75
520.096	6881.75	0	6881.75
520.228	6904.5	0	6904.5
520.36	6737.5	0	6737.5
520.491	6782.25	0	6782.25
520.623	6604.25	0	6604.25
520.755	6667.25	0	6667.25
520.887	6589.25	0	6589.25
521.018	6483.25	0	6483.25
521.15	6535	0	6535
521.282	6343	0	6343
521.414	6436	0	6436
521.545	6350.5	0	6350.5
521.677	6267	0	6267
521.808	6349.5	0	6349.5
521.94	6201	0	6201
522.072	6197	0	6197
522.203	6155.25	0	6155.25
522.335	6117.5	0	6117.5
522.466	6065.25	0	6065.25
522.598	6065	0	6065
522.729	6120.5	0	6120.5
522.861	6039	0	6039
522.993	6041.25	0	6041.25
523.124	6189.5	0	6189.5
523.256	6086.5	0	6086.5
523.387	6156.25	0	6156.25
523.518	6141	0	6141
523.65	6016	0	6016
523.781	5936.75	0	5936.75
523.913	5873.75	0	5873.75
524.044	5770.5	0	5770.5
524.176	5690.5	0	5690.5
524.307	5688.5	0	5688.5
524.438	5542.25	0	5542.25
524.57	5544.75	0	5544.75
524.701	5482.25	0	5482.25
524.832	5467.25	0	5467.25
524.964	5342.75	0	5342.75
525.095	5303	0	5303
525.226	5303.25	0	5303.25
525.357	5282.5	0	5282.5
525.489	5140.5	0	5140.5
525.62	5115.75	0	5115.75
525.751	5123.5	0	5123.5
525.882	5053.5	0	5053.5
526.013	5103.75	0	5103.75
526.145	5064.25	0	5064.25
526.276	4983.75	0	4983.75
526.407	4988.25	0	4988.25
526.538	4913.25	0	4913.25
526.669	4911.25	0	4911.25
526.8	4807	0	4807
526.931	4845.25	0	4845.25
527.062	4704.5	0	4704.5
527.193	4665.5	0	4665.5
527.324	4684	0	4684
527.455	4546.5	0	4546.5
527.586	4528	0	4528
527.717	4523.75	0	4523.75
527.848	4473.75	0	4473.75
527.979	4524.5	0	4524.5
528.11	4479.75	0	4479.75
528.241	4353.5	0	4353.5
528.372	4376.25	0	4376.25
528.503	4357.25	0	4357.25
528.634	4237.75	0	4237.75
528.765	4235.75	0	4235.75
528.896	4237.75	0	4237.75
529.026	4115	0	4115
529.157	4158.5	0	4158.5
529.288	4207.25	0	4207.25
529.419	4118.75	0	4118.75
529.55	4101.25	0	4101.25
529.681	4124.5	0	4124.5
529.811	4069.75	0	4069.75
529.942	4052	0	4052
530.073	4039.25	0	4039.25
530.203	4001.5	0	4001.5
530.334	4076.75	0	4076.75
530.465	3937.25	0	3937.25
530.596	3972	0	3972
530.726	3950.5	0	3950.5
530.857	3936.25	0	3936.25
530.987	4022.75	0	4022.75
531.118	3860.5	0	3860.5
531.249	3950	0	3950
531.379	3877.25	0	3877.25
531.51	3931.5	0	3931.5
531.64	3919.25	0	3919.25
531.771	3915.25	0	3915.25
531.901	3838	0	3838
532.032	3827.5	0	3827.5
532.163	3796.25	0	3796.25
532.293	3773	0	3773
532.423	3824	0	3824
532.554	3800	0	3800
532.684	3806.75	0	3806.75
532.815	3822.5	0	3822.5
532.945	3762	0	3762
533.076	3735.5	0	3735.5
533.206	3763	0	3763
533.336	3747.75	0	3747.75
533.467	3709.25	0	3709.25
533.597	3656.5	0	3656.5
533.727	3668.75	0	3668.75
533.858	3676	0	3676
533.988	3625.75	0	3625.75
534.118	3578.5	0	3578.5
534.248	3612.25	0	3612.25
534.379	3628.75	0	3628.75
534.509	3625.5	0	3625.5
534.639	3660.75	0	3660.75
534.769	3563.25	0	3563.25
534.9	3637	0	3637
535.03	3595.75	0	3595.75
535.16	3583.75	0	3583.75
535.29	3564.25	0	3564.25
535.42	3498.5	0	3498.5
535.55	3483	0	3483
535.68	3471.25	0	3471.25
535.81	3495.75	0	3495.75
535.94	3457.5	0	3457.5
536.071	3556.25	0	3556.25
536.201	3443	0	3443
536.331	3474	0	3474
536.461	3362.25	0	3362.25
536.591	3448.75	0	3448.75
536.721	3396.5	0	3396.5
536.851	3490.5	0	3490.5
536.981	3370.5	0	3370.5
537.11	3435.5	0	3435.5
537.24	3385.75	0	3385.75
537.37	3347.75	0	3347.75
537.5	3325.25	0	3325.25
537.63	3332.25	0	3332.25
537.76	3361.25	0	3361.25
537.89	3372.75	0	3372.75
538.02	3311.25	0	3311.25
538.149	3307.5	0	3307.5
538.279	3276.5	0	3276.5
538.409	3312	0	3312
538.539	3279.75	0	3279.75
538.669	3297.5	0	3297.5
538.798	3229.25	0	3229.25
538.928	3260.75	0	3260.75
539.058	3252	0	3252
539.187	3216.25	0	3216.25
539.317	3160.75	0	3160.75
539.447	3133	0	3133
539.576	3169.25	0	3169.25
539.706	3134	0	3134
539.836	3208.5	0	3208.5
539.965	3134.75	0	3134.75
540.095	3119.5	0	3119.5
540.225	3101.5	0	3101.5
540.354	3085	0	3085
540.484	3092.25	0	3092.25
540.613	3068.25	0	3068.25
540.743	3112.25	0	3112.25
540.872	3096.75	0	3096.75
541.002	3063	0	3063
541.131	3024.5	0	3024.5
541.261	3036.5	0	3036.5
541.39	3076.5	0	3076.5
541.52	3030.75	0	3030.75
541.649	3031.5	0	3031.5
541.778	3056.75	0	3056.75
541.908	3029.25	0	3029.25
542.037	3050.75	0	3050.75
542.167	2990.75	0	2990.75
542.296	3051.75	0	3051.75
542.425	3022.75	0	3022.75
542.554	2969	0	2969
542.684	2975.25	0	2975.25
542.813	2987.25	0	2987.25
542.942	3034.25	0	3034.25
543.072	2967.75	0	2967.75
543.201	2933	0	2933
543.33	2971	0	2971
543.459	2943	0	2943
543.588	2912.5	0	2912.5
543.718	3006.25	0	3006.25
543.847	2969.5	0	2969.5
543.976	2934	0	2934
544.105	2939.5	0	2939.5
544.234	2928.25	0	2928.25
544.363	2947.5	0	2947.5
544.492	2927.75	0	2927.75
544.621	2921.5	0	2921.5
544.75	3007.25	0	3007.25
544.88	2993.5	0	2993.5
545.009	2996.75	0	2996.75
545.138	2916.25	0	2916.25
545.266	2891.75	0	2891.75
545.396	2943	0	2943
545.525	2897.25	0	2897.25
545.653	2913.25	0	2913.25
545.782	2964.5	0	2964.5
545.911	2985.25	0	2985.25
546.04	2925.5	0	2925.5
546.169	2887.5	0	2887.5
546.298	2927	0	2927
546.427	2917.25	0	2917.25
546.556	2950.5	0	2950.5
546.685	2905.25	0	2905.25
546.813	2914.25	0	2914.25
546.942	2901	0	2901
547.071	2898	0	2898
547.2	2882.25	0	2882.25
547.328	2893.5	0	2893.5
547.457	2819	0	2819
547.586	2922	0	2922
547.715	2872.5	0	2872.5
547.843	2870.5	0	2870.5
547.972	2909.75	0	2909.75
548.101	2936.5	0	2936.5
548.229	2969	0	2969
548.358	2947.75	0	2947.75
548.487	2894.25	0	2894.25
548.615	2875.25	0	2875.25
548.744	2897.75	0	2897.75
548.872	2886	0	2886
549.001	2894.75	0	2894.75
549.129	2849.5	0	2849.5
549.258	2930	0	2930
549.387	2840.75	0	2840.75
549.515	2884.5	0	2884.5
549.643	2899.75	0	2899.75
549.772	2901.25	0	2901.25
549.9	2893.5	0	2893.5
550.029	2959.75	0	2959.75
550.157	2857.25	0	2857.25
550.286	2896.75	0	2896.75
550.414	2862.5	0	2862.5
550.542	2891.75	0	2891.75
550.671	2918.25	0	2918.25
550.799	2804	0	2804
550.927	2862.75	0	2862.75
551.056	2867.25	0	2867.25
551.184	2840.75	0	2840.75
551.312	2849	0	2849
551.441	2827.5	0	2827.5
551.569	2840.75	0	2840.75
551.697	2824.5	0	2824.5
551.825	2869.25	0	2869.25
551.953	2834.5	0	2834.5
552.082	2865.75	0	2865.75
552.21	2924.75	0	2924.75
552.338	2886.75	0	2886.75
552.466	2935	0	2935
552.594	2929.25	0	2929.25
552.722	2932.75	0	2932.75
552.851	2954.75	0	2954.75
552.979	2994.75	0	2994.75
553.107	3012.5	0	3012.5
553.235	3049.5	0	3049.5
553.363	3113.25	0	3113.25
553.491	3128.25	0	3128.25
553.619	3088.25	0	3088.25
553.747	3130.75	0	3130.75
553.875	3089.75	0	3089.75
554.003	3122	0	3122
554.131	3074	0	3074
554.259	3004	0	3004
554.387	2969.75	0	2969.75
554.514	2912.25	0	2912.25
554.642	2904	0	2904
554.77	2886.5	0	2886.5
554.898	2871.5	0	2871.5
555.026	2844.25	0	2844.25
555.154	2827.5	0	2827.5
555.281	2770	0	2770
555.409	2853.25	0	2853.25
555.537	2762.75	0	2762.75
555.665	2785	0	2785
555.793	2681.25	0	2681.25
555.92	2699.5	0	2699.5
556.048	2730.5	0	2730.5
556.176	2661.25	0	2661.25
556.303	2687	0	2687
556.431	2662	0	2662
556.559	2630.25	0	2630.25
556.686	2680.25	0	2680.25
556.814	2676.5	0	2676.5
556.942	2759	0	2759
557.069	2651	0	2651
557.197	2680	0	2680
557.324	2644.5	0	2644.5
557.452	2622.75	0	2622.75
557.579	2639.5	0	2639.5
557.707	2598	0	2598
557.835	2609.5	0	2609.5
557.962	2627.75	0	2627.75
558.089	2598.25	0	2598.25
558.217	2563.75	0	2563.75
558.344	2578.5	0	2578.5
558.472	2593.75	0	2593.75
558.599	2570.75	0	2570.75
558.727	2616.5	0	2616.5
558.854	2632.25	0	2632.25
558.981	2595.75	0	2595.75
559.109	2596.25	0	2596.25
559.236	2591.25	0	2591.25
559.363	2633.75	0	2633.75
559.491	2595.5	0	2595.5
559.618	2614.25	0	2614.25
559.745	2554.5	0	2554.5
559.872	2578.5	0	2578.5
560	2603.25	0	2603.25
560.127	2604.25	0	2604.25
560.254	2587	0	2587
560.381	2602.25	0	2602.25
560.508	2611.25	0	2611.25
560.636	2561.5	0	2561.5
560.763	2608.5	0	2608.5
560.89	2632.5	0	2632.5
561.017	2665.5	0	2665.5
561.144	2642.5	0	2642.5
561.271	2634.25	0	2634.25
561.398	2579.75	0	2579.75
561.525	2665.75	0	2665.75
561.652	2644.25	0	2644.25
561.779	2604.75	0	2604.75
561.906	2646	0	2646
562.033	2651.75	0	2651.75
562.16	2651.75	0	2651.75
562.287	2698	0	2698
562.414	2613.75	0	2613.75
562.541	2627.5	0	2627.5
562.668	2650.75	0	2650.75
562.795	2711.75	0	2711.75
562.922	2617	0	2617
563.049	2658.25	0	2658.25
563.175	2665.75	0	2665.75
563.302	2699.75	0	2699.75
563.429	2731.25	0	2731.25
563.556	2719	0	2719
563.683	2745	0	2745
563.809	2703.75	0	2703.75
563.936	2679.75	0	2679.75
564.063	2757	0	2757
564.19	2725.5	0	2725.5
564.316	2798.5	0	2798.5
564.443	2778.75	0	2778.75
564.57	2767.75	0	2767.75
564.696	2782	0	2782
564.823	2766.25	0	2766.25
564.95	2739.75	0	2739.75
565.076	2726.75	0	2726.75
565.203	2734.75	0	2734.75
565.33	2820.5	0	2820.5
565.456	2770	0	2770
565.583	2719.75	0	2719.75
565.709	2811.25	0	2811.25
565.836	2820.25	0	2820.25
565.962	2836.75	0	2836.75
566.089	2843	0	2843
566.215	2911.75	0	2911.75
566.341	2892	0	2892
566.468	3032	0	3032
566.594	3097.25	0	3097.25
566.721	3222	0	3222
566.847	3279.75	0	3279.75
566.974	3352.5	0	3352.5
567.1	3369.5	0	3369.5
567.226	3335	0	3335
567.353	3420.5	0	3420.5
567.479	3295.25	0	3295.25
567.605	3407.25	0	3407.25
567.732	3517.75	0	3517.75
567.858	3621	0	3621
567.984	3705.25	0	3705.25
568.11	3801.5	0	3801.5
568.236	3842	0	3842
568.363	3841.75	0	3841.75
568.489	3604	0	3604
568.615	3403.5	0	3403.5
568.741	3256.75	0	3256.75
568.867	3107.5	0	3107.5
568.993	3082.25	0	3082.25
569.12	2946	0	2946
569.246	2860.75	0	2860.75
569.372	2761.25	0	2761.25
569.498	2694.75	0	2694.75
569.624	2635	0	2635
569.75	2589	0	2589
569.876	2520.25	0	2520.25
570.002	2487	0	2487
570.128	2487.75	0	2487.75
570.254	2373	0	2373
570.38	2427.5	0	2427.5
570.506	2408.5	0	2408.5
570.632	2436.5	0	2436.5
570.758	2359.75	0	2359.75
570.883	2416.5	0	2416.5
571.009	2467.75	0	2467.75
571.135	2400.25	0	2400.25
571.261	2392.25	0	2392.25
571.387	2454.25	0	2454.25
571.513	2370.75	0	2370.75
571.638	2310.25	0	2310.25
571.764	2282	0	2282
571.89	2280	0	2280
572.016	2257.5	0	2257.5
572.141	2224.75	0	2224.75
572.267	2218	0	2218
572.393	2195	0	2195
572.518	2188.5	0	2188.5
572.644	2198.25	0	2198.25
572.77	2130.75	0	2130.75
572.895	2120	0	2120
573.021	2120.5	0	2120.5
573.147	2110.25	0	2110.25
573.272	2084.5	0	2084.5
573.398	2058.25	0	2058.25
573.523	2120.5	0	2120.5
573.649	2054.75	0	2054.75
573.774	2049.5	0	2049.5
573.9	2075.25	0	2075.25
574.025	2048	0	2048
574.151	2095.25	0	2095.25
574.276	2045.25	0	2045.25
574.402	2069.75	0	2069.75
574.527	2066.5	0	2066.5
574.652	2046	0	2046
574.778	2042	0	2042
574.903	2053	0	2053
575.029	2049.75	0	2049.75
575.154	2039.25	0	2039.25
575.279	2012.5	0	2012.5
575.405	2061.5	0	2061.5
575.53	1981	0	1981
575.655	1991.25	0	1991.25
575.78	2001	0	2001
575.906	2025.25	0	2025.25
576.031	1960.25	0	1960.25
576.156	1943	0	1943
576.281	1998	0	1998
576.406	1994.5	0	1994.5
576.532	1949	0	1949
576.657	1978	0	1978
576.782	1941	0	1941
576.907	1940	0	1940
577.032	1953.75	0	1953.75
577.157	1932	0	1932
577.282	1883	0	1883
577.407	1904.5	0	1904.5
577.532	1903	0	1903
577.657	1918.25	0	1918.25
577.782	1920	0	1920
577.907	1915.5	0	1915.5
578.032	1929.25	0	1929.25
578.157	1893.5	0	1893.5
578.282	1867.5	0	1867.5
578.407	1862	0	1862
578.532	1886.25	0	1886.25
578.657	1901.5	0	1901.5
578.782	1874.75	0	1874.75
578.907	1900.75	0	1900.75
579.031	1845.5	0	1845.5
579.156	1854	0	1854
579.281	1842.75	0	1842.75
579.406	1864.75	0	1864.75
579.531	1866.25	0	1866.25
579.655	1831.75	0	1831.75
579.78	1841	0	1841
579.905	1848.75	0	1848.75
580.03	1888.75	0	1888.75
580.154	1857.5	0	1857.5
580.279	1836.75	0	1836.75
580.404	1862.5	0	1862.5
580.528	1897.25	0	1897.25
580.653	1881.25	0	1881.25
580.778	1855.75	0	1855.75
580.902	1897.25	0	1897.25
581.027	1854.75	0	1854.75
581.151	1893.5	0	1893.5
581.276	1867	0	1867
581.4	1829.75	0	1829.75
581.525	1856	0	1856
581.649	1854.25	0	1854.25
581.774	1801.75	0	1801.75
581.898	1876	0	1876
582.023	1818.75	0	1818.75
582.147	1866.5	0	1866.5
582.272	1870.5	0	1870.5
582.396	1832.75	0	1832.75
582.52	1866	0	1866
582.645	1847.25	0	1847.25
582.769	1843.75	0	1843.75
582.893	1834.25	0	1834.25
583.018	1872.75	0	1872.75
583.142	1907.5	0	1907.5
583.266	1916	0	1916
583.391	1930.25	0	1930.25
583.515	1863.5	0	1863.5
583.639	1973.75	0	1973.75
583.763	1908.25	0	1908.25
583.888	1915.5	0	1915.5
584.012	1923.5	0	1923.5
584.136	1997.75	0	1997.75
584.26	1931.25	0	1931.25
584.384	1956.5	0	1956.5
584.508	1946.75	0	1946.75
584.632	1989.75	0	1989.75
584.757	1963.25	0	1963.25
584.881	1920.5	0	1920.5
585.005	1994.25	0	1994.25
585.129	2012.75	0	2012.75
585.253	2033.25	0	2033.25
585.377	2042	0	2042
585.501	2030.75	0	2030.75
585.625	2049.5	0	2049.5
585.749	2083.25	0	2083.25
585.873	2085.5	0	2085.5
585.997	2127.5	0	2127.5
586.12	2155.25	0	2155.25
586.244	2112.75	0	2112.75
586.368	2195	0	2195
586.492	2197.75	0	2197.75
586.616	2220.75	0	2220.75
586.74	2277.5	0	2277.5
586.864	2309.25	0	2309.25
586.987	2332	0	2332
587.111	2333.75	0	2333.75
587.235	2404.75	0	2404.75
587.359	2446.25	0	2446.25
587.482	2468	0	2468
587.606	2551.5	0	2551.5
587.73	2613.25	0	2613.25
587.854	2632.25	0	2632.25
587.977	2741	0	2741
588.101	2773.5	0	2773.5
588.224	2901.75	0	2901.75
588.348	3045	0	3045
588.472	3113.5	0	3113.5
588.595	3275.5	0	3275.5
588.719	3463.75	0	3463.75
588.842	3692.75	0	3692.75
588.966	3863.5	0	3863.5
589.089	4163.25	0	4163.25
589.213	4436.25	0	4436.25
589.336	4849.75	0	4849.75
589.46	5335.25	0	5335.25
589.583	6064.25	0	6064.25
589.707	6742	0	6742
589.83	7112.5	0	7112.5
589.954	6740.25	0	6740.25
590.077	6201.5	0	6201.5
590.2	5822	0	5822
590.324	5479.5	0	5479.5
590.447	5098.75	0	5098.75
590.57	4849.5	0	4849.5
590.694	4466.25	0	4466.25
590.817	4312	0	4312
590.94	4090.25	0	4090.25
591.063	3912.75	0	3912.75
591.187	3728.75	0	3728.75
591.31	3607.5	0	3607.5
591.433	3488	0	3488
591.556	3340.5	0	3340.5
591.679	3232.75	0	3232.75
591.803	3098.25	0	3098.25
591.926	3056.25	0	3056.25
592.049	2998.5	0	2998.5
592.172	2913.75	0	2913.75
592.295	2820.75	0	2820.75
592.418	2843	0	2843
592.541	2807	0	2807
592.664	2705.75	0	2705.75
592.787	2733.25	0	2733.25
592.91	2719.25	0	2719.25
593.033	2721	0	2721
593.156	2648.5	0	2648.5
593.279	2625.25	0	2625.25
593.402	2593	0	2593
593.525	2589	0	2589
593.648	2560	0	2560
593.771	2503.25	0	2503.25
593.894	2462	0	2462
594.016	2478	0	2478
594.139	2472	0	2472
594.262	2452.5	0	2452.5
594.385	2449.5	0	2449.5
594.508	2415.5	0	2415.5
594.63	2381	0	2381
594.753	2370.5	0	2370.5
594.876	2285.25	0	2285.25
594.999	2246.25	0	2246.25
595.121	2243.25	0	2243.25
595.244	2194	0	2194
595.367	2151.75	0	2151.75
595.489	2121.5	0	2121.5
595.612	2149.5	0	2149.5
595.735	2013	0	2013
595.857	2062	0	2062
595.98	1976.75	0	1976.75
596.102	2024.75	0	2024.75
596.225	1969.25	0	1969.25
596.347	1991.5	0	1991.5
596.47	1960.5	0	1960.5
596.592	1943.75	0	1943.75
596.715	1947.75	0	1947.75
596.837	1873.5	0	1873.5
596.96	1911.25	0	1911.25
597.082	1869.25	0	1869.25
597.205	1833.25	0	1833.25
597.327	1857.25	0	1857.25
597.449	1849.75	0	1849.75
597.572	1849	0	1849
597.694	1865.5	0	1865.5
597.816	1844	0	1844
597.939	1809.5	0	1809.5
598.061	1827.25	0	1827.25
598.183	1839	0	1839
598.306	1880.25	0	1880.25
598.428	1867	0	1867
598.55	1846.25	0	1846.25
598.672	1831.5	0	1831.5
598.795	1863	0	1863
598.917	1829.5	0	1829.5
599.039	1838.5	0	1838.5
599.161	1878.5	0	1878.5
599.283	1874.25	0	1874.25
599.405	1868.5	0	1868.5
599.527	1855.75	0	1855.75
599.65	1885.25	0	1885.25
599.772	1896.25	0	1896.25
599.894	1897	0	1897
600.016	1904.75	0	1904.75
600.138	1919.25	0	1919.25
600.26	1911.5	0	1911.5
600.382	1913	0	1913
600.504	2058	0	2058
600.625	2045.25	0	2045.25
600.747	2027	0	2027
600.869	2102.75	0	2102.75
600.991	2145	0	2145
601.113	2180.5	0	2180.5
601.235	2233.5	0	2233.5
601.357	2295	0	2295
601.479	2320.75	0	2320.75
601.6	2403	0	2403
601.722	2540.75	0	2540.75
601.844	2620.25	0	2620.25
601.966	2797	0	2797
602.087	2954.75	0	2954.75
602.209	3148.5	0	3148.5
602.331	3467.75	0	3467.75
602.453	3830	0	3830
602.574	4102	0	4102
602.696	4012.25	0	4012.25
602.818	3758.75	0	3758.75
602.939	3526.25	0	3526.25
603.061	3392	0	3392
603.182	3219.5	0	3219.5
603.304	3037	0	3037
603.426	2885.75	0	2885.75
603.547	2846	0	2846
603.669	2701.5	0	2701.5
603.79	2621.25	0	2621.25
603.912	2474.5	0	2474.5
604.033	2419.75	0	2419.75
604.154	2420.5	0	2420.5
604.276	2334.25	0	2334.25
604.397	2257	0	2257
604.519	2243.25	0	2243.25
604.64	2158.75	0	2158.75
604.761	2097.75	0	2097.75
604.883	2112	0	2112
605.004	2021	0	2021
605.125	2028	0	2028
605.247	2003.25	0	2003.25
605.368	1988.25	0	1988.25
605.489	1966	0	1966
605.611	1962.5	0	1962.5
605.732	1930.5	0	1930.5
605.853	1888.5	0	1888.5
605.974	1846.5	0	1846.5
606.095	1832	0	1832
606.216	1861.25	0	1861.25
606.338	1840.25	0	1840.25
606.459	1846.25	0	1846.25
606.58	1802.25	0	1802.25
606.701	1761.5	0	1761.5
606.822	1732	0	1732
606.943	1763	0	1763
607.064	1784	0	1784
607.185	1781	0	1781
607.306	1727.25	0	1727.25
607.427	1787	0	1787
607.548	1757.5	0	1757.5
607.669	1730	0	1730
607.79	1730	0	1730
607.911	1703.5	0	1703.5
608.032	1726.5	0	1726.5
608.153	1685.75	0	1685.75
608.274	1675	0	1675
608.394	1639	0	1639
608.515	1615.25	0	1615.25
608.636	1595.75	0	1595.75
608.757	1575.25	0	1575.25
608.878	1564	0	1564
608.998	1562	0	1562
609.119	1558.5	0	1558.5
609.24	1511.75	0	1511.75
609.361	1519	0	1519
609.481	1460.5	0	1460.5
609.602	1486.5	0	1486.5
609.723	1486.25	0	1486.25
609.843	1510.75	0	1510.75
609.964	1473.5	0	1473.5
610.085	1444.75	0	1444.75
610.205	1456.25	0	1456.25
610.326	1435.5	0	1435.5
610.446	1375.75	0	1375.75
610.567	1397.75	0	1397.75
610.687	1408.25	0	1408.25
610.808	1444	0	1444
610.928	1411.25	0	1411.25
611.049	1358.25	0	1358.25
611.169	1403.25	0	1403.25
611.29	1414	0	1414
611.41	1350.5	0	1350.5
611.531	1396.5	0	1396.5
611.651	1363	0	1363
611.771	1321	0	1321
611.892	1342	0	1342
612.012	1352.75	0	1352.75
612.132	1368.75	0	1368.75
612.253	1332.5	0	1332.5
612.373	1346.5	0	1346.5
612.493	1338.5	0	1338.5
612.613	1329.75	0	1329.75
612.734	1332.25	0	1332.25
612.854	1341.25	0	1341.25
612.974	1325.75	0	1325.75
613.094	1297.75	0	1297.75
613.214	1294.25	0	1294.25
613.335	1273	0	1273
613.455	1279	0	1279
613.575	1297.25	0	1297.25
613.695	1301.75	0	1301.75
613.815	1316.5	0	1316.5
613.935	1303.5	0	1303.5
614.055	1307	0	1307
614.175	1300	0	1300
614.295	1265.75	0	1265.75
614.415	1288.25	0	1288.25
614.535	1277.25	0	1277.25
614.655	1274	0	1274
614.775	1262	0	1262
614.895	1260.25	0	1260.25
615.015	1267.5	0	1267.5
615.135	1270.5	0	1270.5
615.254	1258.5	0	1258.5
615.374	1255	0	1255
615.494	1252	0	1252
615.614	1276.75	0	1276.75
615.734	1273.25	0	1273.25
615.854	1296.75	0	1296.75
615.973	1255	0	1255
616.093	1285	0	1285
616.213	1239.75	0	1239.75
616.332	1261	0	1261
616.452	1249.25	0	1249.25
616.572	1270	0	1270
616.691	1237	0	1237
616.811	1261.25	0	1261.25
616.931	1291.5	0	1291.5
617.05	1250.5	0	1250.5
617.17	1283.5	0	1283.5
617.289	1253	0	1253
617.409	1261.5	0	1261.5
617.529	1261.75	0	1261.75
617.648	1252.25	0	1252.25
617.768	1232.25	0	1232.25
617.887	1223	0	1223
618.006	1236.25	0	1236.25
618.126	1217.25	0	1217.25
618.245	1210.5	0	1210.5
618.365	1252.5	0	1252.5
618.484	1230	0	1230
618.604	1228	0	1228
618.723	1195.5	0	1195.5
618.842	1232.75	0	1232.75
618.962	1210.75	0	1210.75
619.081	1255.5	0	1255.5
619.2	1216	0	1216
619.319	1218.75	0	1218.75
619.439	1200.75	0	1200.75
619.558	1218.25	0	1218.25
619.677	1226.25	0	1226.25
619.796	1212	0	1212
619.916	1202.25	0	1202.25
620.035	1181.75	0	1181.75
620.154	1217.5	0	1217.5
620.273	1191.5	0	1191.5
620.392	1199	0	1199
620.511	1150	0	1150
620.63	1174.75	0	1174.75
620.749	1175.75	0	1175.75
620.868	1214.25	0	1214.25
620.987	1192	0	1192
621.106	1171.5	0	1171.5
621.225	1172.25	0	1172.25
621.344	1203.75	0	1203.75
621.463	1213	0	1213
621.582	1214	0	1214
621.701	1182.75	0	1182.75
621.82	1204	0	1204
621.939	1173.75	0	1173.75
622.058	1178.5	0	1178.5
622.177	1179.5	0	1179.5
622.295	1168.25	0	1168.25
622.414	1164	0	1164
622.533	1150.75	0	1150.75
622.652	1165.25	0	1165.25
622.771	1176.25	0	1176.25
622.889	1158	0	1158
623.008	1174	0	1174
623.127	1154.25	0	1154.25
623.245	1152.5	0	1152.5
623.364	1141	0	1141
623.483	1169.5	0	1169.5
623.601	1193	0	1193
623.72	1178.5	0	1178.5
623.839	1158.75	0	1158.75
623.957	1162	0	1162
624.076	1164.25	0	1164.25
624.194	1146.5	0	1146.5
624.313	1173.75	0	1173.75
624.431	1142.75	0	1142.75
624.55	1132	0	1132
624.668	1125.5	0	1125.5
624.787	1124.25	0	1124.25
624.905	1137.25	0	1137.25
625.024	1124.25	0	1124.25
625.142	1136.5	0	1136.5
625.26	1116.75	0	1116.75
625.379	1122.5	0	1122.5
625.497	1138	0	1138
625.615	1122.5	0	1122.5
625.734	1093.75	0	1093.75
625.852	1100.25	0	1100.25
625.97	1139.75	0	1139.75
626.089	1106	0	1106
626.207	1102.25	0	1102.25
626.325	1095.25	0	1095.25
626.443	1106.5	0	1106.5
626.561	1111.75	0	1111.75
626.68	1130	0	1130
626.798	1088.5	0	1088.5
626.916	1096	0	1096
627.034	1132.25	0	1132.25
627.152	1117.25	0	1117.25
627.27	1090.5	0	1090.5
627.388	1093.25	0	1093.25
627.506	1108.5	0	1108.5
627.624	1102	0	1102
627.742	1085	0	1085
627.86	1129.25	0	1129.25
627.978	1087	0	1087
628.096	1099.25	0	1099.25
628.214	1059.5	0	1059.5
628.332	1087.5	0	1087.5
628.45	1059.5	0	1059.5
628.568	1072.5	0	1072.5
628.686	1066	0	1066
628.804	1089.75	0	1089.75
628.921	1081.25	0	1081.25
629.039	1068.25	0	1068.25
629.157	1064.25	0	1064.25
629.275	1086.5	0	1086.5
629.393	1105.75	0	1105.75
629.51	1055	0	1055
629.628	1125.5	0	1125.5
629.746	1073	0	1073
629.864	1075.25	0	1075.25
629.981	1068.75	0	1068.75
630.099	1093	0	1093
630.216	1059.25	0	1059.25
630.334	1068.5	0	1068.5
630.452	1081	0	1081
630.569	1093.75	0	1093.75
630.687	1103.5	0	1103.5
630.804	1083	0	1083
630.922	1066.25	0	1066.25
631.039	1112	0	1112
631.157	1091.75	0	1091.75
631.274	1070.25	0	1070.25
631.392	1080.5	0	1080.5
631.509	1062	0	1062
631.627	1076.5	0	1076.5
631.744	1048.25	0	1048.25
631.861	1072	0	1072
631.979	1101.25	0	1101.25
632.096	1058.5	0	1058.5
632.213	1060.75	0	1060.75
632.331	1079	0	1079
632.448	1044.5	0	1044.5
632.565	1042.5	0	1042.5
632.683	1064.75	0	1064.75
632.8	1071.75	0	1071.75
632.917	1058.5	0	1058.5
633.034	1018.75	0	1018.75
633.151	1033.25	0	1033.25
633.269	1072.75	0	1072.75
633.386	1068.75	0	1068.75
633.503	1064.25	0	1064.25
633.62	1064.25	0	1064.25
633.737	1098	0	1098
633.854	1075.75	0	1075.75
633.971	1104.25	0	1104.25
634.088	1081	0	1081
634.205	1085	0	1085
634.322	1078	0	1078
634.439	1089.75	0	1089.75
634.556	1107	0	1107
634.673	1102	0	1102
634.79	1103	0	1103
634.907	1088.5	0	1088.5
635.024	1113.75	0	1113.75
635.141	1081.5	0	1081.5
635.258	1120	0	1120
635.375	1089.5	0	1089.5
635.491	1119.75	0	1119.75
635.608	1111.75	0	1111.75
635.725	1087.25	0	1087.25
635.842	1055.5	0	1055.5
635.958	1081.75	0	1081.75
636.075	1078.75	0	1078.75
636.192	1069.25	0	1069.25
636.309	1070	0	1070
636.425	1085.25	0	1085.25
636.542	1031.75	0	1031.75
636.659	1018.75	0	1018.75
636.775	1052	0	1052
636.892	1052.5	0	1052.5
637.008	1015	0	1015
637.125	1038.75	0	1038.75
637.241	990.75	0	990.75
637.358	1020	0	1020
637.475	1016.25	0	1016.25
637.591	1035	0	1035
637.707	1041.25	0	1041.25
637.824	1002.25	0	1002.25
637.94	1020.5	0	1020.5
638.057	1007.5	0	1007.5
638.173	1018	0	1018
638.29	1024	0	1024
638.406	985.5	0	985.5
638.522	1011.75	0	1011.75
638.639	975.25	0	975.25
638.755	1042	0	1042
638.871	1002	0	1002
638.987	1009.25	0	1009.25
639.104	986.25	0	986.25
639.22	993	0	993
639.336	1002.5	0	1002.5
639.452	987.5	0	987.5
639.569	964	0	964
639.685	979	0	979
639.801	992.5	0	992.5
639.917	973.75	0	973.75
640.033	967.25	0	967.25
640.149	938	0	938
640.265	965.5	0	965.5
640.381	960.75	0	960.75
640.497	974.25	0	974.25
640.613	974	0	974
640.729	979.5	0	979.5
640.845	941.25	0	941.25
640.961	942.75	0	942.75
641.077	938	0	938
641.193	949.5	0	949.5
641.309	937.25	0	937.25
641.425	959	0	959
641.541	964.75	0	964.75
641.657	948.5	0	948.5
641.773	961.75	0	961.75
641.888	975	0	975
642.004	987	0	987
642.12	955.75	0	955.75
642.236	962.25	0	962.25
642.352	954.75	0	954.75
642.467	970	0	970
642.583	961.5	0	961.5
642.699	924.25	0	924.25
642.814	942.5	0	942.5
642.93	969.25	0	969.25
643.046	972.5	0	972.5
643.161	939.25	0	939.25
643.277	956.5	0	956.5
643.392	940.75	0	940.75
643.508	940	0	940
643.623	952.25	0	952.25
643.739	970	0	970
643.854	919.25	0	919.25
643.97	951.75	0	951.75
644.085	958.5	0	958.5
644.201	921	0	921
644.316	974	0	974
644.432	961	0	961
644.547	941.25	0	941.25
644.663	919.75	0	919.75
644.778	933.5	0	933.5
644.893	950	0	950
645.008	943	0	943
645.124	946	0	946
645.239	981.25	0	981.25
645.354	950.25	0	950.25
645.47	949	0	949
645.585	938	0	938
645.7	928	0	928
645.815	958	0	958
645.93	949.5	0	949.5
646.046	947.5	0	947.5
646.161	972	0	972
646.276	975	0	975
646.391	963.5	0	963.5
646.506	962.25	0	962.25
646.621	994.25	0	994.25
646.736	993.5	0	993.5
646.851	967	0	967
646.966	996.25	0	996.25
647.081	993.5	0	993.5
647.196	976	0	976
647.311	1002.25	0	1002.25
647.426	1032.5	0	1032.5
647.541	1005	0	1005
647.656	989.25	0	989.25
647.771	1016.5	0	1016.5
647.885	995.5	0	995.5
648	1046.75	0	1046.75
648.115	1062.5	0	1062.5
648.23	1069.5	0	1069.5
648.345	1059.75	0	1059.75
648.459	1112.25	0	1112.25
648.574	1094.25	0	1094.25
648.689	1096.75	0	1096.75
648.804	1115.25	0	1115.25
648.918	1128.75	0	1128.75
649.033	1121.5	0	1121.5
649.148	1112.5	0	1112.5
649.262	1121.75	0	1121.75
649.377	1113.5	0	1113.5
649.491	1091.75	0	1091.75
649.606	1102.75	0	1102.75
649.721	1080.75	0	1080.75
649.835	1108.75	0	1108.75
649.95	1089.75	0	1089.75
650.064	1093.75	0	1093.75
650.179	1122.75	0	1122.75
650.293	1076.75	0	1076.75
650.408	1108.25	0	1108.25
650.522	1083.25	0	1083.25
650.636	1056.75	0	1056.75
650.751	1064.75	0	1064.75
650.865	1026.75	0	1026.75
650.979	1063	0	1063
651.094	1040	0	1040
651.208	1073.75	0	1073.75
651.322	1047.75	0	1047.75
651.437	1068.25	0	1068.25
651.551	1066.5	0	1066.5
651.665	1046	0	1046
651.779	1042.75	0	1042.75
651.894	1044.75	0	1044.75
652.008	993.5	0	993.5
652.122	1054.75	0	1054.75
652.236	1048.5	0	1048.5
652.35	992.75	0	992.75
652.464	991.75	0	991.75
652.578	1039.75	0	1039.75
652.693	1014.75	0	1014.75
652.807	995.75	0	995.75
652.921	1011.25	0	1011.25
653.035	1015.25	0	1015.25
653.149	1022.75	0	1022.75
653.263	1033.25	0	1033.25
653.376	999.25	0	999.25
653.49	1017	0	1017
653.604	1008	0	1008
653.718	993.75	0	993.75
653.832	1010	0	1010
653.946	1025.5	0	1025.5
654.06	1020.5	0	1020.5
654.174	1011	0	1011
654.287	1007.25	0	1007.25
654.401	1026.5	0	1026.5
654.515	1011.25	0	1011.25
654.629	1009.75	0	1009.75
654.743	1035.5	0	1035.5
654.856	1033.5	0	1033.5
654.97	1014.75	0	1014.75
655.084	1042.5	0	1042.5
655.197	1083.75	0	1083.75
655.311	1035.75	0	1035.75
655.424	1048.25	0	1048.25
655.538	1098.25	0	1098.25
655.652	1095.75	0	1095.75
655.765	1160.75	0	1160.75
655.879	1110.75	0	1110.75
655.992	1144	0	1144
656.106	1138.5	0	1138.5
656.219	1172.25	0	1172.25
656.333	1199.75	0	1199.75
656.446	1193.25	0	1193.25
656.56	1253.5	0	1253.5
656.673	1249.75	0	1249.75
656.786	1260	0	1260
656.9	1309.75	0	1309.75
657.013	1234.5	0	1234.5
657.127	1183.25	0	1183.25
657.24	1185.75	0	1185.75
657.353	1165	0	1165
657.466	1191.75	0	1191.75
657.58	1174.75	0	1174.75
657.693	1157.5	0	1157.5
657.806	1114.75	0	1114.75
657.919	1116	0	1116
658.032	1094.25	0	1094.25
658.146	1062.75	0	1062.75
658.259	1085.25	0	1085.25
658.372	1051.25	0	1051.25
658.485	1042	0	1042
658.598	1043.5	0	1043.5
658.711	1043.25	0	1043.25
658.824	1020	0	1020
658.937	1002	0	1002
659.05	980	0	980
659.163	1005.75	0	1005.75
659.276	1003.5	0	1003.5
659.389	989.5	0	989.5
659.502	971.5	0	971.5
659.615	999.5	0	999.5
659.728	945.75	0	945.75
659.841	960.25	0	960.25
659.954	977.25	0	977.25
660.067	960.75	0	960.75
660.179	993.25	0	993.25
660.292	957.75	0	957.75
660.405	966	0	966
660.518	945	0	945
660.63	920.75	0	920.75
660.743	963.5	0	963.5
660.856	958.75	0	958.75
660.969	980	0	980
661.081	950	0	950
661.194	958.75	0	958.75
661.307	958.75	0	958.75
661.419	926.25	0	926.25
661.532	945.5	0	945.5
661.644	962	0	962
661.757	923.25	0	923.25
661.869	936.25	0	936.25
661.982	897.5	0	897.5
662.094	896.75	0	896.75
662.207	889.5	0	889.5
662.319	866	0	866
662.432	872	0	872
662.544	849.75	0	849.75
662.656	885.75	0	885.75
662.769	851.25	0	851.25
662.881	843	0	843
662.994	861.5	0	861.5
663.106	829.75	0	829.75
663.218	836.25	0	836.25
663.331	837	0	837
663.443	842	0	842
663.555	840.25	0	840.25
663.667	836.75	0	836.75
663.779	841	0	841
663.892	809.5	0	809.5
664.004	827.5	0	827.5
664.116	835	0	835
664.228	814.75	0	814.75
664.34	793	0	793
664.452	807.25	0	807.25
664.564	807.25	0	807.25
664.676	785	0	785
664.788	795.25	0	795.25
664.901	762	0	762
665.012	820.5	0	820.5
665.125	800	0	800
665.236	780.5	0	780.5
665.348	783	0	783
665.46	791.5	0	791.5
665.572	767.25	0	767.25
665.684	806.5	0	806.5
665.796	783.25	0	783.25
665.908	786	0	786
666.02	757.75	0	757.75
666.131	775	0	775
666.243	765.75	0	765.75
666.355	784	0	784
666.467	753.5	0	753.5
666.578	770.75	0	770.75
666.69	759.5	0	759.5
666.802	746.25	0	746.25
666.914	747.5	0	747.5
667.025	739.25	0	739.25
667.137	757.75	0	757.75
667.248	768.75	0	768.75
667.36	752.5	0	752.5
667.472	738.25	0	738.25
667.583	749.5	0	749.5
667.695	743.25	0	743.25
667.806	742.25	0	742.25
667.918	730.25	0	730.25
668.029	737	0	737
668.141	758.25	0	758.25
668.252	758	0	758
668.363	739.5	0	739.5
668.475	730.5	0	730.5
668.586	724.5	0	724.5
668.698	734	0	734
668.809	734	0	734
668.92	720.25	0	720.25
669.032	730.75	0	730.75
669.143	727.25	0	727.25
669.254	704	0	704
669.365	717.5	0	717.5
669.477	741	0	741
669.588	725.25	0	725.25
669.699	725.5	0	725.5
669.81	731	0	731
669.921	721.25	0	721.25
670.032	735.5	0	735.5
670.143	728	0	728
670.255	705.75	0	705.75
670.366	716	0	716
670.477	687.5	0	687.5
670.588	699.75	0	699.75
670.699	706.5	0	706.5
670.81	718.25	0	718.25
670.921	688	0	688
671.032	678.25	0	678.25
671.143	699.25	0	699.25
671.253	707.25	0	707.25
671.364	711	0	711
671.475	694	0	694
671.586	702.5	0	702.5
671.697	659.5	0	659.5
671.808	690.5	0	690.5
671.919	691.5	0	691.5
672.029	679.5	0	679.5
672.14	669.75	0	669.75
672.251	675.75	0	675.75
672.362	702.75	0	702.75
672.472	700.75	0	700.75
672.583	666.75	0	666.75
672.694	678.25	0	678.25
672.804	710.25	0	710.25
672.915	675.25	0	675.25
673.025	666.75	0	666.75
673.136	701.25	0	701.25
673.247	691	0	691
673.357	680	0	680
673.468	688	0	688
673.578	667.75	0	667.75
673.689	680.5	0	680.5
673.799	677.5	0	677.5
673.91	664.5	0	664.5
674.02	655	0	655
674.13	679.25	0	679.25
674.241	655.25	0	655.25
674.351	674.75	0	674.75
674.461	650.75	0	650.75
674.572	673.5	0	673.5
674.682	657.5	0	657.5
674.792	658.5	0	658.5
674.903	652.75	0	652.75
675.013	638.75	0	638.75
675.123	656.25	0	656.25
675.233	640.25	0	640.25
675.344	669.25	0	669.25
675.454	632.25	0	632.25
675.564	658.75	0	658.75
675.674	659.5	0	659.5
675.784	667	0	667
675.894	645.5	0	645.5
676.004	648	0	648
676.114	652.25	0	652.25
676.224	652.25	0	652.25
676.334	646.5	0	646.5
676.444	642.25	0	642.25
676.554	634	0	634
676.664	652	0	652
676.774	636	0	636
676.884	617.25	0	617.25
676.994	624	0	624
677.104	620.5	0	620.5
677.214	617.5	0	617.5
677.324	642.5	0	642.5
677.433	614.5	0	614.5
677.543	626	0	626
677.653	637.25	0	637.25
677.763	611.25	0	611.25
677.872	631.75	0	631.75
677.982	608.25	0	608.25
678.092	615	0	615
678.202	610.5	0	610.5
678.311	606.5	0	606.5
678.421	605.25	0	605.25
678.53	603.5	0	603.5
678.64	616	0	616
678.75	613.25	0	613.25
678.859	615.75	0	615.75
678.969	604.5	0	604.5
679.078	619.25	0	619.25
679.188	613.5	0	613.5
679.297	597.5	0	597.5
679.407	619.75	0	619.75
679.516	629.25	0	629.25
679.625	627	0	627
679.735	570.25	0	570.25
679.844	614.75	0	614.75
679.954	600.25	0	600.25
680.063	591	0	591
680.172	573	0	573
680.282	601	0	601
680.391	590.75	0	590.75
680.5	580.5	0	580.5
680.609	592.5	0	592.5
680.719	592	0	592
680.828	591.5	0	591.5
680.937	598.75	0	598.75
681.046	583.25	0	583.25
681.155	598.75	0	598.75
681.264	570.5	0	570.5
681.374	561.25	0	561.25
681.483	588.75	0	588.75
681.592	567.5	0	567.5
681.701	585.75	0	585.75
681.81	605.25	0	605.25
681.919	558	0	558
682.028	580.25	0	580.25
682.137	581.25	0	581.25
682.246	594.25	0	594.25
682.355	585.5	0	585.5
682.463	594.5	0	594.5
682.572	591	0	591
682.681	573.5	0	573.5
682.79	587	0	587
682.899	571.25	0	571.25
683.008	582.25	0	582.25
683.117	571	0	571
683.225	580.75	0	580.75
683.334	574.5	0	574.5
683.443	547.5	0	547.5
683.551	561.5	0	561.5
683.66	569.5	0	569.5
683.769	567.75	0	567.75
683.877	583.75	0	583.75
683.986	560.75	0	560.75
684.095	570.25	0	570.25
684.203	574.25	0	574.25
684.312	553.25	0	553.25
684.42	568.25	0	568.25
684.529	557.75	0	557.75
684.637	565.5	0	565.5
684.746	576	0	576
684.854	552	0	552
684.963	542.5	0	542.5
685.071	575.75	0	575.75
685.18	533.25	0	533.25
685.288	544.5	0	544.5
685.396	559	0	559
685.505	554.75	0	554.75
685.613	573.25	0	573.25
685.721	564	0	564
685.83	560.25	0	560.25
685.938	560.5	0	560.5
686.046	566.75	0	566.75
686.154	557.5	0	557.5
686.263	549.5	0	549.5
686.371	549.5	0	549.5
686.479	541.25	0	541.25
686.587	564.25	0	564.25
686.695	552.25	0	552.25
686.803	549.75	0	549.75
686.911	549.25	0	549.25
687.019	528	0	528
687.127	534.5	0	534.5
687.235	559	0	559
687.343	563.75	0	563.75
687.451	557	0	557
687.559	546.5	0	546.5
687.667	558.75	0	558.75
687.775	540	0	540
687.883	546.25	0	546.25
687.991	549	0	549
688.099	538.75	0	538.75
688.207	545.25	0	545.25
688.315	525	0	525
688.422	544	0	544
688.53	535	0	535
688.638	535.75	0	535.75
688.746	535.5	0	535.5
688.853	518	0	518
688.961	527	0	527
689.069	550	0	550
689.176	532.25	0	532.25
689.284	529.75	0	529.75
689.392	530.5	0	530.5
689.499	545.5	0	545.5
689.607	528.5	0	528.5
689.714	530	0	530
689.822	538.25	0	538.25
689.93	533.25	0	533.25
690.037	520.75	0	520.75
690.144	519.75	0	519.75
690.252	536	0	536
690.359	537	0	537
690.467	515	0	515
690.574	526.75	0	526.75
690.682	505.75	0	505.75
690.789	518	0	518
690.896	518.5	0	518.5
691.004	531	0	531
691.111	520.25	0	520.25
691.218	520.75	0	520.75
691.325	522	0	522
691.433	525.25	0	525.25
691.54	514.5	0	514.5
691.647	524	0	524
691.754	512.25	0	512.25
691.861	502	0	502
691.969	526.5	0	526.5
692.076	516.25	0	516.25
692.183	503	0	503
692.29	526	0	526
692.397	505	0	505
692.504	516.25	0	516.25
692.611	494.5	0	494.5
692.718	494	0	494
692.825	528	0	528
692.932	517	0	517
693.039	489	0	489
693.146	504.75	0	504.75
693.253	520.5	0	520.5
693.359	531	0	531
693.466	489.5	0	489.5
693.573	490.5	0	490.5
693.68	495.75	0	495.75
693.787	521.75	0	521.75
693.894	516.5	0	516.5
694	495.75	0	495.75
694.107	513.75	0	513.75
694.214	513.25	0	513.25
694.32	505.25	0	505.25
694.427	514.75	0	514.75
694.534	488.75	0	488.75
694.64	503.25	0	503.25
694.747	510.5	0	510.5
694.853	488.5	0	488.5
694.96	487.25	0	487.25
695.067	512.75	0	512.75
695.173	502.5	0	502.5
695.28	504.25	0	504.25
695.386	483.75	0	483.75
695.493	488	0	488
695.599	492.25	0	492.25
695.705	510.75	0	510.75
695.812	508.5	0	508.5
695.918	515.75	0	515.75
696.025	506	0	506
696.131	507.5	0	507.5
696.237	508.75	0	508.75
696.344	495.75	0	495.75
696.45	503.75	0	503.75
696.556	516	0	516
696.662	515.25	0	515.25
696.768	507.75	0	507.75
696.875	515.25	0	515.25
696.981	508.75	0	508.75
697.087	497.5	0	497.5
697.193	502.5	0	502.5
697.299	507.75	0	507.75
697.405	502.5	0	502.5
697.512	518.75	0	518.75
697.618	506.75	0	506.75
697.724	494.75	0	494.75
697.83	505.25	0	505.25
697.936	513.75	0	513.75
698.042	517.75	0	517.75
698.148	497.25	0	497.25
698.253	490.25	0	490.25
698.359	499	0	499
698.465	510.75	0	510.75
698.571	484.75	0	484.75
698.677	499	0	499
698.783	497.5	0	497.5
698.889	481	0	481
698.994	492.25	0	492.25
699.1	483.75	0	483.75
699.206	473.5	0	473.5
699.312	501.25	0	501.25
699.417	516.5	0	516.5
699.523	485	0	485
699.629	488.75	0	488.75
699.734	477.75	0	477.75
699.84	491.5	0	491.5
699.946	480.75	0	480.75
700.051	477.5	0	477.5
700.157	488.25	0	488.25
700.262	469.75	0	469.75
700.368	481.75	0	481.75
700.473	478.75	0	478.75
700.579	463.25	0	463.25
700.684	472	0	472
700.79	481.25	0	481.25
700.895	496.25	0	496.25
701	477.75	0	477.75
701.106	504.5	0	504.5
701.211	485	0	485
701.316	476.5	0	476.5
701.422	507.5	0	507.5
701.527	469.25	0	469.25
701.632	465.75	0	465.75
701.738	481.5	0	481.5
701.843	495.25	0	495.25
701.948	480.25	0	480.25
702.053	493.5	0	493.5
702.158	476.25	0	476.25
702.264	493.75	0	493.75
702.369	476.5	0	476.5
702.474	481	0	481
702.579	458.75	0	458.75
702.684	490.5	0	490.5
702.789	507.25	0	507.25
702.894	475.25	0	475.25
702.999	492	0	492
703.104	490.25	0	490.25
703.209	475.75	0	475.75
703.314	501	0	501
703.419	491	0	491
703.524	487.5	0	487.5
703.629	479.5	0	479.5
703.733	492.75	0	492.75
703.838	489.5	0	489.5
703.943	484.5	0	484.5
704.048	500.75	0	500.75
704.153	509.75	0	509.75
704.257	512.25	0	512.25
704.362	500.75	0	500.75
704.467	525.75	0	525.75
704.572	521.25	0	521.25
704.676	546.75	0	546.75
704.781	541.5	0	541.5
704.886	538.75	0	538.75
704.99	566.75	0	566.75
705.095	549.5	0	549.5
705.199	568.25	0	568.25
705.304	617.25	0	617.25
705.408	641.75	0	641.75
705.513	630.25	0	630.25
705.617	617.75	0	617.75
705.722	626.5	0	626.5
705.826	615.5	0	615.5
705.931	604.25	0	604.25
706.035	618	0	618
706.139	599.75	0	599.75
706.244	610.75	0	610.75
706.348	577.75	0	577.75
706.452	610.5	0	610.5
706.557	583	0	583
706.661	567.75	0	567.75
706.765	570.75	0	570.75
706.87	573.75	0	573.75
706.974	551.75	0	551.75
707.078	556.5	0	556.5
707.182	538.25	0	538.25
707.286	532.75	0	532.75
707.39	509.75	0	509.75
707.495	533.25	0	533.25
707.599	520.25	0	520.25
707.703	519.5	0	519.5
707.807	530.75	0	530.75
707.911	499.25	0	499.25
708.015	518.5	0	518.5
708.119	511	0	511
708.223	505.25	0	505.25
708.327	498.25	0	498.25
708.431	504.5	0	504.5
708.534	488.25	0	488.25
708.638	484	0	484
708.742	473.5	0	473.5
708.846	456	0	456
708.95	491.75	0	491.75
709.054	455.5	0	455.5
709.157	478	0	478
709.261	477.75	0	477.75
709.365	463.5	0	463.5
709.469	481.25	0	481.25
709.572	466.75	0	466.75
709.676	481.5	0	481.5
709.78	446.75	0	446.75
709.883	478.25	0	478.25
709.987	462.5	0	462.5
710.09	465.25	0	465.25
710.194	464.75	0	464.75
710.298	446.75	0	446.75
710.401	471	0	471
710.505	449.75	0	449.75
710.608	463	0	463
710.711	443.25	0	443.25
710.815	436.75	0	436.75
710.918	436.5	0	436.5
711.022	452.75	0	452.75
711.125	453.5	0	453.5
711.228	444	0	444
711.332	454.75	0	454.75
711.435	455.75	0	455.75
711.538	411.75	0	411.75
711.642	439.75	0	439.75
711.745	446.5	0	446.5
711.848	443.75	0	443.75
711.951	433.75	0	433.75
712.055	438.25	0	438.25
712.158	432.25	0	432.25
712.261	432.75	0	432.75
712.364	450.25	0	450.25
712.467	438.25	0	438.25
712.57	441.5	0	441.5
712.673	440.5	0	440.5
712.776	428.75	0	428.75
712.879	433	0	433
712.982	435.5	0	435.5
713.085	441.75	0	441.75
713.188	429.25	0	429.25
713.291	442.25	0	442.25
713.394	449.5	0	449.5
713.497	448.25	0	448.25
713.6	472.75	0	472.75
713.703	435.5	0	435.5
713.805	445	0	445
713.908	451.75	0	451.75
714.011	441.5	0	441.5
714.114	434.75	0	434.75
714.216	449.75	0	449.75
714.319	448	0	448
714.422	463.25	0	463.25
714.525	450.75	0	450.75
714.627	462.75	0	462.75
714.73	460.75	0	460.75
714.833	502.5	0	502.5
714.935	495	0	495
715.038	522.25	0	522.25
715.14	506.25	0	506.25
715.243	512.75	0	512.75
715.345	514.75	0	514.75
715.448	505.5	0	505.5
715.55	509	0	509
715.653	486.5	0	486.5
715.755	491.75	0	491.75
715.857	488.25	0	488.25
715.96	503.75	0	503.75
716.062	480.5	0	480.5
716.164	510.75	0	510.75
716.267	498.75	0	498.75
716.369	508	0	508
716.471	479.75	0	479.75
716.574	470.25	0	470.25
716.676	464.25	0	464.25
716.778	458.75	0	458.75
716.88	468	0	468
716.982	467.25	0	467.25
717.085	458.5	0	458.5
717.187	441	0	441
717.289	463.25	0	463.25
717.391	452	0	452
717.493	454	0	454
717.595	439.25	0	439.25
717.697	436	0	436
717.799	422	0	422
717.901	422.5	0	422.5
718.003	435.5	0	435.5
718.105	441.5	0	441.5
718.207	433.5	0	433.5
718.309	424.5	0	424.5
718.411	422.25	0	422.25
718.512	411.75	0	411.75
718.614	450.25	0	450.25
718.716	414.75	0	414.75
718.818	421.25	0	421.25
718.92	401.5	0	401.5
719.021	401.75	0	401.75
719.123	421.5	0	421.5
719.225	396.75	0	396.75
719.326	401.5	0	401.5
719.428	402.75	0	402.75
719.53	402.75	0	402.75
719.631	408.25	0	408.25
719.733	399.75	0	399.75
719.834	386.75	0	386.75
719.936	413.75	0	413.75
720.038	395.75	0	395.75
720.139	403	0	403
720.241	395.25	0	395.25
720.342	385.25	0	385.25
720.443	399.75	0	399.75
720.545	376.75	0	376.75
720.646	390	0	390
720.748	399.5	0	399.5
720.849	395	0	395
720.95	379.25	0	379.25
721.052	369.25	0	369.25
721.153	378	0	378
721.254	386.75	0	386.75
721.355	393	0	393
721.457	389.5	0	389.5
721.558	389.5	0	389.5
721.659	383.5	0	383.5
721.76	380.75	0	380.75
721.861	380	0	380
721.963	384.75	0	384.75
722.064	369.75	0	369.75
722.165	378.25	0	378.25
722.266	369.75	0	369.75
722.367	357	0	357
722.468	370.25	0	370.25
722.569	373.25	0	373.25
722.67	374	0	374
722.771	372.25	0	372.25
722.872	393.5	0	393.5
722.973	379.5	0	379.5
723.073	365	0	365
723.174	382.5	0	382.5
723.275	380	0	380
723.376	378.75	0	378.75
723.477	366.25	0	366.25
723.577	381.5	0	381.5
723.678	368.25	0	368.25
723.779	378.5	0	378.5
723.88	378.25	0	378.25
723.98	361.5	0	361.5
724.081	366.25	0	366.25
724.182	363.5	0	363.5
724.282	365.75	0	365.75
724.383	362.5	0	362.5
724.483	355.75	0	355.75
724.584	364	0	364
724.685	364.75	0	364.75
724.785	371.25	0	371.25
724.886	378.75	0	378.75
724.986	356.75	0	356.75
725.086	356	0	356
725.187	363.25	0	363.25
725.287	375.5	0	375.5
725.388	377.75	0	377.75
725.488	347.25	0	347.25
725.588	346	0	346
725.689	362	0	362
725.789	367.25	0	367.25
725.889	354.25	0	354.25
725.99	352	0	352
726.09	362	0	362
726.19	365	0	365
726.29	358	0	358
726.39	346	0	346
726.49	359.5	0	359.5
726.591	343	0	343
726.691	345.5	0	345.5
726.791	342	0	342
726.891	355.5	0	355.5
726.991	358.25	0	358.25
727.091	349	0	349
727.191	339.75	0	339.75
727.291	360.5	0	360.5
727.391	356.25	0	356.25
727.491	345.5	0	345.5
727.591	355	0	355
727.691	353.75	0	353.75
727.79	364.25	0	364.25
727.89	348	0	348
727.99	341.75	0	341.75
728.09	345.5	0	345.5
728.19	342.75	0	342.75
728.289	347.5	0	347.5
728.389	353.5	0	353.5
728.489	355.75	0	355.75
728.589	349.75	0	349.75
728.688	339.25	0	339.25
728.788	351.75	0	351.75
728.888	342.25	0	342.25
728.987	337.25	0	337.25
729.087	339.25	0	339.25
729.186	339	0	339
729.286	346.75	0	346.75
729.385	353.5	0	353.5
729.485	353	0	353
729.584	327.5	0	327.5
729.684	352.5	0	352.5
729.783	334.25	0	334.25
729.883	331.25	0	331.25
729.982	336	0	336
730.081	339.75	0	339.75
730.181	340.75	0	340.75
730.28	342	0	342
730.379	338	0	338
730.479	332.5	0	332.5
730.578	340.75	0	340.75
730.677	351.75	0	351.75
730.776	337.5	0	337.5
730.875	330	0	330
730.975	358.75	0	358.75
731.074	344.25	0	344.25
731.173	326.75	0	326.75
731.272	331.25	0	331.25
731.371	326.5	0	326.5
731.47	318.25	0	318.25
731.569	340	0	340
731.668	327.75	0	327.75
731.767	332.5	0	332.5
731.866	353.75	0	353.75
731.965	341.5	0	341.5
732.064	342	0	342
732.163	334.25	0	334.25
732.262	319.25	0	319.25
732.361	359.25	0	359.25
732.46	349.75	0	349.75
732.558	339	0	339
732.657	336.5	0	336.5
732.756	344	0	344
732.855	334	0	334
732.953	321.75	0	321.75
733.052	335	0	335
733.151	342.75	0	342.75
733.25	330	0	330
733.348	325	0	325
733.447	328.25	0	328.25
733.545	329	0	329
733.644	336.25	0	336.25
733.742	321.5	0	321.5
733.841	327.5	0	327.5
733.939	346	0	346
734.038	333	0	333
734.136	323.5	0	323.5
734.235	327.25	0	327.25
734.333	323.25	0	323.25
734.432	334	0	334
734.53	328.5	0	328.5
734.628	350.25	0	350.25
734.727	321.5	0	321.5
734.825	320	0	320
734.923	321	0	321
735.022	334.75	0	334.75
735.12	343.5	0	343.5
735.218	318.75	0	318.75
735.316	316	0	316
735.414	335	0	335
735.513	316.75	0	316.75
735.611	328.25	0	328.25
735.709	327.75	0	327.75
735.807	324.5	0	324.5
735.905	334	0	334
736.003	340.25	0	340.25
736.101	325.5	0	325.5
736.199	325.25	0	325.25
736.297	306.75	0	306.75
736.395	320.5	0	320.5
736.493	325.5	0	325.5
736.591	309.25	0	309.25
736.689	326	0	326
736.787	330.75	0	330.75
736.884	312.25	0	312.25
736.982	323.25	0	323.25
737.08	316.5	0	316.5
737.178	328.5	0	328.5
737.276	340.25	0	340.25
737.373	325	0	325
737.471	317	0	317
737.569	322.25	0	322.25
737.667	313.75	0	313.75
737.764	310.5	0	310.5
737.862	312	0	312
737.959	324.5	0	324.5
738.057	327.5	0	327.5
738.154	316.25	0	316.25
738.252	331.75	0	331.75
738.35	319.5	0	319.5
738.447	304.25	0	304.25
738.544	326.75	0	326.75
738.642	330	0	330
738.739	337.25	0	337.25
738.837	324.25	0	324.25
738.934	338.5	0	338.5
739.031	309.75	0	309.75
739.129	314.5	0	314.5
739.226	322.5	0	322.5
739.323	309	0	309
739.421	328.75	0	328.75
739.518	316.25	0	316.25
739.615	327.25	0	327.25