Lambda	Spectrum	Dark	SpecMinusDark
500.031	10266.8	0	10266.8
500.165	11051.5	0	11051.5
500.299	12179	0	12179
500.433	13079.8	0	13079.8
500.567	13806.5	0	13806.5
500.701	13997.2	0	13997.2
500.835	14141.8	0	14141.8
500.968	13743.5	0	13743.5
501.102	13297.8	0	13297.8
501.236	12735.8	0	12735.8
501.37	12135	0	12135
501.504	11275.8	0	11275.8
501.637	10820.8	0	10820.8
501.771	10355.2	0	10355.2
501.905	9821.25	0	9821.25
502.039	9436.5	0	9436.5
502.172	9355.25	0	9355.25
502.306	9102.25	0	9102.25
502.44	8940	0	8940
502.573	8787	0	8787
502.707	8743.75	0	8743.75
502.841	8584.5	0	8584.5
502.974	8546	0	8546
503.108	8455.5	0	8455.5
503.242	8349.5	0	8349.5
503.375	8249.75	0	8249.75
503.509	8174.75	0	8174.75
503.642	8265.5	0	8265.5
503.776	8143.75	0	8143.75
503.909	8168.75	0	8168.75
504.043	8350.25	0	8350.25
504.176	8382.75	0	8382.75
504.31	8515.25	0	8515.25
504.443	8719.75	0	8719.75
504.577	9067.75	0	9067.75
504.71	9228.5	0	9228.5
504.844	9342.25	0	9342.25
504.977	9397.5	0	9397.5
505.111	9069.75	0	9069.75
505.244	8825.75	0	8825.75
505.377	8721.25	0	8721.25
505.511	8518.5	0	8518.5
505.644	8505.25	0	8505.25
505.777	8474.25	0	8474.25
505.911	8525.75	0	8525.75
506.044	8551.5	0	8551.5
506.177	8395.75	0	8395.75
506.311	8518	0	8518
506.444	8429.5	0	8429.5
506.577	8428.75	0	8428.75
506.71	8421.75	0	8421.75
506.844	8459.75	0	8459.75
506.977	8466	0	8466
507.11	8333.75	0	8333.75
507.243	8348.25	0	8348.25
507.376	8393.25	0	8393.25
507.51	8287.75	0	8287.75
507.643	8260	0	8260
507.776	8250.25	0	8250.25
507.909	8311.5	0	8311.5
508.042	8243.5	0	8243.5
508.175	8239.25	0	8239.25
508.308	8229	0	8229
508.441	8249.5	0	8249.5
508.574	8138.25	0	8138.25
508.707	8135.75	0	8135.75
508.84	8217.5	0	8217.5
508.973	8156	0	8156
509.106	8122.25	0	8122.25
509.239	8200	0	8200
509.372	8205.75	0	8205.75
509.505	8183.75	0	8183.75
509.638	8237	0	8237
509.771	8141.5	0	8141.5
509.904	8127	0	8127
510.037	8164.75	0	8164.75
510.17	8134.25	0	8134.25
510.303	8259.5	0	8259.5
510.436	8137.75	0	8137.75
510.568	8256.5	0	8256.5
510.701	8178.75	0	8178.75
510.834	8333.5	0	8333.5
510.967	8270.25	0	8270.25
511.1	8291.75	0	8291.75
511.232	8368.25	0	8368.25
511.365	8424.75	0	8424.75
511.498	8326.75	0	8326.75
511.631	8552	0	8552
511.763	8347.75	0	8347.75
511.896	8520.5	0	8520.5
512.029	8445.25	0	8445.25
512.161	8591.25	0	8591.25
512.294	8515	0	8515
512.427	8486.25	0	8486.25
512.559	8700.75	0	8700.75
512.692	8580.5	0	8580.5
512.825	8685	0	8685
512.957	8664	0	8664
513.09	8728	0	8728
513.222	8726.25	0	8726.25
513.355	8915.75	0	8915.75
513.487	8893	0	8893
513.62	8922.5	0	8922.5
513.752	8941.5	0	8941.5
513.885	9008	0	9008
514.017	9053.75	0	9053.75
514.15	9114	0	9114
514.282	9114.25	0	9114.25
514.415	9231.75	0	9231.75
514.547	9435.5	0	9435.5
514.68	9551.75	0	9551.75
514.812	9653.5	0	9653.5
514.944	9899.5	0	9899.5
515.077	9783.25	0	9783.25
515.209	10092.2	0	10092.2
515.341	10313.8	0	10313.8
515.474	10636.2	0	10636.2
515.606	10860.2	0	10860.2
515.738	11117.5	0	11117.5
515.871	11512	0	11512
516.003	12148.2	0	12148.2
516.135	13039.5	0	13039.5
516.267	14111	0	14111
516.4	15402.8	0	15402.8
516.532	15877	0	15877
516.664	15575.5	0	15575.5
516.796	14287.8	0	14287.8
516.928	13495.5	0	13495.5
517.06	13169.2	0	13169.2
517.193	12872.5	0	12872.5
517.325	12963.8	0	12963.8
517.457	12931.2	0	12931.2
517.589	13114.2	0	13114.2
517.721	13286.5	0	13286.5
517.853	13294.8	0	13294.8
517.985	13331.2	0	13331.2
518.117	13226	0	13226
518.249	12983.5	0	12983.5
518.381	13032.8	0	13032.8
518.513	12624.8	0	12624.8
518.645	12355.5	0	12355.5
518.777	12006.5	0	12006.5
518.909	11760.8	0	11760.8
519.041	11529.8	0	11529.8
519.173	11244.8	0	11244.8
519.305	11009.2	0	11009.2
519.437	10877.2	0	10877.2
519.569	10827.2	0	10827.2
519.701	10666.8	0	10666.8
519.832	10482.2	0	10482.2
519.964	10394	0	10394
520.096	10181.5	0	10181.5
520.228	10352.5	0	10352.5
520.36	10102.8	0	10102.8
520.491	10112	0	10112
520.623	10011.5	0	10011.5
520.755	10002.2	0	10002.2
520.887	10044.8	0	10044.8
521.018	9787.25	0	9787.25
521.15	9939.5	0	9939.5
521.282	9851.25	0	9851.25
521.414	9980	0	9980
521.545	9995.75	0	9995.75
521.677	10062.5	0	10062.5
521.808	10083.8	0	10083.8
521.94	10065.5	0	10065.5
522.072	10027.5	0	10027.5
522.203	9932.25	0	9932.25
522.335	9653.25	0	9653.25
522.466	9480.25	0	9480.25
522.598	9472.25	0	9472.25
522.729	9447.75	0	9447.75
522.861	9296.5	0	9296.5
522.993	9308.5	0	9308.5
523.124	9336	0	9336
523.256	9322	0	9322
523.387	9441.25	0	9441.25
523.518	9386.75	0	9386.75
523.65	9249.25	0	9249.25
523.781	9316	0	9316
523.913	9311	0	9311
524.044	9123	0	9123
524.176	9302.25	0	9302.25
524.307	9356.5	0	9356.5
524.438	9269.5	0	9269.5
524.57	9457	0	9457
524.701	9462	0	9462
524.832	9588.5	0	9588.5
524.964	9576.75	0	9576.75
525.095	9426.25	0	9426.25
525.226	9324	0	9324
525.357	9159	0	9159
525.489	8935.75	0	8935.75
525.62	8968.25	0	8968.25
525.751	8873	0	8873
525.882	8862	0	8862
526.013	8916	0	8916
526.145	8753.25	0	8753.25
526.276	8844	0	8844
526.407	8889	0	8889
526.538	8940.5	0	8940.5
526.669	9036.5	0	9036.5
526.8	9132	0	9132
526.931	9134.5	0	9134.5
527.062	9259.5	0	9259.5
527.193	9227.25	0	9227.25
527.324	9275.25	0	9275.25
527.455	9185.5	0	9185.5
527.586	8911.25	0	8911.25
527.717	8810.75	0	8810.75
527.848	8685	0	8685
527.979	8708.5	0	8708.5
528.11	8593.25	0	8593.25
528.241	8532	0	8532
528.372	8471.25	0	8471.25
528.503	8446.5	0	8446.5
528.634	8420.75	0	8420.75
528.765	8395	0	8395
528.896	8363.5	0	8363.5
529.026	8346.5	0	8346.5
529.157	8267.75	0	8267.75
529.288	8329.75	0	8329.75
529.419	8307	0	8307
529.55	8251.25	0	8251.25
529.681	8242.75	0	8242.75
529.811	8290.75	0	8290.75
529.942	8377.75	0	8377.75
530.073	8289.5	0	8289.5
530.203	8289	0	8289
530.334	8398.75	0	8398.75
530.465	8404.75	0	8404.75
530.596	8358.25	0	8358.25
530.726	8351.25	0	8351.25
530.857	8333	0	8333
530.987	8391.25	0	8391.25
531.118	8324.75	0	8324.75
531.249	8377	0	8377
531.379	8373	0	8373
531.51	8427	0	8427
531.64	8449.5	0	8449.5
531.771	8536.75	0	8536.75
531.901	8445.5	0	8445.5
532.032	8598	0	8598
532.163	8684.5	0	8684.5
532.293	8644.25	0	8644.25
532.423	8833.25	0	8833.25
532.554	8852.75	0	8852.75
532.684	8927	0	8927
532.815	8990.25	0	8990.25
532.945	9164.5	0	9164.5
533.076	9181	0	9181
533.206	9302.75	0	9302.75
533.336	9334.5	0	9334.5
533.467	9519.5	0	9519.5
533.597	9903.25	0	9903.25
533.727	10238	0	10238
533.858	10610.8	0	10610.8
533.988	11101.2	0	11101.2
534.118	11601.8	0	11601.8
534.248	11733.5	0	11733.5
534.379	11616	0	11616
534.509	11230.2	0	11230.2
534.639	11351	0	11351
534.769	11497.2	0	11497.2
534.9	11284.2	0	11284.2
535.03	10961.5	0	10961.5
535.16	10305	0	10305
535.29	9763.5	0	9763.5
535.42	9442.5	0	9442.5
535.55	9239.5	0	9239.5
535.68	9047.75	0	9047.75
535.81	8861.5	0	8861.5
535.94	8810.75	0	8810.75
536.071	8728.25	0	8728.25
536.201	8598.75	0	8598.75
536.331	8539.25	0	8539.25
536.461	8532.25	0	8532.25
536.591	8525.25	0	8525.25
536.721	8458.5	0	8458.5
536.851	8613.75	0	8613.75
536.981	8709	0	8709
537.11	8820.5	0	8820.5
537.24	8883.5	0	8883.5
537.37	9064.25	0	9064.25
537.5	8865.25	0	8865.25
537.63	8721.5	0	8721.5
537.76	8468.75	0	8468.75
537.89	8297.25	0	8297.25
538.02	8172.5	0	8172.5
538.149	7961	0	7961
538.279	7954.75	0	7954.75
538.409	8009.25	0	8009.25
538.539	7937.5	0	7937.5
538.669	7930.75	0	7930.75
538.798	7756.5	0	7756.5
538.928	7872.25	0	7872.25
539.058	7861.5	0	7861.5
539.187	7839.25	0	7839.25
539.317	7807.75	0	7807.75
539.447	7760.25	0	7760.25
539.576	7732	0	7732
539.706	7836.25	0	7836.25
539.836	7912.5	0	7912.5
539.965	8002.75	0	8002.75
540.095	7970.5	0	7970.5
540.225	8221.5	0	8221.5
540.354	8262	0	8262
540.484	8632.75	0	8632.75
540.613	8757.25	0	8757.25
540.743	9123.75	0	9123.75
540.872	9805.75	0	9805.75
541.002	10027	0	10027
541.131	10014.2	0	10014.2
541.261	9669	0	9669
541.39	9123.25	0	9123.25
541.52	8744.75	0	8744.75
541.649	8530	0	8530
541.778	8401	0	8401
541.908	8189.5	0	8189.5
542.037	8176	0	8176
542.167	8135.25	0	8135.25
542.296	7977	0	7977
542.425	7978.5	0	7978.5
542.554	7853.25	0	7853.25
542.684	7831	0	7831
542.813	7962	0	7962
542.942	7877	0	7877
543.072	7953.75	0	7953.75
543.201	7983	0	7983
543.33	8066.5	0	8066.5
543.459	8208	0	8208
543.588	8254	0	8254
543.718	8426.75	0	8426.75
543.847	8546.5	0	8546.5
543.976	8785.25	0	8785.25
544.105	8968	0	8968
544.234	8769.5	0	8769.5
544.363	8672.25	0	8672.25
544.492	8547.75	0	8547.75
544.621	8378.5	0	8378.5
544.75	8375.5	0	8375.5
544.88	8271.75	0	8271.75
545.009	8281.5	0	8281.5
545.138	8245.25	0	8245.25
545.266	8404.25	0	8404.25
545.396	8569.75	0	8569.75
545.525	8584.75	0	8584.75
545.653	8614.25	0	8614.25
545.782	8651.5	0	8651.5
545.911	8943	0	8943
546.04	9080.75	0	9080.75
546.169	9152.25	0	9152.25
546.298	9549	0	9549
546.427	9940.75	0	9940.75
546.556	10615.5	0	10615.5
546.685	11277.2	0	11277.2
546.813	11773.5	0	11773.5
546.942	11636	0	11636
547.071	10759.8	0	10759.8
547.2	9830.75	0	9830.75
547.328	9337	0	9337
547.457	8947.75	0	8947.75
547.586	8844	0	8844
547.715	8661.75	0	8661.75
547.843	8542.75	0	8542.75
547.972	8462	0	8462
548.101	8476.25	0	8476.25
548.229	8405.5	0	8405.5
548.358	8414.25	0	8414.25
548.487	8331.75	0	8331.75
548.615	8366.5	0	8366.5
548.744	8409	0	8409
548.872	8453.25	0	8453.25
549.001	8464	0	8464
549.129	8495.75	0	8495.75
549.258	8587.75	0	8587.75
549.387	8775	0	8775
549.515	8996.5	0	8996.5
549.643	9318.5	0	9318.5
549.772	9651.25	0	9651.25
549.9	10026.2	0	10026.2
550.029	10497.5	0	10497.5
550.157	10475.8	0	10475.8
550.286	9967.75	0	9967.75
550.414	9447	0	9447
550.542	9239	0	9239
550.671	9033.75	0	9033.75
550.799	8967.75	0	8967.75
550.927	8769.25	0	8769.25
551.056	8591.5	0	8591.5
551.184	8548.5	0	8548.5
551.312	8393.25	0	8393.25
551.441	8315.75	0	8315.75
551.569	8186.5	0	8186.5
551.697	8210.25	0	8210.25
551.825	8213.25	0	8213.25
551.953	8183	0	8183
552.082	8261.25	0	8261.25
552.21	8114.75	0	8114.75
552.338	8256.5	0	8256.5
552.466	8214.5	0	8214.5
552.594	8223.5	0	8223.5
552.722	8363	0	8363
552.851	8380.75	0	8380.75
552.979	8412.25	0	8412.25
553.107	8411.25	0	8411.25
553.235	8669.25	0	8669.25
553.363	8572	0	8572
553.491	8610.75	0	8610.75
553.619	8616	0	8616
553.747	8710.5	0	8710.5
553.875	8566.5	0	8566.5
554.003	8532.5	0	8532.5
554.131	8390.75	0	8390.75
554.259	8267.5	0	8267.5
554.387	8143.75	0	8143.75
554.514	7904.75	0	7904.75
554.642	7897.25	0	7897.25
554.77	7798.25	0	7798.25
554.898	7764.75	0	7764.75
555.026	7712.25	0	7712.25
555.154	7657.25	0	7657.25
555.281	7612	0	7612
555.409	7664.5	0	7664.5
555.537	7522.25	0	7522.25
555.665	7487.5	0	7487.5
555.793	7360	0	7360
555.92	7415.5	0	7415.5
556.048	7226.25	0	7226.25
556.176	7195.5	0	7195.5
556.303	7193.25	0	7193.25
556.431	7107.5	0	7107.5
556.559	7081.25	0	7081.25
556.686	7045.5	0	7045.5
556.814	6963.25	0	6963.25
556.942	7058.5	0	7058.5
557.069	7054.75	0	7054.75
557.197	7045.5	0	7045.5
557.324	6953.75	0	6953.75
557.452	6980	0	6980
557.579	6984.25	0	6984.25
557.707	6903.75	0	6903.75
557.835	6917.75	0	6917.75
557.962	6950.75	0	6950.75
558.089	6912	0	6912
558.217	6910	0	6910
558.344	6857.75	0	6857.75
558.472	6970.25	0	6970.25
558.599	6936.25	0	6936.25
558.727	6991	0	6991
558.854	7051	0	7051
558.981	7006.25	0	7006.25
559.109	7005	0	7005
559.236	7017	0	7017
559.363	7094	0	7094
559.491	7060	0	7060
559.618	7117	0	7117
559.745	7093	0	7093
559.872	7181.5	0	7181.5
560	7307	0	7307
560.127	7247.5	0	7247.5
560.254	7419	0	7419
560.381	7295	0	7295
560.508	7267.75	0	7267.75
560.636	7251	0	7251
560.763	7303.25	0	7303.25
560.89	7208	0	7208
561.017	7285	0	7285
561.144	7171.75	0	7171.75
561.271	7238.5	0	7238.5
561.398	7233.5	0	7233.5
561.525	7255	0	7255
561.652	7291.5	0	7291.5
561.779	7347.75	0	7347.75
561.906	7346.75	0	7346.75
562.033	7332.75	0	7332.75
562.16	7422.5	0	7422.5
562.287	7370.75	0	7370.75
562.414	7498.75	0	7498.75
562.541	7607.75	0	7607.75
562.668	7860.25	0	7860.25
562.795	8062.75	0	8062.75
562.922	8270.25	0	8270.25
563.049	8421.25	0	8421.25
563.175	8142.75	0	8142.75
563.302	7883.5	0	7883.5
563.429	7743.75	0	7743.75
563.556	7574.5	0	7574.5
563.683	7505	0	7505
563.809	7346.75	0	7346.75
563.936	7283.25	0	7283.25
564.063	7286.25	0	7286.25
564.19	7255.25	0	7255.25
564.316	7307	0	7307
564.443	7292.75	0	7292.75
564.57	7251.5	0	7251.5
564.696	7230	0	7230
564.823	7294.5	0	7294.5
564.95	7287.5	0	7287.5
565.076	7323.75	0	7323.75
565.203	7352.75	0	7352.75
565.33	7383.5	0	7383.5
565.456	7439.25	0	7439.25
565.583	7576.75	0	7576.75
565.709	7665.25	0	7665.25
565.836	7760.75	0	7760.75
565.962	7892.75	0	7892.75
566.089	8168	0	8168
566.215	8245.25	0	8245.25
566.341	8474.5	0	8474.5
566.468	8795.25	0	8795.25
566.594	9193.75	0	9193.75
566.721	9610	0	9610
566.847	10021.5	0	10021.5
566.974	10304.2	0	10304.2
567.1	10349.5	0	10349.5
567.226	10377.2	0	10377.2
567.353	10465	0	10465
567.479	10618.8	0	10618.8
567.605	10925.5	0	10925.5
567.732	11449.8	0	11449.8
567.858	11848	0	11848
567.984	12447.5	0	12447.5
568.11	12599.8	0	12599.8
568.236	12863.2	0	12863.2
568.363	12525.8	0	12525.8
568.489	11722	0	11722
568.615	11125.2	0	11125.2
568.741	10539.8	0	10539.8
568.867	10115.5	0	10115.5
568.993	9743.25	0	9743.25
569.12	9592.5	0	9592.5
569.246	9258.5	0	9258.5
569.372	9048.25	0	9048.25
569.498	8884.25	0	8884.25
569.624	8516	0	8516
569.75	8167.25	0	8167.25
569.876	7862.25	0	7862.25
570.002	7733	0	7733
570.128	7552.5	0	7552.5
570.254	7523.5	0	7523.5
570.38	7536	0	7536
570.506	7458	0	7458
570.632	7434	0	7434
570.758	7479.75	0	7479.75
570.883	7582.75	0	7582.75
571.009	7611.5	0	7611.5
571.135	7621.5	0	7621.5
571.261	7957	0	7957
571.387	7943.75	0	7943.75
571.513	7785.75	0	7785.75
571.638	7407.25	0	7407.25
571.764	7182.75	0	7182.75
571.89	6964.5	0	6964.5
572.016	6758.75	0	6758.75
572.141	6615.75	0	6615.75
572.267	6411	0	6411
572.393	6345.25	0	6345.25
572.518	6191.75	0	6191.75
572.644	6210.75	0	6210.75
572.77	6072.75	0	6072.75
572.895	6100	0	6100
573.021	6058	0	6058
573.147	6037.75	0	6037.75
573.272	6162.25	0	6162.25
573.398	6028.25	0	6028.25
573.523	6097	0	6097
573.649	6136	0	6136
573.774	6181.25	0	6181.25
573.9	6211.5	0	6211.5
574.025	6373	0	6373
574.151	6413.5	0	6413.5
574.276	6510.5	0	6510.5
574.402	6515.5	0	6515.5
574.527	6322.75	0	6322.75
574.652	6320.5	0	6320.5
574.778	6130.25	0	6130.25
574.903	6015.75	0	6015.75
575.029	6071.25	0	6071.25
575.154	5962.25	0	5962.25
575.279	5899.75	0	5899.75
575.405	5885	0	5885
575.53	5783.25	0	5783.25
575.655	5740	0	5740
575.78	5809	0	5809
575.906	5684.75	0	5684.75
576.031	5703.5	0	5703.5
576.156	5670.5	0	5670.5
576.281	5801	0	5801
576.406	5852.5	0	5852.5
576.532	5867.75	0	5867.75
576.657	5699.25	0	5699.25
576.782	5702.75	0	5702.75
576.907	5622	0	5622
577.032	5606.75	0	5606.75
577.157	5538.25	0	5538.25
577.282	5533.5	0	5533.5
577.407	5562.75	0	5562.75
577.532	5615	0	5615
577.657	5706.75	0	5706.75
577.782	5797	0	5797
577.907	5868.75	0	5868.75
578.032	5992.75	0	5992.75
578.157	5680.5	0	5680.5
578.282	5505.75	0	5505.75
578.407	5509	0	5509
578.532	5425.75	0	5425.75
578.657	5412.25	0	5412.25
578.782	5242.25	0	5242.25
578.907	5261.25	0	5261.25
579.031	5225	0	5225
579.156	5177.75	0	5177.75
579.281	5103.5	0	5103.5
579.406	5108.5	0	5108.5
579.531	5047.5	0	5047.5
579.655	5043	0	5043
579.78	5025.25	0	5025.25
579.905	5058.25	0	5058.25
580.03	5056.25	0	5056.25
580.154	4943.75	0	4943.75
580.279	4954.5	0	4954.5
580.404	4924.5	0	4924.5
580.528	4920	0	4920
580.653	4807	0	4807
580.778	4930.75	0	4930.75
580.902	4909.25	0	4909.25
581.027	4819.75	0	4819.75
581.151	4826	0	4826
581.276	4794.5	0	4794.5
581.4	4769.25	0	4769.25
581.525	4785.5	0	4785.5
581.649	4825.25	0	4825.25
581.774	4859.5	0	4859.5
581.898	4794.25	0	4794.25
582.023	4691	0	4691
582.147	4646.25	0	4646.25
582.272	4704.5	0	4704.5
582.396	4721.25	0	4721.25
582.52	4677	0	4677
582.645	4716	0	4716
582.769	4630.5	0	4630.5
582.893	4662.25	0	4662.25
583.018	4727	0	4727
583.142	4748	0	4748
583.266	4715	0	4715
583.391	4664.25	0	4664.25
583.515	4662.5	0	4662.5
583.639	4705.5	0	4705.5
583.763	4637	0	4637
583.888	4579	0	4579
584.012	4540	0	4540
584.136	4518.25	0	4518.25
584.26	4617.25	0	4617.25
584.384	4499	0	4499
584.508	4494	0	4494
584.632	4567	0	4567
584.757	4512.5	0	4512.5
584.881	4485	0	4485
585.005	4545	0	4545
585.129	4557.5	0	4557.5
585.253	4474.5	0	4474.5
585.377	4519.25	0	4519.25
585.501	4542	0	4542
585.625	4536.5	0	4536.5
585.749	4496.75	0	4496.75
585.873	4455.25	0	4455.25
585.997	4521.5	0	4521.5
586.12	4471.5	0	4471.5
586.244	4446.25	0	4446.25
586.368	4425.25	0	4425.25
586.492	4444.5	0	4444.5
586.616	4443.25	0	4443.25
586.74	4484.25	0	4484.25
586.864	4481.5	0	4481.5
586.987	4449.5	0	4449.5
587.111	4459.75	0	4459.75
587.235	4346.5	0	4346.5
587.359	4480.5	0	4480.5
587.482	4417.25	0	4417.25
587.606	4491.75	0	4491.75
587.73	4443.75	0	4443.75
587.854	4436.75	0	4436.75
587.977	4475.25	0	4475.25
588.101	4411.5	0	4411.5
588.224	4354.25	0	4354.25
588.348	4326.75	0	4326.75
588.472	4488.25	0	4488.25
588.595	4421.5	0	4421.5
588.719	4457.75	0	4457.75
588.842	4373.5	0	4373.5
588.966	4411.75	0	4411.75
589.089	4444	0	4444
589.213	4421.75	0	4421.75
589.336	4554.75	0	4554.75
589.46	4559.75	0	4559.75
589.583	4505.75	0	4505.75
589.707	4490	0	4490
589.83	4479.25	0	4479.25
589.954	4539.75	0	4539.75
590.077	4537.75	0	4537.75
590.2	4582.25	0	4582.25
590.324	4517.5	0	4517.5
590.447	4470.5	0	4470.5
590.57	4522.25	0	4522.25
590.694	4533.25	0	4533.25
590.817	4587.5	0	4587.5
590.94	4539.25	0	4539.25
591.063	4519.25	0	4519.25
591.187	4631	0	4631
591.31	4548	0	4548
591.433	4574.75	0	4574.75
591.556	4668	0	4668
591.679	4618.5	0	4618.5
591.803	4668	0	4668
591.926	4814.5	0	4814.5
592.049	4795.75	0	4795.75
592.172	4891	0	4891
592.295	4859.75	0	4859.75
592.418	4990	0	4990
592.541	5033.25	0	5033.25
592.664	5062.75	0	5062.75
592.787	5161	0	5161
592.91	5333.75	0	5333.75
593.033	5391.5	0	5391.5
593.156	5433.5	0	5433.5
593.279	5591.75	0	5591.75
593.402	5573	0	5573
593.525	5727.75	0	5727.75
593.648	5768.75	0	5768.75
593.771	5751.75	0	5751.75
593.894	5679.25	0	5679.25
594.016	5879.5	0	5879.5
594.139	5899.25	0	5899.25
594.262	6027.75	0	6027.75
594.385	6061.25	0	6061.25
594.508	5990	0	5990
594.63	6104.25	0	6104.25
594.753	6096.5	0	6096.5
594.876	5969.75	0	5969.75
594.999	5987.5	0	5987.5
595.121	5974	0	5974
595.244	5985.5	0	5985.5
595.367	6037.75	0	6037.75
595.489	6048.75	0	6048.75
595.612	5810.25	0	5810.25
595.735	5590.5	0	5590.5
595.857	5427.25	0	5427.25
595.98	5205.75	0	5205.75
596.102	5049.25	0	5049.25
596.225	4870.5	0	4870.5
596.347	4843.75	0	4843.75
596.47	4804	0	4804
596.592	4725.25	0	4725.25
596.715	4612.5	0	4612.5
596.837	4498.25	0	4498.25
596.96	4515.25	0	4515.25
597.082	4464	0	4464
597.205	4367.5	0	4367.5
597.327	4464.25	0	4464.25
597.449	4396	0	4396
597.572	4348	0	4348
597.694	4282	0	4282
597.816	4248.25	0	4248.25
597.939	4227.5	0	4227.5
598.061	4275.5	0	4275.5
598.183	4166	0	4166
598.306	4187	0	4187
598.428	4182.5	0	4182.5
598.55	4148.25	0	4148.25
598.672	4104.25	0	4104.25
598.795	4103	0	4103
598.917	4147	0	4147
599.039	4006.75	0	4006.75
599.161	4047.5	0	4047.5
599.283	4088	0	4088
599.405	4073.5	0	4073.5
599.527	4111.5	0	4111.5
599.65	4045.75	0	4045.75
599.772	4070.25	0	4070.25
599.894	3977	0	3977
600.016	3943.75	0	3943.75
600.138	3955.75	0	3955.75
600.26	3952.25	0	3952.25
600.382	3942.5	0	3942.5
600.504	3963.5	0	3963.5
600.625	3957.25	0	3957.25
600.747	3904.25	0	3904.25
600.869	3912.5	0	3912.5
600.991	3930.25	0	3930.25
601.113	3937.75	0	3937.75
601.235	3991.5	0	3991.5
601.357	3989.5	0	3989.5
601.479	3909.25	0	3909.25
601.6	3928.5	0	3928.5
601.722	3925.25	0	3925.25
601.844	3960.25	0	3960.25
601.966	3969.75	0	3969.75
602.087	3904.5	0	3904.5
602.209	3920.75	0	3920.75
602.331	3906	0	3906
602.453	3866	0	3866
602.574	3919.25	0	3919.25
602.696	3882.75	0	3882.75
602.818	3936.25	0	3936.25
602.939	3924.5	0	3924.5
603.061	3867.5	0	3867.5
603.182	3832.5	0	3832.5
603.304	3894.75	0	3894.75
603.426	3892	0	3892
603.547	3916.75	0	3916.75
603.669	3811.75	0	3811.75
603.79	3794.25	0	3794.25
603.912	3909.75	0	3909.75
604.033	3860	0	3860
604.154	3825.25	0	3825.25
604.276	3859.75	0	3859.75
604.397	3869	0	3869
604.519	3885.75	0	3885.75
604.64	3837.5	0	3837.5
604.761	3793	0	3793
604.883	3831.25	0	3831.25
605.004	3808	0	3808
605.125	3854.25	0	3854.25
605.247	3819.25	0	3819.25
605.368	3759	0	3759
605.489	3772.5	0	3772.5
605.611	3840	0	3840
605.732	3748.5	0	3748.5
605.853	3778	0	3778
605.974	3824.5	0	3824.5
606.095	3809.25	0	3809.25
606.216	3835.5	0	3835.5
606.338	3877.75	0	3877.75
606.459	3853.5	0	3853.5
606.58	3889.75	0	3889.75
606.701	3858	0	3858
606.822	3890.75	0	3890.75
606.943	3926.75	0	3926.75
607.064	3942.75	0	3942.75
607.185	3972.25	0	3972.25
607.306	4034.5	0	4034.5
607.427	4051.75	0	4051.75
607.548	4079.25	0	4079.25
607.669	4105.25	0	4105.25
607.79	4085.5	0	4085.5
607.911	4055.75	0	4055.75
608.032	4048.75	0	4048.75
608.153	3930	0	3930
608.274	3908.5	0	3908.5
608.394	3844.25	0	3844.25
608.515	3878.25	0	3878.25
608.636	3864.25	0	3864.25
608.757	3879	0	3879
608.878	3940.25	0	3940.25
608.998	3854.5	0	3854.5
609.119	3802	0	3802
609.24	3793.5	0	3793.5
609.361	3734	0	3734
609.481	3763.5	0	3763.5
609.602	3773.75	0	3773.75
609.723	3762	0	3762
609.843	3744.25	0	3744.25
609.964	3771.5	0	3771.5
610.085	3647.75	0	3647.75
610.205	3663.75	0	3663.75
610.326	3588	0	3588
610.446	3665.5	0	3665.5
610.567	3671.25	0	3671.25
610.687	3687.25	0	3687.25
610.808	3634.25	0	3634.25
610.928	3668.5	0	3668.5
611.049	3699.25	0	3699.25
611.169	3634.5	0	3634.5
611.29	3652	0	3652
611.41	3621.5	0	3621.5
611.531	3590.75	0	3590.75
611.651	3599	0	3599
611.771	3682.75	0	3682.75
611.892	3605	0	3605
612.012	3683.25	0	3683.25
612.132	3645.25	0	3645.25
612.253	3660.5	0	3660.5
612.373	3702.75	0	3702.75
612.493	3716	0	3716
612.613	3707.5	0	3707.5
612.734	3822	0	3822
612.854	3803.25	0	3803.25
612.974	3896.25	0	3896.25
613.094	3885.5	0	3885.5
613.214	3877.25	0	3877.25
613.335	3805.5	0	3805.5
613.455	3682	0	3682
613.575	3653	0	3653
613.695	3565.75	0	3565.75
613.815	3527	0	3527
613.935	3510.25	0	3510.25
614.055	3525	0	3525
614.175	3540.5	0	3540.5
614.295	3485.75	0	3485.75
614.415	3451.5	0	3451.5
614.535	3510	0	3510
614.655	3500.5	0	3500.5
614.775	3403.25	0	3403.25
614.895	3472.25	0	3472.25
615.015	3447.25	0	3447.25
615.135	3411.5	0	3411.5
615.254	3466.75	0	3466.75
615.374	3451	0	3451
615.494	3403.5	0	3403.5
615.614	3389	0	3389
615.734	3413.25	0	3413.25
615.854	3391.75	0	3391.75
615.973	3448	0	3448
616.093	3419.25	0	3419.25
616.213	3415.5	0	3415.5
616.332	3472.5	0	3472.5
616.452	3475.75	0	3475.75
616.572	3412.5	0	3412.5
616.691	3428	0	3428
616.811	3449.25	0	3449.25
616.931	3425.25	0	3425.25
617.05	3371.25	0	3371.25
617.17	3412.25	0	3412.25
617.289	3439.5	0	3439.5
617.409	3431	0	3431
617.529	3387.5	0	3387.5
617.648	3403	0	3403
617.768	3401	0	3401
617.887	3427.25	0	3427.25
618.006	3334.5	0	3334.5
618.126	3397.75	0	3397.75
618.245	3401	0	3401
618.365	3388.5	0	3388.5
618.484	3401.5	0	3401.5
618.604	3363.75	0	3363.75
618.723	3324.75	0	3324.75
618.842	3382.5	0	3382.5
618.962	3313.25	0	3313.25
619.081	3326.25	0	3326.25
619.2	3369.75	0	3369.75
619.319	3385.25	0	3385.25
619.439	3354.25	0	3354.25
619.558	3320	0	3320
619.677	3346.5	0	3346.5
619.796	3359.75	0	3359.75
619.916	3353	0	3353
620.035	3373.5	0	3373.5
620.154	3372	0	3372
620.273	3367.25	0	3367.25
620.392	3332.75	0	3332.75
620.511	3376	0	3376
620.63	3404.25	0	3404.25
620.749	3440	0	3440
620.868	3392.5	0	3392.5
620.987	3373.75	0	3373.75
621.106	3385.5	0	3385.5
621.225	3319	0	3319
621.344	3351.5	0	3351.5
621.463	3265.75	0	3265.75
621.582	3214.25	0	3214.25
621.701	3220.25	0	3220.25
621.82	3203.5	0	3203.5
621.939	3182.75	0	3182.75
622.058	3225.75	0	3225.75
622.177	3203	0	3203
622.295	3121	0	3121
622.414	3133.25	0	3133.25
622.533	3125.75	0	3125.75
622.652	3126.75	0	3126.75
622.771	3104	0	3104
622.889	3037.5	0	3037.5
623.008	3077.5	0	3077.5
623.127	3093.75	0	3093.75
623.245	3104.75	0	3104.75
623.364	3113	0	3113
623.483	3060.25	0	3060.25
623.601	2986.25	0	2986.25
623.72	3049.25	0	3049.25
623.839	3048.25	0	3048.25
623.957	3028.5	0	3028.5
624.076	3002.5	0	3002.5
624.194	3025.5	0	3025.5
624.313	2974	0	2974
624.431	2969.5	0	2969.5
624.55	3011.25	0	3011.25
624.668	3071.25	0	3071.25
624.787	3004.25	0	3004.25
624.905	3005	0	3005
625.024	2943.25	0	2943.25
625.142	2999	0	2999
625.26	3057	0	3057
625.379	3024.5	0	3024.5
625.497	3074.5	0	3074.5
625.615	2964.5	0	2964.5
625.734	3050	0	3050
625.852	3049.5	0	3049.5
625.97	2998.25	0	2998.25
626.089	3053.25	0	3053.25
626.207	3054.25	0	3054.25
626.325	3005.5	0	3005.5
626.443	2970.75	0	2970.75
626.561	2984	0	2984
626.68	2927	0	2927
626.798	2915	0	2915
626.916	2922.25	0	2922.25
627.034	2929.75	0	2929.75
627.152	2871	0	2871
627.27	2926.5	0	2926.5
627.388	2893	0	2893
627.506	2892.5	0	2892.5
627.624	2898.75	0	2898.75
627.742	2886.5	0	2886.5
627.86	2815.75	0	2815.75
627.978	2903	0	2903
628.096	2813.25	0	2813.25
628.214	2890.25	0	2890.25
628.332	2866.25	0	2866.25
628.45	2854.75	0	2854.75
628.568	2848	0	2848
628.686	2829.5	0	2829.5
628.804	2859	0	2859
628.921	2811	0	2811
629.039	2821.25	0	2821.25
629.157	2833.5	0	2833.5
629.275	2801.25	0	2801.25
629.393	2818	0	2818
629.51	2824.5	0	2824.5
629.628	2768	0	2768
629.746	2801.75	0	2801.75
629.864	2737	0	2737
629.981	2780	0	2780
630.099	2758.25	0	2758.25
630.216	2785.5	0	2785.5
630.334	2718.25	0	2718.25
630.452	2709.5	0	2709.5
630.569	2689	0	2689
630.687	2667	0	2667
630.804	2725.25	0	2725.25
630.922	2675.5	0	2675.5
631.039	2652.25	0	2652.25
631.157	2627.5	0	2627.5
631.274	2652	0	2652
631.392	2668	0	2668
631.509	2681.75	0	2681.75
631.627	2615	0	2615
631.744	2608.25	0	2608.25
631.861	2625.5	0	2625.5
631.979	2614.5	0	2614.5
632.096	2599.75	0	2599.75
632.213	2638.5	0	2638.5
632.331	2557	0	2557
632.448	2571.25	0	2571.25
632.565	2595.75	0	2595.75
632.683	2561.25	0	2561.25
632.8	2612.25	0	2612.25
632.917	2555.5	0	2555.5
633.034	2564	0	2564
633.151	2555.25	0	2555.25
633.269	2593.5	0	2593.5
633.386	2531	0	2531
633.503	2534.25	0	2534.25
633.62	2565.5	0	2565.5
633.737	2462	0	2462
633.854	2562.25	0	2562.25
633.971	2552.5	0	2552.5
634.088	2554.5	0	2554.5
634.205	2575.75	0	2575.75
634.322	2567.5	0	2567.5
634.439	2532.5	0	2532.5
634.556	2517.25	0	2517.25
634.673	2516.25	0	2516.25
634.79	2530.75	0	2530.75
634.907	2467.25	0	2467.25
635.024	2507.25	0	2507.25
635.141	2463.5	0	2463.5
635.258	2475.5	0	2475.5
635.375	2520.75	0	2520.75
635.491	2485.5	0	2485.5
635.608	2466.5	0	2466.5
635.725	2449.75	0	2449.75
635.842	2482.75	0	2482.75
635.958	2394.75	0	2394.75
636.075	2472.75	0	2472.75
636.192	2449.75	0	2449.75
636.309	2467.75	0	2467.75
636.425	2388.75	0	2388.75
636.542	2468.75	0	2468.75
636.659	2458.25	0	2458.25
636.775	2428.25	0	2428.25
636.892	2391.75	0	2391.75
637.008	2447.75	0	2447.75
637.125	2451.25	0	2451.25
637.241	2421	0	2421
637.358	2412.5	0	2412.5
637.475	2446.75	0	2446.75
637.591	2404.75	0	2404.75
637.707	2382.5	0	2382.5
637.824	2374	0	2374
637.94	2420.25	0	2420.25
638.057	2395.75	0	2395.75
638.173	2402.75	0	2402.75
638.29	2447.75	0	2447.75
638.406	2418.5	0	2418.5
638.522	2375.5	0	2375.5
638.639	2370.75	0	2370.75
638.755	2441.75	0	2441.75
638.871	2350.75	0	2350.75
638.987	2390.75	0	2390.75
639.104	2341.75	0	2341.75
639.22	2335.25	0	2335.25
639.336	2368.25	0	2368.25
639.452	2335.75	0	2335.75
639.569	2346.25	0	2346.25
639.685	2374.75	0	2374.75
639.801	2339	0	2339
639.917	2341.5	0	2341.5
640.033	2335.25	0	2335.25
640.149	2331	0	2331
640.265	2300.75	0	2300.75
640.381	2327	0	2327
640.497	2302.25	0	2302.25
640.613	2295.5	0	2295.5
640.729	2315	0	2315
640.845	2286.25	0	2286.25
640.961	2278.5	0	2278.5
641.077	2274.5	0	2274.5
641.193	2285.75	0	2285.75
641.309	2245.5	0	2245.5
641.425	2244.5	0	2244.5
641.541	2247.75	0	2247.75
641.657	2287.75	0	2287.75
641.773	2267.25	0	2267.25
641.888	2240.25	0	2240.25
642.004	2224.75	0	2224.75
642.12	2226.75	0	2226.75
642.236	2210.25	0	2210.25
642.352	2213	0	2213
642.467	2254	0	2254
642.583	2224.25	0	2224.25
642.699	2267.75	0	2267.75
642.814	2233.5	0	2233.5
642.93	2200.5	0	2200.5
643.046	2172.5	0	2172.5
643.161	2216.5	0	2216.5
643.277	2201.75	0	2201.75
643.392	2185.75	0	2185.75
643.508	2207.75	0	2207.75
643.623	2228.25	0	2228.25
643.739	2211.25	0	2211.25
643.854	2220.75	0	2220.75
643.97	2188.75	0	2188.75
644.085	2222.75	0	2222.75
644.201	2178.5	0	2178.5
644.316	2185	0	2185
644.432	2196.25	0	2196.25
644.547	2200.75	0	2200.75
644.663	2246.25	0	2246.25
644.778	2246.75	0	2246.75
644.893	2202	0	2202
645.008	2204	0	2204
645.124	2218.75	0	2218.75
645.239	2219	0	2219
645.354	2160.25	0	2160.25
645.47	2197	0	2197
645.585	2188.5	0	2188.5
645.7	2227.75	0	2227.75
645.815	2204.5	0	2204.5
645.93	2229.5	0	2229.5
646.046	2223.5	0	2223.5
646.161	2194.25	0	2194.25
646.276	2234.25	0	2234.25
646.391	2211.75	0	2211.75
646.506	2229.25	0	2229.25
646.621	2162.25	0	2162.25
646.736	2227.5	0	2227.5
646.851	2228	0	2228
646.966	2231.25	0	2231.25
647.081	2214.5	0	2214.5
647.196	2271.5	0	2271.5
647.311	2220.25	0	2220.25
647.426	2252	0	2252
647.541	2257.5	0	2257.5
647.656	2275.75	0	2275.75
647.771	2284.75	0	2284.75
647.885	2270.5	0	2270.5
648	2345	0	2345
648.115	2358.25	0	2358.25
648.23	2362.25	0	2362.25
648.345	2442.25	0	2442.25
648.459	2400.75	0	2400.75
648.574	2412.5	0	2412.5
648.689	2388	0	2388
648.804	2504	0	2504
648.918	2413.5	0	2413.5
649.033	2357.75	0	2357.75
649.148	2341.75	0	2341.75
649.262	2359.5	0	2359.5
649.377	2333.5	0	2333.5
649.491	2260.75	0	2260.75
649.606	2268.75	0	2268.75
649.721	2255.25	0	2255.25
649.835	2300.75	0	2300.75
649.95	2218.25	0	2218.25
650.064	2235.75	0	2235.75
650.179	2213.25	0	2213.25
650.293	2222	0	2222
650.408	2223.75	0	2223.75
650.522	2192	0	2192
650.636	2235.25	0	2235.25
650.751	2189	0	2189
650.865	2142.5	0	2142.5
650.979	2144.25	0	2144.25
651.094	2133	0	2133
651.208	2161.5	0	2161.5
651.322	2177	0	2177
651.437	2122.75	0	2122.75
651.551	2183	0	2183
651.665	2117	0	2117
651.779	2183.75	0	2183.75
651.894	2213.5	0	2213.5
652.008	2149.75	0	2149.75
652.122	2132.5	0	2132.5
652.236	2147	0	2147
652.35	2139.75	0	2139.75
652.464	2160.25	0	2160.25
652.578	2152.25	0	2152.25
652.693	2120.25	0	2120.25
652.807	2189.5	0	2189.5
652.921	2137.75	0	2137.75
653.035	2169.5	0	2169.5
653.149	2161.5	0	2161.5
653.263	2128	0	2128
653.376	2168.25	0	2168.25
653.49	2127.75	0	2127.75
653.604	2124.75	0	2124.75
653.718	2167.75	0	2167.75
653.832	2143.5	0	2143.5
653.946	2178	0	2178
654.06	2136.25	0	2136.25
654.174	2194.75	0	2194.75
654.287	2138.75	0	2138.75
654.401	2226.25	0	2226.25
654.515	2156	0	2156
654.629	2181.5	0	2181.5
654.743	2190.25	0	2190.25
654.856	2172.75	0	2172.75
654.97	2212	0	2212
655.084	2219.5	0	2219.5
655.197	2230.25	0	2230.25
655.311	2259	0	2259
655.424	2310.25	0	2310.25
655.538	2256	0	2256
655.652	2290.75	0	2290.75
655.765	2320	0	2320
655.879	2346	0	2346
655.992	2343.5	0	2343.5
656.106	2347	0	2347
656.219	2381.25	0	2381.25
656.333	2377.5	0	2377.5
656.446	2431	0	2431
656.56	2453.25	0	2453.25
656.673	2548.5	0	2548.5
656.786	2509	0	2509
656.9	2490.75	0	2490.75
657.013	2487	0	2487
657.127	2453.5	0	2453.5
657.24	2497.75	0	2497.75
657.353	2483	0	2483
657.466	2392.25	0	2392.25
657.58	2410	0	2410
657.693	2356.25	0	2356.25
657.806	2420.75	0	2420.75
657.919	2352	0	2352
658.032	2363.5	0	2363.5
658.146	2320	0	2320
658.259	2294.5	0	2294.5
658.372	2354.75	0	2354.75
658.485	2302.5	0	2302.5
658.598	2334.75	0	2334.75
658.711	2326.5	0	2326.5
658.824	2315.75	0	2315.75
658.937	2322.75	0	2322.75
659.05	2289.75	0	2289.75
659.163	2245.75	0	2245.75
659.276	2287.75	0	2287.75
659.389	2231.25	0	2231.25
659.502	2277.25	0	2277.25
659.615	2246.25	0	2246.25
659.728	2213.75	0	2213.75
659.841	2205.75	0	2205.75
659.954	2236	0	2236
660.067	2199	0	2199
660.179	2246.5	0	2246.5
660.292	2245.25	0	2245.25
660.405	2201.75	0	2201.75
660.518	2217	0	2217
660.63	2242	0	2242
660.743	2295.25	0	2295.25
660.856	2257.5	0	2257.5
660.969	2344.25	0	2344.25
661.081	2314.5	0	2314.5
661.194	2352.5	0	2352.5
661.307	2344.5	0	2344.5
661.419	2299.75	0	2299.75
661.532	2314.5	0	2314.5
661.644	2235.75	0	2235.75
661.757	2252.75	0	2252.75
661.869	2221.25	0	2221.25
661.982	2178.25	0	2178.25
662.094	2107.25	0	2107.25
662.207	2110.25	0	2110.25
662.319	2063.25	0	2063.25
662.432	2118.5	0	2118.5
662.544	2075	0	2075
662.656	2039.5	0	2039.5
662.769	2031.5	0	2031.5
662.881	2025	0	2025
662.994	2014.25	0	2014.25
663.106	1991.5	0	1991.5
663.218	1949.25	0	1949.25
663.331	1946.25	0	1946.25
663.443	1946.5	0	1946.5
663.555	1898	0	1898
663.667	1960.75	0	1960.75
663.779	1949	0	1949
663.892	1886.5	0	1886.5
664.004	1913.75	0	1913.75
664.116	1923.5	0	1923.5
664.228	1874.75	0	1874.75
664.34	1846	0	1846
664.452	1867.25	0	1867.25
664.564	1835.25	0	1835.25
664.676	1867.75	0	1867.75
664.788	1859.75	0	1859.75
664.901	1856	0	1856
665.012	1838.5	0	1838.5
665.125	1847	0	1847
665.236	1850.75	0	1850.75
665.348	1867.75	0	1867.75
665.46	1847	0	1847
665.572	1840.75	0	1840.75
665.684	1812.5	0	1812.5
665.796	1792.75	0	1792.75
665.908	1848.75	0	1848.75
666.02	1810.5	0	1810.5
666.131	1868.25	0	1868.25
666.243	1805.25	0	1805.25
666.355	1817.25	0	1817.25
666.467	1819.75	0	1819.75
666.578	1883.25	0	1883.25
666.69	1887.5	0	1887.5
666.802	1860	0	1860
666.914	1830	0	1830
667.025	1909.25	0	1909.25
667.137	1828	0	1828
667.248	1857.25	0	1857.25
667.36	1808.5	0	1808.5
667.472	1824.5	0	1824.5
667.583	1793	0	1793
667.695	1758	0	1758
667.806	1780.5	0	1780.5
667.918	1742.75	0	1742.75
668.029	1721.75	0	1721.75
668.141	1721.5	0	1721.5
668.252	1770	0	1770
668.363	1711.75	0	1711.75
668.475	1707.75	0	1707.75
668.586	1680.25	0	1680.25
668.698	1659.25	0	1659.25
668.809	1670	0	1670
668.92	1662.25	0	1662.25
669.032	1671.75	0	1671.75
669.143	1673	0	1673
669.254	1655	0	1655
669.365	1658.5	0	1658.5
669.477	1626	0	1626
669.588	1636.75	0	1636.75
669.699	1627.5	0	1627.5
669.81	1636	0	1636
669.921	1614.25	0	1614.25
670.032	1623.5	0	1623.5
670.143	1643.25	0	1643.25
670.255	1648.75	0	1648.75
670.366	1608	0	1608
670.477	1590	0	1590
670.588	1578.75	0	1578.75
670.699	1598	0	1598
670.81	1626.75	0	1626.75
670.921	1574.5	0	1574.5
671.032	1573.5	0	1573.5
671.143	1583.25	0	1583.25
671.253	1567	0	1567
671.364	1606.75	0	1606.75
671.475	1555.25	0	1555.25
671.586	1598.75	0	1598.75
671.697	1563.5	0	1563.5
671.808	1582.5	0	1582.5
671.919	1562.75	0	1562.75
672.029	1523	0	1523
672.14	1527.75	0	1527.75
672.251	1529.75	0	1529.75
672.362	1581.25	0	1581.25
672.472	1543.75	0	1543.75
672.583	1532.5	0	1532.5
672.694	1526.25	0	1526.25
672.804	1561.25	0	1561.25
672.915	1504.5	0	1504.5
673.025	1527.75	0	1527.75
673.136	1513.75	0	1513.75
673.247	1499	0	1499
673.357	1525.5	0	1525.5
673.468	1507.25	0	1507.25
673.578	1501.25	0	1501.25
673.689	1513.25	0	1513.25
673.799	1555.5	0	1555.5
673.91	1461.75	0	1461.75
674.02	1491	0	1491
674.13	1468.5	0	1468.5
674.241	1487	0	1487
674.351	1454.75	0	1454.75
674.461	1475.25	0	1475.25
674.572	1495.5	0	1495.5
674.682	1431.75	0	1431.75
674.792	1462.5	0	1462.5
674.903	1452.75	0	1452.75
675.013	1448.5	0	1448.5
675.123	1476.75	0	1476.75
675.233	1437.25	0	1437.25
675.344	1429.75	0	1429.75
675.454	1466.25	0	1466.25
675.564	1405.25	0	1405.25
675.674	1438.25	0	1438.25
675.784	1403.5	0	1403.5
675.894	1408.25	0	1408.25
676.004	1429.5	0	1429.5
676.114	1444	0	1444
676.224	1428	0	1428
676.334	1429.25	0	1429.25
676.444	1446.5	0	1446.5
676.554	1428.75	0	1428.75
676.664	1406	0	1406
676.774	1395	0	1395
676.884	1373	0	1373
676.994	1433.25	0	1433.25
677.104	1389.75	0	1389.75
677.214	1427	0	1427
677.324	1394.5	0	1394.5
677.433	1385.5	0	1385.5
677.543	1363.5	0	1363.5
677.653	1355.25	0	1355.25
677.763	1343.5	0	1343.5
677.872	1394.25	0	1394.25
677.982	1397.75	0	1397.75
678.092	1314.25	0	1314.25
678.202	1358	0	1358
678.311	1370.75	0	1370.75
678.421	1354	0	1354
678.53	1289.25	0	1289.25
678.64	1335.5	0	1335.5
678.75	1328	0	1328
678.859	1334.25	0	1334.25
678.969	1302	0	1302
679.078	1310.5	0	1310.5
679.188	1321.25	0	1321.25
679.297	1313	0	1313
679.407	1282.5	0	1282.5
679.516	1329	0	1329
679.625	1282.75	0	1282.75
679.735	1307	0	1307
679.844	1316.5	0	1316.5
679.954	1308.25	0	1308.25
680.063	1300	0	1300
680.172	1313.75	0	1313.75
680.282	1336	0	1336
680.391	1323.25	0	1323.25
680.5	1301	0	1301
680.609	1339.5	0	1339.5
680.719	1303.75	0	1303.75
680.828	1311.5	0	1311.5
680.937	1276.5	0	1276.5
681.046	1328.5	0	1328.5
681.155	1354.75	0	1354.75
681.264	1337.75	0	1337.75
681.374	1358.25	0	1358.25
681.483	1336.25	0	1336.25
681.592	1387.75	0	1387.75
681.701	1423.75	0	1423.75
681.81	1431.75	0	1431.75
681.919	1377.5	0	1377.5
682.028	1375	0	1375
682.137	1331.25	0	1331.25
682.246	1320.25	0	1320.25
682.355	1302.25	0	1302.25
682.463	1318.75	0	1318.75
682.572	1328.5	0	1328.5
682.681	1306.5	0	1306.5
682.79	1322.5	0	1322.5
682.899	1265	0	1265
683.008	1293.25	0	1293.25
683.117	1238.25	0	1238.25
683.225	1256.25	0	1256.25
683.334	1246.75	0	1246.75
683.443	1216.5	0	1216.5
683.551	1235.5	0	1235.5
683.66	1281.5	0	1281.5
683.769	1225	0	1225
683.877	1234.25	0	1234.25
683.986	1202.75	0	1202.75
684.095	1225.25	0	1225.25
684.203	1193.25	0	1193.25
684.312	1174.5	0	1174.5
684.42	1183	0	1183
684.529	1212.25	0	1212.25
684.637	1205	0	1205
684.746	1209.5	0	1209.5
684.854	1200.25	0	1200.25
684.963	1167	0	1167
685.071	1219	0	1219
685.18	1205.5	0	1205.5
685.288	1182.25	0	1182.25
685.396	1218	0	1218
685.505	1148	0	1148
685.613	1189.5	0	1189.5
685.721	1183.25	0	1183.25
685.83	1170	0	1170
685.938	1162	0	1162
686.046	1183.5	0	1183.5
686.154	1180.25	0	1180.25
686.263	1198	0	1198
686.371	1159.5	0	1159.5
686.479	1196.5	0	1196.5
686.587	1173.75	0	1173.75
686.695	1154.5	0	1154.5
686.803	1204.5	0	1204.5
686.911	1175.75	0	1175.75
687.019	1152.25	0	1152.25
687.127	1132.25	0	1132.25
687.235	1132.75	0	1132.75
687.343	1157.75	0	1157.75
687.451	1130.25	0	1130.25
687.559	1129	0	1129
687.667	1136.5	0	1136.5
687.775	1144.75	0	1144.75
687.883	1178.25	0	1178.25
687.991	1148	0	1148
688.099	1142.5	0	1142.5
688.207	1155.75	0	1155.75
688.315	1118.25	0	1118.25
688.422	1140	0	1140
688.53	1148.5	0	1148.5
688.638	1096.75	0	1096.75
688.746	1119.75	0	1119.75
688.853	1151	0	1151
688.961	1167	0	1167
689.069	1143.75	0	1143.75
689.176	1107.75	0	1107.75
689.284	1088.75	0	1088.75
689.392	1128	0	1128
689.499	1104	0	1104
689.607	1134.75	0	1134.75
689.714	1119.25	0	1119.25
689.822	1125.75	0	1125.75
689.93	1138	0	1138
690.037	1103.5	0	1103.5
690.144	1144.25	0	1144.25
690.252	1147.5	0	1147.5
690.359	1139.25	0	1139.25
690.467	1168.5	0	1168.5
690.574	1175.25	0	1175.25
690.682	1193.5	0	1193.5
690.789	1159.25	0	1159.25
690.896	1138.5	0	1138.5
691.004	1133.25	0	1133.25
691.111	1117	0	1117
691.218	1099.25	0	1099.25
691.325	1100	0	1100
691.433	1114.75	0	1114.75
691.54	1096	0	1096
691.647	1085	0	1085
691.754	1080	0	1080
691.861	1048	0	1048
691.969	1083.75	0	1083.75
692.076	1065.5	0	1065.5
692.183	1057	0	1057
692.29	1051	0	1051
692.397	1063	0	1063
692.504	1052.25	0	1052.25
692.611	1079.25	0	1079.25
692.718	1039	0	1039
692.825	1042	0	1042
692.932	1050	0	1050
693.039	1047	0	1047
693.146	1048	0	1048
693.253	1047	0	1047
693.359	1016	0	1016
693.466	1034.5	0	1034.5
693.573	1068	0	1068
693.68	1036.5	0	1036.5
693.787	1023	0	1023
693.894	1036.5	0	1036.5
694	1046.75	0	1046.75
694.107	1023	0	1023
694.214	1030.75	0	1030.75
694.32	1031	0	1031
694.427	1049.25	0	1049.25
694.534	1058.75	0	1058.75
694.64	1027	0	1027
694.747	1036.25	0	1036.25
694.853	1016.5	0	1016.5
694.96	1062.5	0	1062.5
695.067	1070.75	0	1070.75
695.173	1074.5	0	1074.5
695.28	1052.5	0	1052.5
695.386	1105.75	0	1105.75
695.493	1097.75	0	1097.75
695.599	1070.75	0	1070.75
695.705	1107.75	0	1107.75
695.812	1132.25	0	1132.25
695.918	1172.75	0	1172.75
696.025	1178.25	0	1178.25
696.131	1237.25	0	1237.25
696.237	1346.25	0	1346.25
696.344	1380.5	0	1380.5
696.45	1374.75	0	1374.75
696.556	1338.5	0	1338.5
696.662	1227	0	1227
696.768	1189.5	0	1189.5
696.875	1171.75	0	1171.75
696.981	1160.75	0	1160.75
697.087	1109.75	0	1109.75
697.193	1099.5	0	1099.5
697.299	1100.25	0	1100.25
697.405	1078.25	0	1078.25
697.512	1050.75	0	1050.75
697.618	1063.75	0	1063.75
697.724	1029.75	0	1029.75
697.83	1033.5	0	1033.5
697.936	1052.5	0	1052.5
698.042	1017.75	0	1017.75
698.148	989.25	0	989.25
698.253	998.75	0	998.75
698.359	975.25	0	975.25
698.465	1005.75	0	1005.75
698.571	966.25	0	966.25
698.677	963	0	963
698.783	979.25	0	979.25
698.889	992	0	992
698.994	990.25	0	990.25
699.1	945.5	0	945.5
699.206	964.5	0	964.5
699.312	941	0	941
699.417	951.5	0	951.5
699.523	980.5	0	980.5
699.629	947.25	0	947.25
699.734	926.25	0	926.25
699.84	954.5	0	954.5
699.946	918.25	0	918.25
700.051	946.25	0	946.25
700.157	965.5	0	965.5
700.262	898.5	0	898.5
700.368	924.75	0	924.75
700.473	945	0	945
700.579	938.5	0	938.5
700.684	931.25	0	931.25
700.79	920.25	0	920.25
700.895	907.25	0	907.25
701	938.5	0	938.5
701.106	914.25	0	914.25
701.211	908.5	0	908.5
701.316	923.5	0	923.5
701.422	916	0	916
701.527	908.25	0	908.25
701.632	912.5	0	912.5
701.738	905.75	0	905.75
701.843	905.75	0	905.75
701.948	899.5	0	899.5
702.053	914	0	914
702.158	926.75	0	926.75
702.264	894.75	0	894.75
702.369	921.75	0	921.75
702.474	899.75	0	899.75
702.579	930	0	930
702.684	924.25	0	924.25
702.789	934.25	0	934.25
702.894	907.75	0	907.75
702.999	882.25	0	882.25
703.104	908.5	0	908.5
703.209	915	0	915
703.314	910	0	910
703.419	887.75	0	887.75
703.524	933	0	933
703.629	899.75	0	899.75
703.733	914.5	0	914.5
703.838	925	0	925
703.943	891.75	0	891.75
704.048	894	0	894
704.153	882.25	0	882.25
704.257	886.75	0	886.75
704.362	889	0	889
704.467	871.75	0	871.75
704.572	898.5	0	898.5
704.676	869	0	869
704.781	889.75	0	889.75
704.886	857	0	857
704.99	829.25	0	829.25
705.095	846.25	0	846.25
705.199	872	0	872
705.304	868.75	0	868.75
705.408	813	0	813
705.513	851	0	851
705.617	857.5	0	857.5
705.722	831.5	0	831.5
705.826	850.75	0	850.75
705.931	835	0	835
706.035	823.5	0	823.5
706.139	818.75	0	818.75
706.244	819.75	0	819.75
706.348	813.25	0	813.25
706.452	827.5	0	827.5
706.557	827.75	0	827.75
706.661	832.75	0	832.75
706.765	846.25	0	846.25
706.87	855.5	0	855.5
706.974	831.75	0	831.75
707.078	816.75	0	816.75
707.182	827.25	0	827.25
707.286	831.5	0	831.5
707.39	804.25	0	804.25
707.495	819.75	0	819.75
707.599	824.25	0	824.25
707.703	831.5	0	831.5
707.807	818.75	0	818.75
707.911	829.5	0	829.5
708.015	855.25	0	855.25
708.119	828	0	828
708.223	814.25	0	814.25
708.327	798.75	0	798.75
708.431	847.75	0	847.75
708.534	807	0	807
708.638	837	0	837
708.742	814.5	0	814.5
708.846	820.75	0	820.75
708.95	841.25	0	841.25
709.054	843	0	843
709.157	833.5	0	833.5
709.261	814.75	0	814.75
709.365	798.25	0	798.25
709.469	813	0	813
709.572	819.5	0	819.5
709.676	798.25	0	798.25
709.78	814.25	0	814.25
709.883	807	0	807
709.987	802	0	802
710.09	794.75	0	794.75
710.194	791	0	791
710.298	785	0	785
710.401	797	0	797
710.505	784	0	784
710.608	815.25	0	815.25
710.711	781	0	781
710.815	785.5	0	785.5
710.918	753	0	753
711.022	799.5	0	799.5
711.125	793	0	793
711.228	770.5	0	770.5
711.332	792.25	0	792.25
711.435	790.5	0	790.5
711.538	787.25	0	787.25
711.642	789.5	0	789.5
711.745	771.25	0	771.25
711.848	799.5	0	799.5
711.951	787.75	0	787.75
712.055	774.5	0	774.5
712.158	752.25	0	752.25
712.261	770.5	0	770.5
712.364	784.25	0	784.25
712.467	769.75	0	769.75
712.57	782.75	0	782.75
712.673	758	0	758
712.776	788.75	0	788.75
712.879	775.5	0	775.5
712.982	763.75	0	763.75
713.085	778.25	0	778.25
713.188	762.5	0	762.5
713.291	771.25	0	771.25
713.394	731.25	0	731.25
713.497	764.25	0	764.25
713.6	768	0	768
713.703	762.25	0	762.25
713.805	769	0	769
713.908	761	0	761
714.011	766	0	766
714.114	760	0	760
714.216	775.5	0	775.5
714.319	749	0	749
714.422	764	0	764
714.525	768.5	0	768.5
714.627	800	0	800
714.73	778.25	0	778.25
714.833	744.5	0	744.5
714.935	771.5	0	771.5
715.038	776.75	0	776.75
715.14	738.5	0	738.5
715.243	746	0	746
715.345	757.25	0	757.25
715.448	748.75	0	748.75
715.55	781.25	0	781.25
715.653	780.75	0	780.75
715.755	765	0	765
715.857	757.5	0	757.5
715.96	782.75	0	782.75
716.062	823.5	0	823.5
716.164	846.75	0	846.75
716.267	868.5	0	868.5
716.369	861.75	0	861.75
716.471	836.25	0	836.25
716.574	826.75	0	826.75
716.676	809.75	0	809.75
716.778	803.75	0	803.75
716.88	800.75	0	800.75
716.982	780.5	0	780.5
717.085	815.75	0	815.75
717.187	763.25	0	763.25
717.289	798.25	0	798.25
717.391	749.75	0	749.75
717.493	731.25	0	731.25
717.595	754.25	0	754.25
717.697	762.5	0	762.5
717.799	743.5	0	743.5
717.901	718.25	0	718.25
718.003	739	0	739
718.105	730	0	730
718.207	718.75	0	718.75
718.309	733.25	0	733.25
718.411	755.5	0	755.5
718.512	723.5	0	723.5
718.614	712.5	0	712.5
718.716	716.25	0	716.25
718.818	726.5	0	726.5
718.92	748.75	0	748.75
719.021	711.25	0	711.25
719.123	718.75	0	718.75
719.225	716.5	0	716.5
719.326	713.75	0	713.75
719.428	700.25	0	700.25
719.53	712	0	712
719.631	693.75	0	693.75
719.733	701.75	0	701.75
719.834	721.75	0	721.75
719.936	701.5	0	701.5
720.038	714	0	714
720.139	692.75	0	692.75
720.241	701.25	0	701.25
720.342	707.25	0	707.25
720.443	690.25	0	690.25
720.545	697.5	0	697.5
720.646	700.25	0	700.25
720.748	666.5	0	666.5
720.849	701	0	701
720.95	689	0	689
721.052	679.75	0	679.75
721.153	690.5	0	690.5
721.254	689.75	0	689.75
721.355	688.5	0	688.5
721.457	710.5	0	710.5
721.558	693.25	0	693.25
721.659	692.25	0	692.25
721.76	706.25	0	706.25
721.861	692.75	0	692.75
721.963	692.25	0	692.25
722.064	668	0	668
722.165	660.5	0	660.5
722.266	695	0	695
722.367	676.75	0	676.75
722.468	679	0	679
722.569	690.5	0	690.5
722.67	670.25	0	670.25
722.771	672	0	672
722.872	700.75	0	700.75
722.973	682	0	682
723.073	703.25	0	703.25
723.174	707.5	0	707.5
723.275	669.5	0	669.5
723.376	699.25	0	699.25
723.477	679	0	679
723.577	669.5	0	669.5
723.678	677.75	0	677.75
723.779	651.25	0	651.25
723.88	662	0	662
723.98	666	0	666
724.081	656.25	0	656.25
724.182	676.75	0	676.75
724.282	680.5	0	680.5
724.383	655.5	0	655.5
724.483	666.5	0	666.5
724.584	667	0	667
724.685	657.25	0	657.25
724.785	656.25	0	656.25
724.886	660.25	0	660.25
724.986	653.75	0	653.75
725.086	644.5	0	644.5
725.187	652.5	0	652.5
725.287	670.5	0	670.5
725.388	654.5	0	654.5
725.488	659.25	0	659.25
725.588	641.75	0	641.75
725.689	645.25	0	645.25
725.789	663.75	0	663.75
725.889	641.25	0	641.25
725.99	654.5	0	654.5
726.09	619.25	0	619.25
726.19	651	0	651
726.29	627.75	0	627.75
726.39	642	0	642
726.49	647.25	0	647.25
726.591	629	0	629
726.691	651.5	0	651.5
726.791	623.25	0	623.25
726.891	624	0	624
726.991	646	0	646
727.091	646.5	0	646.5
727.191	667.25	0	667.25
727.291	645	0	645
727.391	630	0	630
727.491	632.5	0	632.5
727.591	648.75	0	648.75
727.691	633	0	633
727.79	634.5	0	634.5
727.89	609	0	609
727.99	622.25	0	622.25
728.09	646.25	0	646.25
728.19	639	0	639
728.289	609.25	0	609.25
728.389	623.5	0	623.5
728.489	628.5	0	628.5
728.589	626.5	0	626.5
728.688	641.5	0	641.5
728.788	627	0	627
728.888	625.25	0	625.25
728.987	619.75	0	619.75
729.087	627.75	0	627.75
729.186	595.25	0	595.25
729.286	633	0	633
729.385	598.5	0	598.5
729.485	618.75	0	618.75
729.584	606.25	0	606.25
729.684	612	0	612
729.783	613	0	613
729.883	617.75	0	617.75
729.982	615.75	0	615.75
730.081	585	0	585
730.181	619.5	0	619.5
730.28	617	0	617
730.379	627.75	0	627.75
730.479	604.75	0	604.75
730.578	599	0	599
730.677	613.25	0	613.25
730.776	619	0	619
730.875	621.75	0	621.75
730.975	612.25	0	612.25
731.074	617	0	617
731.173	632.5	0	632.5
731.272	606	0	606
731.371	589.75	0	589.75
731.47	617	0	617
731.569	624.5	0	624.5
731.668	615.25	0	615.25
731.767	636.5	0	636.5
731.866	629.25	0	629.25
731.965	610	0	610
732.064	617.25	0	617.25
732.163	584	0	584
732.262	589.75	0	589.75
732.361	593.5	0	593.5
732.46	608	0	608
732.558	616	0	616
732.657	603.5	0	603.5
732.756	593.75	0	593.75
732.855	595.25	0	595.25
732.953	611	0	611
733.052	593	0	593
733.151	616.75	0	616.75
733.25	605.75	0	605.75
733.348	592.5	0	592.5
733.447	617.5	0	617.5
733.545	594	0	594
733.644	598.25	0	598.25
733.742	591.25	0	591.25
733.841	624.25	0	624.25
733.939	597.25	0	597.25
734.038	567	0	567
734.136	587.5	0	587.5
734.235	601	0	601
734.333	620.5	0	620.5
734.432	609	0	609
734.53	622	0	622
734.628	618.75	0	618.75
734.727	609	0	609
734.825	586.75	0	586.75
734.923	619	0	619
735.022	616.5	0	616.5
735.12	648.25	0	648.25
735.218	652	0	652
735.316	651.25	0	651.25
735.414	648	0	648
735.513	649.25	0	649.25
735.611	699.5	0	699.5
735.709	693	0	693
735.807	655	0	655
735.905	667	0	667
736.003	635.5	0	635.5
736.101	632.75	0	632.75
736.199	640.5	0	640.5
736.297	605	0	605
736.395	627.5	0	627.5
736.493	608.25	0	608.25
736.591	628.25	0	628.25
736.689	606.75	0	606.75
736.787	591.5	0	591.5
736.884	596.75	0	596.75
736.982	615	0	615
737.08	596	0	596
737.178	589.25	0	589.25
737.276	585.25	0	585.25
737.373	578.75	0	578.75
737.471	570	0	570
737.569	603.5	0	603.5
737.667	599.5	0	599.5
737.764	572	0	572
737.862	573.75	0	573.75
737.959	580.5	0	580.5
738.057	560.25	0	560.25
738.154	588.25	0	588.25
738.252	585	0	585
738.35	585.25	0	585.25
738.447	596.25	0	596.25
738.544	588.5	0	588.5
738.642	557	0	557
738.739	566.5	0	566.5
738.837	575.5	0	575.5
738.934	584	0	584
739.031	582.25	0	582.25
739.129	577	0	577
739.226	564.25	0	564.25
739.323	562.25	0	562.25
739.421	583.5	0	583.5
739.518	579	0	579
739.615	592.5	0	592.5