Lambda	Spectrum	Dark	SpecMinusDark
500.031	11140.2	0	11140.2
500.165	11943.5	0	11943.5
500.299	13194.8	0	13194.8
500.433	14196.5	0	14196.5
500.567	14922.5	0	14922.5
500.701	15161	0	15161
500.835	15272.8	0	15272.8
500.968	14999.8	0	14999.8
501.102	14386.2	0	14386.2
501.236	13842.2	0	13842.2
501.37	13122.5	0	13122.5
501.504	12458.2	0	12458.2
501.637	11859.2	0	11859.2
501.771	11227	0	11227
501.905	10766.5	0	10766.5
502.039	10585.8	0	10585.8
502.172	10234.5	0	10234.5
502.306	10115.5	0	10115.5
502.44	9885.5	0	9885.5
502.573	9755.25	0	9755.25
502.707	9753.25	0	9753.25
502.841	9574.75	0	9574.75
502.974	9520.25	0	9520.25
503.108	9348.25	0	9348.25
503.242	9231	0	9231
503.375	9074	0	9074
503.509	8969.75	0	8969.75
503.642	9068	0	9068
503.776	8988.5	0	8988.5
503.909	9159.5	0	9159.5
504.043	9167.5	0	9167.5
504.176	9192.25	0	9192.25
504.31	9519.5	0	9519.5
504.443	9597.75	0	9597.75
504.577	9831.75	0	9831.75
504.71	10210.2	0	10210.2
504.844	10323	0	10323
504.977	10321.2	0	10321.2
505.111	10006.2	0	10006.2
505.244	9629.75	0	9629.75
505.377	9555.5	0	9555.5
505.511	9390	0	9390
505.644	9405	0	9405
505.777	9386.5	0	9386.5
505.911	9198.75	0	9198.75
506.044	9331.75	0	9331.75
506.177	9262	0	9262
506.311	9285.5	0	9285.5
506.444	9248.25	0	9248.25
506.577	9107.75	0	9107.75
506.71	9119.25	0	9119.25
506.844	9003.5	0	9003.5
506.977	9082.25	0	9082.25
507.11	9035	0	9035
507.243	8993.75	0	8993.75
507.376	8996.5	0	8996.5
507.51	9047.25	0	9047.25
507.643	8954	0	8954
507.776	8971	0	8971
507.909	9128.25	0	9128.25
508.042	9047.75	0	9047.75
508.175	8929	0	8929
508.308	9093	0	9093
508.441	8941.5	0	8941.5
508.574	8886	0	8886
508.707	8873.75	0	8873.75
508.84	8899	0	8899
508.973	8834	0	8834
509.106	8917.25	0	8917.25
509.239	9006.5	0	9006.5
509.372	8947.25	0	8947.25
509.505	8944	0	8944
509.638	8846	0	8846
509.771	8908	0	8908
509.904	8873.25	0	8873.25
510.037	8938.5	0	8938.5
510.17	8957.5	0	8957.5
510.303	8989	0	8989
510.436	8980.5	0	8980.5
510.568	8862	0	8862
510.701	8948.25	0	8948.25
510.834	8979.75	0	8979.75
510.967	9015	0	9015
511.1	9055.75	0	9055.75
511.232	9030.5	0	9030.5
511.365	9100.5	0	9100.5
511.498	9087.75	0	9087.75
511.631	9049	0	9049
511.763	9120.25	0	9120.25
511.896	9240.75	0	9240.75
512.029	9158.25	0	9158.25
512.161	9129.25	0	9129.25
512.294	9073.5	0	9073.5
512.427	9151.5	0	9151.5
512.559	9167.25	0	9167.25
512.692	9140.5	0	9140.5
512.825	9179.5	0	9179.5
512.957	9274.25	0	9274.25
513.09	9186.25	0	9186.25
513.222	9305.5	0	9305.5
513.355	9287.75	0	9287.75
513.487	9298.25	0	9298.25
513.62	9321.5	0	9321.5
513.752	9502.5	0	9502.5
513.885	9483.75	0	9483.75
514.017	9480.25	0	9480.25
514.15	9473.5	0	9473.5
514.282	9586.25	0	9586.25
514.415	9504.75	0	9504.75
514.547	9676.25	0	9676.25
514.68	9714	0	9714
514.812	9626.75	0	9626.75
514.944	9725.5	0	9725.5
515.077	9729.75	0	9729.75
515.209	9770.5	0	9770.5
515.341	9747	0	9747
515.474	9952.75	0	9952.75
515.606	10109.8	0	10109.8
515.738	9990.75	0	9990.75
515.871	10150.8	0	10150.8
516.003	10166	0	10166
516.135	10356.8	0	10356.8
516.267	10336.2	0	10336.2
516.4	10420.8	0	10420.8
516.532	10596.8	0	10596.8
516.664	10783.5	0	10783.5
516.796	11058.2	0	11058.2
516.928	11118	0	11118
517.06	11556.8	0	11556.8
517.193	11815.2	0	11815.2
517.325	12135.2	0	12135.2
517.457	12562	0	12562
517.589	12901.5	0	12901.5
517.721	12916.8	0	12916.8
517.853	13210	0	13210
517.985	13551	0	13551
518.117	13553.5	0	13553.5
518.249	13270.2	0	13270.2
518.381	13239.8	0	13239.8
518.513	12794.5	0	12794.5
518.645	12600	0	12600
518.777	12261.8	0	12261.8
518.909	11909	0	11909
519.041	11737.8	0	11737.8
519.173	11472.2	0	11472.2
519.305	11448	0	11448
519.437	11268.8	0	11268.8
519.569	11140	0	11140
519.701	11059.2	0	11059.2
519.832	10923	0	10923
519.964	10799.5	0	10799.5
520.096	10584.8	0	10584.8
520.228	10572.5	0	10572.5
520.36	10555	0	10555
520.491	10552	0	10552
520.623	10438.2	0	10438.2
520.755	10508.8	0	10508.8
520.887	10398.2	0	10398.2
521.018	10359.5	0	10359.5
521.15	10346.5	0	10346.5
521.282	10337	0	10337
521.414	10367.8	0	10367.8
521.545	10404.5	0	10404.5
521.677	10404.8	0	10404.8
521.808	10384.2	0	10384.2
521.94	10354	0	10354
522.072	10350.2	0	10350.2
522.203	10359.8	0	10359.8
522.335	10345.8	0	10345.8
522.466	10268.5	0	10268.5
522.598	10362.5	0	10362.5
522.729	10435	0	10435
522.861	10527.2	0	10527.2
522.993	10515.2	0	10515.2
523.124	10676.2	0	10676.2
523.256	10662.2	0	10662.2
523.387	10759	0	10759
523.518	10835	0	10835
523.65	10903	0	10903
523.781	11048.5	0	11048.5
523.913	11199	0	11199
524.044	11374.5	0	11374.5
524.176	11532.5	0	11532.5
524.307	11723.5	0	11723.5
524.438	11824.8	0	11824.8
524.57	12073	0	12073
524.701	12258.2	0	12258.2
524.832	12334.2	0	12334.2
524.964	12505.2	0	12505.2
525.095	12539.2	0	12539.2
525.226	12454	0	12454
525.357	12233	0	12233
525.489	11682.5	0	11682.5
525.62	11376	0	11376
525.751	11169	0	11169
525.882	10862	0	10862
526.013	10553.5	0	10553.5
526.145	10371.8	0	10371.8
526.276	10237.5	0	10237.5
526.407	10061.5	0	10061.5
526.538	9877.5	0	9877.5
526.669	9833.25	0	9833.25
526.8	9764.75	0	9764.75
526.931	9670.25	0	9670.25
527.062	9530.75	0	9530.75
527.193	9489.25	0	9489.25
527.324	9299.5	0	9299.5
527.455	9318.25	0	9318.25
527.586	9248	0	9248
527.717	9224.25	0	9224.25
527.848	9058.5	0	9058.5
527.979	9098.75	0	9098.75
528.11	8990.5	0	8990.5
528.241	8964.5	0	8964.5
528.372	8917	0	8917
528.503	8963.75	0	8963.75
528.634	8797.75	0	8797.75
528.765	8905.25	0	8905.25
528.896	8716.25	0	8716.25
529.026	8674	0	8674
529.157	8707.25	0	8707.25
529.288	8672.75	0	8672.75
529.419	8648.5	0	8648.5
529.55	8699	0	8699
529.681	8536.5	0	8536.5
529.811	8538	0	8538
529.942	8570.25	0	8570.25
530.073	8571.25	0	8571.25
530.203	8578	0	8578
530.334	8455.25	0	8455.25
530.465	8472.5	0	8472.5
530.596	8490	0	8490
530.726	8583	0	8583
530.857	8408	0	8408
530.987	8504	0	8504
531.118	8548.75	0	8548.75
531.249	8427	0	8427
531.379	8495.5	0	8495.5
531.51	8352.5	0	8352.5
531.64	8573.5	0	8573.5
531.771	8414.25	0	8414.25
531.901	8493	0	8493
532.032	8500.75	0	8500.75
532.163	8510.25	0	8510.25
532.293	8467.25	0	8467.25
532.423	8512.5	0	8512.5
532.554	8395.5	0	8395.5
532.684	8495.25	0	8495.25
532.815	8477.5	0	8477.5
532.945	8380	0	8380
533.076	8391.75	0	8391.75
533.206	8361.75	0	8361.75
533.336	8202	0	8202
533.467	8253.75	0	8253.75
533.597	8214.5	0	8214.5
533.727	8273.25	0	8273.25
533.858	8228.75	0	8228.75
533.988	8177	0	8177
534.118	8171.75	0	8171.75
534.248	8248.25	0	8248.25
534.379	8175.5	0	8175.5
534.509	8151.25	0	8151.25
534.639	8132	0	8132
534.769	8166.25	0	8166.25
534.9	8161.5	0	8161.5
535.03	7986.75	0	7986.75
535.16	7924.5	0	7924.5
535.29	8118.5	0	8118.5
535.42	7952	0	7952
535.55	7979.75	0	7979.75
535.68	7927.75	0	7927.75
535.81	8007.25	0	8007.25
535.94	7983.25	0	7983.25
536.071	7861.5	0	7861.5
536.201	7801.75	0	7801.75
536.331	7717.75	0	7717.75
536.461	7672.5	0	7672.5
536.591	7733.5	0	7733.5
536.721	7737.75	0	7737.75
536.851	7706.25	0	7706.25
536.981	7664.25	0	7664.25
537.11	7664.25	0	7664.25
537.24	7422.25	0	7422.25
537.37	7657.25	0	7657.25
537.5	7431.5	0	7431.5
537.63	7464	0	7464
537.76	7478	0	7478
537.89	7581	0	7581
538.02	7551	0	7551
538.149	7436.75	0	7436.75
538.279	7440	0	7440
538.409	7489.5	0	7489.5
538.539	7385.5	0	7385.5
538.669	7403.5	0	7403.5
538.798	7422.25	0	7422.25
538.928	7454.5	0	7454.5
539.058	7309.25	0	7309.25
539.187	7312.25	0	7312.25
539.317	7360.75	0	7360.75
539.447	7330.5	0	7330.5
539.576	7382.75	0	7382.75
539.706	7402	0	7402
539.836	7345	0	7345
539.965	7395.25	0	7395.25
540.095	7287.75	0	7287.75
540.225	7354.75	0	7354.75
540.354	7353	0	7353
540.484	7324.5	0	7324.5
540.613	7343.5	0	7343.5
540.743	7353.25	0	7353.25
540.872	7173.75	0	7173.75
541.002	7263	0	7263
541.131	7257.75	0	7257.75
541.261	7269.25	0	7269.25
541.39	7278.5	0	7278.5
541.52	7328.25	0	7328.25
541.649	7333	0	7333
541.778	7288.75	0	7288.75
541.908	7185	0	7185
542.037	7282.75	0	7282.75
542.167	7230.5	0	7230.5
542.296	7260	0	7260
542.425	7172.25	0	7172.25
542.554	7181	0	7181
542.684	7142.25	0	7142.25
542.813	7171.25	0	7171.25
542.942	7298	0	7298
543.072	7200	0	7200
543.201	7202.5	0	7202.5
543.33	7236.5	0	7236.5
543.459	7124.5	0	7124.5
543.588	7194.5	0	7194.5
543.718	7318.5	0	7318.5
543.847	7291.25	0	7291.25
543.976	7155.25	0	7155.25
544.105	7287.25	0	7287.25
544.234	7303.25	0	7303.25
544.363	7279.25	0	7279.25
544.492	7329.5	0	7329.5
544.621	7302.5	0	7302.5
544.75	7344.5	0	7344.5
544.88	7441	0	7441
545.009	7290.5	0	7290.5
545.138	7428.75	0	7428.75
545.266	7417.25	0	7417.25
545.396	7551.25	0	7551.25
545.525	7391.5	0	7391.5
545.653	7564.75	0	7564.75
545.782	7460.75	0	7460.75
545.911	7524.5	0	7524.5
546.04	7493	0	7493
546.169	7535.25	0	7535.25
546.298	7534.25	0	7534.25
546.427	7518.75	0	7518.75
546.556	7575.75	0	7575.75
546.685	7373	0	7373
546.813	7480	0	7480
546.942	7352	0	7352
547.071	7348.75	0	7348.75
547.2	7312.75	0	7312.75
547.328	7470	0	7470
547.457	7316	0	7316
547.586	7431	0	7431
547.715	7495.25	0	7495.25
547.843	7502.75	0	7502.75
547.972	7456.5	0	7456.5
548.101	7589.5	0	7589.5
548.229	7589	0	7589
548.358	7628.5	0	7628.5
548.487	7773.25	0	7773.25
548.615	7876.25	0	7876.25
548.744	7693.75	0	7693.75
548.872	7635	0	7635
549.001	7615.25	0	7615.25
549.129	7649	0	7649
549.258	7643	0	7643
549.387	7603.25	0	7603.25
549.515	7729.5	0	7729.5
549.643	7716	0	7716
549.772	7835	0	7835
549.9	7875	0	7875
550.029	7989	0	7989
550.157	7975.75	0	7975.75
550.286	7780	0	7780
550.414	7681	0	7681
550.542	7705.5	0	7705.5
550.671	7794	0	7794
550.799	7661.25	0	7661.25
550.927	7649	0	7649
551.056	7628	0	7628
551.184	7468.75	0	7468.75
551.312	7556	0	7556
551.441	7504.5	0	7504.5
551.569	7651.5	0	7651.5
551.697	7593.5	0	7593.5
551.825	7673.75	0	7673.75
551.953	7783	0	7783
552.082	7693.75	0	7693.75
552.21	7767.75	0	7767.75
552.338	7837.25	0	7837.25
552.466	7948.75	0	7948.75
552.594	7975.5	0	7975.5
552.722	8091.25	0	8091.25
552.851	8269.75	0	8269.75
552.979	8338	0	8338
553.107	8483.75	0	8483.75
553.235	8511.75	0	8511.75
553.363	8634.5	0	8634.5
553.491	8737.75	0	8737.75
553.619	8712.5	0	8712.5
553.747	8920.25	0	8920.25
553.875	8709.75	0	8709.75
554.003	8638.25	0	8638.25
554.131	8536.75	0	8536.75
554.259	8406.25	0	8406.25
554.387	8223.5	0	8223.5
554.514	8012.25	0	8012.25
554.642	8016.5	0	8016.5
554.77	7883.25	0	7883.25
554.898	7822.5	0	7822.5
555.026	7737.75	0	7737.75
555.154	7717.5	0	7717.5
555.281	7614.75	0	7614.75
555.409	7753.5	0	7753.5
555.537	7541.75	0	7541.75
555.665	7460.75	0	7460.75
555.793	7519.25	0	7519.25
555.92	7320.25	0	7320.25
556.048	7293.75	0	7293.75
556.176	7160.25	0	7160.25
556.303	7128.75	0	7128.75
556.431	7159.5	0	7159.5
556.559	7093	0	7093
556.686	7124.75	0	7124.75
556.814	7102	0	7102
556.942	7155.25	0	7155.25
557.069	6968.25	0	6968.25
557.197	7061	0	7061
557.324	7047.25	0	7047.25
557.452	6977	0	6977
557.579	6980	0	6980
557.707	7024	0	7024
557.835	6936.5	0	6936.5
557.962	6905	0	6905
558.089	6904.5	0	6904.5
558.217	6935.5	0	6935.5
558.344	6957.5	0	6957.5
558.472	6991.75	0	6991.75
558.599	6792	0	6792
558.727	6915.25	0	6915.25
558.854	6862.75	0	6862.75
558.981	6802.75	0	6802.75
559.109	6879.25	0	6879.25
559.236	6968.5	0	6968.5
559.363	6815.5	0	6815.5
559.491	6733.75	0	6733.75
559.618	6805.25	0	6805.25
559.745	6856.5	0	6856.5
559.872	6841.25	0	6841.25
560	6911.75	0	6911.75
560.127	6878.75	0	6878.75
560.254	6842.5	0	6842.5
560.381	6842.75	0	6842.75
560.508	6937.5	0	6937.5
560.636	6870.25	0	6870.25
560.763	6841.75	0	6841.75
560.89	6897.25	0	6897.25
561.017	6930.75	0	6930.75
561.144	6862.25	0	6862.25
561.271	6968.5	0	6968.5
561.398	6945.25	0	6945.25
561.525	6903	0	6903
561.652	6991.75	0	6991.75
561.779	6978	0	6978
561.906	7045.75	0	7045.75
562.033	6944.5	0	6944.5
562.16	7057.5	0	7057.5
562.287	7081.25	0	7081.25
562.414	7083	0	7083
562.541	7170.75	0	7170.75
562.668	7148.25	0	7148.25
562.795	7178.25	0	7178.25
562.922	7222.5	0	7222.5
563.049	7307	0	7307
563.175	7414.75	0	7414.75
563.302	7362.5	0	7362.5
563.429	7479	0	7479
563.556	7505.75	0	7505.75
563.683	7616	0	7616
563.809	7618.25	0	7618.25
563.936	7852.25	0	7852.25
564.063	7792	0	7792
564.19	7916.25	0	7916.25
564.316	8080.5	0	8080.5
564.443	8084.5	0	8084.5
564.57	8121.5	0	8121.5
564.696	8185	0	8185
564.823	8188.5	0	8188.5
564.95	8156.25	0	8156.25
565.076	8079.25	0	8079.25
565.203	8039.25	0	8039.25
565.33	8027.5	0	8027.5
565.456	7964.75	0	7964.75
565.583	8015.5	0	8015.5
565.709	8184.5	0	8184.5
565.836	8199.5	0	8199.5
565.962	8267.25	0	8267.25
566.089	8391.75	0	8391.75
566.215	8582.75	0	8582.75
566.341	8733.75	0	8733.75
566.468	9080.25	0	9080.25
566.594	9524.5	0	9524.5
566.721	9871.25	0	9871.25
566.847	10447.8	0	10447.8
566.974	10762.8	0	10762.8
567.1	10969	0	10969
567.226	10752.2	0	10752.2
567.353	10716	0	10716
567.479	10756.2	0	10756.2
567.605	10956.8	0	10956.8
567.732	11388	0	11388
567.858	11777.5	0	11777.5
567.984	12446	0	12446
568.11	12697	0	12697
568.236	13016.2	0	13016.2
568.363	12849	0	12849
568.489	12118.8	0	12118.8
568.615	11287.5	0	11287.5
568.741	10467	0	10467
568.867	9899.5	0	9899.5
568.993	9528.5	0	9528.5
569.12	9061.25	0	9061.25
569.246	8590.25	0	8590.25
569.372	8142.5	0	8142.5
569.498	7878.25	0	7878.25
569.624	7680.25	0	7680.25
569.75	7504.5	0	7504.5
569.876	7315.5	0	7315.5
570.002	7118.25	0	7118.25
570.128	7021	0	7021
570.254	6865.5	0	6865.5
570.38	6941.25	0	6941.25
570.506	6809.75	0	6809.75
570.632	6840	0	6840
570.758	6953	0	6953
570.883	6768.75	0	6768.75
571.009	6893	0	6893
571.135	6901.75	0	6901.75
571.261	7042	0	7042
571.387	6943	0	6943
571.513	6927.75	0	6927.75
571.638	6687.5	0	6687.5
571.764	6584.75	0	6584.75
571.89	6420.5	0	6420.5
572.016	6391	0	6391
572.141	6304.75	0	6304.75
572.267	6223.75	0	6223.75
572.393	6250.75	0	6250.75
572.518	6183.75	0	6183.75
572.644	6161	0	6161
572.77	5964.75	0	5964.75
572.895	6046.25	0	6046.25
573.021	6006.75	0	6006.75
573.147	5942.75	0	5942.75
573.272	6009	0	6009
573.398	5877.25	0	5877.25
573.523	5881.5	0	5881.5
573.649	5781.75	0	5781.75
573.774	5764.75	0	5764.75
573.9	5668	0	5668
574.025	5631	0	5631
574.151	5625.75	0	5625.75
574.276	5564.75	0	5564.75
574.402	5542.25	0	5542.25
574.527	5622	0	5622
574.652	5645.5	0	5645.5
574.778	5583.25	0	5583.25
574.903	5585.75	0	5585.75
575.029	5617.5	0	5617.5
575.154	5659	0	5659
575.279	5559.75	0	5559.75
575.405	5597	0	5597
575.53	5432.75	0	5432.75
575.655	5484.25	0	5484.25
575.78	5402	0	5402
575.906	5294.75	0	5294.75
576.031	5341.5	0	5341.5
576.156	5360.25	0	5360.25
576.281	5266.5	0	5266.5
576.406	5267	0	5267
576.532	5321.25	0	5321.25
576.657	5303.25	0	5303.25
576.782	5261	0	5261
576.907	5286.75	0	5286.75
577.032	5270	0	5270
577.157	5190.5	0	5190.5
577.282	5198	0	5198
577.407	5238.5	0	5238.5
577.532	5186.75	0	5186.75
577.657	5143	0	5143
577.782	5121.75	0	5121.75
577.907	5229.5	0	5229.5
578.032	5124.75	0	5124.75
578.157	5109.25	0	5109.25
578.282	5109	0	5109
578.407	5138.25	0	5138.25
578.532	5145.75	0	5145.75
578.657	5178.75	0	5178.75
578.782	5077	0	5077
578.907	5115.5	0	5115.5
579.031	5013.5	0	5013.5
579.156	5110.25	0	5110.25
579.281	5053.75	0	5053.75
579.406	5086	0	5086
579.531	5110.75	0	5110.75
579.655	5040.25	0	5040.25
579.78	5124.5	0	5124.5
579.905	5145.25	0	5145.25
580.03	5175	0	5175
580.154	5185.25	0	5185.25
580.279	5096.5	0	5096.5
580.404	5123.75	0	5123.75
580.528	5172.5	0	5172.5
580.653	5202.5	0	5202.5
580.778	5270	0	5270
580.902	5281.25	0	5281.25
581.027	5267.25	0	5267.25
581.151	5416.25	0	5416.25
581.276	5408.25	0	5408.25
581.4	5471	0	5471
581.525	5484.5	0	5484.5
581.649	5667.5	0	5667.5
581.774	5737.5	0	5737.5
581.898	5859.5	0	5859.5
582.023	5871.5	0	5871.5
582.147	6075.25	0	6075.25
582.272	6058.25	0	6058.25
582.396	6131.25	0	6131.25
582.52	6153.25	0	6153.25
582.645	6213.25	0	6213.25
582.769	5948.5	0	5948.5
582.893	5912	0	5912
583.018	5790	0	5790
583.142	5770	0	5770
583.266	5634	0	5634
583.391	5606.75	0	5606.75
583.515	5459	0	5459
583.639	5342	0	5342
583.763	5340	0	5340
583.888	5274.5	0	5274.5
584.012	5248.75	0	5248.75
584.136	5148.5	0	5148.5
584.26	5110	0	5110
584.384	5139	0	5139
584.508	5152.25	0	5152.25
584.632	5078.75	0	5078.75
584.757	5025.75	0	5025.75
584.881	5030	0	5030
585.005	5040	0	5040
585.129	4998	0	4998
585.253	4970.75	0	4970.75
585.377	5034.75	0	5034.75
585.501	4993	0	4993
585.625	5041.5	0	5041.5
585.749	5022.5	0	5022.5
585.873	4967.25	0	4967.25
585.997	4915.75	0	4915.75
586.12	4882	0	4882
586.244	4921.75	0	4921.75
586.368	4972.75	0	4972.75
586.492	4966	0	4966
586.616	4910.25	0	4910.25
586.74	4827	0	4827
586.864	4880.25	0	4880.25
586.987	4880.25	0	4880.25
587.111	4838	0	4838
587.235	4807	0	4807
587.359	4846	0	4846
587.482	4770	0	4770
587.606	4808.5	0	4808.5
587.73	4808	0	4808
587.854	4721	0	4721
587.977	4816	0	4816
588.101	4749	0	4749
588.224	4879.75	0	4879.75
588.348	4860.5	0	4860.5
588.472	4839.5	0	4839.5
588.595	4891.5	0	4891.5
588.719	4828.5	0	4828.5
588.842	4902.25	0	4902.25
588.966	4961.25	0	4961.25
589.089	4981.75	0	4981.75
589.213	5036.75	0	5036.75
589.336	5154.25	0	5154.25
589.46	5329	0	5329
589.583	5116.5	0	5116.5
589.707	4923.75	0	4923.75
589.83	5075.75	0	5075.75
589.954	5038.5	0	5038.5
590.077	5194.5	0	5194.5
590.2	5076.75	0	5076.75
590.324	5166.25	0	5166.25
590.447	5182.75	0	5182.75
590.57	5354.75	0	5354.75
590.694	5288.25	0	5288.25
590.817	5347.75	0	5347.75
590.94	5341	0	5341
591.063	5329.25	0	5329.25
591.187	5501.25	0	5501.25
591.31	5477.5	0	5477.5
591.433	5427.75	0	5427.75
591.556	5522	0	5522
591.679	5445	0	5445
591.803	5592.5	0	5592.5
591.926	5599.25	0	5599.25
592.049	5612.75	0	5612.75
592.172	5589	0	5589
592.295	5725.5	0	5725.5
592.418	5781.25	0	5781.25
592.541	5870	0	5870
592.664	5849.75	0	5849.75
592.787	6074.5	0	6074.5
592.91	6027.75	0	6027.75
593.033	6140	0	6140
593.156	6249.5	0	6249.5
593.279	6343.75	0	6343.75
593.402	6319.75	0	6319.75
593.525	6424.75	0	6424.75
593.648	6347	0	6347
593.771	6416.75	0	6416.75
593.894	6276.25	0	6276.25
594.016	6380.25	0	6380.25
594.139	6275.25	0	6275.25
594.262	6490.5	0	6490.5
594.385	6532.25	0	6532.25
594.508	6556.5	0	6556.5
594.63	6403.5	0	6403.5
594.753	6280	0	6280
594.876	6003.25	0	6003.25
594.999	5884	0	5884
595.121	5724.25	0	5724.25
595.244	5593.75	0	5593.75
595.367	5493.5	0	5493.5
595.489	5428	0	5428
595.612	5388	0	5388
595.735	5202	0	5202
595.857	5187.75	0	5187.75
595.98	5044.75	0	5044.75
596.102	5106	0	5106
596.225	4982.5	0	4982.5
596.347	4841	0	4841
596.47	4815.75	0	4815.75
596.592	4657.25	0	4657.25
596.715	4627.5	0	4627.5
596.837	4596.25	0	4596.25
596.96	4561	0	4561
597.082	4526.75	0	4526.75
597.205	4481	0	4481
597.327	4361.75	0	4361.75
597.449	4376.5	0	4376.5
597.572	4354	0	4354
597.694	4321.25	0	4321.25
597.816	4346.5	0	4346.5
597.939	4330.25	0	4330.25
598.061	4353.25	0	4353.25
598.183	4296.5	0	4296.5
598.306	4262	0	4262
598.428	4233.25	0	4233.25
598.55	4114	0	4114
598.672	4100	0	4100
598.795	4202.75	0	4202.75
598.917	4173.5	0	4173.5
599.039	4120	0	4120
599.161	4128	0	4128
599.283	4072	0	4072
599.405	4088.25	0	4088.25
599.527	4033.25	0	4033.25
599.65	4073.5	0	4073.5
599.772	4125.5	0	4125.5
599.894	4011.5	0	4011.5
600.016	4092	0	4092
600.138	4054.5	0	4054.5
600.26	4009.75	0	4009.75
600.382	3984.25	0	3984.25
600.504	4034.75	0	4034.75
600.625	4030.5	0	4030.5
600.747	3916.75	0	3916.75
600.869	3979.75	0	3979.75
600.991	3960.5	0	3960.5
601.113	4007.75	0	4007.75
601.235	4007.25	0	4007.25
601.357	3939.75	0	3939.75
601.479	3949.25	0	3949.25
601.6	3919.25	0	3919.25
601.722	3940.75	0	3940.75
601.844	3959	0	3959
601.966	3979.25	0	3979.25
602.087	3934.5	0	3934.5
602.209	3867.5	0	3867.5
602.331	3969.25	0	3969.25
602.453	3908	0	3908
602.574	3971	0	3971
602.696	3903.25	0	3903.25
602.818	3886.75	0	3886.75
602.939	3907.5	0	3907.5
603.061	3920.5	0	3920.5
603.182	3865.5	0	3865.5
603.304	3887.5	0	3887.5
603.426	3833.25	0	3833.25
603.547	3904.75	0	3904.75
603.669	3841.75	0	3841.75
603.79	3844.75	0	3844.75
603.912	3935.25	0	3935.25
604.033	3828.5	0	3828.5
604.154	3954.25	0	3954.25
604.276	3854.75	0	3854.75
604.397	3836.75	0	3836.75
604.519	3822.5	0	3822.5
604.64	3847.75	0	3847.75
604.761	3888.5	0	3888.5
604.883	3908.25	0	3908.25
605.004	3860.75	0	3860.75
605.125	3911.25	0	3911.25
605.247	3842.25	0	3842.25
605.368	3830.75	0	3830.75
605.489	3845	0	3845
605.611	3794.25	0	3794.25
605.732	3842	0	3842
605.853	3902.5	0	3902.5
605.974	3836.75	0	3836.75
606.095	3838	0	3838
606.216	3871.5	0	3871.5
606.338	3851.5	0	3851.5
606.459	3919.25	0	3919.25
606.58	3899.25	0	3899.25
606.701	3943.5	0	3943.5
606.822	3863.25	0	3863.25
606.943	3922.25	0	3922.25
607.064	3943.5	0	3943.5
607.185	3947	0	3947
607.306	3894.75	0	3894.75
607.427	3972.5	0	3972.5
607.548	3999	0	3999
607.669	3961.75	0	3961.75
607.79	4049	0	4049
607.911	3997.75	0	3997.75
608.032	3995.75	0	3995.75
608.153	3955.5	0	3955.5
608.274	4011.75	0	4011.75
608.394	4050	0	4050
608.515	4044.25	0	4044.25
608.636	4038.25	0	4038.25
608.757	4121.75	0	4121.75
608.878	4154.75	0	4154.75
608.998	4159.5	0	4159.5
609.119	4127.5	0	4127.5
609.24	4242	0	4242
609.361	4270.75	0	4270.75
609.481	4283.75	0	4283.75
609.602	4355.75	0	4355.75
609.723	4367.75	0	4367.75
609.843	4511.5	0	4511.5
609.964	4514.25	0	4514.25
610.085	4528.75	0	4528.75
610.205	4539.75	0	4539.75
610.326	4489.75	0	4489.75
610.446	4446.25	0	4446.25
610.567	4443	0	4443
610.687	4436.75	0	4436.75
610.808	4364.25	0	4364.25
610.928	4361.75	0	4361.75
611.049	4339	0	4339
611.169	4328	0	4328
611.29	4275.25	0	4275.25
611.41	4273	0	4273
611.531	4253.25	0	4253.25
611.651	4242	0	4242
611.771	4271.5	0	4271.5
611.892	4181	0	4181
612.012	4181.5	0	4181.5
612.132	4075.5	0	4075.5
612.253	4123	0	4123
612.373	4144.75	0	4144.75
612.493	4138.5	0	4138.5
612.613	4105.25	0	4105.25
612.734	4105.75	0	4105.75
612.854	4026.5	0	4026.5
612.974	4035.25	0	4035.25
613.094	3956.25	0	3956.25
613.214	3968	0	3968
613.335	3962.75	0	3962.75
613.455	3964.75	0	3964.75
613.575	3935	0	3935
613.695	3933	0	3933
613.815	3833.5	0	3833.5
613.935	3833.25	0	3833.25
614.055	3838.75	0	3838.75
614.175	3842.5	0	3842.5
614.295	3785.5	0	3785.5
614.415	3779.25	0	3779.25
614.535	3772.5	0	3772.5
614.655	3747.25	0	3747.25
614.775	3780.75	0	3780.75
614.895	3735.75	0	3735.75
615.015	3711.5	0	3711.5
615.135	3768.75	0	3768.75
615.254	3743.5	0	3743.5
615.374	3711.75	0	3711.75
615.494	3607.75	0	3607.75
615.614	3701.75	0	3701.75
615.734	3669.25	0	3669.25
615.854	3672.25	0	3672.25
615.973	3678.25	0	3678.25
616.093	3645.25	0	3645.25
616.213	3686.75	0	3686.75
616.332	3708	0	3708
616.452	3735.5	0	3735.5
616.572	3721.5	0	3721.5
616.691	3695	0	3695
616.811	3666.75	0	3666.75
616.931	3633	0	3633
617.05	3617.25	0	3617.25
617.17	3696.75	0	3696.75
617.289	3643	0	3643
617.409	3705.25	0	3705.25
617.529	3705.5	0	3705.5
617.648	3595	0	3595
617.768	3713.75	0	3713.75
617.887	3603.5	0	3603.5
618.006	3662.5	0	3662.5
618.126	3672.75	0	3672.75
618.245	3692.5	0	3692.5
618.365	3728.25	0	3728.25
618.484	3662.25	0	3662.25
618.604	3656.25	0	3656.25
618.723	3635.75	0	3635.75
618.842	3705.25	0	3705.25
618.962	3635.5	0	3635.5
619.081	3739	0	3739
619.2	3627.5	0	3627.5
619.319	3749.75	0	3749.75
619.439	3727.5	0	3727.5
619.558	3753.25	0	3753.25
619.677	3752.5	0	3752.5
619.796	3809.75	0	3809.75
619.916	3801.75	0	3801.75
620.035	3838.75	0	3838.75
620.154	3853.5	0	3853.5
620.273	3849.75	0	3849.75
620.392	3823.25	0	3823.25
620.511	3779.75	0	3779.75
620.63	3709.25	0	3709.25
620.749	3629.75	0	3629.75
620.868	3643.75	0	3643.75
620.987	3558	0	3558
621.106	3564.25	0	3564.25
621.225	3581	0	3581
621.344	3541.25	0	3541.25
621.463	3550.75	0	3550.75
621.582	3406	0	3406
621.701	3410	0	3410
621.82	3408	0	3408
621.939	3384.5	0	3384.5
622.058	3388.25	0	3388.25
622.177	3326	0	3326
622.295	3224.5	0	3224.5
622.414	3235.5	0	3235.5
622.533	3249.25	0	3249.25
622.652	3259.5	0	3259.5
622.771	3235.5	0	3235.5
622.889	3224.75	0	3224.75
623.008	3203.25	0	3203.25
623.127	3181.5	0	3181.5
623.245	3175.25	0	3175.25
623.364	3161.25	0	3161.25
623.483	3131.75	0	3131.75
623.601	3117.5	0	3117.5
623.72	3122.25	0	3122.25
623.839	3035	0	3035
623.957	3120.5	0	3120.5
624.076	3091.25	0	3091.25
624.194	3080.75	0	3080.75
624.313	3087.5	0	3087.5
624.431	3068	0	3068
624.55	3093.25	0	3093.25
624.668	3065.5	0	3065.5
624.787	3070.75	0	3070.75
624.905	3058.75	0	3058.75
625.024	3070	0	3070
625.142	2988.5	0	2988.5
625.26	3025.75	0	3025.75
625.379	3005.75	0	3005.75
625.497	3024.25	0	3024.25
625.615	3033	0	3033
625.734	3024.75	0	3024.75
625.852	2980.25	0	2980.25
625.97	2980.75	0	2980.75
626.089	2975.5	0	2975.5
626.207	2972	0	2972
626.325	2932.75	0	2932.75
626.443	2946	0	2946
626.561	2939.75	0	2939.75
626.68	2937.75	0	2937.75
626.798	2966	0	2966
626.916	2881.75	0	2881.75
627.034	2914.5	0	2914.5
627.152	2931.25	0	2931.25
627.27	2940.75	0	2940.75
627.388	2857	0	2857
627.506	2909.25	0	2909.25
627.624	2823.25	0	2823.25
627.742	2874.5	0	2874.5
627.86	2877.75	0	2877.75
627.978	2884	0	2884
628.096	2896	0	2896
628.214	2819	0	2819
628.332	2868.75	0	2868.75
628.45	2900.75	0	2900.75
628.568	2851	0	2851
628.686	2808.5	0	2808.5
628.804	2852.5	0	2852.5
628.921	2844.75	0	2844.75
629.039	2838.25	0	2838.25
629.157	2817	0	2817
629.275	2811.75	0	2811.75
629.393	2859.75	0	2859.75
629.51	2822.75	0	2822.75
629.628	2835.5	0	2835.5
629.746	2827.5	0	2827.5
629.864	2827.75	0	2827.75
629.981	2799.25	0	2799.25
630.099	2811.75	0	2811.75
630.216	2830.25	0	2830.25
630.334	2753.25	0	2753.25
630.452	2713.25	0	2713.25
630.569	2819.5	0	2819.5
630.687	2753.25	0	2753.25
630.804	2736	0	2736
630.922	2796	0	2796
631.039	2757	0	2757
631.157	2788.75	0	2788.75
631.274	2741.5	0	2741.5
631.392	2741.5	0	2741.5
631.509	2825	0	2825
631.627	2713	0	2713
631.744	2726.25	0	2726.25
631.861	2699.75	0	2699.75
631.979	2739.25	0	2739.25
632.096	2729	0	2729
632.213	2683.5	0	2683.5
632.331	2725.5	0	2725.5
632.448	2754.75	0	2754.75
632.565	2627	0	2627
632.683	2664.5	0	2664.5
632.8	2702.25	0	2702.25
632.917	2692.75	0	2692.75
633.034	2659.25	0	2659.25
633.151	2630	0	2630
633.269	2662.75	0	2662.75
633.386	2645.5	0	2645.5
633.503	2639.25	0	2639.25
633.62	2660.5	0	2660.5
633.737	2656	0	2656
633.854	2581.25	0	2581.25
633.971	2682.25	0	2682.25
634.088	2575	0	2575
634.205	2631.25	0	2631.25
634.322	2615	0	2615
634.439	2626	0	2626
634.556	2618.5	0	2618.5
634.673	2607.5	0	2607.5
634.79	2612.5	0	2612.5
634.907	2627	0	2627
635.024	2589	0	2589
635.141	2568.25	0	2568.25
635.258	2601.75	0	2601.75
635.375	2645.25	0	2645.25
635.491	2636	0	2636
635.608	2544	0	2544
635.725	2614.5	0	2614.5
635.842	2575.75	0	2575.75
635.958	2618	0	2618
636.075	2548.5	0	2548.5
636.192	2602.5	0	2602.5
636.309	2568.25	0	2568.25
636.425	2566.75	0	2566.75
636.542	2545	0	2545
636.659	2552.75	0	2552.75
636.775	2630.75	0	2630.75
636.892	2538.5	0	2538.5
637.008	2559.75	0	2559.75
637.125	2538	0	2538
637.241	2535.25	0	2535.25
637.358	2540.25	0	2540.25
637.475	2591.25	0	2591.25
637.591	2523.25	0	2523.25
637.707	2593	0	2593
637.824	2538	0	2538
637.94	2581.5	0	2581.5
638.057	2630.5	0	2630.5
638.173	2568	0	2568
638.29	2552	0	2552
638.406	2606	0	2606
638.522	2560.75	0	2560.75
638.639	2515.75	0	2515.75
638.755	2519.5	0	2519.5
638.871	2523.5	0	2523.5
638.987	2504.5	0	2504.5
639.104	2533.25	0	2533.25
639.22	2526.25	0	2526.25
639.336	2475.75	0	2475.75
639.452	2519.25	0	2519.25
639.569	2487.75	0	2487.75
639.685	2483	0	2483
639.801	2478	0	2478
639.917	2515.25	0	2515.25
640.033	2526.5	0	2526.5
640.149	2539.75	0	2539.75
640.265	2439.5	0	2439.5
640.381	2467.5	0	2467.5
640.497	2469	0	2469
640.613	2438.25	0	2438.25
640.729	2501.75	0	2501.75
640.845	2431.25	0	2431.25
640.961	2488.25	0	2488.25
641.077	2444	0	2444
641.193	2473	0	2473
641.309	2394.25	0	2394.25
641.425	2453.5	0	2453.5
641.541	2426.5	0	2426.5
641.657	2477	0	2477
641.773	2438	0	2438
641.888	2436.5	0	2436.5
642.004	2384.75	0	2384.75
642.12	2386.25	0	2386.25
642.236	2471	0	2471
642.352	2433.5	0	2433.5
642.467	2409.25	0	2409.25
642.583	2400.25	0	2400.25
642.699	2438	0	2438
642.814	2419	0	2419
642.93	2436.75	0	2436.75
643.046	2413	0	2413
643.161	2397	0	2397
643.277	2449.5	0	2449.5
643.392	2421.5	0	2421.5
643.508	2437.75	0	2437.75
643.623	2432	0	2432
643.739	2408.5	0	2408.5
643.854	2405.75	0	2405.75
643.97	2408.25	0	2408.25
644.085	2371.25	0	2371.25
644.201	2400.5	0	2400.5
644.316	2478.25	0	2478.25
644.432	2355.75	0	2355.75
644.547	2431	0	2431
644.663	2412.5	0	2412.5
644.778	2452.25	0	2452.25
644.893	2393.5	0	2393.5
645.008	2382.75	0	2382.75
645.124	2416.5	0	2416.5
645.239	2441.25	0	2441.25
645.354	2441.5	0	2441.5
645.47	2434.25	0	2434.25
645.585	2424.75	0	2424.75
645.7	2491.75	0	2491.75
645.815	2503.5	0	2503.5
645.93	2420.25	0	2420.25
646.046	2437	0	2437
646.161	2466.25	0	2466.25
646.276	2443.75	0	2443.75
646.391	2432.75	0	2432.75
646.506	2515.5	0	2515.5
646.621	2455	0	2455
646.736	2505.5	0	2505.5
646.851	2469.75	0	2469.75
646.966	2517.25	0	2517.25
647.081	2544.25	0	2544.25
647.196	2535	0	2535
647.311	2504.25	0	2504.25
647.426	2552.25	0	2552.25
647.541	2525.5	0	2525.5
647.656	2556	0	2556
647.771	2575	0	2575
647.885	2664.5	0	2664.5
648	2673	0	2673
648.115	2701.25	0	2701.25
648.23	2732.5	0	2732.5
648.345	2807	0	2807
648.459	2825.25	0	2825.25
648.574	2888	0	2888
648.689	2802	0	2802
648.804	2843.25	0	2843.25
648.918	2815	0	2815
649.033	2811	0	2811
649.148	2744	0	2744
649.262	2618.5	0	2618.5
649.377	2669.5	0	2669.5
649.491	2579.5	0	2579.5
649.606	2611	0	2611
649.721	2615	0	2615
649.835	2605.75	0	2605.75
649.95	2545.75	0	2545.75
650.064	2560.25	0	2560.25
650.179	2566.5	0	2566.5
650.293	2559.5	0	2559.5
650.408	2558.75	0	2558.75
650.522	2590.75	0	2590.75
650.636	2563.5	0	2563.5
650.751	2588.75	0	2588.75
650.865	2524.75	0	2524.75
650.979	2510.75	0	2510.75
651.094	2492.25	0	2492.25
651.208	2543.75	0	2543.75
651.322	2525.75	0	2525.75
651.437	2540.75	0	2540.75
651.551	2565.75	0	2565.75
651.665	2541.5	0	2541.5
651.779	2509.25	0	2509.25
651.894	2535.25	0	2535.25
652.008	2566.25	0	2566.25
652.122	2566.25	0	2566.25
652.236	2596.25	0	2596.25
652.35	2547.5	0	2547.5
652.464	2583	0	2583
652.578	2583.5	0	2583.5
652.693	2553.5	0	2553.5
652.807	2566.5	0	2566.5
652.921	2549.25	0	2549.25
653.035	2600.5	0	2600.5
653.149	2541.75	0	2541.75
653.263	2612.75	0	2612.75
653.376	2592.75	0	2592.75
653.49	2651.5	0	2651.5
653.604	2659.25	0	2659.25
653.718	2633.75	0	2633.75
653.832	2671.75	0	2671.75
653.946	2659.25	0	2659.25
654.06	2665.75	0	2665.75
654.174	2721.5	0	2721.5
654.287	2719.25	0	2719.25
654.401	2765.25	0	2765.25
654.515	2784	0	2784
654.629	2822.75	0	2822.75
654.743	2810.75	0	2810.75
654.856	2844	0	2844
654.97	2903.5	0	2903.5
655.084	2908	0	2908
655.197	2985.75	0	2985.75
655.311	3013.25	0	3013.25
655.424	3138	0	3138
655.538	3059.75	0	3059.75
655.652	3269.5	0	3269.5
655.765	3304.25	0	3304.25
655.879	3346.5	0	3346.5
655.992	3386.5	0	3386.5
656.106	3522.25	0	3522.25
656.219	3565.75	0	3565.75
656.333	3773.5	0	3773.5
656.446	3853.75	0	3853.75
656.56	4086.75	0	4086.75
656.673	4202.5	0	4202.5
656.786	4218.75	0	4218.75
656.9	4112.25	0	4112.25
657.013	4031.25	0	4031.25
657.127	3959.25	0	3959.25
657.24	3847.25	0	3847.25
657.353	3712.75	0	3712.75
657.466	3662.5	0	3662.5
657.58	3531	0	3531
657.693	3480	0	3480
657.806	3458	0	3458
657.919	3369.75	0	3369.75
658.032	3354.75	0	3354.75
658.146	3215	0	3215
658.259	3176.5	0	3176.5
658.372	3214.5	0	3214.5
658.485	3090.75	0	3090.75
658.598	3061.75	0	3061.75
658.711	3024.5	0	3024.5
658.824	2992.75	0	2992.75
658.937	2981.25	0	2981.25
659.05	2947.75	0	2947.75
659.163	2898.75	0	2898.75
659.276	2941.75	0	2941.75
659.389	2880.25	0	2880.25
659.502	2837	0	2837
659.615	2809.25	0	2809.25
659.728	2812.75	0	2812.75
659.841	2833.25	0	2833.25
659.954	2795	0	2795
660.067	2784.5	0	2784.5
660.179	2875	0	2875
660.292	2811.25	0	2811.25
660.405	2801	0	2801
660.518	2811	0	2811
660.63	2838.75	0	2838.75
660.743	2818.5	0	2818.5
660.856	2903.5	0	2903.5
660.969	2879	0	2879
661.081	2903.5	0	2903.5
661.194	2903.75	0	2903.75
661.307	2962.75	0	2962.75
661.419	2891.25	0	2891.25
661.532	2866.5	0	2866.5
661.644	2852.75	0	2852.75
661.757	2807.25	0	2807.25
661.869	2734.25	0	2734.25
661.982	2745	0	2745
662.094	2643.25	0	2643.25
662.207	2570.25	0	2570.25
662.319	2536.5	0	2536.5
662.432	2527.5	0	2527.5
662.544	2522.5	0	2522.5
662.656	2458.5	0	2458.5
662.769	2427.5	0	2427.5
662.881	2384.25	0	2384.25
662.994	2412.75	0	2412.75
663.106	2339.25	0	2339.25
663.218	2340.25	0	2340.25
663.331	2329.25	0	2329.25
663.443	2357	0	2357
663.555	2311.75	0	2311.75
663.667	2313.5	0	2313.5
663.779	2297	0	2297
663.892	2319	0	2319
664.004	2277.5	0	2277.5
664.116	2256.75	0	2256.75
664.228	2260.75	0	2260.75
664.34	2230	0	2230
664.452	2254	0	2254
664.564	2226.75	0	2226.75
664.676	2197.75	0	2197.75
664.788	2224.25	0	2224.25
664.901	2192	0	2192
665.012	2180	0	2180
665.125	2170.75	0	2170.75
665.236	2197.75	0	2197.75
665.348	2222	0	2222
665.46	2162.5	0	2162.5
665.572	2149	0	2149
665.684	2155.75	0	2155.75
665.796	2115.25	0	2115.25
665.908	2131.5	0	2131.5
666.02	2161.25	0	2161.25
666.131	2098	0	2098
666.243	2175.75	0	2175.75
666.355	2096	0	2096
666.467	2121.75	0	2121.75
666.578	2156	0	2156
666.69	2101	0	2101
666.802	2069.25	0	2069.25
666.914	2124	0	2124
667.025	2095.75	0	2095.75
667.137	2083	0	2083
667.248	2055.5	0	2055.5
667.36	2070	0	2070
667.472	2034	0	2034
667.583	2057.25	0	2057.25
667.695	2056	0	2056
667.806	1997.75	0	1997.75
667.918	2006.5	0	2006.5
668.029	1949	0	1949
668.141	2031	0	2031
668.252	1979	0	1979
668.363	2005.25	0	2005.25
668.475	2016.25	0	2016.25
668.586	1907.5	0	1907.5
668.698	1964.5	0	1964.5
668.809	1946.5	0	1946.5
668.92	1962	0	1962
669.032	1946	0	1946
669.143	1953.75	0	1953.75
669.254	1955.25	0	1955.25
669.365	1956.75	0	1956.75
669.477	1998	0	1998
669.588	1900.5	0	1900.5
669.699	1954.25	0	1954.25
669.81	1873	0	1873
669.921	1926.75	0	1926.75
670.032	1909	0	1909
670.143	1941.75	0	1941.75
670.255	1914	0	1914
670.366	1905	0	1905
670.477	1894.75	0	1894.75
670.588	1890	0	1890
670.699	1892.25	0	1892.25
670.81	1903.5	0	1903.5
670.921	1891.5	0	1891.5
671.032	1912.25	0	1912.25
671.143	1887	0	1887
671.253	1952	0	1952
671.364	1892.25	0	1892.25
671.475	1860.25	0	1860.25
671.586	1862.5	0	1862.5
671.697	1889.5	0	1889.5
671.808	1837	0	1837
671.919	1880	0	1880
672.029	1874	0	1874
672.14	1897.25	0	1897.25
672.251	1871.75	0	1871.75
672.362	1824.5	0	1824.5
672.472	1882.5	0	1882.5
672.583	1827	0	1827
672.694	1852	0	1852
672.804	1859.75	0	1859.75
672.915	1799.75	0	1799.75
673.025	1855.75	0	1855.75
673.136	1800.5	0	1800.5
673.247	1816.5	0	1816.5
673.357	1837.25	0	1837.25
673.468	1806.75	0	1806.75
673.578	1804.25	0	1804.25
673.689	1790.25	0	1790.25
673.799	1782.75	0	1782.75
673.91	1786.5	0	1786.5
674.02	1788.25	0	1788.25
674.13	1769	0	1769
674.241	1791.5	0	1791.5
674.351	1769.25	0	1769.25
674.461	1727.25	0	1727.25
674.572	1816.5	0	1816.5
674.682	1763	0	1763
674.792	1793.25	0	1793.25
674.903	1779	0	1779
675.013	1742	0	1742
675.123	1744.25	0	1744.25
675.233	1750.5	0	1750.5
675.344	1745	0	1745
675.454	1776	0	1776
675.564	1745.5	0	1745.5
675.674	1725.5	0	1725.5
675.784	1722.25	0	1722.25
675.894	1693.5	0	1693.5
676.004	1689	0	1689
676.114	1713.75	0	1713.75
676.224	1693.75	0	1693.75
676.334	1719	0	1719
676.444	1707.75	0	1707.75
676.554	1674	0	1674
676.664	1700.75	0	1700.75
676.774	1697.75	0	1697.75
676.884	1672.5	0	1672.5
676.994	1696.75	0	1696.75
677.104	1678.5	0	1678.5
677.214	1717.75	0	1717.75
677.324	1634.25	0	1634.25
677.433	1676.75	0	1676.75
677.543	1718.75	0	1718.75
677.653	1659.25	0	1659.25
677.763	1623.75	0	1623.75
677.872	1696.5	0	1696.5
677.982	1673.75	0	1673.75
678.092	1623.25	0	1623.25
678.202	1683.5	0	1683.5
678.311	1625.75	0	1625.75
678.421	1680.25	0	1680.25
678.53	1628.25	0	1628.25
678.64	1620.5	0	1620.5
678.75	1655.75	0	1655.75
678.859	1628.75	0	1628.75
678.969	1660	0	1660
679.078	1644	0	1644
679.188	1612.75	0	1612.75
679.297	1675.25	0	1675.25
679.407	1630.75	0	1630.75
679.516	1595.5	0	1595.5
679.625	1594.5	0	1594.5
679.735	1649.25	0	1649.25
679.844	1601.5	0	1601.5
679.954	1584.75	0	1584.75
680.063	1609.75	0	1609.75
680.172	1623.75	0	1623.75
680.282	1585.5	0	1585.5
680.391	1617.25	0	1617.25
680.5	1583.25	0	1583.25
680.609	1645.75	0	1645.75
680.719	1575.75	0	1575.75
680.828	1596.75	0	1596.75
680.937	1639	0	1639
681.046	1600.5	0	1600.5
681.155	1640.25	0	1640.25
681.264	1619.25	0	1619.25
681.374	1565.25	0	1565.25
681.483	1592	0	1592
681.592	1564.75	0	1564.75
681.701	1623.5	0	1623.5
681.81	1589	0	1589
681.919	1569.5	0	1569.5
682.028	1571	0	1571
682.137	1555.25	0	1555.25
682.246	1582.75	0	1582.75
682.355	1591.5	0	1591.5
682.463	1591.25	0	1591.25
682.572	1550.5	0	1550.5
682.681	1584.5	0	1584.5
682.79	1556.25	0	1556.25
682.899	1583.25	0	1583.25
683.008	1603.5	0	1603.5
683.117	1578.25	0	1578.25
683.225	1571.25	0	1571.25
683.334	1607	0	1607
683.443	1582.5	0	1582.5
683.551	1624.25	0	1624.25
683.66	1565.5	0	1565.5
683.769	1612	0	1612
683.877	1630.5	0	1630.5
683.986	1639.25	0	1639.25
684.095	1616	0	1616
684.203	1602.75	0	1602.75
684.312	1590.5	0	1590.5
684.42	1624.25	0	1624.25
684.529	1611.5	0	1611.5
684.637	1638.5	0	1638.5
684.746	1647.25	0	1647.25
684.854	1613.75	0	1613.75
684.963	1664.5	0	1664.5
685.071	1688.75	0	1688.75
685.18	1738.75	0	1738.75
685.288	1764	0	1764
685.396	1784.75	0	1784.75
685.505	1687.75	0	1687.75
685.613	1701.75	0	1701.75
685.721	1697.25	0	1697.25
685.83	1674	0	1674
685.938	1699.75	0	1699.75
686.046	1730.25	0	1730.25
686.154	1709.25	0	1709.25
686.263	1749	0	1749
686.371	1692	0	1692
686.479	1710.75	0	1710.75
686.587	1765.5	0	1765.5
686.695	1745	0	1745
686.803	1744.5	0	1744.5
686.911	1762.5	0	1762.5
687.019	1830.75	0	1830.75
687.127	1801.75	0	1801.75
687.235	1817.5	0	1817.5
687.343	1865.75	0	1865.75
687.451	1905.25	0	1905.25
687.559	1921.75	0	1921.75
687.667	1896.25	0	1896.25
687.775	1931.75	0	1931.75
687.883	2004.75	0	2004.75
687.991	2030	0	2030
688.099	2077.25	0	2077.25
688.207	2150	0	2150
688.315	2181.75	0	2181.75
688.422	2192.75	0	2192.75
688.53	2324.5	0	2324.5
688.638	2370	0	2370
688.746	2442.5	0	2442.5
688.853	2578.25	0	2578.25
688.961	2710.25	0	2710.25
689.069	2789.75	0	2789.75
689.176	2985.5	0	2985.5
689.284	3047.75	0	3047.75
689.392	3246	0	3246
689.499	3211.5	0	3211.5
689.607	3152.75	0	3152.75
689.714	2836.75	0	2836.75
689.822	2597.25	0	2597.25
689.93	2423.5	0	2423.5
690.037	2299.25	0	2299.25
690.144	2153.25	0	2153.25
690.252	2096.75	0	2096.75
690.359	2014.5	0	2014.5
690.467	1934.25	0	1934.25
690.574	1953	0	1953
690.682	1827	0	1827
690.789	1768.25	0	1768.25
690.896	1759.25	0	1759.25
691.004	1711	0	1711
691.111	1667.5	0	1667.5
691.218	1638	0	1638
691.325	1598.5	0	1598.5
691.433	1603.5	0	1603.5
691.54	1570	0	1570
691.647	1553.25	0	1553.25
691.754	1520	0	1520
691.861	1522.75	0	1522.75
691.969	1504.75	0	1504.75
692.076	1484	0	1484
692.183	1474	0	1474
692.29	1447.5	0	1447.5
692.397	1461.25	0	1461.25
692.504	1488.75	0	1488.75
692.611	1477.5	0	1477.5
692.718	1387	0	1387
692.825	1420.75	0	1420.75
692.932	1399	0	1399
693.039	1422.25	0	1422.25
693.146	1403.75	0	1403.75
693.253	1406.5	0	1406.5
693.359	1390.75	0	1390.75
693.466	1368	0	1368
693.573	1379.5	0	1379.5
693.68	1400.25	0	1400.25
693.787	1354.75	0	1354.75
693.894	1330.75	0	1330.75
694	1347	0	1347
694.107	1329.25	0	1329.25
694.214	1305	0	1305
694.32	1310.25	0	1310.25
694.427	1309.75	0	1309.75
694.534	1328	0	1328
694.64	1311.5	0	1311.5
694.747	1312.5	0	1312.5
694.853	1294	0	1294
694.96	1316.75	0	1316.75
695.067	1286.5	0	1286.5
695.173	1319.75	0	1319.75
695.28	1285.25	0	1285.25
695.386	1302.5	0	1302.5
695.493	1310.75	0	1310.75
695.599	1274.25	0	1274.25
695.705	1280.25	0	1280.25
695.812	1287	0	1287
695.918	1286.75	0	1286.75
696.025	1306.25	0	1306.25
696.131	1277	0	1277
696.237	1262.5	0	1262.5
696.344	1264.5	0	1264.5
696.45	1243.25	0	1243.25
696.556	1279	0	1279
696.662	1248.5	0	1248.5
696.768	1242.25	0	1242.25
696.875	1238.75	0	1238.75
696.981	1239	0	1239
697.087	1272.5	0	1272.5
697.193	1273.75	0	1273.75
697.299	1204.5	0	1204.5
697.405	1223.75	0	1223.75
697.512	1204	0	1204
697.618	1230.25	0	1230.25
697.724	1200.75	0	1200.75
697.83	1205.75	0	1205.75
697.936	1229.75	0	1229.75
698.042	1190	0	1190
698.148	1217	0	1217
698.253	1202.25	0	1202.25
698.359	1203.75	0	1203.75
698.465	1193.75	0	1193.75
698.571	1185.5	0	1185.5
698.677	1241	0	1241
698.783	1191.5	0	1191.5
698.889	1215.25	0	1215.25
698.994	1201.75	0	1201.75
699.1	1185.75	0	1185.75
699.206	1200	0	1200
699.312	1167.25	0	1167.25
699.417	1162	0	1162
699.523	1194.75	0	1194.75
699.629	1187.25	0	1187.25
699.734	1169.5	0	1169.5
699.84	1171	0	1171
699.946	1173	0	1173
700.051	1163.75	0	1163.75
700.157	1154	0	1154
700.262	1182.25	0	1182.25
700.368	1165	0	1165
700.473	1163	0	1163
700.579	1179.25	0	1179.25
700.684	1159	0	1159
700.79	1184	0	1184
700.895	1144	0	1144
701	1162	0	1162
701.106	1154.5	0	1154.5
701.211	1142	0	1142
701.316	1169	0	1169
701.422	1160.5	0	1160.5
701.527	1111.5	0	1111.5
701.632	1175.25	0	1175.25
701.738	1117	0	1117
701.843	1133	0	1133
701.948	1135.75	0	1135.75
702.053	1159.25	0	1159.25
702.158	1131	0	1131
702.264	1144.5	0	1144.5
702.369	1140.5	0	1140.5
702.474	1167.75	0	1167.75
702.579	1112.5	0	1112.5
702.684	1134	0	1134
702.789	1121.75	0	1121.75
702.894	1145.75	0	1145.75
702.999	1123.75	0	1123.75
703.104	1114.75	0	1114.75
703.209	1102.5	0	1102.5
703.314	1101.75	0	1101.75
703.419	1111.25	0	1111.25
703.524	1101.75	0	1101.75
703.629	1100.75	0	1100.75
703.733	1104.75	0	1104.75
703.838	1108.25	0	1108.25
703.943	1095.5	0	1095.5
704.048	1134.25	0	1134.25
704.153	1103.25	0	1103.25
704.257	1122.25	0	1122.25
704.362	1113.5	0	1113.5
704.467	1099.75	0	1099.75
704.572	1106.5	0	1106.5
704.676	1105	0	1105
704.781	1102	0	1102
704.886	1098.75	0	1098.75
704.99	1052.25	0	1052.25
705.095	1099.75	0	1099.75
705.199	1108.5	0	1108.5
705.304	1075	0	1075
705.408	1089.75	0	1089.75
705.513	1073.5	0	1073.5
705.617	1051.75	0	1051.75
705.722	1079.25	0	1079.25
705.826	1118.5	0	1118.5
705.931	1074.75	0	1074.75
706.035	1058.25	0	1058.25
706.139	1077.25	0	1077.25
706.244	1093.5	0	1093.5
706.348	1081.25	0	1081.25
706.452	1075.75	0	1075.75
706.557	1117	0	1117
706.661	1072	0	1072
706.765	1066.25	0	1066.25
706.87	1097	0	1097
706.974	1075.25	0	1075.25
707.078	1088	0	1088
707.182	1091.5	0	1091.5
707.286	1111.5	0	1111.5
707.39	1025	0	1025
707.495	1082.5	0	1082.5
707.599	1067.5	0	1067.5
707.703	1025.75	0	1025.75
707.807	1056.75	0	1056.75
707.911	1049	0	1049
708.015	1056.25	0	1056.25
708.119	1054.75	0	1054.75
708.223	1045.75	0	1045.75
708.327	1060.75	0	1060.75
708.431	1057	0	1057
708.534	1024.5	0	1024.5
708.638	1045.75	0	1045.75
708.742	1025.25	0	1025.25
708.846	1027.25	0	1027.25
708.95	1042.5	0	1042.5
709.054	1030.25	0	1030.25
709.157	1022.75	0	1022.75
709.261	1030.5	0	1030.5
709.365	1026.5	0	1026.5
709.469	1023.25	0	1023.25
709.572	1008	0	1008
709.676	1064.75	0	1064.75
709.78	1027.75	0	1027.75
709.883	1013.75	0	1013.75
709.987	1022	0	1022
710.09	1040.5	0	1040.5
710.194	1027.25	0	1027.25
710.298	1027.25	0	1027.25
710.401	1046.75	0	1046.75
710.505	1018	0	1018
710.608	1026.25	0	1026.25
710.711	1066	0	1066
710.815	1050.5	0	1050.5
710.918	1005.75	0	1005.75
711.022	1032.5	0	1032.5
711.125	1026	0	1026
711.228	1005.5	0	1005.5
711.332	985.75	0	985.75
711.435	1007.25	0	1007.25
711.538	1008.75	0	1008.75
711.642	1027	0	1027
711.745	1035.25	0	1035.25
711.848	1030.25	0	1030.25
711.951	1049.5	0	1049.5
712.055	1018.25	0	1018.25
712.158	1015	0	1015
712.261	1047	0	1047
712.364	1032.5	0	1032.5
712.467	1028.25	0	1028.25
712.57	1005.5	0	1005.5
712.673	1002.5	0	1002.5
712.776	1015.5	0	1015.5
712.879	1005.75	0	1005.75
712.982	1001	0	1001
713.085	1015.25	0	1015.25
713.188	1033.25	0	1033.25
713.291	1001.25	0	1001.25
713.394	1037.25	0	1037.25
713.497	1053.5	0	1053.5
713.6	1006.5	0	1006.5
713.703	1006.5	0	1006.5
713.805	1020.5	0	1020.5
713.908	1037	0	1037
714.011	997.75	0	997.75
714.114	1034.25	0	1034.25
714.216	1000.25	0	1000.25
714.319	1028.75	0	1028.75
714.422	1025.5	0	1025.5
714.525	1015.25	0	1015.25
714.627	1046	0	1046
714.73	1030.5	0	1030.5
714.833	1046.25	0	1046.25
714.935	1032.75	0	1032.75
715.038	1051	0	1051
715.14	1049.5	0	1049.5
715.243	1065.25	0	1065.25
715.345	1067	0	1067
715.448	1066.25	0	1066.25
715.55	1079.5	0	1079.5
715.653	1088.75	0	1088.75
715.755	1096	0	1096
715.857	1124	0	1124
715.96	1153	0	1153
716.062	1220.75	0	1220.75
716.164	1277.25	0	1277.25
716.267	1292.5	0	1292.5
716.369	1315	0	1315
716.471	1298.5	0	1298.5
716.574	1232.75	0	1232.75
716.676	1241	0	1241
716.778	1245.75	0	1245.75
716.88	1248	0	1248
716.982	1277.75	0	1277.75
717.085	1245.75	0	1245.75
717.187	1226	0	1226
717.289	1242.25	0	1242.25
717.391	1274	0	1274
717.493	1267.25	0	1267.25
717.595	1278.75	0	1278.75
717.697	1340	0	1340
717.799	1364	0	1364
717.901	1376	0	1376
718.003	1423.5	0	1423.5
718.105	1474.25	0	1474.25
718.207	1455	0	1455
718.309	1464	0	1464
718.411	1542.5	0	1542.5
718.512	1597.25	0	1597.25
718.614	1557	0	1557
718.716	1549	0	1549
718.818	1481.5	0	1481.5
718.92	1368.75	0	1368.75
719.021	1347.5	0	1347.5
719.123	1271	0	1271
719.225	1223	0	1223
719.326	1205.75	0	1205.75
719.428	1146.75	0	1146.75
719.53	1083.25	0	1083.25
719.631	1126	0	1126
719.733	1052.5	0	1052.5
719.834	1082.25	0	1082.25
719.936	1039.75	0	1039.75
720.038	1030.5	0	1030.5
720.139	1012	0	1012
720.241	1001.25	0	1001.25
720.342	1006.5	0	1006.5
720.443	994.75	0	994.75
720.545	958.25	0	958.25
720.646	1000	0	1000
720.748	978.5	0	978.5
720.849	967.75	0	967.75
720.95	973.25	0	973.25
721.052	993	0	993
721.153	943	0	943
721.254	942.25	0	942.25
721.355	958.25	0	958.25
721.457	921	0	921
721.558	918.5	0	918.5
721.659	919	0	919
721.76	911.5	0	911.5
721.861	899	0	899
721.963	940.5	0	940.5
722.064	916.75	0	916.75
722.165	935	0	935
722.266	933.75	0	933.75
722.367	911.5	0	911.5
722.468	934.25	0	934.25
722.569	891.75	0	891.75
722.67	907	0	907
722.771	910.75	0	910.75
722.872	904.25	0	904.25
722.973	927.5	0	927.5
723.073	874.25	0	874.25
723.174	920.5	0	920.5
723.275	883.25	0	883.25
723.376	912	0	912
723.477	898.75	0	898.75
723.577	892.5	0	892.5
723.678	863.75	0	863.75
723.779	886	0	886
723.88	889.5	0	889.5
723.98	909.25	0	909.25
724.081	902.25	0	902.25
724.182	864.25	0	864.25
724.282	876.5	0	876.5
724.383	873.75	0	873.75
724.483	918.5	0	918.5
724.584	887.5	0	887.5
724.685	884.5	0	884.5
724.785	871.75	0	871.75
724.886	917.25	0	917.25
724.986	908.25	0	908.25
725.086	895.25	0	895.25
725.187	874.25	0	874.25
725.287	873.25	0	873.25
725.388	858	0	858
725.488	873	0	873
725.588	909.5	0	909.5
725.689	922.5	0	922.5
725.789	899	0	899
725.889	852	0	852
725.99	883	0	883
726.09	909.75	0	909.75
726.19	890.25	0	890.25
726.29	903.5	0	903.5
726.39	912	0	912
726.49	920	0	920
726.591	945.25	0	945.25
726.691	939	0	939
726.791	924.75	0	924.75
726.891	974.5	0	974.5
726.991	954.5	0	954.5
727.091	979	0	979
727.191	977	0	977
727.291	961.25	0	961.25
727.391	982.75	0	982.75
727.491	998.75	0	998.75
727.591	979.5	0	979.5
727.691	984.5	0	984.5
727.79	1018	0	1018
727.89	989.25	0	989.25
727.99	985.75	0	985.75
728.09	995.25	0	995.25
728.19	941.25	0	941.25
728.289	953	0	953
728.389	877.5	0	877.5
728.489	909.25	0	909.25
728.589	908	0	908
728.688	889.5	0	889.5
728.788	885	0	885
728.888	866.75	0	866.75
728.987	866	0	866
729.087	870	0	870
729.186	839.25	0	839.25
729.286	866	0	866
729.385	838.25	0	838.25
729.485	847	0	847
729.584	847	0	847
729.684	836	0	836
729.783	820	0	820
729.883	842.5	0	842.5
729.982	807	0	807
730.081	840	0	840
730.181	824.5	0	824.5
730.28	800.5	0	800.5
730.379	799.75	0	799.75
730.479	794	0	794
730.578	802	0	802
730.677	811.75	0	811.75
730.776	805.75	0	805.75
730.875	810.75	0	810.75
730.975	810.5	0	810.5
731.074	841	0	841
731.173	804.25	0	804.25
731.272	797.75	0	797.75
731.371	816.25	0	816.25
731.47	786.75	0	786.75
731.569	800.5	0	800.5
731.668	773.5	0	773.5
731.767	802.75	0	802.75
731.866	783.5	0	783.5
731.965	786.75	0	786.75
732.064	798.25	0	798.25
732.163	782.75	0	782.75
732.262	760.75	0	760.75
732.361	796.75	0	796.75
732.46	787.25	0	787.25
732.558	772	0	772
732.657	778.25	0	778.25
732.756	769.25	0	769.25
732.855	789.75	0	789.75
732.953	771	0	771
733.052	794	0	794
733.151	787.5	0	787.5
733.25	781	0	781
733.348	765.25	0	765.25
733.447	780.5	0	780.5
733.545	771.5	0	771.5
733.644	776.25	0	776.25
733.742	769.5	0	769.5
733.841	748	0	748
733.939	787.75	0	787.75
734.038	751.75	0	751.75
734.136	777.5	0	777.5
734.235	750.25	0	750.25
734.333	766.5	0	766.5
734.432	761.75	0	761.75
734.53	762.25	0	762.25
734.628	799.25	0	799.25
734.727	758	0	758
734.825	769.25	0	769.25
734.923	780.75	0	780.75
735.022	746	0	746
735.12	788.5	0	788.5
735.218	763.5	0	763.5
735.316	771.5	0	771.5
735.414	773.75	0	773.75
735.513	767.5	0	767.5
735.611	768.75	0	768.75
735.709	762.25	0	762.25
735.807	773.75	0	773.75
735.905	774.75	0	774.75
736.003	786.25	0	786.25
736.101	784.25	0	784.25
736.199	774.5	0	774.5
736.297	777.25	0	777.25
736.395	801.25	0	801.25
736.493	785.5	0	785.5
736.591	787.5	0	787.5
736.689	770.75	0	770.75
736.787	769	0	769
736.884	767	0	767
736.982	761.75	0	761.75
737.08	780.25	0	780.25
737.178	808.75	0	808.75
737.276	802	0	802
737.373	795.5	0	795.5
737.471	766.25	0	766.25
737.569	757.5	0	757.5
737.667	769.75	0	769.75
737.764	788.5	0	788.5
737.862	763.25	0	763.25
737.959	750.5	0	750.5
738.057	763.75	0	763.75
738.154	780.75	0	780.75
738.252	759.25	0	759.25
738.35	732.5	0	732.5
738.447	746.75	0	746.75
738.544	768.75	0	768.75
738.642	748.75	0	748.75
738.739	779	0	779
738.837	753.25	0	753.25
738.934	774.25	0	774.25
739.031	762.25	0	762.25
739.129	757.75	0	757.75
739.226	764.5	0	764.5
739.323	750	0	750
739.421	726	0	726
739.518	740	0	740
739.615	746.25	0	746.25