Lambda	Spectrum	Dark	SpecMinusDark
500.031	7414.5	0	7414.5
500.165	8049.75	0	8049.75
500.299	8759.75	0	8759.75
500.433	9509.5	0	9509.5
500.567	9977	0	9977
500.701	10331.8	0	10331.8
500.835	10508.8	0	10508.8
500.968	10257.8	0	10257.8
501.102	9825.25	0	9825.25
501.236	9367.5	0	9367.5
501.37	8996.75	0	8996.75
501.504	8423.75	0	8423.75
501.637	7951.25	0	7951.25
501.771	7518	0	7518
501.905	7075.75	0	7075.75
502.039	6871.75	0	6871.75
502.172	6461.25	0	6461.25
502.306	6409.5	0	6409.5
502.44	6323.5	0	6323.5
502.573	6116.75	0	6116.75
502.707	6148.75	0	6148.75
502.841	5892	0	5892
502.974	5921.75	0	5921.75
503.108	5745.25	0	5745.25
503.242	5697.25	0	5697.25
503.375	5569.75	0	5569.75
503.509	5537	0	5537
503.642	5609.75	0	5609.75
503.776	5517.5	0	5517.5
503.909	5565	0	5565
504.043	5629.25	0	5629.25
504.176	5685.5	0	5685.5
504.31	5693.75	0	5693.75
504.443	5863.25	0	5863.25
504.577	5976	0	5976
504.71	6173	0	6173
504.844	6367.75	0	6367.75
504.977	6252.25	0	6252.25
505.111	6201.5	0	6201.5
505.244	5986.5	0	5986.5
505.377	5864.5	0	5864.5
505.511	5790.25	0	5790.25
505.644	5814.5	0	5814.5
505.777	5803.25	0	5803.25
505.911	5664.75	0	5664.75
506.044	5748.25	0	5748.25
506.177	5738.5	0	5738.5
506.311	5685.75	0	5685.75
506.444	5656.5	0	5656.5
506.577	5667.25	0	5667.25
506.71	5557.5	0	5557.5
506.844	5656.75	0	5656.75
506.977	5638.25	0	5638.25
507.11	5659.75	0	5659.75
507.243	5607	0	5607
507.376	5751.75	0	5751.75
507.51	5755.25	0	5755.25
507.643	5928	0	5928
507.776	5965.25	0	5965.25
507.909	6157.5	0	6157.5
508.042	6133.25	0	6133.25
508.175	6165.5	0	6165.5
508.308	6059	0	6059
508.441	5884	0	5884
508.574	5779.75	0	5779.75
508.707	5688	0	5688
508.84	5704.25	0	5704.25
508.973	5695	0	5695
509.106	5701	0	5701
509.239	5773.75	0	5773.75
509.372	5659	0	5659
509.505	5598	0	5598
509.638	5863.5	0	5863.5
509.771	5835.5	0	5835.5
509.904	5949.75	0	5949.75
510.037	5999.5	0	5999.5
510.17	6109	0	6109
510.303	6229.25	0	6229.25
510.436	6179.25	0	6179.25
510.568	6257.75	0	6257.75
510.701	6121.25	0	6121.25
510.834	6031	0	6031
510.967	5894.5	0	5894.5
511.1	5862	0	5862
511.232	5843.25	0	5843.25
511.365	5816.5	0	5816.5
511.498	5780.5	0	5780.5
511.631	5796.75	0	5796.75
511.763	5731.5	0	5731.5
511.896	5722	0	5722
512.029	5702.75	0	5702.75
512.161	5702.25	0	5702.25
512.294	5624.75	0	5624.75
512.427	5552.75	0	5552.75
512.559	5606.5	0	5606.5
512.692	5675.25	0	5675.25
512.825	5682	0	5682
512.957	5630.75	0	5630.75
513.09	5656.25	0	5656.25
513.222	5690.25	0	5690.25
513.355	5735	0	5735
513.487	5724	0	5724
513.62	5630.75	0	5630.75
513.752	5795.5	0	5795.5
513.885	5814.5	0	5814.5
514.017	5808.5	0	5808.5
514.15	5716.5	0	5716.5
514.282	5824.75	0	5824.75
514.415	5738.25	0	5738.25
514.547	5900.25	0	5900.25
514.68	5830.75	0	5830.75
514.812	5987.25	0	5987.25
514.944	5980.75	0	5980.75
515.077	5900	0	5900
515.209	5976	0	5976
515.341	6022.75	0	6022.75
515.474	6159	0	6159
515.606	6171.25	0	6171.25
515.738	6226	0	6226
515.871	6275.5	0	6275.5
516.003	6344.75	0	6344.75
516.135	6470.5	0	6470.5
516.267	6490	0	6490
516.4	6570.5	0	6570.5
516.532	6686.25	0	6686.25
516.664	6878.25	0	6878.25
516.796	7019.25	0	7019.25
516.928	7147.5	0	7147.5
517.06	7319.75	0	7319.75
517.193	7600.5	0	7600.5
517.325	7743	0	7743
517.457	8041	0	8041
517.589	8234.75	0	8234.75
517.721	8381.75	0	8381.75
517.853	8510.25	0	8510.25
517.985	8547	0	8547
518.117	8582.5	0	8582.5
518.249	8655.75	0	8655.75
518.381	8401.75	0	8401.75
518.513	8318.5	0	8318.5
518.645	8106	0	8106
518.777	7848.25	0	7848.25
518.909	7782.25	0	7782.25
519.041	7621.25	0	7621.25
519.173	7483.25	0	7483.25
519.305	7329.5	0	7329.5
519.437	7387	0	7387
519.569	7104.5	0	7104.5
519.701	7144	0	7144
519.832	6929	0	6929
519.964	6943.25	0	6943.25
520.096	6831	0	6831
520.228	6781.25	0	6781.25
520.36	6885	0	6885
520.491	6804.5	0	6804.5
520.623	6762	0	6762
520.755	6811.5	0	6811.5
520.887	6811	0	6811
521.018	6747.5	0	6747.5
521.15	6936.25	0	6936.25
521.282	7008	0	7008
521.414	7077.75	0	7077.75
521.545	7267	0	7267
521.677	7408.25	0	7408.25
521.808	7684	0	7684
521.94	7948.5	0	7948.5
522.072	7908.75	0	7908.75
522.203	8152	0	8152
522.335	8002.5	0	8002.5
522.466	7807	0	7807
522.598	7482.25	0	7482.25
522.729	7249.75	0	7249.75
522.861	7068	0	7068
522.993	6769.75	0	6769.75
523.124	6720.5	0	6720.5
523.256	6549.5	0	6549.5
523.387	6517.25	0	6517.25
523.518	6456.5	0	6456.5
523.65	6250.25	0	6250.25
523.781	6228.25	0	6228.25
523.913	6178.25	0	6178.25
524.044	6157	0	6157
524.176	6028.75	0	6028.75
524.307	6044.5	0	6044.5
524.438	5949.5	0	5949.5
524.57	6020.5	0	6020.5
524.701	5913	0	5913
524.832	5923.25	0	5923.25
524.964	5866.25	0	5866.25
525.095	5943.75	0	5943.75
525.226	5912.75	0	5912.75
525.357	5792	0	5792
525.489	5774.5	0	5774.5
525.62	5802.5	0	5802.5
525.751	5775.75	0	5775.75
525.882	5764.25	0	5764.25
526.013	5751.5	0	5751.5
526.145	5713.25	0	5713.25
526.276	5700.25	0	5700.25
526.407	5693.75	0	5693.75
526.538	5669	0	5669
526.669	5677.75	0	5677.75
526.8	5774	0	5774
526.931	5664.5	0	5664.5
527.062	5664.25	0	5664.25
527.193	5695	0	5695
527.324	5593.25	0	5593.25
527.455	5703.5	0	5703.5
527.586	5669.25	0	5669.25
527.717	5727	0	5727
527.848	5643	0	5643
527.979	5612	0	5612
528.11	5667.25	0	5667.25
528.241	5663.5	0	5663.5
528.372	5667.5	0	5667.5
528.503	5630.5	0	5630.5
528.634	5688	0	5688
528.765	5706	0	5706
528.896	5741.75	0	5741.75
529.026	5598.25	0	5598.25
529.157	5638.75	0	5638.75
529.288	5663.5	0	5663.5
529.419	5590.5	0	5590.5
529.55	5634.25	0	5634.25
529.681	5578	0	5578
529.811	5569.25	0	5569.25
529.942	5537.25	0	5537.25
530.073	5578.75	0	5578.75
530.203	5550	0	5550
530.334	5535	0	5535
530.465	5515.5	0	5515.5
530.596	5539.5	0	5539.5
530.726	5430.25	0	5430.25
530.857	5523.5	0	5523.5
530.987	5616.5	0	5616.5
531.118	5580.25	0	5580.25
531.249	5674.25	0	5674.25
531.379	5649	0	5649
531.51	5663.25	0	5663.25
531.64	5609.25	0	5609.25
531.771	5626.5	0	5626.5
531.901	5629.5	0	5629.5
532.032	5604	0	5604
532.163	5698.5	0	5698.5
532.293	5671	0	5671
532.423	5690.25	0	5690.25
532.554	5704.25	0	5704.25
532.684	5730	0	5730
532.815	5679.75	0	5679.75
532.945	5706	0	5706
533.076	5703.5	0	5703.5
533.206	5718.5	0	5718.5
533.336	5752.5	0	5752.5
533.467	5717.25	0	5717.25
533.597	5761.5	0	5761.5
533.727	5757.75	0	5757.75
533.858	5741.75	0	5741.75
533.988	5761.75	0	5761.75
534.118	5779	0	5779
534.248	5791.25	0	5791.25
534.379	5847.75	0	5847.75
534.509	5839.75	0	5839.75
534.639	5979.25	0	5979.25
534.769	5995	0	5995
534.9	5935.5	0	5935.5
535.03	5896.75	0	5896.75
535.16	5820.25	0	5820.25
535.29	5786.5	0	5786.5
535.42	5841	0	5841
535.55	5808.75	0	5808.75
535.68	5746.25	0	5746.25
535.81	5756.5	0	5756.5
535.94	5679.25	0	5679.25
536.071	5625.5	0	5625.5
536.201	5699.25	0	5699.25
536.331	5671	0	5671
536.461	5631.75	0	5631.75
536.591	5717.5	0	5717.5
536.721	5687.25	0	5687.25
536.851	5651.5	0	5651.5
536.981	5639	0	5639
537.11	5671.25	0	5671.25
537.24	5586.75	0	5586.75
537.37	5614	0	5614
537.5	5626.75	0	5626.75
537.63	5607	0	5607
537.76	5523.5	0	5523.5
537.89	5639.25	0	5639.25
538.02	5580.5	0	5580.5
538.149	5480.75	0	5480.75
538.279	5524	0	5524
538.409	5585.25	0	5585.25
538.539	5520	0	5520
538.669	5661.25	0	5661.25
538.798	5579.25	0	5579.25
538.928	5714	0	5714
539.058	5711	0	5711
539.187	5743.5	0	5743.5
539.317	5809.5	0	5809.5
539.447	5821	0	5821
539.576	5806.5	0	5806.5
539.706	5825.5	0	5825.5
539.836	5682.25	0	5682.25
539.965	5699.75	0	5699.75
540.095	5575.5	0	5575.5
540.225	5472.75	0	5472.75
540.354	5481.25	0	5481.25
540.484	5362	0	5362
540.613	5412.25	0	5412.25
540.743	5441.25	0	5441.25
540.872	5400.25	0	5400.25
541.002	5432.5	0	5432.5
541.131	5366.5	0	5366.5
541.261	5402	0	5402
541.39	5347	0	5347
541.52	5407.5	0	5407.5
541.649	5415.75	0	5415.75
541.778	5580.75	0	5580.75
541.908	5568.5	0	5568.5
542.037	5581	0	5581
542.167	5593.25	0	5593.25
542.296	5637.75	0	5637.75
542.425	5810.75	0	5810.75
542.554	5980.75	0	5980.75
542.684	6142.5	0	6142.5
542.813	6379.5	0	6379.5
542.942	6313.75	0	6313.75
543.072	6230.25	0	6230.25
543.201	6213.25	0	6213.25
543.33	6080.25	0	6080.25
543.459	5844.25	0	5844.25
543.588	5803.75	0	5803.75
543.718	5788.5	0	5788.5
543.847	5727	0	5727
543.976	5623	0	5623
544.105	5734.5	0	5734.5
544.234	5745.25	0	5745.25
544.363	5833.75	0	5833.75
544.492	5999	0	5999
544.621	6023	0	6023
544.75	6131.75	0	6131.75
544.88	6180	0	6180
545.009	6252.25	0	6252.25
545.138	6207.5	0	6207.5
545.266	6157	0	6157
545.396	6085.25	0	6085.25
545.525	6004.5	0	6004.5
545.653	6056.5	0	6056.5
545.782	6015.75	0	6015.75
545.911	6077	0	6077
546.04	6054	0	6054
546.169	6189.25	0	6189.25
546.298	6134.75	0	6134.75
546.427	6028.25	0	6028.25
546.556	5996	0	5996
546.685	5947.5	0	5947.5
546.813	5889	0	5889
546.942	5762.75	0	5762.75
547.071	5676.5	0	5676.5
547.2	5668	0	5668
547.328	5720.25	0	5720.25
547.457	5635.5	0	5635.5
547.586	5676.75	0	5676.75
547.715	5723.75	0	5723.75
547.843	5662.5	0	5662.5
547.972	5652.5	0	5652.5
548.101	5749.75	0	5749.75
548.229	5639.75	0	5639.75
548.358	5729.75	0	5729.75
548.487	5676.25	0	5676.25
548.615	5724.25	0	5724.25
548.744	5722.25	0	5722.25
548.872	5651.25	0	5651.25
549.001	5656.25	0	5656.25
549.129	5660	0	5660
549.258	5676.5	0	5676.5
549.387	5802.5	0	5802.5
549.515	5727.5	0	5727.5
549.643	5804.5	0	5804.5
549.772	5841	0	5841
549.9	5860.75	0	5860.75
550.029	5905.75	0	5905.75
550.157	5856.25	0	5856.25
550.286	5835.75	0	5835.75
550.414	5766	0	5766
550.542	5712.25	0	5712.25
550.671	5740.75	0	5740.75
550.799	5660.5	0	5660.5
550.927	5650.75	0	5650.75
551.056	5637.5	0	5637.5
551.184	5677.5	0	5677.5
551.312	5657.25	0	5657.25
551.441	5610.25	0	5610.25
551.569	5626.25	0	5626.25
551.697	5660.75	0	5660.75
551.825	5680.75	0	5680.75
551.953	5667.5	0	5667.5
552.082	5787	0	5787
552.21	5845	0	5845
552.338	5866.25	0	5866.25
552.466	5904.75	0	5904.75
552.594	6031.25	0	6031.25
552.722	5926.5	0	5926.5
552.851	6143.5	0	6143.5
552.979	6228.5	0	6228.5
553.107	6313.75	0	6313.75
553.235	6346	0	6346
553.363	6384.75	0	6384.75
553.491	6407.75	0	6407.75
553.619	6473.25	0	6473.25
553.747	6516.25	0	6516.25
553.875	6461.5	0	6461.5
554.003	6398.75	0	6398.75
554.131	6260.25	0	6260.25
554.259	6251	0	6251
554.387	6158	0	6158
554.514	6151.25	0	6151.25
554.642	6059.25	0	6059.25
554.77	5936	0	5936
554.898	5903	0	5903
555.026	5929	0	5929
555.154	5821	0	5821
555.281	5877	0	5877
555.409	5767.5	0	5767.5
555.537	5727	0	5727
555.665	5801.5	0	5801.5
555.793	5668	0	5668
555.92	5711.5	0	5711.5
556.048	5556.25	0	5556.25
556.176	5576.5	0	5576.5
556.303	5544.75	0	5544.75
556.431	5538.5	0	5538.5
556.559	5605.25	0	5605.25
556.686	5467.5	0	5467.5
556.814	5560.25	0	5560.25
556.942	5536.75	0	5536.75
557.069	5435.25	0	5435.25
557.197	5450	0	5450
557.324	5452.75	0	5452.75
557.452	5478.5	0	5478.5
557.579	5516.75	0	5516.75
557.707	5459.5	0	5459.5
557.835	5499.5	0	5499.5
557.962	5433.75	0	5433.75
558.089	5401.75	0	5401.75
558.217	5387.25	0	5387.25
558.344	5346.75	0	5346.75
558.472	5385.25	0	5385.25
558.599	5344.25	0	5344.25
558.727	5324.25	0	5324.25
558.854	5396	0	5396
558.981	5461.25	0	5461.25
559.109	5324.5	0	5324.5
559.236	5319	0	5319
559.363	5320	0	5320
559.491	5329.5	0	5329.5
559.618	5444	0	5444
559.745	5290.25	0	5290.25
559.872	5497	0	5497
560	5389.5	0	5389.5
560.127	5361.75	0	5361.75
560.254	5336	0	5336
560.381	5326	0	5326
560.508	5398.5	0	5398.5
560.636	5376.75	0	5376.75
560.763	5330.75	0	5330.75
560.89	5412.5	0	5412.5
561.017	5360	0	5360
561.144	5302.75	0	5302.75
561.271	5398.25	0	5398.25
561.398	5348.75	0	5348.75
561.525	5312.25	0	5312.25
561.652	5360.5	0	5360.5
561.779	5329.75	0	5329.75
561.906	5339	0	5339
562.033	5426.75	0	5426.75
562.16	5461.5	0	5461.5
562.287	5321.75	0	5321.75
562.414	5424.75	0	5424.75
562.541	5393.5	0	5393.5
562.668	5528.25	0	5528.25
562.795	5417.25	0	5417.25
562.922	5371.25	0	5371.25
563.049	5500.75	0	5500.75
563.175	5572.25	0	5572.25
563.302	5600.5	0	5600.5
563.429	5511	0	5511
563.556	5572	0	5572
563.683	5522.75	0	5522.75
563.809	5568	0	5568
563.936	5673.75	0	5673.75
564.063	5613	0	5613
564.19	5736	0	5736
564.316	5648.25	0	5648.25
564.443	5767	0	5767
564.57	5728.75	0	5728.75
564.696	5763.5	0	5763.5
564.823	5822.5	0	5822.5
564.95	5967.5	0	5967.5
565.076	5954	0	5954
565.203	6003.75	0	6003.75
565.33	6155.75	0	6155.75
565.456	6200.25	0	6200.25
565.583	6214.25	0	6214.25
565.709	6345	0	6345
565.836	6469.25	0	6469.25
565.962	6692.75	0	6692.75
566.089	6765	0	6765
566.215	6982	0	6982
566.341	7080.5	0	7080.5
566.468	7299.5	0	7299.5
566.594	7784.75	0	7784.75
566.721	7930	0	7930
566.847	8330	0	8330
566.974	8546.75	0	8546.75
567.1	8633.25	0	8633.25
567.226	8788.75	0	8788.75
567.353	8849	0	8849
567.479	8937	0	8937
567.605	9029.25	0	9029.25
567.732	9385.5	0	9385.5
567.858	9680.25	0	9680.25
567.984	10043.5	0	10043.5
568.11	9998.5	0	9998.5
568.236	10104.5	0	10104.5
568.363	9983.25	0	9983.25
568.489	9427	0	9427
568.615	9025.75	0	9025.75
568.741	8757.25	0	8757.25
568.867	8307.75	0	8307.75
568.993	7912.5	0	7912.5
569.12	7694.5	0	7694.5
569.246	7231.25	0	7231.25
569.372	6964	0	6964
569.498	6860.25	0	6860.25
569.624	6602.25	0	6602.25
569.75	6403.75	0	6403.75
569.876	6277.5	0	6277.5
570.002	6237	0	6237
570.128	6067	0	6067
570.254	5980.5	0	5980.5
570.38	5919.25	0	5919.25
570.506	6033.25	0	6033.25
570.632	5876.5	0	5876.5
570.758	5874	0	5874
570.883	5828.75	0	5828.75
571.009	5942	0	5942
571.135	5815	0	5815
571.261	5926.25	0	5926.25
571.387	5939.5	0	5939.5
571.513	5865.75	0	5865.75
571.638	5777	0	5777
571.764	5596.5	0	5596.5
571.89	5535	0	5535
572.016	5486.25	0	5486.25
572.141	5481.25	0	5481.25
572.267	5354	0	5354
572.393	5291.75	0	5291.75
572.518	5239	0	5239
572.644	5174	0	5174
572.77	5058.5	0	5058.5
572.895	5185	0	5185
573.021	5140.75	0	5140.75
573.147	5136.5	0	5136.5
573.272	5161.5	0	5161.5
573.398	5034.75	0	5034.75
573.523	5047.5	0	5047.5
573.649	4979.25	0	4979.25
573.774	5080.25	0	5080.25
573.9	4989.75	0	4989.75
574.025	4992.25	0	4992.25
574.151	4942.25	0	4942.25
574.276	5036	0	5036
574.402	4937.5	0	4937.5
574.527	5035.75	0	5035.75
574.652	5010	0	5010
574.778	4978.5	0	4978.5
574.903	4950	0	4950
575.029	5019.75	0	5019.75
575.154	4907.25	0	4907.25
575.279	4965.5	0	4965.5
575.405	4953.75	0	4953.75
575.53	4866.5	0	4866.5
575.655	4880.75	0	4880.75
575.78	4835	0	4835
575.906	4851.75	0	4851.75
576.031	4829.25	0	4829.25
576.156	4783.75	0	4783.75
576.281	4717.75	0	4717.75
576.406	4755	0	4755
576.532	4841.25	0	4841.25
576.657	4885.5	0	4885.5
576.782	4743.75	0	4743.75
576.907	4772.75	0	4772.75
577.032	4800	0	4800
577.157	4807	0	4807
577.282	4799.25	0	4799.25
577.407	4776.75	0	4776.75
577.532	4766.75	0	4766.75
577.657	4724	0	4724
577.782	4682	0	4682
577.907	4785	0	4785
578.032	4740.25	0	4740.25
578.157	4763.75	0	4763.75
578.282	4829	0	4829
578.407	4869.5	0	4869.5
578.532	4978	0	4978
578.657	5132.5	0	5132.5
578.782	5282.25	0	5282.25
578.907	5439	0	5439
579.031	5433.75	0	5433.75
579.156	5291.5	0	5291.5
579.281	5103.25	0	5103.25
579.406	5080.5	0	5080.5
579.531	5010	0	5010
579.655	4964.25	0	4964.25
579.78	4990.25	0	4990.25
579.905	4996	0	4996
580.03	4998.25	0	4998.25
580.154	4991	0	4991
580.279	5069	0	5069
580.404	5184.5	0	5184.5
580.528	5542	0	5542
580.653	5786	0	5786
580.778	6071.5	0	6071.5
580.902	6087	0	6087
581.027	6051.75	0	6051.75
581.151	5801	0	5801
581.276	5618	0	5618
581.4	5513.25	0	5513.25
581.525	5400	0	5400
581.649	5366.75	0	5366.75
581.774	5281.5	0	5281.5
581.898	5222	0	5222
582.023	5147.5	0	5147.5
582.147	5167.5	0	5167.5
582.272	4998.25	0	4998.25
582.396	4955.75	0	4955.75
582.52	4906	0	4906
582.645	4813.75	0	4813.75
582.769	4861.75	0	4861.75
582.893	4829.5	0	4829.5
583.018	4818.75	0	4818.75
583.142	4797	0	4797
583.266	4787.75	0	4787.75
583.391	4839.75	0	4839.75
583.515	4906.75	0	4906.75
583.639	5046.75	0	5046.75
583.763	5199	0	5199
583.888	5162.25	0	5162.25
584.012	5163.75	0	5163.75
584.136	5137.25	0	5137.25
584.26	5058.75	0	5058.75
584.384	4886	0	4886
584.508	4882	0	4882
584.632	4818.75	0	4818.75
584.757	4771.5	0	4771.5
584.881	4606.75	0	4606.75
585.005	4735.5	0	4735.5
585.129	4736.5	0	4736.5
585.253	4589.25	0	4589.25
585.377	4592.25	0	4592.25
585.501	4526.75	0	4526.75
585.625	4557.25	0	4557.25
585.749	4540.75	0	4540.75
585.873	4480	0	4480
585.997	4458.5	0	4458.5
586.12	4504.75	0	4504.75
586.244	4519	0	4519
586.368	4475.75	0	4475.75
586.492	4408	0	4408
586.616	4409.25	0	4409.25
586.74	4400.75	0	4400.75
586.864	4445.5	0	4445.5
586.987	4429.25	0	4429.25
587.111	4419	0	4419
587.235	4396.5	0	4396.5
587.359	4402.75	0	4402.75
587.482	4443.25	0	4443.25
587.606	4332	0	4332
587.73	4402.5	0	4402.5
587.854	4386.75	0	4386.75
587.977	4459.25	0	4459.25
588.101	4397	0	4397
588.224	4355.5	0	4355.5
588.348	4415.75	0	4415.75
588.472	4400.25	0	4400.25
588.595	4364	0	4364
588.719	4460	0	4460
588.842	4460.75	0	4460.75
588.966	4473.75	0	4473.75
589.089	4650.5	0	4650.5
589.213	5066	0	5066
589.336	6196.5	0	6196.5
589.46	7349.75	0	7349.75
589.583	5569.25	0	5569.25
589.707	4742.75	0	4742.75
589.83	4928	0	4928
589.954	5511.75	0	5511.75
590.077	5938.25	0	5938.25
590.2	4930.5	0	4930.5
590.324	4634.25	0	4634.25
590.447	4484.5	0	4484.5
590.57	4463.25	0	4463.25
590.694	4475.5	0	4475.5
590.817	4521.25	0	4521.25
590.94	4485.5	0	4485.5
591.063	4454.25	0	4454.25
591.187	4509.5	0	4509.5
591.31	4557.25	0	4557.25
591.433	4546	0	4546
591.556	4467.25	0	4467.25
591.679	4588	0	4588
591.803	4696.25	0	4696.25
591.926	4609	0	4609
592.049	4657.5	0	4657.5
592.172	4646.5	0	4646.5
592.295	4752.5	0	4752.5
592.418	4791.5	0	4791.5
592.541	4928	0	4928
592.664	4920.25	0	4920.25
592.787	5009.25	0	5009.25
592.91	5026.25	0	5026.25
593.033	5124.25	0	5124.25
593.156	5192	0	5192
593.279	5326	0	5326
593.402	5330	0	5330
593.525	5365	0	5365
593.648	5437	0	5437
593.771	5333	0	5333
593.894	5378	0	5378
594.016	5533	0	5533
594.139	5502.5	0	5502.5
594.262	5480	0	5480
594.385	5556.5	0	5556.5
594.508	5457.5	0	5457.5
594.63	5389.5	0	5389.5
594.753	5320.25	0	5320.25
594.876	5307	0	5307
594.999	5257.25	0	5257.25
595.121	5182.75	0	5182.75
595.244	5059.25	0	5059.25
595.367	5010	0	5010
595.489	4887	0	4887
595.612	4859.5	0	4859.5
595.735	4777.75	0	4777.75
595.857	4768.5	0	4768.5
595.98	4683.5	0	4683.5
596.102	4558.5	0	4558.5
596.225	4526.75	0	4526.75
596.347	4496.75	0	4496.75
596.47	4507.75	0	4507.75
596.592	4501.75	0	4501.75
596.715	4368.75	0	4368.75
596.837	4335.25	0	4335.25
596.96	4312.75	0	4312.75
597.082	4239.25	0	4239.25
597.205	4365.75	0	4365.75
597.327	4247.25	0	4247.25
597.449	4301	0	4301
597.572	4187.25	0	4187.25
597.694	4253	0	4253
597.816	4225.25	0	4225.25
597.939	4142.5	0	4142.5
598.061	4168.5	0	4168.5
598.183	4165	0	4165
598.306	4167	0	4167
598.428	4097	0	4097
598.55	4035.25	0	4035.25
598.672	4048.75	0	4048.75
598.795	4090.5	0	4090.5
598.917	4139.5	0	4139.5
599.039	4011.5	0	4011.5
599.161	3979.5	0	3979.5
599.283	4036.75	0	4036.75
599.405	4043.75	0	4043.75
599.527	4001.25	0	4001.25
599.65	3945.75	0	3945.75
599.772	3994.25	0	3994.25
599.894	3998.25	0	3998.25
600.016	3984.25	0	3984.25
600.138	3934.5	0	3934.5
600.26	3985.25	0	3985.25
600.382	3955.5	0	3955.5
600.504	3988.5	0	3988.5
600.625	3988	0	3988
600.747	3951.25	0	3951.25
600.869	3960.5	0	3960.5
600.991	3929.25	0	3929.25
601.113	3973.25	0	3973.25
601.235	4004.5	0	4004.5
601.357	3954	0	3954
601.479	3951.25	0	3951.25
601.6	3901	0	3901
601.722	3995.5	0	3995.5
601.844	3903.75	0	3903.75
601.966	3883.5	0	3883.5
602.087	3891.5	0	3891.5
602.209	3865	0	3865
602.331	4021.75	0	4021.75
602.453	3932.25	0	3932.25
602.574	3972.75	0	3972.75
602.696	3848.25	0	3848.25
602.818	3941	0	3941
602.939	3870.75	0	3870.75
603.061	3879	0	3879
603.182	3931.75	0	3931.75
603.304	3885.5	0	3885.5
603.426	3909	0	3909
603.547	3898.75	0	3898.75
603.669	3920.5	0	3920.5
603.79	3817.75	0	3817.75
603.912	3906.75	0	3906.75
604.033	3913.5	0	3913.5
604.154	3857.75	0	3857.75
604.276	3839.25	0	3839.25
604.397	3840.25	0	3840.25
604.519	3848.25	0	3848.25
604.64	3870.25	0	3870.25
604.761	3896.75	0	3896.75
604.883	3815	0	3815
605.004	3794.5	0	3794.5
605.125	3877	0	3877
605.247	3871	0	3871
605.368	3824.25	0	3824.25
605.489	3806.5	0	3806.5
605.611	3870.75	0	3870.75
605.732	3818.5	0	3818.5
605.853	3830	0	3830
605.974	3820.5	0	3820.5
606.095	3802.75	0	3802.75
606.216	3733.75	0	3733.75
606.338	3797.75	0	3797.75
606.459	3826	0	3826
606.58	3798.75	0	3798.75
606.701	3759.75	0	3759.75
606.822	3803.75	0	3803.75
606.943	3848.25	0	3848.25
607.064	3813	0	3813
607.185	3837.25	0	3837.25
607.306	3722.75	0	3722.75
607.427	3783.25	0	3783.25
607.548	3761.5	0	3761.5
607.669	3786	0	3786
607.79	3823	0	3823
607.911	3800.75	0	3800.75
608.032	3797	0	3797
608.153	3775.25	0	3775.25
608.274	3883	0	3883
608.394	3784	0	3784
608.515	3807.25	0	3807.25
608.636	3855.5	0	3855.5
608.757	3815.5	0	3815.5
608.878	3818	0	3818
608.998	3866.5	0	3866.5
609.119	3783	0	3783
609.24	3841.75	0	3841.75
609.361	3821.75	0	3821.75
609.481	3802	0	3802
609.602	3871.25	0	3871.25
609.723	3879	0	3879
609.843	3891.25	0	3891.25
609.964	3802.25	0	3802.25
610.085	3805.5	0	3805.5
610.205	3775	0	3775
610.326	3767	0	3767
610.446	3801.5	0	3801.5
610.567	3799.5	0	3799.5
610.687	3771.75	0	3771.75
610.808	3764.5	0	3764.5
610.928	3725	0	3725
611.049	3707.75	0	3707.75
611.169	3767.75	0	3767.75
611.29	3707.25	0	3707.25
611.41	3869.25	0	3869.25
611.531	3798.5	0	3798.5
611.651	3834.75	0	3834.75
611.771	3735.25	0	3735.25
611.892	3799	0	3799
612.012	3758.5	0	3758.5
612.132	3758.75	0	3758.75
612.253	3788.25	0	3788.25
612.373	3818	0	3818
612.493	3937.5	0	3937.5
612.613	3856.75	0	3856.75
612.734	3937.25	0	3937.25
612.854	3805.5	0	3805.5
612.974	3837.5	0	3837.5
613.094	3853.75	0	3853.75
613.214	3743.25	0	3743.25
613.335	3824	0	3824
613.455	3740.75	0	3740.75
613.575	3654.25	0	3654.25
613.695	3741.75	0	3741.75
613.815	3662.5	0	3662.5
613.935	3640.5	0	3640.5
614.055	3678.25	0	3678.25
614.175	3708.5	0	3708.5
614.295	3726.25	0	3726.25
614.415	3637.75	0	3637.75
614.535	3619.25	0	3619.25
614.655	3618.5	0	3618.5
614.775	3656.25	0	3656.25
614.895	3678.5	0	3678.5
615.015	3682.25	0	3682.25
615.135	3637.5	0	3637.5
615.254	3623.25	0	3623.25
615.374	3632.5	0	3632.5
615.494	3625.75	0	3625.75
615.614	3629.5	0	3629.5
615.734	3609.25	0	3609.25
615.854	3573	0	3573
615.973	3627.25	0	3627.25
616.093	3652.75	0	3652.75
616.213	3605.75	0	3605.75
616.332	3654	0	3654
616.452	3647.5	0	3647.5
616.572	3575	0	3575
616.691	3611.25	0	3611.25
616.811	3627.75	0	3627.75
616.931	3547	0	3547
617.05	3462.25	0	3462.25
617.17	3552	0	3552
617.289	3632	0	3632
617.409	3626.25	0	3626.25
617.529	3589	0	3589
617.648	3544	0	3544
617.768	3663	0	3663
617.887	3586	0	3586
618.006	3605	0	3605
618.126	3518.5	0	3518.5
618.245	3545	0	3545
618.365	3521	0	3521
618.484	3533	0	3533
618.604	3478	0	3478
618.723	3529.25	0	3529.25
618.842	3536	0	3536
618.962	3516.5	0	3516.5
619.081	3578.5	0	3578.5
619.2	3536	0	3536
619.319	3491.5	0	3491.5
619.439	3509.5	0	3509.5
619.558	3494.75	0	3494.75
619.677	3538.75	0	3538.75
619.796	3477	0	3477
619.916	3536.75	0	3536.75
620.035	3477.75	0	3477.75
620.154	3445.75	0	3445.75
620.273	3460.75	0	3460.75
620.392	3493.5	0	3493.5
620.511	3452.75	0	3452.75
620.63	3465.75	0	3465.75
620.749	3426.25	0	3426.25
620.868	3428.75	0	3428.75
620.987	3449.75	0	3449.75
621.106	3358.25	0	3358.25
621.225	3377.75	0	3377.75
621.344	3445.5	0	3445.5
621.463	3406.75	0	3406.75
621.582	3371.25	0	3371.25
621.701	3355	0	3355
621.82	3377.75	0	3377.75
621.939	3387.75	0	3387.75
622.058	3413.75	0	3413.75
622.177	3400	0	3400
622.295	3313.5	0	3313.5
622.414	3393.25	0	3393.25
622.533	3384.75	0	3384.75
622.652	3374.75	0	3374.75
622.771	3309	0	3309
622.889	3305.75	0	3305.75
623.008	3328.5	0	3328.5
623.127	3343.75	0	3343.75
623.245	3281.75	0	3281.75
623.364	3295	0	3295
623.483	3273.75	0	3273.75
623.601	3225.75	0	3225.75
623.72	3273.75	0	3273.75
623.839	3301.75	0	3301.75
623.957	3229.5	0	3229.5
624.076	3252.25	0	3252.25
624.194	3290.25	0	3290.25
624.313	3313.25	0	3313.25
624.431	3271.75	0	3271.75
624.55	3307.25	0	3307.25
624.668	3285	0	3285
624.787	3288	0	3288
624.905	3252.5	0	3252.5
625.024	3274.25	0	3274.25
625.142	3271	0	3271
625.26	3245.5	0	3245.5
625.379	3301.5	0	3301.5
625.497	3242.75	0	3242.75
625.615	3277.5	0	3277.5
625.734	3231	0	3231
625.852	3214.75	0	3214.75
625.97	3156.25	0	3156.25
626.089	3275.75	0	3275.75
626.207	3206.75	0	3206.75
626.325	3200	0	3200
626.443	3190.75	0	3190.75
626.561	3198.5	0	3198.5
626.68	3200.25	0	3200.25
626.798	3177.25	0	3177.25
626.916	3203	0	3203
627.034	3160.25	0	3160.25
627.152	3071.75	0	3071.75
627.27	3203.5	0	3203.5
627.388	3142	0	3142
627.506	3167	0	3167
627.624	3196.5	0	3196.5
627.742	3065.75	0	3065.75
627.86	3138.75	0	3138.75
627.978	3140	0	3140
628.096	3071	0	3071
628.214	3124.75	0	3124.75
628.332	3111.25	0	3111.25
628.45	3126.75	0	3126.75
628.568	3132	0	3132
628.686	3071	0	3071
628.804	3083.75	0	3083.75
628.921	3094.5	0	3094.5
629.039	3080.75	0	3080.75
629.157	3129.5	0	3129.5
629.275	3089.5	0	3089.5
629.393	3034.25	0	3034.25
629.51	3091.25	0	3091.25
629.628	3104.75	0	3104.75
629.746	3071.25	0	3071.25
629.864	3024.25	0	3024.25
629.981	3043.5	0	3043.5
630.099	3029	0	3029
630.216	3070.75	0	3070.75
630.334	3050	0	3050
630.452	3063	0	3063
630.569	3013.25	0	3013.25
630.687	3043	0	3043
630.804	2997.75	0	2997.75
630.922	3052.5	0	3052.5
631.039	3018	0	3018
631.157	3075	0	3075
631.274	3087.5	0	3087.5
631.392	3066.75	0	3066.75
631.509	2995.25	0	2995.25
631.627	3014	0	3014
631.744	2967.5	0	2967.5
631.861	2979.75	0	2979.75
631.979	2947.25	0	2947.25
632.096	2958	0	2958
632.213	2939.5	0	2939.5
632.331	2983.75	0	2983.75
632.448	2958.75	0	2958.75
632.565	2996.5	0	2996.5
632.683	2968.5	0	2968.5
632.8	2957.25	0	2957.25
632.917	2968.25	0	2968.25
633.034	2947.75	0	2947.75
633.151	2914.25	0	2914.25
633.269	2874.75	0	2874.75
633.386	2998	0	2998
633.503	2909	0	2909
633.62	2915.75	0	2915.75
633.737	2962	0	2962
633.854	2890.75	0	2890.75
633.971	2850	0	2850
634.088	2867.5	0	2867.5
634.205	2907.25	0	2907.25
634.322	2916.5	0	2916.5
634.439	2904.25	0	2904.25
634.556	2859.5	0	2859.5
634.673	2897.25	0	2897.25
634.79	2862.5	0	2862.5
634.907	2890.25	0	2890.25
635.024	2847	0	2847
635.141	2832.75	0	2832.75
635.258	2805.5	0	2805.5
635.375	2881.25	0	2881.25
635.491	2892	0	2892
635.608	2831.5	0	2831.5
635.725	2824.75	0	2824.75
635.842	2838.25	0	2838.25
635.958	2789	0	2789
636.075	2816.5	0	2816.5
636.192	2808.75	0	2808.75
636.309	2809.75	0	2809.75
636.425	2863	0	2863
636.542	2838	0	2838
636.659	2796.25	0	2796.25
636.775	2782.25	0	2782.25
636.892	2852.25	0	2852.25
637.008	2840	0	2840
637.125	2837	0	2837
637.241	2791	0	2791
637.358	2798	0	2798
637.475	2778	0	2778
637.591	2778.5	0	2778.5
637.707	2824.5	0	2824.5
637.824	2839	0	2839
637.94	2813.5	0	2813.5
638.057	2788	0	2788
638.173	2804.75	0	2804.75
638.29	2776.25	0	2776.25
638.406	2796.5	0	2796.5
638.522	2742.25	0	2742.25
638.639	2720.5	0	2720.5
638.755	2800.25	0	2800.25
638.871	2823	0	2823
638.987	2753.25	0	2753.25
639.104	2773	0	2773
639.22	2772.25	0	2772.25
639.336	2788.5	0	2788.5
639.452	2736.5	0	2736.5
639.569	2706.5	0	2706.5
639.685	2767.5	0	2767.5
639.801	2775.5	0	2775.5
639.917	2704.75	0	2704.75
640.033	2765.75	0	2765.75
640.149	2716.25	0	2716.25
640.265	2725.25	0	2725.25
640.381	2738.75	0	2738.75
640.497	2689.75	0	2689.75
640.613	2689.25	0	2689.25
640.729	2669	0	2669
640.845	2682	0	2682
640.961	2724.25	0	2724.25
641.077	2717.25	0	2717.25
641.193	2664	0	2664
641.309	2719	0	2719
641.425	2710.5	0	2710.5
641.541	2669	0	2669
641.657	2626.5	0	2626.5
641.773	2644.5	0	2644.5
641.888	2720	0	2720
642.004	2708.25	0	2708.25
642.12	2651	0	2651
642.236	2707.75	0	2707.75
642.352	2648.75	0	2648.75
642.467	2610.5	0	2610.5
642.583	2640.5	0	2640.5
642.699	2632	0	2632
642.814	2656.25	0	2656.25
642.93	2685.75	0	2685.75
643.046	2631.25	0	2631.25
643.161	2686.75	0	2686.75
643.277	2671	0	2671
643.392	2618	0	2618
643.508	2644.75	0	2644.75
643.623	2667.5	0	2667.5
643.739	2612.75	0	2612.75
643.854	2647.5	0	2647.5
643.97	2671	0	2671
644.085	2663.75	0	2663.75
644.201	2605.25	0	2605.25
644.316	2645.75	0	2645.75
644.432	2619.75	0	2619.75
644.547	2620	0	2620
644.663	2563.25	0	2563.25
644.778	2628	0	2628
644.893	2634.25	0	2634.25
645.008	2612.25	0	2612.25
645.124	2584.5	0	2584.5
645.239	2587	0	2587
645.354	2656	0	2656
645.47	2630.5	0	2630.5
645.585	2673.5	0	2673.5
645.7	2639.25	0	2639.25
645.815	2631	0	2631
645.93	2601.5	0	2601.5
646.046	2629.75	0	2629.75
646.161	2622.25	0	2622.25
646.276	2618	0	2618
646.391	2647.5	0	2647.5
646.506	2722.25	0	2722.25
646.621	2673.75	0	2673.75
646.736	2685	0	2685
646.851	2691	0	2691
646.966	2649.75	0	2649.75
647.081	2697.5	0	2697.5
647.196	2625.25	0	2625.25
647.311	2686	0	2686
647.426	2760.5	0	2760.5
647.541	2710.75	0	2710.75
647.656	2701.25	0	2701.25
647.771	2774.5	0	2774.5
647.885	2728.5	0	2728.5
648	2819.75	0	2819.75
648.115	2825.25	0	2825.25
648.23	2807.5	0	2807.5
648.345	2819.25	0	2819.25
648.459	2838.75	0	2838.75
648.574	2808.25	0	2808.25
648.689	2813.5	0	2813.5
648.804	2794.25	0	2794.25
648.918	2808.5	0	2808.5
649.033	2771.75	0	2771.75
649.148	2813	0	2813
649.262	2732.25	0	2732.25
649.377	2763.5	0	2763.5
649.491	2699.75	0	2699.75
649.606	2738.25	0	2738.25
649.721	2681.5	0	2681.5
649.835	2713	0	2713
649.95	2770.75	0	2770.75
650.064	2717.25	0	2717.25
650.179	2673.5	0	2673.5
650.293	2673.75	0	2673.75
650.408	2615.5	0	2615.5
650.522	2701.25	0	2701.25
650.636	2676	0	2676
650.751	2640.75	0	2640.75
650.865	2618.25	0	2618.25
650.979	2628.25	0	2628.25
651.094	2645	0	2645
651.208	2573	0	2573
651.322	2610.25	0	2610.25
651.437	2610	0	2610
651.551	2610.5	0	2610.5
651.665	2617.5	0	2617.5
651.779	2665	0	2665
651.894	2631.5	0	2631.5
652.008	2595	0	2595
652.122	2625.75	0	2625.75
652.236	2601.75	0	2601.75
652.35	2593	0	2593
652.464	2606.25	0	2606.25
652.578	2671	0	2671
652.693	2613.25	0	2613.25
652.807	2624.75	0	2624.75
652.921	2610	0	2610
653.035	2629	0	2629
653.149	2637	0	2637
653.263	2664.5	0	2664.5
653.376	2668.75	0	2668.75
653.49	2603.5	0	2603.5
653.604	2646	0	2646
653.718	2648.5	0	2648.5
653.832	2635.75	0	2635.75
653.946	2663.75	0	2663.75
654.06	2671.25	0	2671.25
654.174	2726	0	2726
654.287	2680.75	0	2680.75
654.401	2685.75	0	2685.75
654.515	2740.25	0	2740.25
654.629	2785	0	2785
654.743	2713.5	0	2713.5
654.856	2718.75	0	2718.75
654.97	2777.25	0	2777.25
655.084	2767	0	2767
655.197	2808.5	0	2808.5
655.311	2824.25	0	2824.25
655.424	2816.75	0	2816.75
655.538	2886.5	0	2886.5
655.652	2912	0	2912
655.765	2869.25	0	2869.25
655.879	2979	0	2979
655.992	2956.25	0	2956.25
656.106	2996.25	0	2996.25
656.219	3028.5	0	3028.5
656.333	3048.5	0	3048.5
656.446	3133	0	3133
656.56	3149	0	3149
656.673	3196	0	3196
656.786	3289.75	0	3289.75
656.9	3252.25	0	3252.25
657.013	3257.5	0	3257.5
657.127	3190	0	3190
657.24	3111.5	0	3111.5
657.353	3057.25	0	3057.25
657.466	3059.5	0	3059.5
657.58	3043.25	0	3043.25
657.693	2967.5	0	2967.5
657.806	2933.75	0	2933.75
657.919	2984	0	2984
658.032	2967.75	0	2967.75
658.146	2899.5	0	2899.5
658.259	2897.25	0	2897.25
658.372	2898.25	0	2898.25
658.485	2845.5	0	2845.5
658.598	2882.75	0	2882.75
658.711	2831.25	0	2831.25
658.824	2833	0	2833
658.937	2829.5	0	2829.5
659.05	2750.25	0	2750.25
659.163	2750.25	0	2750.25
659.276	2816	0	2816
659.389	2758.5	0	2758.5
659.502	2794.25	0	2794.25
659.615	2753	0	2753
659.728	2760	0	2760
659.841	2767	0	2767
659.954	2773.25	0	2773.25
660.067	2771	0	2771
660.179	2786	0	2786
660.292	2784.5	0	2784.5
660.405	2797.5	0	2797.5
660.518	2848.5	0	2848.5
660.63	2769.5	0	2769.5
660.743	2836.5	0	2836.5
660.856	2810.25	0	2810.25
660.969	2774.75	0	2774.75
661.081	2828.25	0	2828.25
661.194	2802.75	0	2802.75
661.307	2814.25	0	2814.25
661.419	2744.5	0	2744.5
661.532	2725.75	0	2725.75
661.644	2768.5	0	2768.5
661.757	2716.25	0	2716.25
661.869	2670	0	2670
661.982	2704.75	0	2704.75
662.094	2621.75	0	2621.75
662.207	2648.25	0	2648.25
662.319	2509.5	0	2509.5
662.432	2598.5	0	2598.5
662.544	2521.75	0	2521.75
662.656	2523.75	0	2523.75
662.769	2500	0	2500
662.881	2491.25	0	2491.25
662.994	2511.25	0	2511.25
663.106	2457.75	0	2457.75
663.218	2441.75	0	2441.75
663.331	2496	0	2496
663.443	2438.5	0	2438.5
663.555	2427	0	2427
663.667	2446.25	0	2446.25
663.779	2426.25	0	2426.25
663.892	2392	0	2392
664.004	2391.75	0	2391.75
664.116	2325	0	2325
664.228	2273	0	2273
664.34	2406	0	2406
664.452	2380.5	0	2380.5
664.564	2354.25	0	2354.25
664.676	2305.5	0	2305.5
664.788	2302.5	0	2302.5
664.901	2291.5	0	2291.5
665.012	2296.25	0	2296.25
665.125	2326.5	0	2326.5
665.236	2243.25	0	2243.25
665.348	2252.25	0	2252.25
665.46	2277.25	0	2277.25
665.572	2302	0	2302
665.684	2208.25	0	2208.25
665.796	2272.5	0	2272.5
665.908	2368.5	0	2368.5
666.02	2295	0	2295
666.131	2256.5	0	2256.5
666.243	2191	0	2191
666.355	2299.75	0	2299.75
666.467	2230.25	0	2230.25
666.578	2266.5	0	2266.5
666.69	2282.75	0	2282.75
666.802	2284	0	2284
666.914	2234.25	0	2234.25
667.025	2238.5	0	2238.5
667.137	2261.25	0	2261.25
667.248	2252.75	0	2252.75
667.36	2210	0	2210
667.472	2229	0	2229
667.583	2186.75	0	2186.75
667.695	2209	0	2209
667.806	2168.75	0	2168.75
667.918	2215	0	2215
668.029	2148.5	0	2148.5
668.141	2176.75	0	2176.75
668.252	2195	0	2195
668.363	2147.25	0	2147.25
668.475	2227.5	0	2227.5
668.586	2161.75	0	2161.75
668.698	2177.25	0	2177.25
668.809	2135	0	2135
668.92	2191	0	2191
669.032	2130.25	0	2130.25
669.143	2168.75	0	2168.75
669.254	2176.5	0	2176.5
669.365	2101	0	2101
669.477	2136.5	0	2136.5
669.588	2063.5	0	2063.5
669.699	2146.25	0	2146.25
669.81	2060.25	0	2060.25
669.921	2124.5	0	2124.5
670.032	2086.75	0	2086.75
670.143	2104.75	0	2104.75
670.255	2128	0	2128
670.366	2071	0	2071
670.477	2083.25	0	2083.25
670.588	2075.75	0	2075.75
670.699	2043.75	0	2043.75
670.81	2017	0	2017
670.921	2047.5	0	2047.5
671.032	2072	0	2072
671.143	2067.75	0	2067.75
671.253	2032.25	0	2032.25
671.364	2021	0	2021
671.475	2082.75	0	2082.75
671.586	2058	0	2058
671.697	1979.25	0	1979.25
671.808	2004.5	0	2004.5
671.919	2024.5	0	2024.5
672.029	2003.75	0	2003.75
672.14	1999.5	0	1999.5
672.251	2020	0	2020
672.362	2008.75	0	2008.75
672.472	2006.25	0	2006.25
672.583	1976.25	0	1976.25
672.694	1997.25	0	1997.25
672.804	2007	0	2007
672.915	2005.25	0	2005.25
673.025	2000	0	2000
673.136	1940	0	1940
673.247	1958.5	0	1958.5
673.357	1992.5	0	1992.5
673.468	1942	0	1942
673.578	1927	0	1927
673.689	1971	0	1971
673.799	1949.75	0	1949.75
673.91	1937.75	0	1937.75
674.02	1923.5	0	1923.5
674.13	1902.5	0	1902.5
674.241	1920.5	0	1920.5
674.351	1873.25	0	1873.25
674.461	1896.25	0	1896.25
674.572	1885.75	0	1885.75
674.682	1902.25	0	1902.25
674.792	1941.75	0	1941.75
674.903	2044	0	2044
675.013	2212.5	0	2212.5
675.123	2020.25	0	2020.25
675.233	1950.5	0	1950.5
675.344	1905.75	0	1905.75
675.454	1907.5	0	1907.5
675.564	1906.75	0	1906.75
675.674	1824	0	1824
675.784	1867.25	0	1867.25
675.894	1869.75	0	1869.75
676.004	1855.25	0	1855.25
676.114	1886.25	0	1886.25
676.224	1887	0	1887
676.334	1814	0	1814
676.444	1873.25	0	1873.25
676.554	1819.5	0	1819.5
676.664	1827.5	0	1827.5
676.774	1839	0	1839
676.884	1815	0	1815
676.994	1827.5	0	1827.5
677.104	1811.75	0	1811.75
677.214	1835.25	0	1835.25
677.324	1783	0	1783
677.433	1799	0	1799
677.543	1771.25	0	1771.25
677.653	1775.25	0	1775.25
677.763	1784.5	0	1784.5
677.872	1801	0	1801
677.982	1801.5	0	1801.5
678.092	1729	0	1729
678.202	1769	0	1769
678.311	1758.75	0	1758.75
678.421	1795.5	0	1795.5
678.53	1807.75	0	1807.75
678.64	1781	0	1781
678.75	1745.5	0	1745.5
678.859	1754.75	0	1754.75
678.969	1759.25	0	1759.25
679.078	1721.25	0	1721.25
679.188	1738.5	0	1738.5
679.297	1713.25	0	1713.25
679.407	1744.75	0	1744.75
679.516	1746	0	1746
679.625	1735.5	0	1735.5
679.735	1729.25	0	1729.25
679.844	1686	0	1686
679.954	1711.75	0	1711.75
680.063	1736.5	0	1736.5
680.172	1698.25	0	1698.25
680.282	1714.5	0	1714.5
680.391	1678	0	1678
680.5	1716.25	0	1716.25
680.609	1690.75	0	1690.75
680.719	1760.5	0	1760.5
680.828	1709.25	0	1709.25
680.937	1682	0	1682
681.046	1685	0	1685
681.155	1672.75	0	1672.75
681.264	1664.75	0	1664.75
681.374	1652.5	0	1652.5
681.483	1659	0	1659
681.592	1638.5	0	1638.5
681.701	1679.75	0	1679.75
681.81	1662.25	0	1662.25
681.919	1694.25	0	1694.25
682.028	1654	0	1654
682.137	1654.25	0	1654.25
682.246	1682.75	0	1682.75
682.355	1698.5	0	1698.5
682.463	1683	0	1683
682.572	1635.5	0	1635.5
682.681	1646.5	0	1646.5
682.79	1610.25	0	1610.25
682.899	1675.75	0	1675.75
683.008	1625.5	0	1625.5
683.117	1663.25	0	1663.25
683.225	1610.75	0	1610.75
683.334	1652	0	1652
683.443	1651.25	0	1651.25
683.551	1631.25	0	1631.25
683.66	1674	0	1674
683.769	1655.25	0	1655.25
683.877	1608	0	1608
683.986	1659.5	0	1659.5
684.095	1614.5	0	1614.5
684.203	1597.5	0	1597.5
684.312	1594	0	1594
684.42	1638	0	1638
684.529	1635.75	0	1635.75
684.637	1644.25	0	1644.25
684.746	1585.25	0	1585.25
684.854	1606.5	0	1606.5
684.963	1633.5	0	1633.5
685.071	1578.75	0	1578.75
685.18	1607.5	0	1607.5
685.288	1596.5	0	1596.5
685.396	1639.75	0	1639.75
685.505	1618.75	0	1618.75
685.613	1625.75	0	1625.75
685.721	1558.25	0	1558.25
685.83	1623.75	0	1623.75
685.938	1599.25	0	1599.25
686.046	1633.75	0	1633.75
686.154	1558.75	0	1558.75
686.263	1581.5	0	1581.5
686.371	1572.25	0	1572.25
686.479	1607	0	1607
686.587	1592.25	0	1592.25
686.695	1604.25	0	1604.25
686.803	1563.25	0	1563.25
686.911	1595.5	0	1595.5
687.019	1560.5	0	1560.5
687.127	1580.5	0	1580.5
687.235	1543.5	0	1543.5
687.343	1588	0	1588
687.451	1537.25	0	1537.25
687.559	1541.75	0	1541.75
687.667	1576.75	0	1576.75
687.775	1565.75	0	1565.75
687.883	1583.5	0	1583.5
687.991	1549.5	0	1549.5
688.099	1540.25	0	1540.25
688.207	1579.75	0	1579.75
688.315	1553.25	0	1553.25
688.422	1589.25	0	1589.25
688.53	1544.75	0	1544.75
688.638	1550	0	1550
688.746	1550.25	0	1550.25
688.853	1540	0	1540
688.961	1564	0	1564
689.069	1564.75	0	1564.75
689.176	1580.5	0	1580.5
689.284	1562	0	1562
689.392	1567	0	1567
689.499	1558	0	1558
689.607	1522.75	0	1522.75
689.714	1524.25	0	1524.25
689.822	1594	0	1594
689.93	1562.5	0	1562.5
690.037	1567	0	1567
690.144	1576.25	0	1576.25
690.252	1544.5	0	1544.5
690.359	1586.5	0	1586.5
690.467	1571.25	0	1571.25
690.574	1614.5	0	1614.5
690.682	1580	0	1580
690.789	1650.75	0	1650.75
690.896	1667.75	0	1667.75
691.004	1681.5	0	1681.5
691.111	1781.75	0	1781.75
691.218	1853	0	1853
691.325	1992.75	0	1992.75
691.433	2306.25	0	2306.25
691.54	2998.25	0	2998.25
691.647	3872.75	0	3872.75
691.754	3931	0	3931
691.861	3429.25	0	3429.25
691.969	2946	0	2946
692.076	2616.5	0	2616.5
692.183	2372.75	0	2372.75
692.29	2194.5	0	2194.5
692.397	2046.5	0	2046.5
692.504	2025.5	0	2025.5
692.611	1947.75	0	1947.75
692.718	1846.25	0	1846.25
692.825	1879.75	0	1879.75
692.932	1875.75	0	1875.75
693.039	1824.25	0	1824.25
693.146	1864.25	0	1864.25
693.253	1828.5	0	1828.5
693.359	1876.25	0	1876.25
693.466	1852.75	0	1852.75
693.573	1887	0	1887
693.68	1931.5	0	1931.5
693.787	1972.25	0	1972.25
693.894	2110.5	0	2110.5
694	2221.75	0	2221.75
694.107	2562.5	0	2562.5
694.214	3196.75	0	3196.75
694.32	4570	0	4570
694.427	5872.25	0	5872.25
694.534	6021.25	0	6021.25
694.64	5000.25	0	5000.25
694.747	4139.75	0	4139.75
694.853	3391.5	0	3391.5
694.96	2995.5	0	2995.5
695.067	2752	0	2752
695.173	2496.5	0	2496.5
695.28	2363.75	0	2363.75
695.386	2232.75	0	2232.75
695.493	2154.25	0	2154.25
695.599	2075.5	0	2075.5
695.705	1958.75	0	1958.75
695.812	1945.25	0	1945.25
695.918	1864.25	0	1864.25
696.025	1798	0	1798
696.131	1806.25	0	1806.25
696.237	1759.25	0	1759.25
696.344	1769.5	0	1769.5
696.45	1739	0	1739
696.556	1706.5	0	1706.5
696.662	1661	0	1661
696.768	1644	0	1644
696.875	1659.25	0	1659.25
696.981	1629.5	0	1629.5
697.087	1635.25	0	1635.25
697.193	1580	0	1580
697.299	1612	0	1612
697.405	1543	0	1543
697.512	1625.75	0	1625.75
697.618	1588.5	0	1588.5
697.724	1553	0	1553
697.83	1503	0	1503
697.936	1488.5	0	1488.5
698.042	1515.75	0	1515.75
698.148	1490.75	0	1490.75
698.253	1474	0	1474
698.359	1469	0	1469
698.465	1455.75	0	1455.75
698.571	1460.75	0	1460.75
698.677	1409.25	0	1409.25
698.783	1436.5	0	1436.5
698.889	1440	0	1440
698.994	1404.25	0	1404.25
699.1	1407.75	0	1407.75
699.206	1470	0	1470
699.312	1382.25	0	1382.25
699.417	1377.5	0	1377.5
699.523	1417.5	0	1417.5
699.629	1416.25	0	1416.25
699.734	1378.5	0	1378.5
699.84	1407	0	1407
699.946	1347.25	0	1347.25
700.051	1385.75	0	1385.75
700.157	1347	0	1347
700.262	1343.75	0	1343.75
700.368	1350	0	1350
700.473	1321	0	1321
700.579	1306.25	0	1306.25
700.684	1314	0	1314
700.79	1333.75	0	1333.75
700.895	1326	0	1326
701	1351.5	0	1351.5
701.106	1311.5	0	1311.5
701.211	1352	0	1352
701.316	1317.75	0	1317.75
701.422	1343.5	0	1343.5
701.527	1326.75	0	1326.75
701.632	1324.75	0	1324.75
701.738	1306.5	0	1306.5
701.843	1307.25	0	1307.25
701.948	1307.75	0	1307.75
702.053	1268.75	0	1268.75
702.158	1287.25	0	1287.25
702.264	1281.75	0	1281.75
702.369	1268.5	0	1268.5
702.474	1303.75	0	1303.75
702.579	1312.25	0	1312.25
702.684	1294	0	1294
702.789	1297.75	0	1297.75
702.894	1268.25	0	1268.25
702.999	1252.75	0	1252.75
703.104	1225	0	1225
703.209	1259.5	0	1259.5
703.314	1268.25	0	1268.25
703.419	1271.5	0	1271.5
703.524	1276.75	0	1276.75
703.629	1255.5	0	1255.5
703.733	1247.75	0	1247.75
703.838	1263	0	1263
703.943	1236.75	0	1236.75
704.048	1225.75	0	1225.75
704.153	1248.25	0	1248.25
704.257	1229.75	0	1229.75
704.362	1235.5	0	1235.5
704.467	1236.75	0	1236.75
704.572	1209.75	0	1209.75
704.676	1222.5	0	1222.5
704.781	1172.25	0	1172.25
704.886	1207.25	0	1207.25
704.99	1213.25	0	1213.25
705.095	1202.75	0	1202.75
705.199	1238.75	0	1238.75
705.304	1194	0	1194
705.408	1218	0	1218
705.513	1183	0	1183
705.617	1210.25	0	1210.25
705.722	1230.25	0	1230.25
705.826	1209.5	0	1209.5
705.931	1181	0	1181
706.035	1192.5	0	1192.5
706.139	1170	0	1170
706.244	1175.5	0	1175.5
706.348	1174.75	0	1174.75
706.452	1217.5	0	1217.5
706.557	1163.75	0	1163.75
706.661	1204.5	0	1204.5
706.765	1186.25	0	1186.25
706.87	1174.75	0	1174.75
706.974	1162.75	0	1162.75
707.078	1173.25	0	1173.25
707.182	1182.25	0	1182.25
707.286	1158	0	1158
707.39	1169.25	0	1169.25
707.495	1164.25	0	1164.25
707.599	1167.5	0	1167.5
707.703	1170	0	1170
707.807	1179	0	1179
707.911	1133.5	0	1133.5
708.015	1169.5	0	1169.5
708.119	1143.25	0	1143.25
708.223	1131.5	0	1131.5
708.327	1156	0	1156
708.431	1143.25	0	1143.25
708.534	1122.25	0	1122.25
708.638	1143.5	0	1143.5
708.742	1134.25	0	1134.25
708.846	1163.5	0	1163.5
708.95	1139.5	0	1139.5
709.054	1129	0	1129
709.157	1141.75	0	1141.75
709.261	1115.5	0	1115.5
709.365	1138.75	0	1138.75
709.469	1124.25	0	1124.25
709.572	1122	0	1122
709.676	1120.75	0	1120.75
709.78	1138.75	0	1138.75
709.883	1106.25	0	1106.25
709.987	1108.5	0	1108.5
710.09	1131.5	0	1131.5
710.194	1070.75	0	1070.75
710.298	1110.25	0	1110.25
710.401	1111.5	0	1111.5
710.505	1104.75	0	1104.75
710.608	1105.25	0	1105.25
710.711	1083.75	0	1083.75
710.815	1130	0	1130
710.918	1110.25	0	1110.25
711.022	1104.75	0	1104.75
711.125	1103	0	1103
711.228	1115.75	0	1115.75
711.332	1091.5	0	1091.5
711.435	1107.5	0	1107.5
711.538	1092.75	0	1092.75
711.642	1090	0	1090
711.745	1094.25	0	1094.25
711.848	1084.25	0	1084.25
711.951	1084.75	0	1084.75
712.055	1090.25	0	1090.25
712.158	1094.5	0	1094.5
712.261	1096.5	0	1096.5
712.364	1065.5	0	1065.5
712.467	1079.25	0	1079.25
712.57	1114	0	1114
712.673	1094.75	0	1094.75
712.776	1068.75	0	1068.75
712.879	1103.75	0	1103.75
712.982	1091.5	0	1091.5
713.085	1085	0	1085
713.188	1079.75	0	1079.75
713.291	1097.75	0	1097.75
713.394	1053.75	0	1053.75
713.497	1046.25	0	1046.25
713.6	1085.5	0	1085.5
713.703	1071.25	0	1071.25
713.805	1065.75	0	1065.75
713.908	1090.25	0	1090.25
714.011	1059	0	1059
714.114	1067.25	0	1067.25
714.216	1085	0	1085
714.319	1073.75	0	1073.75
714.422	1063	0	1063
714.525	1059.5	0	1059.5
714.627	1080	0	1080
714.73	1078	0	1078
714.833	1056.25	0	1056.25
714.935	1080.5	0	1080.5
715.038	1054.25	0	1054.25
715.14	1059	0	1059
715.243	1070.5	0	1070.5
715.345	1059	0	1059
715.448	1070.75	0	1070.75
715.55	1086.5	0	1086.5
715.653	1065	0	1065
715.755	1072.25	0	1072.25
715.857	1097.5	0	1097.5
715.96	1099.25	0	1099.25
716.062	1101.25	0	1101.25
716.164	1118	0	1118
716.267	1113.5	0	1113.5
716.369	1135.25	0	1135.25
716.471	1152.5	0	1152.5
716.574	1105	0	1105
716.676	1142.5	0	1142.5
716.778	1104.25	0	1104.25
716.88	1097	0	1097
716.982	1090.75	0	1090.75
717.085	1084	0	1084
717.187	1120.25	0	1120.25
717.289	1081.5	0	1081.5
717.391	1115.5	0	1115.5
717.493	1067.75	0	1067.75
717.595	1072.5	0	1072.5
717.697	1085	0	1085
717.799	1070.75	0	1070.75
717.901	1060.75	0	1060.75
718.003	1058.25	0	1058.25
718.105	1068.75	0	1068.75
718.207	1035.5	0	1035.5
718.309	1055.75	0	1055.75
718.411	1066.25	0	1066.25
718.512	1041	0	1041
718.614	1037.75	0	1037.75
718.716	1077.25	0	1077.25
718.818	1036.25	0	1036.25
718.92	1030	0	1030
719.021	1049	0	1049
719.123	1053.75	0	1053.75
719.225	1054.5	0	1054.5
719.326	1044.5	0	1044.5
719.428	1052.5	0	1052.5
719.53	1049.5	0	1049.5
719.631	1048.25	0	1048.25
719.733	1041.25	0	1041.25
719.834	1012.75	0	1012.75
719.936	1050.25	0	1050.25
720.038	1043.75	0	1043.75
720.139	1024.5	0	1024.5
720.241	1026.5	0	1026.5
720.342	1021.75	0	1021.75
720.443	1058.5	0	1058.5
720.545	1057.25	0	1057.25
720.646	1019.25	0	1019.25
720.748	1030.25	0	1030.25
720.849	1004.75	0	1004.75
720.95	1045.75	0	1045.75
721.052	1034.5	0	1034.5
721.153	999	0	999
721.254	1056.5	0	1056.5
721.355	1032.25	0	1032.25
721.457	1014.25	0	1014.25
721.558	1010.25	0	1010.25
721.659	1038.5	0	1038.5
721.76	1042.75	0	1042.75
721.861	1010	0	1010
721.963	1031	0	1031
722.064	1045.5	0	1045.5
722.165	1009.75	0	1009.75
722.266	994.25	0	994.25
722.367	1030.5	0	1030.5
722.468	1041	0	1041
722.569	1037.75	0	1037.75
722.67	986.75	0	986.75
722.771	999	0	999
722.872	1035.25	0	1035.25
722.973	1006	0	1006
723.073	962.25	0	962.25
723.174	1012.25	0	1012.25
723.275	1022	0	1022
723.376	1029	0	1029
723.477	993.5	0	993.5
723.577	990	0	990
723.678	975.5	0	975.5
723.779	1006	0	1006
723.88	975	0	975
723.98	1003.25	0	1003.25
724.081	1000.5	0	1000.5
724.182	986.25	0	986.25
724.282	987.5	0	987.5
724.383	999	0	999
724.483	991.5	0	991.5
724.584	1025.75	0	1025.75
724.685	1014	0	1014
724.785	1026.25	0	1026.25
724.886	1007.5	0	1007.5
724.986	1026.75	0	1026.75
725.086	1021.25	0	1021.25
725.187	978	0	978
725.287	977.5	0	977.5
725.388	1022.75	0	1022.75
725.488	1016.75	0	1016.75
725.588	1018.5	0	1018.5
725.689	1023	0	1023
725.789	997.75	0	997.75
725.889	1022.25	0	1022.25
725.99	1012.25	0	1012.25
726.09	1127.75	0	1127.75
726.19	1141	0	1141
726.29	1110.25	0	1110.25
726.39	1066.5	0	1066.5
726.49	1078	0	1078
726.591	1062.25	0	1062.25
726.691	1031	0	1031
726.791	1034.5	0	1034.5
726.891	1002.75	0	1002.75
726.991	1030	0	1030
727.091	997.5	0	997.5
727.191	1026	0	1026
727.291	1016.75	0	1016.75
727.391	997.25	0	997.25
727.491	1020.5	0	1020.5
727.591	993.25	0	993.25
727.691	1014	0	1014
727.79	996.75	0	996.75
727.89	974	0	974
727.99	965.75	0	965.75
728.09	1004	0	1004
728.19	981.5	0	981.5
728.289	1021.75	0	1021.75
728.389	989.5	0	989.5
728.489	982.75	0	982.75
728.589	1002.5	0	1002.5
728.688	975.75	0	975.75
728.788	957.75	0	957.75
728.888	985.25	0	985.25
728.987	969.25	0	969.25
729.087	974.25	0	974.25
729.186	974.75	0	974.75
729.286	970.75	0	970.75
729.385	955	0	955
729.485	966	0	966
729.584	963	0	963
729.684	952.25	0	952.25
729.783	938.25	0	938.25
729.883	984.5	0	984.5
729.982	959.5	0	959.5
730.081	975.5	0	975.5
730.181	943	0	943
730.28	952	0	952
730.379	976.25	0	976.25
730.479	942.75	0	942.75
730.578	964.25	0	964.25
730.677	943.5	0	943.5
730.776	977.5	0	977.5
730.875	952.5	0	952.5
730.975	963.75	0	963.75
731.074	990	0	990
731.173	955.25	0	955.25
731.272	947.25	0	947.25
731.371	964.25	0	964.25
731.47	947.25	0	947.25
731.569	961.5	0	961.5
731.668	973	0	973
731.767	958	0	958
731.866	961.5	0	961.5
731.965	941.5	0	941.5
732.064	955.25	0	955.25
732.163	973	0	973
732.262	946	0	946
732.361	942.25	0	942.25
732.46	904.25	0	904.25
732.558	983	0	983
732.657	957	0	957
732.756	934.5	0	934.5
732.855	952	0	952
732.953	942.5	0	942.5
733.052	936	0	936
733.151	928.5	0	928.5
733.25	945.25	0	945.25
733.348	905	0	905
733.447	961.25	0	961.25
733.545	939.5	0	939.5
733.644	942.75	0	942.75
733.742	923	0	923
733.841	952.5	0	952.5
733.939	946.5	0	946.5
734.038	922.75	0	922.75
734.136	932.25	0	932.25
734.235	945.5	0	945.5
734.333	932.25	0	932.25
734.432	889.25	0	889.25
734.53	924.75	0	924.75
734.628	937.5	0	937.5
734.727	944.75	0	944.75
734.825	934.5	0	934.5
734.923	945	0	945
735.022	953.75	0	953.75
735.12	948.25	0	948.25
735.218	939.25	0	939.25
735.316	919.25	0	919.25
735.414	914	0	914
735.513	914.75	0	914.75
735.611	906	0	906
735.709	926	0	926
735.807	966	0	966
735.905	928.5	0	928.5
736.003	928.75	0	928.75
736.101	931.5	0	931.5
736.199	929	0	929
736.297	950	0	950
736.395	940.75	0	940.75
736.493	942.25	0	942.25
736.591	931.75	0	931.75
736.689	934.5	0	934.5
736.787	937	0	937
736.884	920.25	0	920.25
736.982	949.5	0	949.5
737.08	956.25	0	956.25
737.178	934.75	0	934.75
737.276	925	0	925
737.373	908.5	0	908.5
737.471	953.25	0	953.25
737.569	958.5	0	958.5
737.667	880.25	0	880.25
737.764	935.5	0	935.5
737.862	921.75	0	921.75
737.959	902	0	902
738.057	911.25	0	911.25
738.154	922	0	922
738.252	924.25	0	924.25
738.35	914.25	0	914.25
738.447	923	0	923
738.544	911.5	0	911.5
738.642	905.5	0	905.5
738.739	932	0	932
738.837	915.5	0	915.5
738.934	912.5	0	912.5
739.031	935.25	0	935.25
739.129	929.75	0	929.75
739.226	932.5	0	932.5
739.323	963.25	0	963.25
739.421	936.25	0	936.25
739.518	941	0	941
739.615	909.25	0	909.25