Lambda	Spectrum	Dark	SpecMinusDark
500.031	704.75	0	704.75
500.165	784.5	0	784.5
500.299	883	0	883
500.433	829.75	0	829.75
500.567	703.25	0	703.25
500.701	680.25	0	680.25
500.835	714.25	0	714.25
500.968	746	0	746
501.102	768.25	0	768.25
501.236	777.5	0	777.5
501.37	790	0	790
501.504	869.5	0	869.5
501.637	969	0	969
501.771	1074	0	1074
501.905	1148.75	0	1148.75
502.039	965.5	0	965.5
502.172	919.25	0	919.25
502.306	904.5	0	904.5
502.44	899	0	899
502.573	877.75	0	877.75
502.707	869.75	0	869.75
502.841	855	0	855
502.974	887.25	0	887.25
503.108	944.5	0	944.5
503.242	1031.25	0	1031.25
503.375	1063.75	0	1063.75
503.509	1089	0	1089
503.642	942.5	0	942.5
503.776	889.25	0	889.25
503.909	891.5	0	891.5
504.043	895.75	0	895.75
504.176	957	0	957
504.31	933.75	0	933.75
504.443	898	0	898
504.577	907.25	0	907.25
504.71	911.75	0	911.75
504.844	944.5	0	944.5
504.977	1041.25	0	1041.25
505.111	1149.5	0	1149.5
505.244	1144.5	0	1144.5
505.377	989.25	0	989.25
505.511	978.25	0	978.25
505.644	984.5	0	984.5
505.777	1072.75	0	1072.75
505.911	1124.25	0	1124.25
506.044	1138.5	0	1138.5
506.177	1315.5	0	1315.5
506.311	1477.25	0	1477.25
506.444	1747.25	0	1747.25
506.577	1165	0	1165
506.71	1061.25	0	1061.25
506.844	1060.25	0	1060.25
506.977	1051.5	0	1051.5
507.11	1051.5	0	1051.5
507.243	1068.5	0	1068.5
507.376	1036	0	1036
507.51	1001.5	0	1001.5
507.643	1048.75	0	1048.75
507.776	1078.25	0	1078.25
507.909	1099.75	0	1099.75
508.042	1137.5	0	1137.5
508.175	1228.75	0	1228.75
508.308	1309.75	0	1309.75
508.441	1515	0	1515
508.574	1245.75	0	1245.75
508.707	1118.25	0	1118.25
508.84	1115.75	0	1115.75
508.973	1147.75	0	1147.75
509.106	1072.5	0	1072.5
509.239	1120.75	0	1120.75
509.372	1185	0	1185
509.505	1304.25	0	1304.25
509.638	1391.75	0	1391.75
509.771	1287.75	0	1287.75
509.904	1344.25	0	1344.25
510.037	1603	0	1603
510.17	1701	0	1701
510.303	1331.25	0	1331.25
510.436	1112.75	0	1112.75
510.568	1058.5	0	1058.5
510.701	1010.5	0	1010.5
510.834	1025.5	0	1025.5
510.967	1056.5	0	1056.5
511.1	1127.25	0	1127.25
511.232	1237.75	0	1237.75
511.365	1378.25	0	1378.25
511.498	1321.75	0	1321.75
511.631	1070.25	0	1070.25
511.763	1113	0	1113
511.896	1161.75	0	1161.75
512.029	1168	0	1168
512.161	1070.75	0	1070.75
512.294	1048	0	1048
512.427	1036	0	1036
512.559	1040.75	0	1040.75
512.692	1109	0	1109
512.825	1138.75	0	1138.75
512.957	1149	0	1149
513.09	1177	0	1177
513.222	1182.75	0	1182.75
513.355	1075	0	1075
513.487	1128.25	0	1128.25
513.62	1096	0	1096
513.752	1167.5	0	1167.5
513.885	1124.75	0	1124.75
514.017	1097	0	1097
514.15	1107.5	0	1107.5
514.282	1113	0	1113
514.415	1096.25	0	1096.25
514.547	1147.25	0	1147.25
514.68	1205.5	0	1205.5
514.812	1253.75	0	1253.75
514.944	1452.5	0	1452.5
515.077	1451	0	1451
515.209	1317	0	1317
515.341	1138.75	0	1138.75
515.474	1032.75	0	1032.75
515.606	997.75	0	997.75
515.738	1030	0	1030
515.871	1053	0	1053
516.003	1110.75	0	1110.75
516.135	1074.75	0	1074.75
516.267	1070.75	0	1070.75
516.4	1157.5	0	1157.5
516.532	1238	0	1238
516.664	1346.25	0	1346.25
516.796	1481.25	0	1481.25
516.928	1426.75	0	1426.75
517.06	1500.75	0	1500.75
517.193	1709	0	1709
517.325	1745.5	0	1745.5
517.457	1931	0	1931
517.589	2229.25	0	2229.25
517.721	2158.25	0	2158.25
517.853	1913	0	1913
517.985	1471.25	0	1471.25
518.117	1253	0	1253
518.249	1300.5	0	1300.5
518.381	1383	0	1383
518.513	1409	0	1409
518.645	1343	0	1343
518.777	1194	0	1194
518.909	1128.75	0	1128.75
519.041	1061	0	1061
519.173	1110	0	1110
519.305	1143.5	0	1143.5
519.437	1179	0	1179
519.569	1223.25	0	1223.25
519.701	1188	0	1188
519.832	1166	0	1166
519.964	1155.25	0	1155.25
520.096	1158.5	0	1158.5
520.228	1302.5	0	1302.5
520.36	1407	0	1407
520.491	1574.5	0	1574.5
520.623	1209	0	1209
520.755	1089.75	0	1089.75
520.887	1137.75	0	1137.75
521.018	1068.5	0	1068.5
521.15	1067.25	0	1067.25
521.282	1072.5	0	1072.5
521.414	1113.75	0	1113.75
521.545	1140.25	0	1140.25
521.677	1197.75	0	1197.75
521.808	1085	0	1085
521.94	1130.75	0	1130.75
522.072	1157.75	0	1157.75
522.203	1236.5	0	1236.5
522.335	1384.75	0	1384.75
522.466	1349.5	0	1349.5
522.598	1159.25	0	1159.25
522.729	1109.75	0	1109.75
522.861	1106.75	0	1106.75
522.993	1093.25	0	1093.25
523.124	1180.25	0	1180.25
523.256	1264.5	0	1264.5
523.387	1419.75	0	1419.75
523.518	1547.25	0	1547.25
523.65	1640	0	1640
523.781	1609.5	0	1609.5
523.913	1727.25	0	1727.25
524.044	1865.25	0	1865.25
524.176	2126.5	0	2126.5
524.307	2371.5	0	2371.5
524.438	2211.75	0	2211.75
524.57	2183.5	0	2183.5
524.701	1856	0	1856
524.832	1646.25	0	1646.25
524.964	1452.75	0	1452.75
525.095	1323.25	0	1323.25
525.226	1150.75	0	1150.75
525.357	1125.5	0	1125.5
525.489	1111	0	1111
525.62	1090.75	0	1090.75
525.751	1036.5	0	1036.5
525.882	1090.75	0	1090.75
526.013	1149.25	0	1149.25
526.145	1286.5	0	1286.5
526.276	1518.25	0	1518.25
526.407	1683.75	0	1683.75
526.538	1403.25	0	1403.25
526.669	1260.5	0	1260.5
526.8	1060.75	0	1060.75
526.931	1035.5	0	1035.5
527.062	975.75	0	975.75
527.193	1022	0	1022
527.324	1077.25	0	1077.25
527.455	1030.75	0	1030.75
527.586	1020.25	0	1020.25
527.717	1078.25	0	1078.25
527.848	1006.5	0	1006.5
527.979	1055.5	0	1055.5
528.11	1137.25	0	1137.25
528.241	1231.5	0	1231.5
528.372	1503.5	0	1503.5
528.503	1725.75	0	1725.75
528.634	1441.75	0	1441.75
528.765	1150	0	1150
528.896	1124.25	0	1124.25
529.026	991.75	0	991.75
529.157	947.25	0	947.25
529.288	935.25	0	935.25
529.419	1052	0	1052
529.55	1115	0	1115
529.681	1179.75	0	1179.75
529.811	1141	0	1141
529.942	1118.5	0	1118.5
530.073	1124	0	1124
530.203	1013	0	1013
530.334	983.75	0	983.75
530.465	982.5	0	982.5
530.596	1002.75	0	1002.75
530.726	1077.5	0	1077.5
530.857	1091	0	1091
530.987	1027.75	0	1027.75
531.118	991.75	0	991.75
531.249	918.75	0	918.75
531.379	939.25	0	939.25
531.51	952.5	0	952.5
531.64	1023.25	0	1023.25
531.771	1095.25	0	1095.25
531.901	1224.75	0	1224.75
532.032	1055.5	0	1055.5
532.163	991.75	0	991.75
532.293	1007	0	1007
532.423	985.5	0	985.5
532.554	933.25	0	933.25
532.684	936.75	0	936.75
532.815	944.25	0	944.25
532.945	979	0	979
533.076	960.75	0	960.75
533.206	996.5	0	996.5
533.336	954.25	0	954.25
533.467	928	0	928
533.597	925.5	0	925.5
533.727	956.25	0	956.25
533.858	997.75	0	997.75
533.988	956.5	0	956.5
534.118	986	0	986
534.248	945.25	0	945.25
534.379	941.5	0	941.5
534.509	945.25	0	945.25
534.639	950.75	0	950.75
534.769	926.5	0	926.5
534.9	923	0	923
535.03	933.25	0	933.25
535.16	938	0	938
535.29	988.75	0	988.75
535.42	1056.25	0	1056.25
535.55	1088	0	1088
535.68	1198	0	1198
535.81	1328.5	0	1328.5
535.94	1578.75	0	1578.75
536.071	1659	0	1659
536.201	1760.5	0	1760.5
536.331	1997	0	1997
536.461	2515.75	0	2515.75
536.591	2659.75	0	2659.75
536.721	2091	0	2091
536.851	1841.75	0	1841.75
536.981	1611.5	0	1611.5
537.11	1477.25	0	1477.25
537.24	1284.75	0	1284.75
537.37	1207.5	0	1207.5
537.5	1115.25	0	1115.25
537.63	1121.75	0	1121.75
537.76	1096.5	0	1096.5
537.89	1006.25	0	1006.25
538.02	973.25	0	973.25
538.149	929	0	929
538.279	924.75	0	924.75
538.409	890.75	0	890.75
538.539	868	0	868
538.669	870	0	870
538.798	916	0	916
538.928	885.75	0	885.75
539.058	892.75	0	892.75
539.187	894	0	894
539.317	917	0	917
539.447	890.5	0	890.5
539.576	890.75	0	890.75
539.706	933.75	0	933.75
539.836	1038.5	0	1038.5
539.965	1076.5	0	1076.5
540.095	998.75	0	998.75
540.225	1000.75	0	1000.75
540.354	965.75	0	965.75
540.484	1000.75	0	1000.75
540.613	927.75	0	927.75
540.743	854.75	0	854.75
540.872	897.25	0	897.25
541.002	908.25	0	908.25
541.131	906.25	0	906.25
541.261	806.25	0	806.25
541.39	794.75	0	794.75
541.52	806	0	806
541.649	783	0	783
541.778	828	0	828
541.908	840	0	840
542.037	886.75	0	886.75
542.167	896	0	896
542.296	874.5	0	874.5
542.425	788	0	788
542.554	773	0	773
542.684	786.75	0	786.75
542.813	816.5	0	816.5
542.942	846.75	0	846.75
543.072	939.5	0	939.5
543.201	941.5	0	941.5
543.33	874.75	0	874.75
543.459	814.75	0	814.75
543.588	837.75	0	837.75
543.718	848.25	0	848.25
543.847	882.25	0	882.25
543.976	1016.25	0	1016.25
544.105	1072.75	0	1072.75
544.234	1021.25	0	1021.25
544.363	943.5	0	943.5
544.492	866.5	0	866.5
544.621	834	0	834
544.75	792.75	0	792.75
544.88	807	0	807
545.009	810.75	0	810.75
545.138	858.25	0	858.25
545.266	938	0	938
545.396	985.75	0	985.75
545.525	989.5	0	989.5
545.653	864.25	0	864.25
545.782	854	0	854
545.911	820.5	0	820.5
546.04	877.75	0	877.75
546.169	911.75	0	911.75
546.298	873.5	0	873.5
546.427	913.5	0	913.5
546.556	963.25	0	963.25
546.685	891.25	0	891.25
546.813	860.25	0	860.25
546.942	858.25	0	858.25
547.071	836.75	0	836.75
547.2	815	0	815
547.328	816.5	0	816.5
547.457	861.5	0	861.5
547.586	992.5	0	992.5
547.715	1165.25	0	1165.25
547.843	1281	0	1281
547.972	981.25	0	981.25
548.101	932.75	0	932.75
548.229	811.75	0	811.75
548.358	798	0	798
548.487	809.5	0	809.5
548.615	782	0	782
548.744	774.75	0	774.75
548.872	780.25	0	780.25
549.001	788	0	788
549.129	822.75	0	822.75
549.258	871.5	0	871.5
549.387	944.25	0	944.25
549.515	1005	0	1005
549.643	982	0	982
549.772	999.75	0	999.75
549.9	1031.25	0	1031.25
550.029	1036.5	0	1036.5
550.157	1122	0	1122
550.286	1220.5	0	1220.5
550.414	1277.25	0	1277.25
550.542	1426	0	1426
550.671	1887.25	0	1887.25
550.799	2789	0	2789
550.927	4785.25	0	4785.25
551.056	6985	0	6985
551.184	5674.5	0	5674.5
551.312	1946.5	0	1946.5
551.441	1227	0	1227
551.569	1052	0	1052
551.697	936	0	936
551.825	897.75	0	897.75
551.953	869.75	0	869.75
552.082	861	0	861
552.21	926.5	0	926.5
552.338	990	0	990
552.466	1107.25	0	1107.25
552.594	1001.25	0	1001.25
552.722	923.5	0	923.5
552.851	967.25	0	967.25
552.979	1054	0	1054
553.107	1271	0	1271
553.235	1306	0	1306
553.363	1628.75	0	1628.75
553.491	2857	0	2857
553.619	4713.5	0	4713.5
553.747	6804.5	0	6804.5
553.875	3625.5	0	3625.5
554.003	1433.25	0	1433.25
554.131	1071	0	1071
554.259	988.75	0	988.75
554.387	957.25	0	957.25
554.514	960.25	0	960.25
554.642	997	0	997
554.77	1059	0	1059
554.898	996.75	0	996.75
555.026	828.5	0	828.5
555.154	769	0	769
555.281	747.5	0	747.5
555.409	809	0	809
555.537	804.25	0	804.25
555.665	818.75	0	818.75
555.793	831.5	0	831.5
555.92	936.25	0	936.25
556.048	1088.5	0	1088.5
556.176	1018	0	1018
556.303	816.75	0	816.75
556.431	796.25	0	796.25
556.559	833.5	0	833.5
556.686	870.25	0	870.25
556.814	903	0	903
556.942	936.25	0	936.25
557.069	1088.5	0	1088.5
557.197	1863.75	0	1863.75
557.324	3158.5	0	3158.5
557.452	4737	0	4737
557.579	3635.5	0	3635.5
557.707	1304.25	0	1304.25
557.835	958.25	0	958.25
557.962	918.75	0	918.75
558.089	820.5	0	820.5
558.217	737.25	0	737.25
558.344	746.5	0	746.5
558.472	729.5	0	729.5
558.599	713.25	0	713.25
558.727	724.75	0	724.75
558.854	706.5	0	706.5
558.981	686.25	0	686.25
559.109	692.25	0	692.25
559.236	679	0	679
559.363	732.25	0	732.25
559.491	741.25	0	741.25
559.618	735.5	0	735.5
559.745	728	0	728
559.872	725	0	725
560	774	0	774
560.127	770	0	770
560.254	797.25	0	797.25
560.381	785.5	0	785.5
560.508	851	0	851
560.636	934.5	0	934.5
560.763	902.5	0	902.5
560.89	788	0	788
561.017	770.75	0	770.75
561.144	842.5	0	842.5
561.271	1001.75	0	1001.75
561.398	1158.75	0	1158.75
561.525	1195.5	0	1195.5
561.652	1006.75	0	1006.75
561.779	817.75	0	817.75
561.906	681.25	0	681.25
562.033	731.25	0	731.25
562.16	778.75	0	778.75
562.287	856.75	0	856.75
562.414	870.25	0	870.25
562.541	784.5	0	784.5
562.668	727.5	0	727.5
562.795	700.25	0	700.25
562.922	665.75	0	665.75
563.049	710.5	0	710.5
563.175	712.25	0	712.25
563.302	735.75	0	735.75
563.429	935	0	935
563.556	1260.75	0	1260.75
563.683	1685.75	0	1685.75
563.809	1225.5	0	1225.5
563.936	912.75	0	912.75
564.063	776	0	776
564.19	710.75	0	710.75
564.316	703.75	0	703.75
564.443	735.75	0	735.75
564.57	716.75	0	716.75
564.696	740	0	740
564.823	721.25	0	721.25
564.95	732.75	0	732.75
565.076	725.25	0	725.25
565.203	879.75	0	879.75
565.33	1153.5	0	1153.5
565.456	1499.5	0	1499.5
565.583	1050.75	0	1050.75
565.709	814.5	0	814.5
565.836	683.75	0	683.75
565.962	670.75	0	670.75
566.089	692.75	0	692.75
566.215	665.25	0	665.25
566.341	652.25	0	652.25
566.468	684.75	0	684.75
566.594	664.25	0	664.25
566.721	663.75	0	663.75
566.847	664	0	664
566.974	714.5	0	714.5
567.1	685.75	0	685.75
567.226	707	0	707
567.353	674.75	0	674.75
567.479	714	0	714
567.605	820.25	0	820.25
567.732	922.75	0	922.75
567.858	993.5	0	993.5
567.984	880.25	0	880.25
568.11	771.5	0	771.5
568.236	803	0	803
568.363	717.75	0	717.75
568.489	706.75	0	706.75
568.615	731.5	0	731.5
568.741	790.75	0	790.75
568.867	740.5	0	740.5
568.993	833.25	0	833.25
569.12	1169.25	0	1169.25
569.246	1740.75	0	1740.75
569.372	2338.75	0	2338.75
569.498	1194.25	0	1194.25
569.624	744	0	744
569.75	694	0	694
569.876	720.75	0	720.75
570.002	783.75	0	783.75
570.128	768.5	0	768.5
570.254	766	0	766
570.38	787.5	0	787.5
570.506	719.75	0	719.75
570.632	702.25	0	702.25
570.758	725.75	0	725.75
570.883	832.5	0	832.5
571.009	965.25	0	965.25
571.135	793.25	0	793.25
571.261	676.5	0	676.5
571.387	651.25	0	651.25
571.513	680.75	0	680.75
571.638	654.5	0	654.5
571.764	642	0	642
571.89	632.25	0	632.25
572.016	655.5	0	655.5
572.141	636.25	0	636.25
572.267	619.75	0	619.75
572.393	727	0	727
572.518	878	0	878
572.644	1078.25	0	1078.25
572.77	1218	0	1218
572.895	727.25	0	727.25
573.021	645	0	645
573.147	666.5	0	666.5
573.272	740.5	0	740.5
573.398	818.5	0	818.5
573.523	686.5	0	686.5
573.649	628.5	0	628.5
573.774	661.75	0	661.75
573.9	672.25	0	672.25
574.025	639.75	0	639.75
574.151	635.75	0	635.75
574.276	629.25	0	629.25
574.402	645.75	0	645.75
574.527	647.5	0	647.5
574.652	674.25	0	674.25
574.778	632.75	0	632.75
574.903	625.5	0	625.5
575.029	661.25	0	661.25
575.154	710.25	0	710.25
575.279	868.5	0	868.5
575.405	1268.25	0	1268.25
575.53	1772.75	0	1772.75
575.655	1749.5	0	1749.5
575.78	798.5	0	798.5
575.906	664.25	0	664.25
576.031	628	0	628
576.156	636.25	0	636.25
576.281	608.75	0	608.75
576.406	612.75	0	612.75
576.532	597.5	0	597.5
576.657	594	0	594
576.782	585.5	0	585.5
576.907	610.75	0	610.75
577.032	607.75	0	607.75
577.157	620.75	0	620.75
577.282	627.5	0	627.5
577.407	644.75	0	644.75
577.532	606.75	0	606.75
577.657	611.75	0	611.75
577.782	597.75	0	597.75
577.907	633.25	0	633.25
578.032	653.75	0	653.75
578.157	642.75	0	642.75
578.282	722.25	0	722.25
578.407	735.75	0	735.75
578.532	663	0	663
578.657	646.25	0	646.25
578.782	661.25	0	661.25
578.907	680	0	680
579.031	642.25	0	642.25
579.156	689	0	689
579.281	716	0	716
579.406	1063	0	1063
579.531	1511.5	0	1511.5
579.655	1937.5	0	1937.5
579.78	951	0	951
579.905	693.5	0	693.5
580.03	660.5	0	660.5
580.154	650.75	0	650.75
580.279	607.75	0	607.75
580.404	643.5	0	643.5
580.528	698.75	0	698.75
580.653	707.25	0	707.25
580.778	699.75	0	699.75
580.902	632.75	0	632.75
581.027	635.75	0	635.75
581.151	693.75	0	693.75
581.276	666	0	666
581.4	637.75	0	637.75
581.525	627.25	0	627.25
581.649	631.75	0	631.75
581.774	664.75	0	664.75
581.898	679.5	0	679.5
582.023	670.75	0	670.75
582.147	577.5	0	577.5
582.272	582.25	0	582.25
582.396	572.25	0	572.25
582.52	611.75	0	611.75
582.645	608.75	0	608.75
582.769	625.75	0	625.75
582.893	680	0	680
583.018	712.5	0	712.5
583.142	616.75	0	616.75
583.266	578.75	0	578.75
583.391	545.25	0	545.25
583.515	559.5	0	559.5
583.639	562.75	0	562.75
583.763	567.25	0	567.25
583.888	591.75	0	591.75
584.012	603	0	603
584.136	608.75	0	608.75
584.26	580.25	0	580.25
584.384	610	0	610
584.508	628.75	0	628.75
584.632	580	0	580
584.757	589.75	0	589.75
584.881	576.5	0	576.5
585.005	593	0	593
585.129	682.25	0	682.25
585.253	778.5	0	778.5
585.377	933.25	0	933.25
585.501	901.25	0	901.25
585.625	840	0	840
585.749	752.5	0	752.5
585.873	716.75	0	716.75
585.997	852	0	852
586.12	1244	0	1244
586.244	1804.5	0	1804.5
586.368	1379.75	0	1379.75
586.492	732.75	0	732.75
586.616	649.5	0	649.5
586.74	603	0	603
586.864	578.25	0	578.25
586.987	603.25	0	603.25
587.111	640.75	0	640.75
587.235	801.75	0	801.75
587.359	930.5	0	930.5
587.482	763	0	763
587.606	636.5	0	636.5
587.73	589.75	0	589.75
587.854	608.25	0	608.25
587.977	645.75	0	645.75
588.101	648.5	0	648.5
588.224	612.75	0	612.75
588.348	613.25	0	613.25
588.472	607	0	607
588.595	673.25	0	673.25
588.719	689.75	0	689.75
588.842	749.25	0	749.25
588.966	899.5	0	899.5
589.089	1424	0	1424
589.213	2202	0	2202
589.336	2348.75	0	2348.75
589.46	1183	0	1183
589.583	1008.25	0	1008.25
589.707	1074	0	1074
589.83	1123	0	1123
589.954	1121.25	0	1121.25
590.077	1073	0	1073
590.2	846	0	846
590.324	798.5	0	798.5
590.447	784.5	0	784.5
590.57	779.5	0	779.5
590.694	702.5	0	702.5
590.817	645.5	0	645.5
590.94	638.25	0	638.25
591.063	609.25	0	609.25
591.187	574.25	0	574.25
591.31	568.25	0	568.25
591.433	581.25	0	581.25
591.556	575.5	0	575.5
591.679	598	0	598
591.803	597	0	597
591.926	618.5	0	618.5
592.049	612.5	0	612.5
592.172	611.75	0	611.75
592.295	600.5	0	600.5
592.418	619	0	619
592.541	629.75	0	629.75
592.664	703.75	0	703.75
592.787	765.75	0	765.75
592.91	894.75	0	894.75
593.033	1051	0	1051
593.156	1173.25	0	1173.25
593.279	1328.25	0	1328.25
593.402	1072.75	0	1072.75
593.525	785.75	0	785.75
593.648	668	0	668
593.771	619	0	619
593.894	588	0	588
594.016	602.75	0	602.75
594.139	603.75	0	603.75
594.262	597	0	597
594.385	543.5	0	543.5
594.508	560.5	0	560.5
594.63	556.75	0	556.75
594.753	568.25	0	568.25
594.876	533	0	533
594.999	536.75	0	536.75
595.121	551.25	0	551.25
595.244	526.75	0	526.75
595.367	556.5	0	556.5
595.489	540	0	540
595.612	536.75	0	536.75
595.735	550	0	550
595.857	523.25	0	523.25
595.98	565.25	0	565.25
596.102	557	0	557
596.225	540.25	0	540.25
596.347	514.5	0	514.5
596.47	522	0	522
596.592	512	0	512
596.715	542	0	542
596.837	543	0	543
596.96	547.75	0	547.75
597.082	557.5	0	557.5
597.205	557.5	0	557.5
597.327	537	0	537
597.449	547	0	547
597.572	540.25	0	540.25
597.694	537.75	0	537.75
597.816	552.75	0	552.75
597.939	535	0	535
598.061	530.5	0	530.5
598.183	522.5	0	522.5
598.306	501.75	0	501.75
598.428	515.25	0	515.25
598.55	534.5	0	534.5
598.672	548.25	0	548.25
598.795	558.75	0	558.75
598.917	523.75	0	523.75
599.039	548	0	548
599.161	606.75	0	606.75
599.283	684.5	0	684.5
599.405	673.25	0	673.25
599.527	609.75	0	609.75
599.65	568	0	568
599.772	568.25	0	568.25
599.894	525.25	0	525.25
600.016	532	0	532
600.138	546.25	0	546.25
600.26	531	0	531
600.382	516	0	516
600.504	535	0	535
600.625	539.5	0	539.5
600.747	527.5	0	527.5
600.869	526.5	0	526.5
600.991	508	0	508
601.113	516	0	516
601.235	530.75	0	530.75
601.357	540.25	0	540.25
601.479	560.25	0	560.25
601.6	577.5	0	577.5
601.722	556.5	0	556.5
601.844	528.75	0	528.75
601.966	512.5	0	512.5
602.087	482.5	0	482.5
602.209	506.75	0	506.75
602.331	518.25	0	518.25
602.453	531.75	0	531.75
602.574	521.25	0	521.25
602.696	521.75	0	521.75
602.818	571.75	0	571.75
602.939	640.5	0	640.5
603.061	736.75	0	736.75
603.182	843.5	0	843.5
603.304	1356.25	0	1356.25
603.426	2412.25	0	2412.25
603.547	2898.25	0	2898.25
603.669	1124.25	0	1124.25
603.79	637.25	0	637.25
603.912	588.5	0	588.5
604.033	536.5	0	536.5
604.154	525.5	0	525.5
604.276	517.5	0	517.5
604.397	516	0	516
604.519	503.25	0	503.25
604.64	478.75	0	478.75
604.761	478.75	0	478.75
604.883	481.75	0	481.75
605.004	486	0	486
605.125	499.5	0	499.5
605.247	540.25	0	540.25
605.368	534.25	0	534.25
605.489	508.75	0	508.75
605.611	489	0	489
605.732	481.75	0	481.75
605.853	531.5	0	531.5
605.974	527	0	527
606.095	502.25	0	502.25
606.216	505	0	505
606.338	497.75	0	497.75
606.459	488.75	0	488.75
606.58	487	0	487
606.701	474	0	474
606.822	489	0	489
606.943	486.75	0	486.75
607.064	461.25	0	461.25
607.185	468	0	468
607.306	472.5	0	472.5
607.427	471	0	471
607.548	482.25	0	482.25
607.669	467	0	467
607.79	473.5	0	473.5
607.911	499.25	0	499.25
608.032	493.5	0	493.5
608.153	466.5	0	466.5
608.274	512.5	0	512.5
608.394	547.25	0	547.25
608.515	536.5	0	536.5
608.636	521.75	0	521.75
608.757	491.25	0	491.25
608.878	490.25	0	490.25
608.998	477	0	477
609.119	501.25	0	501.25
609.24	474.75	0	474.75
609.361	456	0	456
609.481	463	0	463
609.602	495	0	495
609.723	479.5	0	479.5
609.843	475.75	0	475.75
609.964	477.5	0	477.5
610.085	485.5	0	485.5
610.205	484.5	0	484.5
610.326	475.25	0	475.25
610.446	492.25	0	492.25
610.567	534.75	0	534.75
610.687	535.25	0	535.25
610.808	486.75	0	486.75
610.928	475	0	475
611.049	482	0	482
611.169	474.75	0	474.75
611.29	468.5	0	468.5
611.41	488.75	0	488.75
611.531	491	0	491
611.651	475	0	475
611.771	466.75	0	466.75
611.892	464.25	0	464.25
612.012	461.75	0	461.75
612.132	477.5	0	477.5
612.253	488	0	488
612.373	502.25	0	502.25
612.493	515	0	515
612.613	472.25	0	472.25
612.734	480.75	0	480.75
612.854	494.5	0	494.5
612.974	468	0	468
613.094	464	0	464
613.214	487.5	0	487.5
613.335	491.75	0	491.75
613.455	510.25	0	510.25
613.575	517	0	517
613.695	492.5	0	492.5
613.815	452.75	0	452.75
613.935	470.25	0	470.25
614.055	468	0	468
614.175	467	0	467
614.295	462.25	0	462.25
614.415	464.75	0	464.75
614.535	458.5	0	458.5
614.655	452	0	452
614.775	443.5	0	443.5
614.895	439.5	0	439.5
615.015	443.25	0	443.25
615.135	465.25	0	465.25
615.254	466.5	0	466.5
615.374	450.25	0	450.25
615.494	422.25	0	422.25
615.614	436.5	0	436.5
615.734	442	0	442
615.854	426.75	0	426.75
615.973	443	0	443
616.093	434.5	0	434.5
616.213	447.25	0	447.25
616.332	465.5	0	465.5
616.452	442.25	0	442.25
616.572	450.5	0	450.5
616.691	446.25	0	446.25
616.811	470	0	470
616.931	464.75	0	464.75
617.05	448	0	448
617.17	466.25	0	466.25
617.289	455.5	0	455.5
617.409	471.5	0	471.5
617.529	472.75	0	472.75
617.648	423.5	0	423.5
617.768	454	0	454
617.887	458.75	0	458.75
618.006	448.75	0	448.75
618.126	454.75	0	454.75
618.245	442.75	0	442.75
618.365	465.5	0	465.5
618.484	458.25	0	458.25
618.604	473.25	0	473.25
618.723	433.25	0	433.25
618.842	428.25	0	428.25
618.962	420.25	0	420.25
619.081	433	0	433
619.2	443	0	443
619.319	443	0	443
619.439	432.5	0	432.5
619.558	426.5	0	426.5
619.677	438.5	0	438.5
619.796	435.5	0	435.5
619.916	417.5	0	417.5
620.035	440.25	0	440.25
620.154	464.25	0	464.25
620.273	452.75	0	452.75
620.392	397.25	0	397.25
620.511	420.75	0	420.75
620.63	418.5	0	418.5
620.749	404	0	404
620.868	414.75	0	414.75
620.987	410.5	0	410.5
621.106	427.25	0	427.25
621.225	432.25	0	432.25
621.344	441	0	441
621.463	414.75	0	414.75
621.582	415.75	0	415.75
621.701	452.5	0	452.5
621.82	455.5	0	455.5
621.939	425.5	0	425.5
622.058	412.25	0	412.25
622.177	436.25	0	436.25
622.295	428.25	0	428.25
622.414	400.75	0	400.75
622.533	405.75	0	405.75
622.652	389	0	389
622.771	395	0	395
622.889	386.5	0	386.5
623.008	395.75	0	395.75
623.127	402.25	0	402.25
623.245	423.5	0	423.5
623.364	396.5	0	396.5
623.483	413.75	0	413.75
623.601	409.75	0	409.75
623.72	406.5	0	406.5
623.839	405.25	0	405.25
623.957	398.25	0	398.25
624.076	394.25	0	394.25
624.194	387.25	0	387.25
624.313	390.25	0	390.25
624.431	395.5	0	395.5
624.55	397.5	0	397.5
624.668	403	0	403
624.787	375	0	375
624.905	418	0	418
625.024	412.25	0	412.25
625.142	408.25	0	408.25
625.26	413.5	0	413.5
625.379	439	0	439
625.497	418.5	0	418.5
625.615	405	0	405
625.734	399.5	0	399.5
625.852	417.75	0	417.75
625.97	410.5	0	410.5
626.089	414.25	0	414.25
626.207	407.5	0	407.5
626.325	403.75	0	403.75
626.443	400.25	0	400.25
626.561	408.25	0	408.25
626.68	404	0	404
626.798	443.75	0	443.75
626.916	429.75	0	429.75
627.034	457	0	457
627.152	398	0	398
627.27	403.5	0	403.5
627.388	410.25	0	410.25
627.506	395.25	0	395.25
627.624	392.5	0	392.5
627.742	419.5	0	419.5
627.86	408.25	0	408.25
627.978	385.5	0	385.5
628.096	389	0	389
628.214	396.25	0	396.25
628.332	409.25	0	409.25
628.45	394.5	0	394.5
628.568	408.25	0	408.25
628.686	400	0	400
628.804	404.5	0	404.5
628.921	433.5	0	433.5
629.039	411.75	0	411.75
629.157	422	0	422
629.275	390	0	390
629.393	420.25	0	420.25
629.51	410.25	0	410.25
629.628	413.75	0	413.75
629.746	397	0	397
629.864	397.5	0	397.5
629.981	396.5	0	396.5
630.099	385.5	0	385.5
630.216	401.75	0	401.75
630.334	373	0	373
630.452	408.75	0	408.75
630.569	406.75	0	406.75
630.687	409.25	0	409.25
630.804	388.75	0	388.75
630.922	404	0	404
631.039	381.25	0	381.25
631.157	380.75	0	380.75
631.274	402.5	0	402.5
631.392	372.75	0	372.75
631.509	396	0	396
631.627	399	0	399
631.744	396.25	0	396.25
631.861	390.25	0	390.25
631.979	377.25	0	377.25
632.096	399.5	0	399.5
632.213	382	0	382
632.331	380.5	0	380.5
632.448	390	0	390
632.565	370.5	0	370.5
632.683	391.25	0	391.25
632.8	402.5	0	402.5
632.917	383.25	0	383.25
633.034	373.5	0	373.5
633.151	400.75	0	400.75
633.269	373.5	0	373.5
633.386	384.75	0	384.75
633.503	384	0	384
633.62	379.75	0	379.75
633.737	384.75	0	384.75
633.854	410.25	0	410.25
633.971	414.25	0	414.25
634.088	384	0	384
634.205	387.25	0	387.25
634.322	391.25	0	391.25
634.439	395.5	0	395.5
634.556	399.5	0	399.5
634.673	392	0	392
634.79	380.5	0	380.5
634.907	380	0	380
635.024	368.25	0	368.25
635.141	368.25	0	368.25
635.258	374	0	374
635.375	357.25	0	357.25
635.491	386	0	386
635.608	382	0	382
635.725	359.5	0	359.5
635.842	380	0	380
635.958	391.5	0	391.5
636.075	416	0	416
636.192	449.5	0	449.5
636.309	419.75	0	419.75
636.425	386.5	0	386.5
636.542	391.25	0	391.25
636.659	370	0	370
636.775	380.75	0	380.75
636.892	365.75	0	365.75
637.008	370.25	0	370.25
637.125	378	0	378
637.241	374.5	0	374.5
637.358	388.75	0	388.75
637.475	418.25	0	418.25
637.591	387.5	0	387.5
637.707	378	0	378
637.824	371.75	0	371.75
637.94	364.75	0	364.75
638.057	374.5	0	374.5
638.173	357.75	0	357.75
638.29	373	0	373
638.406	361.75	0	361.75
638.522	372.25	0	372.25
638.639	373.25	0	373.25
638.755	373.25	0	373.25
638.871	373.5	0	373.5
638.987	368.25	0	368.25
639.104	365	0	365
639.22	382	0	382
639.336	413.5	0	413.5
639.452	415.25	0	415.25
639.569	399.5	0	399.5
639.685	378	0	378
639.801	373.5	0	373.5
639.917	371.25	0	371.25
640.033	364.5	0	364.5
640.149	364.75	0	364.75
640.265	389	0	389
640.381	393.25	0	393.25
640.497	440.5	0	440.5
640.613	422.25	0	422.25
640.729	394.75	0	394.75
640.845	382	0	382
640.961	378.5	0	378.5
641.077	390.25	0	390.25
641.193	399.5	0	399.5
641.309	400.25	0	400.25
641.425	400	0	400
641.541	396.75	0	396.75
641.657	422.5	0	422.5
641.773	420.25	0	420.25
641.888	398	0	398
642.004	369.5	0	369.5
642.12	370.25	0	370.25
642.236	377.25	0	377.25
642.352	376	0	376
642.467	376	0	376
642.583	379.25	0	379.25
642.699	448.5	0	448.5
642.814	558.5	0	558.5
642.93	564	0	564
643.046	383.5	0	383.5
643.161	365.5	0	365.5
643.277	367.25	0	367.25
643.392	375.25	0	375.25
643.508	349	0	349
643.623	370.25	0	370.25
643.739	367.25	0	367.25
643.854	363	0	363
643.97	357.5	0	357.5
644.085	364.5	0	364.5
644.201	361	0	361
644.316	368.5	0	368.5
644.432	402	0	402
644.547	377.75	0	377.75
644.663	363.75	0	363.75
644.778	351.5	0	351.5
644.893	355.25	0	355.25
645.008	395.5	0	395.5
645.124	368.75	0	368.75
645.239	352.25	0	352.25
645.354	335.25	0	335.25
645.47	352.5	0	352.5
645.585	355.75	0	355.75
645.7	352.75	0	352.75
645.815	352.5	0	352.5
645.93	349	0	349
646.046	341.25	0	341.25
646.161	359.75	0	359.75
646.276	348.75	0	348.75
646.391	341.75	0	341.75
646.506	355	0	355
646.621	380	0	380
646.736	375.75	0	375.75
646.851	361.75	0	361.75
646.966	351.25	0	351.25
647.081	371	0	371
647.196	340.5	0	340.5
647.311	359.25	0	359.25
647.426	377.25	0	377.25
647.541	393.5	0	393.5
647.656	385.5	0	385.5
647.771	364.75	0	364.75
647.885	396	0	396
648	378.5	0	378.5
648.115	370.25	0	370.25
648.23	346.25	0	346.25
648.345	364.75	0	364.75
648.459	351	0	351
648.574	368.25	0	368.25
648.689	366.5	0	366.5
648.804	351	0	351
648.918	372.25	0	372.25
649.033	405	0	405
649.148	420	0	420
649.262	385.75	0	385.75
649.377	374	0	374
649.491	382.5	0	382.5
649.606	388	0	388
649.721	415.5	0	415.5
649.835	396.75	0	396.75
649.95	375.5	0	375.5
650.064	341.75	0	341.75
650.179	351	0	351
650.293	344.25	0	344.25
650.408	357.25	0	357.25
650.522	375.75	0	375.75
650.636	372.25	0	372.25
650.751	379.5	0	379.5
650.865	362.5	0	362.5
650.979	373.5	0	373.5
651.094	381.75	0	381.75
651.208	365.5	0	365.5
651.322	358.75	0	358.75
651.437	375.75	0	375.75
651.551	364.25	0	364.25
651.665	345.75	0	345.75
651.779	373.25	0	373.25
651.894	349.75	0	349.75
652.008	339.25	0	339.25
652.122	369	0	369
652.236	372.25	0	372.25
652.35	401.5	0	401.5
652.464	421.25	0	421.25
652.578	354.5	0	354.5
652.693	358	0	358
652.807	359	0	359
652.921	366.25	0	366.25
653.035	346	0	346
653.149	365.75	0	365.75
653.263	359	0	359
653.376	357.5	0	357.5
653.49	353	0	353
653.604	359.5	0	359.5
653.718	361.75	0	361.75
653.832	369.5	0	369.5
653.946	372.75	0	372.75
654.06	388	0	388
654.174	388.75	0	388.75
654.287	379.25	0	379.25
654.401	369.25	0	369.25
654.515	356.25	0	356.25
654.629	381.5	0	381.5
654.743	381.25	0	381.25
654.856	398	0	398
654.97	392.5	0	392.5
655.084	389	0	389
655.197	387.25	0	387.25
655.311	384.5	0	384.5
655.424	397	0	397
655.538	395.75	0	395.75
655.652	403	0	403
655.765	414.5	0	414.5
655.879	423.25	0	423.25
655.992	443	0	443
656.106	426.25	0	426.25
656.219	414.5	0	414.5
656.333	407.25	0	407.25
656.446	431.5	0	431.5
656.56	424	0	424
656.673	405.5	0	405.5
656.786	399.25	0	399.25
656.9	413.5	0	413.5
657.013	411.25	0	411.25
657.127	407	0	407
657.24	399.75	0	399.75
657.353	410.5	0	410.5
657.466	404.75	0	404.75
657.58	391.5	0	391.5
657.693	388.5	0	388.5
657.806	364.75	0	364.75
657.919	386.75	0	386.75
658.032	373.25	0	373.25
658.146	367.25	0	367.25
658.259	354.25	0	354.25
658.372	367.25	0	367.25
658.485	369.75	0	369.75
658.598	375	0	375
658.711	368	0	368
658.824	384.5	0	384.5
658.937	366	0	366
659.05	354.25	0	354.25
659.163	358	0	358
659.276	374	0	374
659.389	378.25	0	378.25
659.502	382	0	382
659.615	357.5	0	357.5
659.728	381.5	0	381.5
659.841	371	0	371
659.954	356	0	356
660.067	342.5	0	342.5
660.179	369.75	0	369.75
660.292	348.75	0	348.75
660.405	366.5	0	366.5
660.518	358	0	358
660.63	364.25	0	364.25
660.743	365.25	0	365.25
660.856	370.75	0	370.75
660.969	355.25	0	355.25
661.081	350.5	0	350.5
661.194	368.5	0	368.5
661.307	362.5	0	362.5
661.419	358.75	0	358.75
661.532	391.5	0	391.5
661.644	374.25	0	374.25
661.757	368.75	0	368.75
661.869	378.75	0	378.75
661.982	372.75	0	372.75
662.094	384.25	0	384.25
662.207	471	0	471
662.319	731.75	0	731.75
662.432	594.25	0	594.25
662.544	391.75	0	391.75
662.656	351	0	351
662.769	361	0	361
662.881	360.75	0	360.75
662.994	355	0	355
663.106	328.25	0	328.25
663.218	340	0	340
663.331	353	0	353
663.443	338.75	0	338.75
663.555	347	0	347
663.667	339.5	0	339.5
663.779	344	0	344
663.892	352.5	0	352.5
664.004	333.75	0	333.75
664.116	351	0	351
664.228	335.75	0	335.75
664.34	324.5	0	324.5
664.452	327.25	0	327.25
664.564	337.25	0	337.25
664.676	338	0	338
664.788	340.75	0	340.75
664.901	313.75	0	313.75
665.012	334	0	334
665.125	335	0	335
665.236	363.5	0	363.5
665.348	401.75	0	401.75
665.46	520.75	0	520.75
665.572	451.5	0	451.5
665.684	363	0	363
665.796	331.75	0	331.75
665.908	351.25	0	351.25
666.02	327.75	0	327.75
666.131	354.25	0	354.25
666.243	353	0	353
666.355	349.25	0	349.25
666.467	359.5	0	359.5
666.578	339.75	0	339.75
666.69	345.5	0	345.5
666.802	354.5	0	354.5
666.914	343.5	0	343.5
667.025	337.25	0	337.25
667.137	343.25	0	343.25
667.248	339.25	0	339.25
667.36	318.25	0	318.25
667.472	343.75	0	343.75
667.583	353	0	353
667.695	344.5	0	344.5
667.806	340	0	340
667.918	340	0	340
668.029	334.75	0	334.75
668.141	352	0	352
668.252	338.75	0	338.75
668.363	358	0	358
668.475	363	0	363
668.586	337.25	0	337.25
668.698	335.5	0	335.5
668.809	351.25	0	351.25
668.92	332	0	332
669.032	328	0	328
669.143	341	0	341
669.254	337.75	0	337.75
669.365	341.5	0	341.5
669.477	374	0	374
669.588	352	0	352
669.699	347	0	347
669.81	330.75	0	330.75
669.921	337.25	0	337.25
670.032	346.5	0	346.5
670.143	337	0	337
670.255	336	0	336
670.366	339.75	0	339.75
670.477	326.5	0	326.5
670.588	328.75	0	328.75
670.699	335	0	335
670.81	324	0	324
670.921	319.75	0	319.75
671.032	334.25	0	334.25
671.143	327.25	0	327.25
671.253	319.5	0	319.5
671.364	311.5	0	311.5
671.475	331.25	0	331.25
671.586	305.5	0	305.5
671.697	322	0	322
671.808	320.25	0	320.25
671.919	326.75	0	326.75
672.029	324	0	324
672.14	334.25	0	334.25
672.251	321	0	321
672.362	342.5	0	342.5
672.472	324.25	0	324.25
672.583	317	0	317
672.694	314.5	0	314.5
672.804	323.5	0	323.5
672.915	295.25	0	295.25
673.025	303	0	303
673.136	306	0	306
673.247	317.25	0	317.25
673.357	315.75	0	315.75
673.468	315.5	0	315.5
673.578	323.5	0	323.5
673.689	353.5	0	353.5
673.799	467	0	467
673.91	424.75	0	424.75
674.02	309.75	0	309.75
674.13	302.25	0	302.25
674.241	288.75	0	288.75
674.351	291.5	0	291.5
674.461	289.75	0	289.75
674.572	306.75	0	306.75
674.682	285	0	285
674.792	304.25	0	304.25
674.903	324.75	0	324.75
675.013	390.75	0	390.75
675.123	397.75	0	397.75
675.233	296	0	296
675.344	296.5	0	296.5
675.454	291.25	0	291.25
675.564	291.25	0	291.25
675.674	294.75	0	294.75
675.784	336	0	336
675.894	330.25	0	330.25
676.004	275	0	275
676.114	284.5	0	284.5
676.224	276.25	0	276.25
676.334	276.5	0	276.5
676.444	295.5	0	295.5
676.554	279.5	0	279.5
676.664	288.75	0	288.75
676.774	304.5	0	304.5
676.884	315.25	0	315.25
676.994	298.75	0	298.75
677.104	294.25	0	294.25
677.214	286.25	0	286.25
677.324	285.75	0	285.75
677.433	268	0	268
677.543	291.25	0	291.25
677.653	276	0	276
677.763	269.5	0	269.5
677.872	282.25	0	282.25
677.982	278.5	0	278.5
678.092	277.5	0	277.5
678.202	279.5	0	279.5
678.311	285.75	0	285.75
678.421	290	0	290
678.53	273.25	0	273.25
678.64	271.75	0	271.75
678.75	282.25	0	282.25
678.859	278.75	0	278.75
678.969	273	0	273
679.078	275.5	0	275.5
679.188	278.75	0	278.75
679.297	276	0	276
679.407	265.75	0	265.75
679.516	266	0	266
679.625	265.75	0	265.75
679.735	264.75	0	264.75
679.844	269.5	0	269.5
679.954	266.75	0	266.75
680.063	278	0	278
680.172	282.25	0	282.25
680.282	268.75	0	268.75
680.391	265.25	0	265.25
680.5	295.75	0	295.75
680.609	283	0	283
680.719	284.5	0	284.5
680.828	252.25	0	252.25
680.937	265	0	265
681.046	264.75	0	264.75
681.155	261.5	0	261.5
681.264	271.25	0	271.25
681.374	262	0	262
681.483	257	0	257
681.592	253.75	0	253.75
681.701	263.75	0	263.75
681.81	264.5	0	264.5
681.919	253	0	253
682.028	265	0	265
682.137	249.75	0	249.75
682.246	258.25	0	258.25
682.355	257.75	0	257.75
682.463	254	0	254
682.572	255	0	255
682.681	259.75	0	259.75
682.79	260.5	0	260.5
682.899	275.25	0	275.25
683.008	293	0	293
683.117	276	0	276
683.225	265.25	0	265.25
683.334	277.75	0	277.75
683.443	265.5	0	265.5
683.551	267	0	267
683.66	250.5	0	250.5
683.769	260	0	260
683.877	255.25	0	255.25
683.986	244.25	0	244.25
684.095	261	0	261
684.203	266.25	0	266.25
684.312	367	0	367
684.42	304	0	304
684.529	268.5	0	268.5
684.637	263.5	0	263.5
684.746	239	0	239
684.854	248	0	248
684.963	253.5	0	253.5
685.071	245.75	0	245.75
685.18	255.25	0	255.25
685.288	277.5	0	277.5
685.396	263	0	263
685.505	250.25	0	250.25
685.613	241.75	0	241.75
685.721	229	0	229
685.83	245.25	0	245.25
685.938	254.5	0	254.5
686.046	241.5	0	241.5
686.154	232.25	0	232.25
686.263	233.5	0	233.5
686.371	240	0	240
686.479	236.75	0	236.75
686.587	235.75	0	235.75
686.695	240.5	0	240.5
686.803	242.75	0	242.75
686.911	249	0	249
687.019	243.25	0	243.25
687.127	229.75	0	229.75
687.235	240.25	0	240.25
687.343	244.75	0	244.75
687.451	236	0	236
687.559	231.5	0	231.5
687.667	225.75	0	225.75
687.775	237	0	237
687.883	230.75	0	230.75
687.991	246.5	0	246.5
688.099	235.75	0	235.75
688.207	229.75	0	229.75
688.315	232.5	0	232.5
688.422	217.25	0	217.25
688.53	245.75	0	245.75
688.638	235.75	0	235.75
688.746	226.25	0	226.25
688.853	235.25	0	235.25
688.961	254.5	0	254.5
689.069	291.25	0	291.25
689.176	265.75	0	265.75
689.284	253	0	253
689.392	240	0	240
689.499	242.75	0	242.75
689.607	255.5	0	255.5
689.714	255.25	0	255.25
689.822	226	0	226
689.93	234	0	234
690.037	232.75	0	232.75
690.144	227.75	0	227.75
690.252	247.5	0	247.5
690.359	246.5	0	246.5
690.467	240	0	240
690.574	236.75	0	236.75
690.682	237.75	0	237.75
690.789	225.25	0	225.25
690.896	245.75	0	245.75
691.004	242.5	0	242.5
691.111	229.75	0	229.75
691.218	240.25	0	240.25
691.325	233.5	0	233.5
691.433	233.75	0	233.75
691.54	241.25	0	241.25
691.647	230.25	0	230.25
691.754	253.5	0	253.5
691.861	289.75	0	289.75
691.969	247.25	0	247.25
692.076	225.5	0	225.5
692.183	223	0	223
692.29	235.25	0	235.25
692.397	239.25	0	239.25
692.504	225	0	225
692.611	219.25	0	219.25
692.718	236.5	0	236.5
692.825	226	0	226
692.932	233.5	0	233.5
693.039	238.5	0	238.5
693.146	229.5	0	229.5
693.253	222.75	0	222.75
693.359	230.5	0	230.5
693.466	230.25	0	230.25
693.573	241.25	0	241.25
693.68	229.75	0	229.75
693.787	234.75	0	234.75
693.894	224.75	0	224.75
694	229	0	229
694.107	233.5	0	233.5
694.214	210.25	0	210.25
694.32	223.75	0	223.75
694.427	227.75	0	227.75
694.534	212	0	212
694.64	221.75	0	221.75
694.747	219	0	219
694.853	220.75	0	220.75
694.96	218.75	0	218.75
695.067	226	0	226
695.173	234.75	0	234.75
695.28	208	0	208
695.386	208.75	0	208.75
695.493	227.25	0	227.25
695.599	226.5	0	226.5
695.705	205.75	0	205.75
695.812	221	0	221
695.918	213.25	0	213.25
696.025	222.5	0	222.5
696.131	228.25	0	228.25
696.237	214.25	0	214.25
696.344	217	0	217
696.45	229.5	0	229.5
696.556	229.25	0	229.25
696.662	221	0	221
696.768	207.5	0	207.5
696.875	202.5	0	202.5
696.981	207.75	0	207.75
697.087	217	0	217
697.193	211	0	211
697.299	212.75	0	212.75
697.405	211.75	0	211.75
697.512	208.75	0	208.75
697.618	218	0	218
697.724	208	0	208
697.83	200.25	0	200.25
697.936	211.25	0	211.25
698.042	212.75	0	212.75
698.148	216.5	0	216.5
698.253	232	0	232
698.359	239.5	0	239.5
698.465	232.5	0	232.5
698.571	225.75	0	225.75
698.677	221.25	0	221.25
698.783	226	0	226
698.889	226.75	0	226.75
698.994	238.75	0	238.75
699.1	216.75	0	216.75
699.206	226	0	226
699.312	248	0	248
699.417	239.25	0	239.25
699.523	222.25	0	222.25
699.629	216.75	0	216.75
699.734	200	0	200
699.84	218	0	218
699.946	212	0	212
700.051	210	0	210
700.157	195.25	0	195.25
700.262	210.5	0	210.5
700.368	224	0	224
700.473	213	0	213
700.579	216.5	0	216.5
700.684	206.5	0	206.5
700.79	202.75	0	202.75
700.895	210	0	210
701	213	0	213
701.106	208.25	0	208.25
701.211	205.75	0	205.75
701.316	211.25	0	211.25
701.422	203	0	203
701.527	202	0	202
701.632	203	0	203
701.738	207.25	0	207.25
701.843	203.5	0	203.5
701.948	207	0	207
702.053	216.5	0	216.5
702.158	209.5	0	209.5
702.264	217	0	217
702.369	198.75	0	198.75
702.474	207.5	0	207.5
702.579	206.25	0	206.25
702.684	210.75	0	210.75
702.789	212.5	0	212.5
702.894	204.75	0	204.75
702.999	195.25	0	195.25
703.104	207	0	207
703.209	189.25	0	189.25
703.314	200.25	0	200.25
703.419	200.25	0	200.25
703.524	211	0	211
703.629	203.5	0	203.5
703.733	194.5	0	194.5
703.838	201	0	201
703.943	206.5	0	206.5
704.048	205.5	0	205.5
704.153	225.25	0	225.25
704.257	230.75	0	230.75
704.362	209	0	209
704.467	202.75	0	202.75
704.572	198.75	0	198.75
704.676	204.5	0	204.5
704.781	195.75	0	195.75
704.886	180.5	0	180.5
704.99	190.75	0	190.75
705.095	205.75	0	205.75
705.199	189.25	0	189.25
705.304	197.25	0	197.25
705.408	202.25	0	202.25
705.513	203.25	0	203.25
705.617	199.75	0	199.75
705.722	200.5	0	200.5
705.826	200.5	0	200.5
705.931	202	0	202
706.035	210	0	210
706.139	199.75	0	199.75
706.244	183.75	0	183.75
706.348	194.75	0	194.75
706.452	205.5	0	205.5
706.557	193.5	0	193.5
706.661	193.25	0	193.25
706.765	209.25	0	209.25
706.87	208.75	0	208.75
706.974	194.25	0	194.25
707.078	195.75	0	195.75
707.182	194.5	0	194.5
707.286	189.5	0	189.5
707.39	202.75	0	202.75
707.495	190	0	190
707.599	200.25	0	200.25
707.703	200.25	0	200.25
707.807	196.75	0	196.75
707.911	186.25	0	186.25
708.015	197	0	197
708.119	197	0	197
708.223	203	0	203
708.327	189.25	0	189.25
708.431	201.5	0	201.5
708.534	212	0	212
708.638	201	0	201
708.742	190.5	0	190.5
708.846	194.5	0	194.5
708.95	187.25	0	187.25
709.054	197	0	197
709.157	192.5	0	192.5
709.261	210.75	0	210.75
709.365	205.25	0	205.25
709.469	214.5	0	214.5
709.572	195	0	195
709.676	199.75	0	199.75
709.78	190.25	0	190.25
709.883	191	0	191
709.987	192.25	0	192.25
710.09	193	0	193
710.194	189.75	0	189.75
710.298	203.5	0	203.5
710.401	188	0	188
710.505	185.5	0	185.5
710.608	199.5	0	199.5
710.711	214.25	0	214.25
710.815	200.75	0	200.75
710.918	198.5	0	198.5
711.022	200.75	0	200.75
711.125	200.25	0	200.25
711.228	206.5	0	206.5
711.332	258.25	0	258.25
711.435	374.75	0	374.75
711.538	317.25	0	317.25
711.642	242.5	0	242.5
711.745	208.75	0	208.75
711.848	212	0	212
711.951	208.25	0	208.25
712.055	192	0	192
712.158	184.75	0	184.75
712.261	191.25	0	191.25
712.364	194.5	0	194.5
712.467	198	0	198
712.57	194	0	194
712.673	205.75	0	205.75
712.776	195.5	0	195.5
712.879	200.75	0	200.75
712.982	185.5	0	185.5
713.085	197.5	0	197.5
713.188	185.75	0	185.75
713.291	189.25	0	189.25
713.394	195.25	0	195.25
713.497	186.75	0	186.75
713.6	200.25	0	200.25
713.703	201.25	0	201.25
713.805	215	0	215
713.908	211	0	211
714.011	205.75	0	205.75
714.114	201.5	0	201.5
714.216	194	0	194
714.319	180	0	180
714.422	184	0	184
714.525	183.75	0	183.75
714.627	175.25	0	175.25
714.73	191	0	191
714.833	186.5	0	186.5
714.935	197.5	0	197.5
715.038	187.25	0	187.25
715.14	185	0	185
715.243	178.5	0	178.5
715.345	191.75	0	191.75
715.448	188.75	0	188.75
715.55	185	0	185
715.653	182	0	182
715.755	187.75	0	187.75
715.857	187.75	0	187.75
715.96	185.75	0	185.75
716.062	188	0	188
716.164	181.5	0	181.5
716.267	180.25	0	180.25
716.369	194.25	0	194.25
716.471	191.75	0	191.75
716.574	182	0	182
716.676	198.25	0	198.25
716.778	182	0	182
716.88	185.5	0	185.5
716.982	169.75	0	169.75
717.085	176.5	0	176.5
717.187	189	0	189
717.289	181.5	0	181.5
717.391	180.25	0	180.25
717.493	187.75	0	187.75
717.595	187.25	0	187.25
717.697	201	0	201
717.799	186.25	0	186.25
717.901	195	0	195
718.003	190.75	0	190.75
718.105	187	0	187
718.207	171	0	171
718.309	178	0	178
718.411	179.5	0	179.5
718.512	188.25	0	188.25
718.614	186.5	0	186.5
718.716	184.5	0	184.5
718.818	180.5	0	180.5
718.92	177.75	0	177.75
719.021	183	0	183
719.123	191.25	0	191.25
719.225	186.25	0	186.25
719.326	186.25	0	186.25
719.428	181.25	0	181.25
719.53	184.5	0	184.5
719.631	196	0	196
719.733	183	0	183
719.834	183	0	183
719.936	182.5	0	182.5
720.038	180.25	0	180.25
720.139	178.5	0	178.5
720.241	177	0	177
720.342	181.5	0	181.5
720.443	180.75	0	180.75
720.545	182	0	182
720.646	184.25	0	184.25
720.748	170.5	0	170.5
720.849	182.25	0	182.25
720.95	181.75	0	181.75
721.052	182	0	182
721.153	182.5	0	182.5
721.254	180.25	0	180.25
721.355	185	0	185
721.457	183.25	0	183.25
721.558	190.5	0	190.5
721.659	171.75	0	171.75
721.76	187	0	187
721.861	181.5	0	181.5
721.963	188.5	0	188.5
722.064	179.25	0	179.25
722.165	180.25	0	180.25
722.266	184.5	0	184.5
722.367	188.25	0	188.25
722.468	181.25	0	181.25
722.569	189	0	189
722.67	177.5	0	177.5
722.771	190.75	0	190.75
722.872	177	0	177
722.973	176.5	0	176.5
723.073	180.5	0	180.5
723.174	178.25	0	178.25
723.275	192.25	0	192.25
723.376	187	0	187
723.477	180.25	0	180.25
723.577	186.75	0	186.75
723.678	178	0	178
723.779	179	0	179
723.88	188	0	188
723.98	177.5	0	177.5
724.081	184.75	0	184.75
724.182	176.5	0	176.5
724.282	183.5	0	183.5
724.383	205	0	205
724.483	210.75	0	210.75
724.584	243.75	0	243.75
724.685	380.75	0	380.75
724.785	345.25	0	345.25
724.886	256	0	256
724.986	278.25	0	278.25
725.086	261.75	0	261.75
725.187	195.75	0	195.75
725.287	192.5	0	192.5
725.388	198.5	0	198.5
725.488	196	0	196
725.588	181.25	0	181.25
725.689	180.75	0	180.75
725.789	185.25	0	185.25
725.889	174.75	0	174.75
725.99	187.5	0	187.5
726.09	179	0	179
726.19	185.25	0	185.25
726.29	187	0	187
726.39	189.25	0	189.25
726.49	177.75	0	177.75
726.591	174	0	174
726.691	185.5	0	185.5
726.791	183.5	0	183.5
726.891	181	0	181
726.991	174.25	0	174.25
727.091	185	0	185
727.191	203.25	0	203.25
727.291	187.25	0	187.25
727.391	176	0	176
727.491	183	0	183
727.591	185.5	0	185.5
727.691	195	0	195
727.79	175	0	175
727.89	180.5	0	180.5
727.99	175.5	0	175.5
728.09	175.25	0	175.25
728.19	177.5	0	177.5
728.289	178.5	0	178.5
728.389	180.25	0	180.25
728.489	182.25	0	182.25
728.589	182.5	0	182.5
728.688	171.25	0	171.25
728.788	181.75	0	181.75
728.888	175	0	175
728.987	174.5	0	174.5
729.087	182.75	0	182.75
729.186	171	0	171
729.286	179.25	0	179.25
729.385	175.5	0	175.5
729.485	171.75	0	171.75
729.584	181.75	0	181.75
729.684	173.5	0	173.5
729.783	174	0	174
729.883	168.75	0	168.75
729.982	171.75	0	171.75
730.081	164.75	0	164.75
730.181	171.25	0	171.25
730.28	177.5	0	177.5
730.379	181.75	0	181.75
730.479	194.75	0	194.75
730.578	175.75	0	175.75
730.677	171	0	171
730.776	175.75	0	175.75
730.875	162.75	0	162.75
730.975	173.25	0	173.25
731.074	155.25	0	155.25
731.173	169	0	169
731.272	166.75	0	166.75
731.371	181.75	0	181.75
731.47	175	0	175
731.569	170.5	0	170.5
731.668	171	0	171
731.767	176.25	0	176.25
731.866	187.75	0	187.75
731.965	178	0	178
732.064	181.75	0	181.75
732.163	178.5	0	178.5
732.262	178	0	178
732.361	174.25	0	174.25
732.46	171.5	0	171.5
732.558	172.75	0	172.75
732.657	187.25	0	187.25
732.756	187.5	0	187.5
732.855	179	0	179
732.953	178.75	0	178.75
733.052	177.75	0	177.75
733.151	183.5	0	183.5
733.25	178.25	0	178.25
733.348	177	0	177
733.447	177.25	0	177.25
733.545	183.25	0	183.25
733.644	185.75	0	185.75
733.742	175.5	0	175.5
733.841	183	0	183
733.939	166.5	0	166.5
734.038	178.5	0	178.5
734.136	180.75	0	180.75
734.235	174.25	0	174.25
734.333	184.5	0	184.5
734.432	177.75	0	177.75
734.53	175.25	0	175.25
734.628	173.75	0	173.75
734.727	165	0	165
734.825	174.75	0	174.75
734.923	155.75	0	155.75
735.022	169	0	169
735.12	166.25	0	166.25
735.218	181.5	0	181.5
735.316	192.25	0	192.25
735.414	168.25	0	168.25
735.513	171	0	171
735.611	166	0	166
735.709	158.75	0	158.75
735.807	169	0	169
735.905	169	0	169
736.003	179.5	0	179.5
736.101	179.5	0	179.5
736.199	174.75	0	174.75
736.297	177	0	177
736.395	169	0	169
736.493	179.75	0	179.75
736.591	178.75	0	178.75
736.689	170.75	0	170.75
736.787	177.5	0	177.5
736.884	188	0	188
736.982	188.25	0	188.25
737.08	185.75	0	185.75
737.178	177.75	0	177.75
737.276	180.25	0	180.25
737.373	176.5	0	176.5
737.471	181.5	0	181.5
737.569	167.75	0	167.75
737.667	174.25	0	174.25
737.764	173.5	0	173.5
737.862	165.25	0	165.25
737.959	172.75	0	172.75
738.057	170.75	0	170.75
738.154	162.5	0	162.5
738.252	176.25	0	176.25
738.35	167	0	167
738.447	174.25	0	174.25
738.544	170.25	0	170.25
738.642	175.75	0	175.75
738.739	175	0	175
738.837	166	0	166
738.934	178.5	0	178.5
739.031	173	0	173
739.129	169.25	0	169.25
739.226	169.5	0	169.5
739.323	167	0	167
739.421	167.75	0	167.75
739.518	195.5	0	195.5
739.615	212.5	0	212.5