Lambda	Spectrum	Dark	SpecMinusDark
500.031	4103.5	0	4103.5
500.165	4642.5	0	4642.5
500.299	5101	0	5101
500.433	5767.5	0	5767.5
500.567	5686.25	0	5686.25
500.701	5354.25	0	5354.25
500.835	5066.25	0	5066.25
500.968	5061.5	0	5061.5
501.102	4932.75	0	4932.75
501.236	4716	0	4716
501.37	4628	0	4628
501.504	4541.5	0	4541.5
501.637	4504.25	0	4504.25
501.771	4261.75	0	4261.75
501.905	4352	0	4352
502.039	4772.5	0	4772.5
502.172	5284.75	0	5284.75
502.306	4435	0	4435
502.44	3802.25	0	3802.25
502.573	3556.5	0	3556.5
502.707	3598.75	0	3598.75
502.841	3927.25	0	3927.25
502.974	4301	0	4301
503.108	4332	0	4332
503.242	3923.25	0	3923.25
503.375	4005.75	0	4005.75
503.509	4068	0	4068
503.642	3884.5	0	3884.5
503.776	3712	0	3712
503.909	3833	0	3833
504.043	4281.25	0	4281.25
504.176	4484.5	0	4484.5
504.31	5125.25	0	5125.25
504.443	4521.5	0	4521.5
504.577	4297.5	0	4297.5
504.71	4700	0	4700
504.844	4722.25	0	4722.25
504.977	4320	0	4320
505.111	4374.75	0	4374.75
505.244	4410.75	0	4410.75
505.377	3942	0	3942
505.511	3795.5	0	3795.5
505.644	3899	0	3899
505.777	4044.75	0	4044.75
505.911	4656.25	0	4656.25
506.044	4714	0	4714
506.177	5153.75	0	5153.75
506.311	5250	0	5250
506.444	4279.75	0	4279.75
506.577	3811	0	3811
506.71	4076	0	4076
506.844	4539.75	0	4539.75
506.977	5120	0	5120
507.11	3909.25	0	3909.25
507.243	3671.5	0	3671.5
507.376	3868	0	3868
507.51	4001.75	0	4001.75
507.643	4195.5	0	4195.5
507.776	4057	0	4057
507.909	4386.25	0	4386.25
508.042	5536	0	5536
508.175	6946.25	0	6946.25
508.308	8584.75	0	8584.75
508.441	6167.5	0	6167.5
508.574	3705	0	3705
508.707	3763	0	3763
508.84	3797	0	3797
508.973	4097.75	0	4097.75
509.106	4112.75	0	4112.75
509.239	4133.5	0	4133.5
509.372	4219	0	4219
509.505	3882	0	3882
509.638	4511.75	0	4511.75
509.771	5837.75	0	5837.75
509.904	7590.75	0	7590.75
510.037	7701.5	0	7701.5
510.17	4766.5	0	4766.5
510.303	4917.75	0	4917.75
510.436	5511.25	0	5511.25
510.568	4722.75	0	4722.75
510.701	4129.75	0	4129.75
510.834	3574.25	0	3574.25
510.967	3491.25	0	3491.25
511.1	3583.5	0	3583.5
511.232	3675.25	0	3675.25
511.365	3851.25	0	3851.25
511.498	4036.5	0	4036.5
511.631	3842	0	3842
511.763	3670.25	0	3670.25
511.896	3864	0	3864
512.029	3968	0	3968
512.161	4529.25	0	4529.25
512.294	4889	0	4889
512.427	5646	0	5646
512.559	5797.5	0	5797.5
512.692	4837	0	4837
512.825	4090	0	4090
512.957	4316.5	0	4316.5
513.09	4195.5	0	4195.5
513.222	4585.75	0	4585.75
513.355	4080	0	4080
513.487	4004.5	0	4004.5
513.62	4453.75	0	4453.75
513.752	5429.75	0	5429.75
513.885	6471.25	0	6471.25
514.017	5531.5	0	5531.5
514.15	4243.75	0	4243.75
514.282	4469.75	0	4469.75
514.415	4680.75	0	4680.75
514.547	5151.5	0	5151.5
514.68	4067.75	0	4067.75
514.812	4299.25	0	4299.25
514.944	4779.75	0	4779.75
515.077	5513.75	0	5513.75
515.209	6212.75	0	6212.75
515.341	5599.75	0	5599.75
515.474	5781	0	5781
515.606	5823.75	0	5823.75
515.738	6055.75	0	6055.75
515.871	4653.75	0	4653.75
516.003	4239.25	0	4239.25
516.135	4890	0	4890
516.267	5673.25	0	5673.25
516.4	6249.75	0	6249.75
516.532	7403.75	0	7403.75
516.664	5629	0	5629
516.796	5920	0	5920
516.928	6955.5	0	6955.5
517.06	5030.75	0	5030.75
517.193	4628.25	0	4628.25
517.325	4449.5	0	4449.5
517.457	4542.5	0	4542.5
517.589	4711.75	0	4711.75
517.721	4981.25	0	4981.25
517.853	5247.5	0	5247.5
517.985	5258.75	0	5258.75
518.117	5256.25	0	5256.25
518.249	6113.75	0	6113.75
518.381	6786	0	6786
518.513	7836.75	0	7836.75
518.645	5374.75	0	5374.75
518.777	5252	0	5252
518.909	5304.25	0	5304.25
519.041	5653	0	5653
519.173	6826.25	0	6826.25
519.305	6665.25	0	6665.25
519.437	6870	0	6870
519.569	5840.5	0	5840.5
519.701	7080	0	7080
519.832	7589.5	0	7589.5
519.964	6074	0	6074
520.096	6348.5	0	6348.5
520.228	4753.75	0	4753.75
520.36	4668.5	0	4668.5
520.491	4953.25	0	4953.25
520.623	5848	0	5848
520.755	6432.75	0	6432.75
520.887	5757.75	0	5757.75
521.018	5120.75	0	5120.75
521.15	4326.5	0	4326.5
521.282	4359	0	4359
521.414	4301.25	0	4301.25
521.545	4476.75	0	4476.75
521.677	4248.75	0	4248.75
521.808	3995.25	0	3995.25
521.94	3972	0	3972
522.072	4272.5	0	4272.5
522.203	4612.75	0	4612.75
522.335	5377.75	0	5377.75
522.466	4606	0	4606
522.598	3980.5	0	3980.5
522.729	4159.25	0	4159.25
522.861	4436.25	0	4436.25
522.993	4959.25	0	4959.25
523.124	4189.5	0	4189.5
523.256	4153.25	0	4153.25
523.387	4527	0	4527
523.518	4980	0	4980
523.65	5409.5	0	5409.5
523.781	6059.25	0	6059.25
523.913	4992	0	4992
524.044	5194.5	0	5194.5
524.176	5885	0	5885
524.307	4839.25	0	4839.25
524.438	4318.5	0	4318.5
524.57	4412	0	4412
524.701	3975.75	0	3975.75
524.832	3736	0	3736
524.964	3845.5	0	3845.5
525.095	3966.25	0	3966.25
525.226	4373	0	4373
525.357	4394.25	0	4394.25
525.489	5053.5	0	5053.5
525.62	6542.25	0	6542.25
525.751	6299.5	0	6299.5
525.882	5545	0	5545
526.013	4028	0	4028
526.145	3704.75	0	3704.75
526.276	3805.5	0	3805.5
526.407	4078.25	0	4078.25
526.538	4180	0	4180
526.669	3796.5	0	3796.5
526.8	3785.75	0	3785.75
526.931	3759.75	0	3759.75
527.062	3865.5	0	3865.5
527.193	4131.5	0	4131.5
527.324	5059.75	0	5059.75
527.455	6441.75	0	6441.75
527.586	7508.25	0	7508.25
527.717	6368.25	0	6368.25
527.848	5276.25	0	5276.25
527.979	5619.25	0	5619.25
528.11	6557.75	0	6557.75
528.241	4758	0	4758
528.372	4551	0	4551
528.503	3984.5	0	3984.5
528.634	3961	0	3961
528.765	4297.25	0	4297.25
528.896	4681.5	0	4681.5
529.026	4977.5	0	4977.5
529.157	3893.25	0	3893.25
529.288	3569.5	0	3569.5
529.419	3543	0	3543
529.55	3724.75	0	3724.75
529.681	3854.25	0	3854.25
529.811	4123	0	4123
529.942	4010.75	0	4010.75
530.073	4293.5	0	4293.5
530.203	4198.75	0	4198.75
530.334	4030.5	0	4030.5
530.465	3803	0	3803
530.596	3762.25	0	3762.25
530.726	3686.25	0	3686.25
530.857	3741.75	0	3741.75
530.987	3809.25	0	3809.25
531.118	4055.5	0	4055.5
531.249	3658.5	0	3658.5
531.379	3463.5	0	3463.5
531.51	3520.75	0	3520.75
531.64	3641.5	0	3641.5
531.771	3937.75	0	3937.75
531.901	4554.25	0	4554.25
532.032	5560.75	0	5560.75
532.163	6398.75	0	6398.75
532.293	7888.25	0	7888.25
532.423	6510.25	0	6510.25
532.554	4646	0	4646
532.684	4351.75	0	4351.75
532.815	3981.75	0	3981.75
532.945	3711	0	3711
533.076	3790	0	3790
533.206	3757.5	0	3757.5
533.336	3526.25	0	3526.25
533.467	3651.25	0	3651.25
533.597	3862	0	3862
533.727	4201	0	4201
533.858	4577.75	0	4577.75
533.988	4986	0	4986
534.118	4209.5	0	4209.5
534.248	4276	0	4276
534.379	4571.5	0	4571.5
534.509	5538.75	0	5538.75
534.639	7025.5	0	7025.5
534.769	8759.25	0	8759.25
534.9	10791.5	0	10791.5
535.03	5241.75	0	5241.75
535.16	4442.75	0	4442.75
535.29	5539.25	0	5539.25
535.42	6848	0	6848
535.55	9166.25	0	9166.25
535.68	5712.25	0	5712.25
535.81	5446.75	0	5446.75
535.94	5406	0	5406
536.071	5367.5	0	5367.5
536.201	4207.5	0	4207.5
536.331	4115.5	0	4115.5
536.461	4127.25	0	4127.25
536.591	4160.5	0	4160.5
536.721	4403.25	0	4403.25
536.851	4334.75	0	4334.75
536.981	4454.25	0	4454.25
537.11	4415	0	4415
537.24	3949.25	0	3949.25
537.37	3914.5	0	3914.5
537.5	3734.25	0	3734.25
537.63	3742	0	3742
537.76	3810.5	0	3810.5
537.89	4070.5	0	4070.5
538.02	4355.25	0	4355.25
538.149	3855	0	3855
538.279	3827	0	3827
538.409	3907.25	0	3907.25
538.539	4279.75	0	4279.75
538.669	4165	0	4165
538.798	3812.5	0	3812.5
538.928	3624	0	3624
539.058	3599.5	0	3599.5
539.187	3627.25	0	3627.25
539.317	3688	0	3688
539.447	3444.75	0	3444.75
539.576	3464	0	3464
539.706	3661.25	0	3661.25
539.836	3926	0	3926
539.965	4282.5	0	4282.5
540.095	4255.25	0	4255.25
540.225	3629	0	3629
540.354	3469.5	0	3469.5
540.484	3463.5	0	3463.5
540.613	3554.75	0	3554.75
540.743	3559	0	3559
540.872	3561.5	0	3561.5
541.002	3501.25	0	3501.25
541.131	3452.25	0	3452.25
541.261	3589.75	0	3589.75
541.39	3749	0	3749
541.52	3919.75	0	3919.75
541.649	3834	0	3834
541.778	3489	0	3489
541.908	3564.25	0	3564.25
542.037	3752	0	3752
542.167	3607.75	0	3607.75
542.296	3444.5	0	3444.5
542.425	3598.5	0	3598.5
542.554	3838.5	0	3838.5
542.684	4243	0	4243
542.813	3817.25	0	3817.25
542.942	3471.75	0	3471.75
543.072	3426.75	0	3426.75
543.201	3500.75	0	3500.75
543.33	3557	0	3557
543.459	3675	0	3675
543.588	3951.25	0	3951.25
543.718	3839.75	0	3839.75
543.847	3866.25	0	3866.25
543.976	4358.5	0	4358.5
544.105	4919.5	0	4919.5
544.234	5095.5	0	5095.5
544.363	3786.25	0	3786.25
544.492	3595	0	3595
544.621	3793.75	0	3793.75
544.75	4013.25	0	4013.25
544.88	3889.75	0	3889.75
545.009	3874	0	3874
545.138	3664	0	3664
545.266	3817.25	0	3817.25
545.396	3636.5	0	3636.5
545.525	3542.25	0	3542.25
545.653	3649	0	3649
545.782	3895.5	0	3895.5
545.911	4136	0	4136
546.04	4383.25	0	4383.25
546.169	4409	0	4409
546.298	4285	0	4285
546.427	3786.25	0	3786.25
546.556	3774	0	3774
546.685	3535.5	0	3535.5
546.813	3538	0	3538
546.942	3388.5	0	3388.5
547.071	3503	0	3503
547.2	3719	0	3719
547.328	3808.25	0	3808.25
547.457	3558.5	0	3558.5
547.586	3464.75	0	3464.75
547.715	3504	0	3504
547.843	3502	0	3502
547.972	3644.5	0	3644.5
548.101	3848.25	0	3848.25
548.229	3829.25	0	3829.25
548.358	4081.5	0	4081.5
548.487	4136.5	0	4136.5
548.615	4209.75	0	4209.75
548.744	3949.5	0	3949.5
548.872	3899.5	0	3899.5
549.001	3710.25	0	3710.25
549.129	3835.75	0	3835.75
549.258	3936.75	0	3936.75
549.387	3553.75	0	3553.75
549.515	3508.25	0	3508.25
549.643	3552.5	0	3552.5
549.772	3457.25	0	3457.25
549.9	3466.25	0	3466.25
550.029	3446.75	0	3446.75
550.157	3430	0	3430
550.286	3567.25	0	3567.25
550.414	3625	0	3625
550.542	3591.5	0	3591.5
550.671	3820.25	0	3820.25
550.799	3788.5	0	3788.5
550.927	4086.5	0	4086.5
551.056	3624.5	0	3624.5
551.184	3572.75	0	3572.75
551.312	3696	0	3696
551.441	3718.25	0	3718.25
551.569	3841.75	0	3841.75
551.697	3793.75	0	3793.75
551.825	3546.25	0	3546.25
551.953	3364.5	0	3364.5
552.082	3383.5	0	3383.5
552.21	3577.25	0	3577.25
552.338	3348.25	0	3348.25
552.466	3458.5	0	3458.5
552.594	3786.25	0	3786.25
552.722	4035.75	0	4035.75
552.851	4073.5	0	4073.5
552.979	3504.5	0	3504.5
553.107	3405.75	0	3405.75
553.235	3507	0	3507
553.363	3533.25	0	3533.25
553.491	3586.75	0	3586.75
553.619	3624.25	0	3624.25
553.747	3585.75	0	3585.75
553.875	3448	0	3448
554.003	3438.5	0	3438.5
554.131	3399.25	0	3399.25
554.259	3541	0	3541
554.387	3712.75	0	3712.75
554.514	3724	0	3724
554.642	3842.75	0	3842.75
554.77	3676.5	0	3676.5
554.898	3929.5	0	3929.5
555.026	4274.75	0	4274.75
555.154	4090	0	4090
555.281	4215.75	0	4215.75
555.409	4830.75	0	4830.75
555.537	5251.25	0	5251.25
555.665	4749.75	0	4749.75
555.793	3669	0	3669
555.92	3255.75	0	3255.75
556.048	3266.25	0	3266.25
556.176	3247	0	3247
556.303	3229.75	0	3229.75
556.431	3308.5	0	3308.5
556.559	3354.25	0	3354.25
556.686	3547	0	3547
556.814	3657	0	3657
556.942	3368.25	0	3368.25
557.069	3244.75	0	3244.75
557.197	3285.5	0	3285.5
557.324	3321.5	0	3321.5
557.452	3469	0	3469
557.579	3752.5	0	3752.5
557.707	3550.25	0	3550.25
557.835	3508.75	0	3508.75
557.962	3813.25	0	3813.25
558.089	4294.5	0	4294.5
558.217	4209.75	0	4209.75
558.344	3844.5	0	3844.5
558.472	3155.75	0	3155.75
558.599	3088	0	3088
558.727	3111.25	0	3111.25
558.854	3207.25	0	3207.25
558.981	3471.75	0	3471.75
559.109	3920.75	0	3920.75
559.236	3799	0	3799
559.363	3556.5	0	3556.5
559.491	3775	0	3775
559.618	3711.25	0	3711.25
559.745	3428.75	0	3428.75
559.872	3503	0	3503
560	3460.25	0	3460.25
560.127	3437	0	3437
560.254	3378	0	3378
560.381	3480.75	0	3480.75
560.508	3402	0	3402
560.636	3498	0	3498
560.763	3803	0	3803
560.89	3800	0	3800
561.017	3334.75	0	3334.75
561.144	3092	0	3092
561.271	2908.5	0	2908.5
561.398	2896	0	2896
561.525	2909	0	2909
561.652	2862.25	0	2862.25
561.779	2926	0	2926
561.906	2980.25	0	2980.25
562.033	3132.5	0	3132.5
562.16	3128.5	0	3128.5
562.287	3132	0	3132
562.414	3040.5	0	3040.5
562.541	2944.5	0	2944.5
562.668	2879.75	0	2879.75
562.795	2812.75	0	2812.75
562.922	2892	0	2892
563.049	3173.75	0	3173.75
563.175	3824.25	0	3824.25
563.302	4521.75	0	4521.75
563.429	4269.75	0	4269.75
563.556	3152	0	3152
563.683	3135.75	0	3135.75
563.809	3438	0	3438
563.936	3691.75	0	3691.75
564.063	3700.25	0	3700.25
564.19	3294	0	3294
564.316	3275.75	0	3275.75
564.443	3922	0	3922
564.57	4768.75	0	4768.75
564.696	5556.5	0	5556.5
564.823	3547	0	3547
564.95	3362.25	0	3362.25
565.076	3239.5	0	3239.5
565.203	2896.75	0	2896.75
565.33	2960.75	0	2960.75
565.456	2933	0	2933
565.583	2959.5	0	2959.5
565.709	3157.25	0	3157.25
565.836	3299.75	0	3299.75
565.962	3189.25	0	3189.25
566.089	3095	0	3095
566.215	3200.75	0	3200.75
566.341	3363.5	0	3363.5
566.468	3465.75	0	3465.75
566.594	3801	0	3801
566.721	5036	0	5036
566.847	6821.25	0	6821.25
566.974	8696.75	0	8696.75
567.1	6465.75	0	6465.75
567.226	4584.5	0	4584.5
567.353	4768	0	4768
567.479	5855.5	0	5855.5
567.605	6757.75	0	6757.75
567.732	5251.25	0	5251.25
567.858	4351.75	0	4351.75
567.984	4453	0	4453
568.11	4538.25	0	4538.25
568.236	4604.25	0	4604.25
568.363	4327.5	0	4327.5
568.489	4098.25	0	4098.25
568.615	3899	0	3899
568.741	3818	0	3818
568.867	3813.5	0	3813.5
568.993	3552.75	0	3552.75
569.12	3244	0	3244
569.246	3143	0	3143
569.372	3098	0	3098
569.498	3157.25	0	3157.25
569.624	3199.25	0	3199.25
569.75	3208	0	3208
569.876	2947	0	2947
570.002	2905	0	2905
570.128	2997	0	2997
570.254	3106.5	0	3106.5
570.38	2831.5	0	2831.5
570.506	2713.5	0	2713.5
570.632	2801.5	0	2801.5
570.758	3006	0	3006
570.883	3497.75	0	3497.75
571.009	4320.25	0	4320.25
571.135	4608.25	0	4608.25
571.261	3336.75	0	3336.75
571.387	3394.5	0	3394.5
571.513	2993.25	0	2993.25
571.638	2983	0	2983
571.764	3187	0	3187
571.89	3535.75	0	3535.75
572.016	3902.25	0	3902.25
572.141	3643	0	3643
572.267	2702.5	0	2702.5
572.393	2612.5	0	2612.5
572.518	2554.75	0	2554.75
572.644	2582.5	0	2582.5
572.77	2727.5	0	2727.5
572.895	2792.75	0	2792.75
573.021	3143.25	0	3143.25
573.147	3405.25	0	3405.25
573.272	3718.25	0	3718.25
573.398	4175.75	0	4175.75
573.523	2889.25	0	2889.25
573.649	2587.5	0	2587.5
573.774	2657	0	2657
573.9	2734.5	0	2734.5
574.025	2723.75	0	2723.75
574.151	2910	0	2910
574.276	2835.75	0	2835.75
574.402	2508	0	2508
574.527	2515.25	0	2515.25
574.652	2654.25	0	2654.25
574.778	2640.5	0	2640.5
574.903	2675.75	0	2675.75
575.029	2638.5	0	2638.5
575.154	2614	0	2614
575.279	2612	0	2612
575.405	2987.75	0	2987.75
575.53	3442.75	0	3442.75
575.655	3487.75	0	3487.75
575.78	2819	0	2819
575.906	2580	0	2580
576.031	2456.25	0	2456.25
576.156	2507.25	0	2507.25
576.281	3065.75	0	3065.75
576.406	3744	0	3744
576.532	3887	0	3887
576.657	2714	0	2714
576.782	2953.5	0	2953.5
576.907	3426.75	0	3426.75
577.032	3023.5	0	3023.5
577.157	2413	0	2413
577.282	2310.5	0	2310.5
577.407	2467.25	0	2467.25
577.532	2606.25	0	2606.25
577.657	2417.25	0	2417.25
577.782	2427	0	2427
577.907	2657.25	0	2657.25
578.032	2915	0	2915
578.157	2641.5	0	2641.5
578.282	2452	0	2452
578.407	2616	0	2616
578.532	2505	0	2505
578.657	2325	0	2325
578.782	2247.25	0	2247.25
578.907	2439.5	0	2439.5
579.031	2925	0	2925
579.156	3452.5	0	3452.5
579.281	3200.5	0	3200.5
579.406	2518	0	2518
579.531	2489.25	0	2489.25
579.655	2545	0	2545
579.78	2784.25	0	2784.25
579.905	3013.25	0	3013.25
580.03	2286.5	0	2286.5
580.154	2177	0	2177
580.279	2104.5	0	2104.5
580.404	2202	0	2202
580.528	2382.5	0	2382.5
580.653	2555.75	0	2555.75
580.778	2757.5	0	2757.5
580.902	2797.25	0	2797.25
581.027	2256.5	0	2256.5
581.151	2165.75	0	2165.75
581.276	2143.25	0	2143.25
581.4	2238.75	0	2238.75
581.525	2315.5	0	2315.5
581.649	2328.25	0	2328.25
581.774	2343.75	0	2343.75
581.898	2447	0	2447
582.023	2606.75	0	2606.75
582.147	2884.75	0	2884.75
582.272	3621	0	3621
582.396	4742.25	0	4742.25
582.52	3551.5	0	3551.5
582.645	2475.75	0	2475.75
582.769	2256.25	0	2256.25
582.893	2234.5	0	2234.5
583.018	2244	0	2244
583.142	2199.25	0	2199.25
583.266	2089.25	0	2089.25
583.391	2104.5	0	2104.5
583.515	2122.25	0	2122.25
583.639	2285	0	2285
583.763	2677.5	0	2677.5
583.888	3306.5	0	3306.5
584.012	3470.75	0	3470.75
584.136	3667.5	0	3667.5
584.26	4814.5	0	4814.5
584.384	4176.75	0	4176.75
584.508	2712.75	0	2712.75
584.632	2742.25	0	2742.25
584.757	2707.25	0	2707.25
584.881	2339.75	0	2339.75
585.005	2440.75	0	2440.75
585.129	2449.25	0	2449.25
585.253	2230.5	0	2230.5
585.377	2244	0	2244
585.501	2300.75	0	2300.75
585.625	2362.75	0	2362.75
585.749	2420	0	2420
585.873	2373.75	0	2373.75
585.997	2426	0	2426
586.12	2483.25	0	2483.25
586.244	2265.75	0	2265.75
586.368	2213.5	0	2213.5
586.492	2268.75	0	2268.75
586.616	2485	0	2485
586.74	2708	0	2708
586.864	3019.75	0	3019.75
586.987	3527.75	0	3527.75
587.111	3743.75	0	3743.75
587.235	2628.5	0	2628.5
587.359	2375	0	2375
587.482	2241.25	0	2241.25
587.606	2297.75	0	2297.75
587.73	2586.25	0	2586.25
587.854	3049.75	0	3049.75
587.977	3282.5	0	3282.5
588.101	2937	0	2937
588.224	2738.25	0	2738.25
588.348	2348.5	0	2348.5
588.472	2120.75	0	2120.75
588.595	2120.75	0	2120.75
588.719	2068	0	2068
588.842	2086.5	0	2086.5
588.966	2137.75	0	2137.75
589.089	2171.25	0	2171.25
589.213	2187.25	0	2187.25
589.336	2458	0	2458
589.46	2765.25	0	2765.25
589.583	2479.75	0	2479.75
589.707	2478	0	2478
589.83	2691	0	2691
589.954	2552.5	0	2552.5
590.077	2625	0	2625
590.2	2653.25	0	2653.25
590.324	3271.5	0	3271.5
590.447	4276.5	0	4276.5
590.57	4153.25	0	4153.25
590.694	2599.5	0	2599.5
590.817	2612.5	0	2612.5
590.94	2417.25	0	2417.25
591.063	2026.75	0	2026.75
591.187	2040	0	2040
591.31	2035.25	0	2035.25
591.433	2091.25	0	2091.25
591.556	2052.5	0	2052.5
591.679	2019.75	0	2019.75
591.803	2035.5	0	2035.5
591.926	2096	0	2096
592.049	2105	0	2105
592.172	2193.75	0	2193.75
592.295	2294.25	0	2294.25
592.418	2362.75	0	2362.75
592.541	2202.5	0	2202.5
592.664	2201.5	0	2201.5
592.787	2207.75	0	2207.75
592.91	2344.5	0	2344.5
593.033	2536.75	0	2536.75
593.156	2838.25	0	2838.25
593.279	2897.75	0	2897.75
593.402	2530.75	0	2530.75
593.525	2493.75	0	2493.75
593.648	2616.75	0	2616.75
593.771	2761.5	0	2761.5
593.894	2917.25	0	2917.25
594.016	2567.75	0	2567.75
594.139	2432.25	0	2432.25
594.262	2492.25	0	2492.25
594.385	2483.25	0	2483.25
594.508	2442	0	2442
594.63	2429.25	0	2429.25
594.753	2410	0	2410
594.876	2379.5	0	2379.5
594.999	2327.5	0	2327.5
595.121	2271	0	2271
595.244	2367.5	0	2367.5
595.367	2428	0	2428
595.489	2424.75	0	2424.75
595.612	2272.75	0	2272.75
595.735	2159.5	0	2159.5
595.857	2167.25	0	2167.25
595.98	2252.5	0	2252.5
596.102	2339.75	0	2339.75
596.225	2501.25	0	2501.25
596.347	2141.75	0	2141.75
596.47	2045.5	0	2045.5
596.592	2045.25	0	2045.25
596.715	2121.75	0	2121.75
596.837	2149	0	2149
596.96	2171.75	0	2171.75
597.082	2134.25	0	2134.25
597.205	2085.5	0	2085.5
597.327	2092.75	0	2092.75
597.449	2217.5	0	2217.5
597.572	2294.25	0	2294.25
597.694	2148	0	2148
597.816	2113.75	0	2113.75
597.939	2052.75	0	2052.75
598.061	2008.25	0	2008.25
598.183	2029	0	2029
598.306	2026.5	0	2026.5
598.428	2206.25	0	2206.25
598.55	2386.25	0	2386.25
598.672	3014.5	0	3014.5
598.795	3524.5	0	3524.5
598.917	2744.75	0	2744.75
599.039	2915.5	0	2915.5
599.161	2431.5	0	2431.5
599.283	2003.75	0	2003.75
599.405	1944.75	0	1944.75
599.527	1938.25	0	1938.25
599.65	1920.25	0	1920.25
599.772	1952.25	0	1952.25
599.894	2004.25	0	2004.25
600.016	2220.75	0	2220.75
600.138	2505	0	2505
600.26	2646	0	2646
600.382	2136	0	2136
600.504	1938.5	0	1938.5
600.625	1860.25	0	1860.25
600.747	1830.5	0	1830.5
600.869	1841	0	1841
600.991	1888.5	0	1888.5
601.113	1879.75	0	1879.75
601.235	1863.5	0	1863.5
601.357	1858.75	0	1858.75
601.479	1862	0	1862
601.6	1870.25	0	1870.25
601.722	1840.75	0	1840.75
601.844	1887.75	0	1887.75
601.966	1876.75	0	1876.75
602.087	1905.5	0	1905.5
602.209	1899	0	1899
602.331	2003.25	0	2003.25
602.453	2019.25	0	2019.25
602.574	2083.75	0	2083.75
602.696	2131.25	0	2131.25
602.818	1930.5	0	1930.5
602.939	1869.5	0	1869.5
603.061	1862	0	1862
603.182	1927.25	0	1927.25
603.304	2128.5	0	2128.5
603.426	2370.25	0	2370.25
603.547	2259.25	0	2259.25
603.669	2192	0	2192
603.79	1885.5	0	1885.5
603.912	1836.25	0	1836.25
604.033	1874.5	0	1874.5
604.154	1881	0	1881
604.276	1888	0	1888
604.397	1966.75	0	1966.75
604.519	2091	0	2091
604.64	2136.25	0	2136.25
604.761	2142.5	0	2142.5
604.883	2194	0	2194
605.004	2282.25	0	2282.25
605.125	2048	0	2048
605.247	2111	0	2111
605.368	2113.75	0	2113.75
605.489	1945	0	1945
605.611	1965.5	0	1965.5
605.732	1918.5	0	1918.5
605.853	1919	0	1919
605.974	1997.75	0	1997.75
606.095	2137.5	0	2137.5
606.216	1918.75	0	1918.75
606.338	1772.25	0	1772.25
606.459	1774	0	1774
606.58	1806.75	0	1806.75
606.701	1872.25	0	1872.25
606.822	1847.25	0	1847.25
606.943	1824.5	0	1824.5
607.064	1914.5	0	1914.5
607.185	1982.75	0	1982.75
607.306	1930.5	0	1930.5
607.427	1855.5	0	1855.5
607.548	1873.75	0	1873.75
607.669	1909.75	0	1909.75
607.79	1881.25	0	1881.25
607.911	1824.75	0	1824.75
608.032	1768.25	0	1768.25
608.153	1691.75	0	1691.75
608.274	1727.25	0	1727.25
608.394	1761.5	0	1761.5
608.515	1749.75	0	1749.75
608.636	1793.5	0	1793.5
608.757	1798.75	0	1798.75
608.878	1819	0	1819
608.998	1761.25	0	1761.25
609.119	1697.25	0	1697.25
609.24	1693.75	0	1693.75
609.361	1714.75	0	1714.75
609.481	1753.5	0	1753.5
609.602	1751.5	0	1751.5
609.723	1731	0	1731
609.843	1718.25	0	1718.25
609.964	1694.75	0	1694.75
610.085	1602.75	0	1602.75
610.205	1651.75	0	1651.75
610.326	1635.5	0	1635.5
610.446	1691	0	1691
610.567	1726.75	0	1726.75
610.687	1831.25	0	1831.25
610.808	1828.25	0	1828.25
610.928	1807.25	0	1807.25
611.049	1795	0	1795
611.169	1956.75	0	1956.75
611.29	1872	0	1872
611.41	1794.5	0	1794.5
611.531	1864	0	1864
611.651	1740	0	1740
611.771	1683.25	0	1683.25
611.892	1703	0	1703
612.012	1693.25	0	1693.25
612.132	1733	0	1733
612.253	1727.5	0	1727.5
612.373	1819	0	1819
612.493	1882	0	1882
612.613	1873.5	0	1873.5
612.734	1821	0	1821
612.854	1837.25	0	1837.25
612.974	1801.5	0	1801.5
613.094	1883	0	1883
613.214	1922.75	0	1922.75
613.335	2056	0	2056
613.455	1964.5	0	1964.5
613.575	1857.25	0	1857.25
613.695	1731.5	0	1731.5
613.815	1737.25	0	1737.25
613.935	1776.5	0	1776.5
614.055	1721.25	0	1721.25
614.175	1767	0	1767
614.295	1834.75	0	1834.75
614.415	1861	0	1861
614.535	1845.75	0	1845.75
614.655	2022.5	0	2022.5
614.775	1980.5	0	1980.5
614.895	1842.25	0	1842.25
615.015	1921.5	0	1921.5
615.135	2002.75	0	2002.75
615.254	2133.75	0	2133.75
615.374	1916.75	0	1916.75
615.494	1800.5	0	1800.5
615.614	1909.75	0	1909.75
615.734	1869.75	0	1869.75
615.854	1846.25	0	1846.25
615.973	1821.25	0	1821.25
616.093	1766.25	0	1766.25
616.213	1717.25	0	1717.25
616.332	1775.25	0	1775.25
616.452	1841	0	1841
616.572	1832	0	1832
616.691	1882	0	1882
616.811	1988.5	0	1988.5
616.931	1969.5	0	1969.5
617.05	1763.5	0	1763.5
617.17	1724	0	1724
617.289	1694.5	0	1694.5
617.409	1676.25	0	1676.25
617.529	1717.25	0	1717.25
617.648	1685.75	0	1685.75
617.768	1700.5	0	1700.5
617.887	1765.25	0	1765.25
618.006	1762.5	0	1762.5
618.126	1776.5	0	1776.5
618.245	1752.75	0	1752.75
618.365	1728.75	0	1728.75
618.484	1733	0	1733
618.604	1722.25	0	1722.25
618.723	1742.25	0	1742.25
618.842	1737.75	0	1737.75
618.962	1725.75	0	1725.75
619.081	1780.5	0	1780.5
619.2	1765.5	0	1765.5
619.319	1663.5	0	1663.5
619.439	1701.25	0	1701.25
619.558	1658.25	0	1658.25
619.677	1784.25	0	1784.25
619.796	1795.25	0	1795.25
619.916	1691.75	0	1691.75
620.035	1676	0	1676
620.154	1719.5	0	1719.5
620.273	1739.5	0	1739.5
620.392	1735	0	1735
620.511	1681.75	0	1681.75
620.63	1666.5	0	1666.5
620.749	1710.75	0	1710.75
620.868	1769.25	0	1769.25
620.987	1683.5	0	1683.5
621.106	1607.25	0	1607.25
621.225	1548.25	0	1548.25
621.344	1554.25	0	1554.25
621.463	1614	0	1614
621.582	1670.25	0	1670.25
621.701	1790	0	1790
621.82	1825.5	0	1825.5
621.939	1665.5	0	1665.5
622.058	1676	0	1676
622.177	1718	0	1718
622.295	1762	0	1762
622.414	1795.75	0	1795.75
622.533	1823.25	0	1823.25
622.652	1909.5	0	1909.5
622.771	1679	0	1679
622.889	1527.5	0	1527.5
623.008	1512.75	0	1512.75
623.127	1532.5	0	1532.5
623.245	1556.75	0	1556.75
623.364	1614	0	1614
623.483	1675.25	0	1675.25
623.601	1637.75	0	1637.75
623.72	1563.25	0	1563.25
623.839	1533.75	0	1533.75
623.957	1526	0	1526
624.076	1545.5	0	1545.5
624.194	1530.75	0	1530.75
624.313	1542.5	0	1542.5
624.431	1518.25	0	1518.25
624.55	1535	0	1535
624.668	1515.75	0	1515.75
624.787	1521.25	0	1521.25
624.905	1493.25	0	1493.25
625.024	1506	0	1506
625.142	1501.5	0	1501.5
625.26	1522.25	0	1522.25
625.379	1614	0	1614
625.497	1766	0	1766
625.615	1904.5	0	1904.5
625.734	1635.25	0	1635.25
625.852	1472.5	0	1472.5
625.97	1444	0	1444
626.089	1438	0	1438
626.207	1496.75	0	1496.75
626.325	1511.5	0	1511.5
626.443	1619.25	0	1619.25
626.561	1697	0	1697
626.68	1456	0	1456
626.798	1449.75	0	1449.75
626.916	1406.25	0	1406.25
627.034	1447	0	1447
627.152	1449	0	1449
627.27	1476.5	0	1476.5
627.388	1472.75	0	1472.75
627.506	1455.5	0	1455.5
627.624	1431	0	1431
627.742	1471	0	1471
627.86	1512.75	0	1512.75
627.978	1577.75	0	1577.75
628.096	1479.25	0	1479.25
628.214	1451	0	1451
628.332	1455.5	0	1455.5
628.45	1394.25	0	1394.25
628.568	1402.25	0	1402.25
628.686	1422.5	0	1422.5
628.804	1433.5	0	1433.5
628.921	1500.25	0	1500.25
629.039	1605.5	0	1605.5
629.157	1573	0	1573
629.275	1461.25	0	1461.25
629.393	1358.25	0	1358.25
629.51	1384.5	0	1384.5
629.628	1302.75	0	1302.75
629.746	1356	0	1356
629.864	1345	0	1345
629.981	1330	0	1330
630.099	1330.25	0	1330.25
630.216	1334.25	0	1334.25
630.334	1350	0	1350
630.452	1383.5	0	1383.5
630.569	1345	0	1345
630.687	1310.5	0	1310.5
630.804	1311	0	1311
630.922	1302.5	0	1302.5
631.039	1298.75	0	1298.75
631.157	1333.5	0	1333.5
631.274	1323.75	0	1323.75
631.392	1399	0	1399
631.509	1350.75	0	1350.75
631.627	1339.75	0	1339.75
631.744	1391.25	0	1391.25
631.861	1327.75	0	1327.75
631.979	1303	0	1303
632.096	1291.25	0	1291.25
632.213	1318.25	0	1318.25
632.331	1290.5	0	1290.5
632.448	1326.25	0	1326.25
632.565	1302	0	1302
632.683	1270.5	0	1270.5
632.8	1258.5	0	1258.5
632.917	1317.75	0	1317.75
633.034	1378	0	1378
633.151	1315.5	0	1315.5
633.269	1290.25	0	1290.25
633.386	1368.25	0	1368.25
633.503	1365.25	0	1365.25
633.62	1413.5	0	1413.5
633.737	1341.25	0	1341.25
633.854	1294.5	0	1294.5
633.971	1257	0	1257
634.088	1212.5	0	1212.5
634.205	1244.75	0	1244.75
634.322	1215.5	0	1215.5
634.439	1240.75	0	1240.75
634.556	1263	0	1263
634.673	1269.75	0	1269.75
634.79	1291.25	0	1291.25
634.907	1323.25	0	1323.25
635.024	1414.75	0	1414.75
635.141	1441.5	0	1441.5
635.258	1421.75	0	1421.75
635.375	1441	0	1441
635.491	1293	0	1293
635.608	1251.25	0	1251.25
635.725	1272.75	0	1272.75
635.842	1274.25	0	1274.25
635.958	1346.5	0	1346.5
636.075	1281	0	1281
636.192	1254	0	1254
636.309	1237.75	0	1237.75
636.425	1251	0	1251
636.542	1230.25	0	1230.25
636.659	1222	0	1222
636.775	1263.5	0	1263.5
636.892	1206.25	0	1206.25
637.008	1231.5	0	1231.5
637.125	1247	0	1247
637.241	1230.5	0	1230.5
637.358	1294.25	0	1294.25
637.475	1248.5	0	1248.5
637.591	1227.75	0	1227.75
637.707	1215	0	1215
637.824	1185.25	0	1185.25
637.94	1227	0	1227
638.057	1223.25	0	1223.25
638.173	1217.25	0	1217.25
638.29	1215	0	1215
638.406	1239.5	0	1239.5
638.522	1218	0	1218
638.639	1207	0	1207
638.755	1215.5	0	1215.5
638.871	1253.5	0	1253.5
638.987	1194.75	0	1194.75
639.104	1175.5	0	1175.5
639.22	1199	0	1199
639.336	1229.25	0	1229.25
639.452	1163.75	0	1163.75
639.569	1163.25	0	1163.25
639.685	1172.25	0	1172.25
639.801	1161	0	1161
639.917	1160	0	1160
640.033	1193.25	0	1193.25
640.149	1152.5	0	1152.5
640.265	1184.5	0	1184.5
640.381	1200	0	1200
640.497	1140	0	1140
640.613	1139.5	0	1139.5
640.729	1142.75	0	1142.75
640.845	1163.75	0	1163.75
640.961	1142	0	1142
641.077	1149.5	0	1149.5
641.193	1149.75	0	1149.75
641.309	1133.75	0	1133.75
641.425	1132.25	0	1132.25
641.541	1132	0	1132
641.657	1167.75	0	1167.75
641.773	1142.25	0	1142.25
641.888	1147.25	0	1147.25
642.004	1134.5	0	1134.5
642.12	1144.5	0	1144.5
642.236	1148.75	0	1148.75
642.352	1106	0	1106
642.467	1109.5	0	1109.5
642.583	1153.75	0	1153.75
642.699	1131.25	0	1131.25
642.814	1095.25	0	1095.25
642.93	1127.5	0	1127.5
643.046	1129.25	0	1129.25
643.161	1195.75	0	1195.75
643.277	1263	0	1263
643.392	1600	0	1600
643.508	1907.25	0	1907.25
643.623	1432.5	0	1432.5
643.739	1511.75	0	1511.75
643.854	1341	0	1341
643.97	1254	0	1254
644.085	1210	0	1210
644.201	1183.75	0	1183.75
644.316	1151.75	0	1151.75
644.432	1093.5	0	1093.5
644.547	1109.5	0	1109.5
644.663	1122	0	1122
644.778	1121.25	0	1121.25
644.893	1104.25	0	1104.25
645.008	1097.75	0	1097.75
645.124	1106.75	0	1106.75
645.239	1129.5	0	1129.5
645.354	1203	0	1203
645.47	1193.5	0	1193.5
645.585	1111.75	0	1111.75
645.7	1092.25	0	1092.25
645.815	1111.25	0	1111.25
645.93	1134.5	0	1134.5
646.046	1107.25	0	1107.25
646.161	1122.25	0	1122.25
646.276	1090	0	1090
646.391	1118.5	0	1118.5
646.506	1079.25	0	1079.25
646.621	1118	0	1118
646.736	1176	0	1176
646.851	1337	0	1337
646.966	1229.25	0	1229.25
647.081	1176.5	0	1176.5
647.196	1141	0	1141
647.311	1112	0	1112
647.426	1105	0	1105
647.541	1163	0	1163
647.656	1145.25	0	1145.25
647.771	1146	0	1146
647.885	1226	0	1226
648	1174.5	0	1174.5
648.115	1181.5	0	1181.5
648.23	1168.5	0	1168.5
648.345	1153	0	1153
648.459	1146.5	0	1146.5
648.574	1167.75	0	1167.75
648.689	1209.75	0	1209.75
648.804	1242.25	0	1242.25
648.918	1267	0	1267
649.033	1235.75	0	1235.75
649.148	1247.75	0	1247.75
649.262	1223.25	0	1223.25
649.377	1182.5	0	1182.5
649.491	1219.5	0	1219.5
649.606	1293.25	0	1293.25
649.721	1300.75	0	1300.75
649.835	1229.5	0	1229.5
649.95	1326.25	0	1326.25
650.064	1396.75	0	1396.75
650.179	1410.5	0	1410.5
650.293	1355.75	0	1355.75
650.408	1327.75	0	1327.75
650.522	1323	0	1323
650.636	1302.25	0	1302.25
650.751	1298.25	0	1298.25
650.865	1264.25	0	1264.25
650.979	1247.75	0	1247.75
651.094	1248.5	0	1248.5
651.208	1261	0	1261
651.322	1237	0	1237
651.437	1272	0	1272
651.551	1293.75	0	1293.75
651.665	1257.25	0	1257.25
651.779	1245.5	0	1245.5
651.894	1242.5	0	1242.5
652.008	1372.5	0	1372.5
652.122	1317.75	0	1317.75
652.236	1302.5	0	1302.5
652.35	1295.75	0	1295.75
652.464	1296.75	0	1296.75
652.578	1295.75	0	1295.75
652.693	1241.75	0	1241.75
652.807	1248.25	0	1248.25
652.921	1253.75	0	1253.75
653.035	1222.25	0	1222.25
653.149	1236.25	0	1236.25
653.263	1225.25	0	1225.25
653.376	1215.5	0	1215.5
653.49	1182.25	0	1182.25
653.604	1213	0	1213
653.718	1230.5	0	1230.5
653.832	1272	0	1272
653.946	1209.25	0	1209.25
654.06	1236	0	1236
654.174	1253.5	0	1253.5
654.287	1237.25	0	1237.25
654.401	1312.5	0	1312.5
654.515	1278	0	1278
654.629	1297.5	0	1297.5
654.743	1401.75	0	1401.75
654.856	1844.5	0	1844.5
654.97	1720.75	0	1720.75
655.084	1288.5	0	1288.5
655.197	1292.75	0	1292.75
655.311	1251.25	0	1251.25
655.424	1269.75	0	1269.75
655.538	1367.25	0	1367.25
655.652	1368.75	0	1368.75
655.765	1316.25	0	1316.25
655.879	1308	0	1308
655.992	1385.75	0	1385.75
656.106	1475.5	0	1475.5
656.219	1474.75	0	1474.75
656.333	1432.5	0	1432.5
656.446	1484.5	0	1484.5
656.56	1497.25	0	1497.25
656.673	1470.25	0	1470.25
656.786	1493.75	0	1493.75
656.9	1436.25	0	1436.25
657.013	1400.25	0	1400.25
657.127	1407	0	1407
657.24	1394.5	0	1394.5
657.353	1315.25	0	1315.25
657.466	1312.5	0	1312.5
657.58	1302.5	0	1302.5
657.693	1289.5	0	1289.5
657.806	1323.25	0	1323.25
657.919	1435.5	0	1435.5
658.032	1431.25	0	1431.25
658.146	1341.25	0	1341.25
658.259	1284.25	0	1284.25
658.372	1258.5	0	1258.5
658.485	1289.75	0	1289.75
658.598	1251	0	1251
658.711	1190	0	1190
658.824	1231.5	0	1231.5
658.937	1204.75	0	1204.75
659.05	1178.25	0	1178.25
659.163	1183	0	1183
659.276	1156.5	0	1156.5
659.389	1181.75	0	1181.75
659.502	1239.75	0	1239.75
659.615	1265	0	1265
659.728	1239	0	1239
659.841	1217.75	0	1217.75
659.954	1250.25	0	1250.25
660.067	1246.75	0	1246.75
660.179	1268	0	1268
660.292	1236	0	1236
660.405	1229.75	0	1229.75
660.518	1217	0	1217
660.63	1254.75	0	1254.75
660.743	1243	0	1243
660.856	1258	0	1258
660.969	1327.25	0	1327.25
661.081	1403.5	0	1403.5
661.194	1374.25	0	1374.25
661.307	1241.5	0	1241.5
661.419	1175	0	1175
661.532	1249.5	0	1249.5
661.644	1227.25	0	1227.25
661.757	1310.5	0	1310.5
661.869	1410.25	0	1410.25
661.982	1185	0	1185
662.094	1180.25	0	1180.25
662.207	1169	0	1169
662.319	1166.75	0	1166.75
662.432	1169.5	0	1169.5
662.544	1162	0	1162
662.656	1109	0	1109
662.769	1114.5	0	1114.5
662.881	1096.75	0	1096.75
662.994	1102.75	0	1102.75
663.106	1176	0	1176
663.218	1186	0	1186
663.331	1219.75	0	1219.75
663.443	1139.25	0	1139.25
663.555	1054.25	0	1054.25
663.667	1064.5	0	1064.5
663.779	1056	0	1056
663.892	1068.25	0	1068.25
664.004	1062	0	1062
664.116	1022	0	1022
664.228	1047.25	0	1047.25
664.34	1005	0	1005
664.452	1044.5	0	1044.5
664.564	1046	0	1046
664.676	1005.5	0	1005.5
664.788	1054	0	1054
664.901	1082	0	1082
665.012	1081.75	0	1081.75
665.125	1068	0	1068
665.236	1058.75	0	1058.75
665.348	999	0	999
665.46	990	0	990
665.572	1013.25	0	1013.25
665.684	1005	0	1005
665.796	1007.75	0	1007.75
665.908	1004.5	0	1004.5
666.02	1100.5	0	1100.5
666.131	1037.5	0	1037.5
666.243	1163.5	0	1163.5
666.355	1504.75	0	1504.75
666.467	2930.25	0	2930.25
666.578	2874.75	0	2874.75
666.69	1231.75	0	1231.75
666.802	1011.75	0	1011.75
666.914	977.25	0	977.25
667.025	1005.5	0	1005.5
667.137	978.25	0	978.25
667.248	945.25	0	945.25
667.36	918.75	0	918.75
667.472	907.5	0	907.5
667.583	920.75	0	920.75
667.695	942	0	942
667.806	979	0	979
667.918	1026.75	0	1026.75
668.029	1385.25	0	1385.25
668.141	2581.75	0	2581.75
668.252	1880	0	1880
668.363	1099	0	1099
668.475	952.25	0	952.25
668.586	939.5	0	939.5
668.698	912.75	0	912.75
668.809	919.5	0	919.5
668.92	862	0	862
669.032	882.5	0	882.5
669.143	902.75	0	902.75
669.254	869.25	0	869.25
669.365	849.25	0	849.25
669.477	869.5	0	869.5
669.588	899.25	0	899.25
669.699	855.75	0	855.75
669.81	886.5	0	886.5
669.921	900	0	900
670.032	957.25	0	957.25
670.143	986	0	986
670.255	873.25	0	873.25
670.366	980.75	0	980.75
670.477	1296.5	0	1296.5
670.588	1453	0	1453
670.699	948	0	948
670.81	880.5	0	880.5
670.921	849.25	0	849.25
671.032	850.25	0	850.25
671.143	863	0	863
671.253	850	0	850
671.364	885.25	0	885.25
671.475	875.5	0	875.5
671.586	869.5	0	869.5
671.697	860.5	0	860.5
671.808	833	0	833
671.919	846.5	0	846.5
672.029	877.75	0	877.75
672.14	928.25	0	928.25
672.251	979.75	0	979.75
672.362	910.5	0	910.5
672.472	913.25	0	913.25
672.583	1005.25	0	1005.25
672.694	1334.5	0	1334.5
672.804	2098.25	0	2098.25
672.915	1169.25	0	1169.25
673.025	917.5	0	917.5
673.136	871	0	871
673.247	862.75	0	862.75
673.357	876.5	0	876.5
673.468	842.5	0	842.5
673.578	842.25	0	842.25
673.689	835.5	0	835.5
673.799	803.75	0	803.75
673.91	817.25	0	817.25
674.02	831.25	0	831.25
674.13	887	0	887
674.241	989.25	0	989.25
674.351	1276.75	0	1276.75
674.461	1468.5	0	1468.5
674.572	956.5	0	956.5
674.682	884.5	0	884.5
674.792	866.5	0	866.5
674.903	910.75	0	910.75
675.013	961.25	0	961.25
675.123	879.75	0	879.75
675.233	846.75	0	846.75
675.344	855.75	0	855.75
675.454	891.75	0	891.75
675.564	838.5	0	838.5
675.674	877.25	0	877.25
675.784	891.75	0	891.75
675.894	789.25	0	789.25
676.004	852.25	0	852.25
676.114	826.75	0	826.75
676.224	839.5	0	839.5
676.334	820.75	0	820.75
676.444	822	0	822
676.554	777	0	777
676.664	846.75	0	846.75
676.774	818.25	0	818.25
676.884	814.25	0	814.25
676.994	812	0	812
677.104	802.5	0	802.5
677.214	801.75	0	801.75
677.324	823.5	0	823.5
677.433	872	0	872
677.543	789.5	0	789.5
677.653	789.75	0	789.75
677.763	750.25	0	750.25
677.872	760.75	0	760.75
677.982	754.5	0	754.5
678.092	765.25	0	765.25
678.202	792.75	0	792.75
678.311	765	0	765
678.421	794.75	0	794.75
678.53	768.75	0	768.75
678.64	766	0	766
678.75	802.25	0	802.25
678.859	770	0	770
678.969	746.25	0	746.25
679.078	787.75	0	787.75
679.188	760.5	0	760.5
679.297	765.5	0	765.5
679.407	733	0	733
679.516	764	0	764
679.625	759.25	0	759.25
679.735	771.25	0	771.25
679.844	805.25	0	805.25
679.954	894.5	0	894.5
680.063	815.5	0	815.5
680.172	743.5	0	743.5
680.282	734.5	0	734.5
680.391	741.5	0	741.5
680.5	729.75	0	729.75
680.609	749.75	0	749.75
680.719	756.25	0	756.25
680.828	768.25	0	768.25
680.937	743.75	0	743.75
681.046	741.75	0	741.75
681.155	741.25	0	741.25
681.264	732	0	732
681.374	692.5	0	692.5
681.483	730.25	0	730.25
681.592	693.25	0	693.25
681.701	724	0	724
681.81	718	0	718
681.919	721.25	0	721.25
682.028	715	0	715
682.137	688.5	0	688.5
682.246	686.5	0	686.5
682.355	679	0	679
682.463	718	0	718
682.572	705	0	705
682.681	719.75	0	719.75
682.79	730.75	0	730.75
682.899	764.5	0	764.5
683.008	770.5	0	770.5
683.117	875	0	875
683.225	1437.25	0	1437.25
683.334	1028.75	0	1028.75
683.443	707.25	0	707.25
683.551	687.75	0	687.75
683.66	709	0	709
683.769	661.5	0	661.5
683.877	678.75	0	678.75
683.986	646.5	0	646.5
684.095	689.25	0	689.25
684.203	683.5	0	683.5
684.312	678.75	0	678.75
684.42	693.75	0	693.75
684.529	692.25	0	692.25
684.637	691	0	691
684.746	690.75	0	690.75
684.854	678.25	0	678.25
684.963	674.25	0	674.25
685.071	714	0	714
685.18	701	0	701
685.288	715.25	0	715.25
685.396	767.5	0	767.5
685.505	701	0	701
685.613	678	0	678
685.721	658.5	0	658.5
685.83	668.5	0	668.5
685.938	665.25	0	665.25
686.046	682	0	682
686.154	711	0	711
686.263	653.75	0	653.75
686.371	632.25	0	632.25
686.479	633	0	633
686.587	669.5	0	669.5
686.695	677.5	0	677.5
686.803	649.25	0	649.25
686.911	623	0	623
687.019	630	0	630
687.127	626.75	0	626.75
687.235	610.75	0	610.75
687.343	645.5	0	645.5
687.451	690	0	690
687.559	744.5	0	744.5
687.667	675.75	0	675.75
687.775	661.25	0	661.25
687.883	634.75	0	634.75
687.991	729.5	0	729.5
688.099	873.75	0	873.75
688.207	710.25	0	710.25
688.315	707.5	0	707.5
688.422	715.25	0	715.25
688.53	669.25	0	669.25
688.638	627.25	0	627.25
688.746	610.5	0	610.5
688.853	634.75	0	634.75
688.961	677.5	0	677.5
689.069	700	0	700
689.176	668.5	0	668.5
689.284	671.25	0	671.25
689.392	630.25	0	630.25
689.499	594.25	0	594.25
689.607	620	0	620
689.714	595.25	0	595.25
689.822	603	0	603
689.93	582.5	0	582.5
690.037	594.5	0	594.5
690.144	592.5	0	592.5
690.252	609.5	0	609.5
690.359	596.5	0	596.5
690.467	614.25	0	614.25
690.574	620.25	0	620.25
690.682	746.75	0	746.75
690.789	725.25	0	725.25
690.896	609.75	0	609.75
691.004	621	0	621
691.111	695	0	695
691.218	818.25	0	818.25
691.325	705	0	705
691.433	628.25	0	628.25
691.54	614.5	0	614.5
691.647	584	0	584
691.754	595.5	0	595.5
691.861	595	0	595
691.969	593.5	0	593.5
692.076	624.75	0	624.75
692.183	736.5	0	736.5
692.29	919.25	0	919.25
692.397	627	0	627
692.504	632.25	0	632.25
692.611	625.75	0	625.75
692.718	581.75	0	581.75
692.825	591	0	591
692.932	585	0	585
693.039	575.5	0	575.5
693.146	589.75	0	589.75
693.253	621.25	0	621.25
693.359	620	0	620
693.466	588.5	0	588.5
693.573	569.25	0	569.25
693.68	576.75	0	576.75
693.787	574.5	0	574.5
693.894	586	0	586
694	572.75	0	572.75
694.107	578	0	578
694.214	596.25	0	596.25
694.32	606.25	0	606.25
694.427	650.5	0	650.5
694.534	651.25	0	651.25
694.64	613	0	613
694.747	600	0	600
694.853	576	0	576
694.96	585.25	0	585.25
695.067	640	0	640
695.173	582.5	0	582.5
695.28	570	0	570
695.386	560.5	0	560.5
695.493	609	0	609
695.599	588.5	0	588.5
695.705	623.25	0	623.25
695.812	617.5	0	617.5
695.918	599.75	0	599.75
696.025	620	0	620
696.131	597.75	0	597.75
696.237	592.5	0	592.5
696.344	584.75	0	584.75
696.45	586.25	0	586.25
696.556	584.5	0	584.5
696.662	571.25	0	571.25
696.768	563.25	0	563.25
696.875	566.75	0	566.75
696.981	585.5	0	585.5
697.087	623.25	0	623.25
697.193	601.5	0	601.5
697.299	575.5	0	575.5
697.405	610.75	0	610.75
697.512	648.25	0	648.25
697.618	688.5	0	688.5
697.724	676.25	0	676.25
697.83	600.25	0	600.25
697.936	656.25	0	656.25
698.042	610	0	610
698.148	601.25	0	601.25
698.253	612.5	0	612.5
698.359	589.5	0	589.5
698.465	583.5	0	583.5
698.571	590.5	0	590.5
698.677	597	0	597
698.783	590.25	0	590.25
698.889	596.75	0	596.75
698.994	666.25	0	666.25
699.1	643.75	0	643.75
699.206	629.5	0	629.5
699.312	703	0	703
699.417	1008.75	0	1008.75
699.523	1001.5	0	1001.5
699.629	611.75	0	611.75
699.734	612.25	0	612.25
699.84	592	0	592
699.946	606.75	0	606.75
700.051	638.25	0	638.25
700.157	587.75	0	587.75
700.262	554	0	554
700.368	590.5	0	590.5
700.473	568.75	0	568.75
700.579	555	0	555
700.684	592.25	0	592.25
700.79	613	0	613
700.895	605.75	0	605.75
701	570.25	0	570.25
701.106	560	0	560
701.211	582.5	0	582.5
701.316	573.5	0	573.5
701.422	553.25	0	553.25
701.527	563.5	0	563.5
701.632	578.5	0	578.5
701.738	594.75	0	594.75
701.843	594.75	0	594.75
701.948	587	0	587
702.053	560.25	0	560.25
702.158	569.25	0	569.25
702.264	570.75	0	570.75
702.369	562.75	0	562.75
702.474	592	0	592
702.579	571	0	571
702.684	591	0	591
702.789	652.75	0	652.75
702.894	568.75	0	568.75
702.999	591	0	591
703.104	583	0	583
703.209	591	0	591
703.314	563.75	0	563.75
703.419	565.75	0	565.75
703.524	569.5	0	569.5
703.629	548	0	548
703.733	538.5	0	538.5
703.838	535.75	0	535.75
703.943	562.75	0	562.75
704.048	581.25	0	581.25
704.153	605.5	0	605.5
704.257	654.25	0	654.25
704.362	551.25	0	551.25
704.467	572.25	0	572.25
704.572	552	0	552
704.676	560.25	0	560.25
704.781	588.5	0	588.5
704.886	593	0	593
704.99	803	0	803
705.095	1753	0	1753
705.199	1130	0	1130
705.304	578.75	0	578.75
705.408	569	0	569
705.513	616	0	616
705.617	602	0	602
705.722	557	0	557
705.826	533.25	0	533.25
705.931	540	0	540
706.035	543.5	0	543.5
706.139	533.5	0	533.5
706.244	519	0	519
706.348	524	0	524
706.452	542.5	0	542.5
706.557	517.25	0	517.25
706.661	531.75	0	531.75
706.765	539	0	539
706.87	522.5	0	522.5
706.974	526.75	0	526.75
707.078	566	0	566
707.182	553.75	0	553.75
707.286	551.5	0	551.5
707.39	541.25	0	541.25
707.495	542.75	0	542.75
707.599	538	0	538
707.703	546.75	0	546.75
707.807	553.75	0	553.75
707.911	560	0	560
708.015	549.75	0	549.75
708.119	513.5	0	513.5
708.223	533.75	0	533.75
708.327	524.25	0	524.25
708.431	513	0	513
708.534	498.75	0	498.75
708.638	517.25	0	517.25
708.742	512.75	0	512.75
708.846	536.5	0	536.5
708.95	501	0	501
709.054	521.25	0	521.25
709.157	516	0	516
709.261	524.75	0	524.75
709.365	493.75	0	493.75
709.469	539.5	0	539.5
709.572	560.5	0	560.5
709.676	526.5	0	526.5
709.78	524.75	0	524.75
709.883	516.25	0	516.25
709.987	509.25	0	509.25
710.09	530.75	0	530.75
710.194	562.75	0	562.75
710.298	703.75	0	703.75
710.401	656.5	0	656.5
710.505	563	0	563
710.608	607.25	0	607.25
710.711	568.25	0	568.25
710.815	519.75	0	519.75
710.918	531.75	0	531.75
711.022	507	0	507
711.125	526.5	0	526.5
711.228	527.5	0	527.5
711.332	525.25	0	525.25
711.435	517.25	0	517.25
711.538	533	0	533
711.642	523.25	0	523.25
711.745	533.25	0	533.25
711.848	539.5	0	539.5
711.951	558.5	0	558.5
712.055	558.5	0	558.5
712.158	550	0	550
712.261	568	0	568
712.364	631.75	0	631.75
712.467	606.25	0	606.25
712.57	611.25	0	611.25
712.673	619.5	0	619.5
712.776	622	0	622
712.879	556.25	0	556.25
712.982	608	0	608
713.085	659	0	659
713.188	557.25	0	557.25
713.291	534.5	0	534.5
713.394	576.5	0	576.5
713.497	572.5	0	572.5
713.6	537.5	0	537.5
713.703	523	0	523
713.805	518.25	0	518.25
713.908	535.75	0	535.75
714.011	548.75	0	548.75
714.114	548.25	0	548.25
714.216	536	0	536
714.319	547	0	547
714.422	527.25	0	527.25
714.525	529.25	0	529.25
714.627	535.5	0	535.5
714.73	515.5	0	515.5
714.833	508.5	0	508.5
714.935	545.5	0	545.5
715.038	527.5	0	527.5
715.14	523.75	0	523.75
715.243	520.25	0	520.25
715.345	529.75	0	529.75
715.448	511.75	0	511.75
715.55	532.25	0	532.25
715.653	530.25	0	530.25
715.755	529	0	529
715.857	529.75	0	529.75
715.96	534.25	0	534.25
716.062	553	0	553
716.164	609.5	0	609.5
716.267	725	0	725
716.369	1234.75	0	1234.75
716.471	771	0	771
716.574	530	0	530
716.676	515.75	0	515.75
716.778	522.5	0	522.5
716.88	522.25	0	522.25
716.982	516	0	516
717.085	519	0	519
717.187	505.75	0	505.75
717.289	505.75	0	505.75
717.391	504.5	0	504.5
717.493	526	0	526
717.595	497.5	0	497.5
717.697	497.75	0	497.75
717.799	487.75	0	487.75
717.901	493.25	0	493.25
718.003	473	0	473
718.105	500.25	0	500.25
718.207	533.75	0	533.75
718.309	538.75	0	538.75
718.411	489.5	0	489.5
718.512	478.5	0	478.5
718.614	492	0	492
718.716	460.25	0	460.25
718.818	489.75	0	489.75
718.92	524.75	0	524.75
719.021	517.25	0	517.25
719.123	504.5	0	504.5
719.225	487	0	487
719.326	488.25	0	488.25
719.428	500.25	0	500.25
719.53	528	0	528
719.631	542.25	0	542.25
719.733	492	0	492
719.834	496.5	0	496.5
719.936	461.5	0	461.5
720.038	472	0	472
720.139	457	0	457
720.241	457	0	457
720.342	475.25	0	475.25
720.443	467.25	0	467.25
720.545	462	0	462
720.646	474	0	474
720.748	484.5	0	484.5
720.849	462	0	462
720.95	462	0	462
721.052	452.5	0	452.5
721.153	463	0	463
721.254	513.75	0	513.75
721.355	531.5	0	531.5
721.457	461	0	461
721.558	455.75	0	455.75
721.659	445	0	445
721.76	451.75	0	451.75
721.861	451.75	0	451.75
721.963	453.5	0	453.5
722.064	446.25	0	446.25
722.165	447	0	447
722.266	449.75	0	449.75
722.367	440.25	0	440.25
722.468	455.25	0	455.25
722.569	445.5	0	445.5
722.67	441.5	0	441.5
722.771	452.75	0	452.75
722.872	425.5	0	425.5
722.973	456	0	456
723.073	444.75	0	444.75
723.174	440.75	0	440.75
723.275	426.75	0	426.75
723.376	428.75	0	428.75
723.477	461	0	461
723.577	438.75	0	438.75
723.678	423.75	0	423.75
723.779	437.75	0	437.75
723.88	432.25	0	432.25
723.98	450	0	450
724.081	431.75	0	431.75
724.182	426.25	0	426.25
724.282	432.25	0	432.25
724.383	432	0	432
724.483	435.5	0	435.5
724.584	451.75	0	451.75
724.685	423.5	0	423.5
724.785	430.5	0	430.5
724.886	433	0	433
724.986	427.25	0	427.25
725.086	415.75	0	415.75
725.187	439.25	0	439.25
725.287	425.75	0	425.75
725.388	410.5	0	410.5
725.488	437	0	437
725.588	499.75	0	499.75
725.689	661	0	661
725.789	488.75	0	488.75
725.889	422.75	0	422.75
725.99	424	0	424
726.09	418.25	0	418.25
726.19	423	0	423
726.29	451.75	0	451.75
726.39	423.75	0	423.75
726.49	405.5	0	405.5
726.591	390	0	390
726.691	412	0	412
726.791	392.25	0	392.25
726.891	415.25	0	415.25
726.991	419.75	0	419.75
727.091	406	0	406
727.191	422	0	422
727.291	431.5	0	431.5
727.391	408.5	0	408.5
727.491	408.25	0	408.25
727.591	398.5	0	398.5
727.691	420.5	0	420.5
727.79	408.75	0	408.75
727.89	434.25	0	434.25
727.99	423	0	423
728.09	423.75	0	423.75
728.19	412.75	0	412.75
728.289	417.25	0	417.25
728.389	409	0	409
728.489	411	0	411
728.589	399.25	0	399.25
728.688	396.25	0	396.25
728.788	387	0	387
728.888	386	0	386
728.987	402	0	402
729.087	389.5	0	389.5
729.186	395	0	395
729.286	406.5	0	406.5
729.385	387.5	0	387.5
729.485	403.5	0	403.5
729.584	409.25	0	409.25
729.684	390.5	0	390.5
729.783	412.75	0	412.75
729.883	393.75	0	393.75
729.982	385.25	0	385.25
730.081	379	0	379
730.181	373.25	0	373.25
730.28	397.75	0	397.75
730.379	397.25	0	397.25
730.479	386.5	0	386.5
730.578	386	0	386
730.677	370	0	370
730.776	400.75	0	400.75
730.875	393.5	0	393.5
730.975	399.75	0	399.75
731.074	385.5	0	385.5
731.173	395.5	0	395.5
731.272	409.25	0	409.25
731.371	385.75	0	385.75
731.47	370.25	0	370.25
731.569	406.75	0	406.75
731.668	413.25	0	413.25
731.767	403	0	403
731.866	410.75	0	410.75
731.965	402.5	0	402.5
732.064	414.25	0	414.25
732.163	461	0	461
732.262	416	0	416
732.361	408.25	0	408.25
732.46	394.25	0	394.25
732.558	397.5	0	397.5
732.657	399	0	399
732.756	411	0	411
732.855	458.5	0	458.5
732.953	393.5	0	393.5
733.052	375.25	0	375.25
733.151	371	0	371
733.25	484.5	0	484.5
733.348	458.75	0	458.75
733.447	372.25	0	372.25
733.545	392.5	0	392.5
733.644	423	0	423
733.742	396.25	0	396.25
733.841	390.25	0	390.25
733.939	371.5	0	371.5
734.038	379.75	0	379.75
734.136	377	0	377
734.235	364.5	0	364.5
734.333	361	0	361
734.432	373.25	0	373.25
734.53	364.75	0	364.75
734.628	368.5	0	368.5
734.727	380.25	0	380.25
734.825	364.5	0	364.5
734.923	378.5	0	378.5
735.022	362.75	0	362.75
735.12	368.25	0	368.25
735.218	381.5	0	381.5
735.316	353.25	0	353.25
735.414	375.75	0	375.75
735.513	400.25	0	400.25
735.611	404.5	0	404.5
735.709	575.75	0	575.75
735.807	600	0	600
735.905	387.75	0	387.75
736.003	366	0	366
736.101	342.25	0	342.25
736.199	352.25	0	352.25
736.297	364.5	0	364.5
736.395	348.75	0	348.75
736.493	346	0	346
736.591	372.5	0	372.5
736.689	363.5	0	363.5
736.787	359.25	0	359.25
736.884	371.75	0	371.75
736.982	345.5	0	345.5
737.08	373.75	0	373.75
737.178	365.25	0	365.25
737.276	348	0	348
737.373	356.75	0	356.75
737.471	395.25	0	395.25
737.569	529.25	0	529.25
737.667	1231	0	1231
737.764	967	0	967
737.862	422.75	0	422.75
737.959	388.5	0	388.5
738.057	383.5	0	383.5
738.154	376	0	376
738.252	359.5	0	359.5
738.35	365.25	0	365.25
738.447	367.25	0	367.25
738.544	354.25	0	354.25
738.642	359.5	0	359.5
738.739	354.75	0	354.75
738.837	352.5	0	352.5
738.934	352.5	0	352.5
739.031	352.5	0	352.5
739.129	375.75	0	375.75
739.226	356.25	0	356.25
739.323	349.25	0	349.25
739.421	344.25	0	344.25
739.518	367.75	0	367.75
739.615	346.75	0	346.75