Lambda	Spectrum	Dark	SpecMinusDark
500.031	2147.25	0	2147.25
500.165	2283.5	0	2283.5
500.299	2350	0	2350
500.433	2474.25	0	2474.25
500.567	2413.25	0	2413.25
500.701	2151.5	0	2151.5
500.835	2041.25	0	2041.25
500.968	2108.5	0	2108.5
501.102	2152.5	0	2152.5
501.236	2189.5	0	2189.5
501.37	2211.75	0	2211.75
501.504	2305	0	2305
501.637	2457.75	0	2457.75
501.771	2455.75	0	2455.75
501.905	2530.25	0	2530.25
502.039	2914.75	0	2914.75
502.172	3152	0	3152
502.306	2822.25	0	2822.25
502.44	2563.75	0	2563.75
502.573	2351.5	0	2351.5
502.707	2426.75	0	2426.75
502.841	2646	0	2646
502.974	2931.5	0	2931.5
503.108	2963.75	0	2963.75
503.242	2826.25	0	2826.25
503.375	2909.75	0	2909.75
503.509	2884	0	2884
503.642	2814.25	0	2814.25
503.776	2792.75	0	2792.75
503.909	2838	0	2838
504.043	3215.75	0	3215.75
504.176	3305	0	3305
504.31	3615.5	0	3615.5
504.443	3274.25	0	3274.25
504.577	3143.5	0	3143.5
504.71	3247.75	0	3247.75
504.844	3312.5	0	3312.5
504.977	3194.75	0	3194.75
505.111	3287	0	3287
505.244	3369.75	0	3369.75
505.377	3191.75	0	3191.75
505.511	3136.25	0	3136.25
505.644	3172.25	0	3172.25
505.777	3427	0	3427
505.911	3585.75	0	3585.75
506.044	3792.75	0	3792.75
506.177	3927.5	0	3927.5
506.311	4079.5	0	4079.5
506.444	3572	0	3572
506.577	3308.75	0	3308.75
506.71	3435.75	0	3435.75
506.844	3621.75	0	3621.75
506.977	3975.25	0	3975.25
507.11	3316	0	3316
507.243	3254.25	0	3254.25
507.376	3318.25	0	3318.25
507.51	3358.25	0	3358.25
507.643	3467.5	0	3467.5
507.776	3464	0	3464
507.909	3647.5	0	3647.5
508.042	4268	0	4268
508.175	4964.5	0	4964.5
508.308	5459.75	0	5459.75
508.441	4750.5	0	4750.5
508.574	3554.25	0	3554.25
508.707	3503	0	3503
508.84	3474.25	0	3474.25
508.973	3708.25	0	3708.25
509.106	3600.25	0	3600.25
509.239	3670.5	0	3670.5
509.372	3651	0	3651
509.505	3495.5	0	3495.5
509.638	3836.5	0	3836.5
509.771	4453	0	4453
509.904	5387.25	0	5387.25
510.037	5349	0	5349
510.17	4291.25	0	4291.25
510.303	4294.75	0	4294.75
510.436	4385.5	0	4385.5
510.568	3956	0	3956
510.701	3583.5	0	3583.5
510.834	3345	0	3345
510.967	3268.25	0	3268.25
511.1	3298.25	0	3298.25
511.232	3324.5	0	3324.5
511.365	3444.25	0	3444.25
511.498	3517	0	3517
511.631	3545	0	3545
511.763	3366	0	3366
511.896	3475.75	0	3475.75
512.029	3618.5	0	3618.5
512.161	3927	0	3927
512.294	4068.5	0	4068.5
512.427	4492	0	4492
512.559	4566.75	0	4566.75
512.692	4058.75	0	4058.75
512.825	3831	0	3831
512.957	3838.25	0	3838.25
513.09	3805.5	0	3805.5
513.222	4052.25	0	4052.25
513.355	3797.25	0	3797.25
513.487	3747.5	0	3747.5
513.62	3973.5	0	3973.5
513.752	4466.25	0	4466.25
513.885	4991.5	0	4991.5
514.017	4608	0	4608
514.15	3966.25	0	3966.25
514.282	3946.75	0	3946.75
514.415	4086.5	0	4086.5
514.547	4266.25	0	4266.25
514.68	3784.5	0	3784.5
514.812	3761	0	3761
514.944	3948.25	0	3948.25
515.077	4366.75	0	4366.75
515.209	4572.5	0	4572.5
515.341	4520.25	0	4520.25
515.474	4615	0	4615
515.606	4696.5	0	4696.5
515.738	4839.75	0	4839.75
515.871	4119.25	0	4119.25
516.003	3822.5	0	3822.5
516.135	4219.5	0	4219.5
516.267	4544.75	0	4544.75
516.4	4847.75	0	4847.75
516.532	5308	0	5308
516.664	4636.75	0	4636.75
516.796	4620.75	0	4620.75
516.928	4941.25	0	4941.25
517.06	4053.75	0	4053.75
517.193	3857.5	0	3857.5
517.325	3614.25	0	3614.25
517.457	3635.75	0	3635.75
517.589	3675.5	0	3675.5
517.721	3687.25	0	3687.25
517.853	3984.75	0	3984.75
517.985	3976.5	0	3976.5
518.117	4002.25	0	4002.25
518.249	4424.75	0	4424.75
518.381	4793	0	4793
518.513	5292.75	0	5292.75
518.645	4351.25	0	4351.25
518.777	4221.5	0	4221.5
518.909	4319.75	0	4319.75
519.041	4513.5	0	4513.5
519.173	5153.25	0	5153.25
519.305	5058.5	0	5058.5
519.437	5281.25	0	5281.25
519.569	4758.75	0	4758.75
519.701	5252.75	0	5252.75
519.832	5694.5	0	5694.5
519.964	5086.75	0	5086.75
520.096	5154.5	0	5154.5
520.228	4401.75	0	4401.75
520.36	4249.75	0	4249.75
520.491	4441.75	0	4441.75
520.623	4861.75	0	4861.75
520.755	5150.75	0	5150.75
520.887	4801.75	0	4801.75
521.018	4488.75	0	4488.75
521.15	4088.75	0	4088.75
521.282	4097.25	0	4097.25
521.414	3945.25	0	3945.25
521.545	4013.25	0	4013.25
521.677	4000.25	0	4000.25
521.808	3842.75	0	3842.75
521.94	3794	0	3794
522.072	3977	0	3977
522.203	4178.5	0	4178.5
522.335	4523	0	4523
522.466	4204.25	0	4204.25
522.598	3870.5	0	3870.5
522.729	4028	0	4028
522.861	4172.75	0	4172.75
522.993	4337.5	0	4337.5
523.124	4022.5	0	4022.5
523.256	3993.75	0	3993.75
523.387	4294.5	0	4294.5
523.518	4486.75	0	4486.75
523.65	4699.75	0	4699.75
523.781	4989.75	0	4989.75
523.913	4463.75	0	4463.75
524.044	4621.75	0	4621.75
524.176	4779.25	0	4779.25
524.307	4464.25	0	4464.25
524.438	4139.25	0	4139.25
524.57	4136.75	0	4136.75
524.701	3848.25	0	3848.25
524.832	3776.5	0	3776.5
524.964	3854.5	0	3854.5
525.095	3997.5	0	3997.5
525.226	4225.75	0	4225.75
525.357	4225.5	0	4225.5
525.489	4541.75	0	4541.75
525.62	5310.75	0	5310.75
525.751	5132.25	0	5132.25
525.882	4801.75	0	4801.75
526.013	4098.25	0	4098.25
526.145	3792.75	0	3792.75
526.276	3765.75	0	3765.75
526.407	3909.5	0	3909.5
526.538	3994.75	0	3994.75
526.669	3824.5	0	3824.5
526.8	3720.75	0	3720.75
526.931	3677.75	0	3677.75
527.062	3755.25	0	3755.25
527.193	3947.25	0	3947.25
527.324	4359.25	0	4359.25
527.455	4948.25	0	4948.25
527.586	5392.75	0	5392.75
527.717	4898	0	4898
527.848	4481.5	0	4481.5
527.979	4707	0	4707
528.11	5151.5	0	5151.5
528.241	4497.75	0	4497.75
528.372	4215.5	0	4215.5
528.503	3930.75	0	3930.75
528.634	3860	0	3860
528.765	3984.75	0	3984.75
528.896	4174.25	0	4174.25
529.026	4287.25	0	4287.25
529.157	3816.75	0	3816.75
529.288	3630	0	3630
529.419	3579.75	0	3579.75
529.55	3615.5	0	3615.5
529.681	3632.5	0	3632.5
529.811	3841.75	0	3841.75
529.942	3789	0	3789
530.073	3911.25	0	3911.25
530.203	3813.25	0	3813.25
530.334	3816.75	0	3816.75
530.465	3574.25	0	3574.25
530.596	3633.5	0	3633.5
530.726	3558	0	3558
530.857	3618	0	3618
530.987	3615.25	0	3615.25
531.118	3753.5	0	3753.5
531.249	3526.25	0	3526.25
531.379	3520.5	0	3520.5
531.51	3534	0	3534
531.64	3544.5	0	3544.5
531.771	3810.25	0	3810.25
531.901	4044.5	0	4044.5
532.032	4663.75	0	4663.75
532.163	5059.5	0	5059.5
532.293	5655.25	0	5655.25
532.423	5188.5	0	5188.5
532.554	4220.25	0	4220.25
532.684	3994.75	0	3994.75
532.815	3818.25	0	3818.25
532.945	3684	0	3684
533.076	3594.25	0	3594.25
533.206	3546	0	3546
533.336	3383.75	0	3383.75
533.467	3487	0	3487
533.597	3538	0	3538
533.727	3761.5	0	3761.5
533.858	4044	0	4044
533.988	4244.25	0	4244.25
534.118	3945.5	0	3945.5
534.248	3930	0	3930
534.379	4028.25	0	4028.25
534.509	4511	0	4511
534.639	4975	0	4975
534.769	5531.25	0	5531.25
534.9	6196.5	0	6196.5
535.03	4589	0	4589
535.16	4130	0	4130
535.29	4419.5	0	4419.5
535.42	5045	0	5045
535.55	5801.25	0	5801.25
535.68	4744	0	4744
535.81	4461.5	0	4461.5
535.94	4349.25	0	4349.25
536.071	4235.5	0	4235.5
536.201	3818	0	3818
536.331	3717.5	0	3717.5
536.461	3730.75	0	3730.75
536.591	3671.5	0	3671.5
536.721	3698.75	0	3698.75
536.851	3574.5	0	3574.5
536.981	3329.75	0	3329.75
537.11	3377.75	0	3377.75
537.24	3401.75	0	3401.75
537.37	3417.25	0	3417.25
537.5	3419.75	0	3419.75
537.63	3433.75	0	3433.75
537.76	3394.25	0	3394.25
537.89	3584.75	0	3584.75
538.02	3631.5	0	3631.5
538.149	3490.75	0	3490.75
538.279	3508.75	0	3508.75
538.409	3542.5	0	3542.5
538.539	3770.25	0	3770.25
538.669	3621.25	0	3621.25
538.798	3483.75	0	3483.75
538.928	3337.25	0	3337.25
539.058	3257.25	0	3257.25
539.187	3382	0	3382
539.317	3360.5	0	3360.5
539.447	3331.25	0	3331.25
539.576	3211.5	0	3211.5
539.706	3310.5	0	3310.5
539.836	3444.5	0	3444.5
539.965	3604.75	0	3604.75
540.095	3685.5	0	3685.5
540.225	3334.25	0	3334.25
540.354	3280.75	0	3280.75
540.484	3277.75	0	3277.75
540.613	3242.75	0	3242.75
540.743	3399.75	0	3399.75
540.872	3291.5	0	3291.5
541.002	3250.25	0	3250.25
541.131	3163.75	0	3163.75
541.261	3258.75	0	3258.75
541.39	3347.25	0	3347.25
541.52	3458.25	0	3458.25
541.649	3474.5	0	3474.5
541.778	3314.75	0	3314.75
541.908	3303.75	0	3303.75
542.037	3458	0	3458
542.167	3413	0	3413
542.296	3205.75	0	3205.75
542.425	3378.25	0	3378.25
542.554	3479.75	0	3479.75
542.684	3674	0	3674
542.813	3425.5	0	3425.5
542.942	3313.75	0	3313.75
543.072	3193	0	3193
543.201	3279.75	0	3279.75
543.33	3289.5	0	3289.5
543.459	3376.25	0	3376.25
543.588	3519.75	0	3519.75
543.718	3487.5	0	3487.5
543.847	3449.25	0	3449.25
543.976	3735.75	0	3735.75
544.105	4013.5	0	4013.5
544.234	4111.75	0	4111.75
544.363	3511.25	0	3511.25
544.492	3389.5	0	3389.5
544.621	3289.25	0	3289.25
544.75	3364.25	0	3364.25
544.88	3446.25	0	3446.25
545.009	3412	0	3412
545.138	3341.75	0	3341.75
545.266	3465.5	0	3465.5
545.396	3388	0	3388
545.525	3294	0	3294
545.653	3304	0	3304
545.782	3320.75	0	3320.75
545.911	3476.75	0	3476.75
546.04	3573.5	0	3573.5
546.169	3696.5	0	3696.5
546.298	3745.5	0	3745.5
546.427	3548.75	0	3548.75
546.556	3533.75	0	3533.75
546.685	3429.75	0	3429.75
546.813	3293.75	0	3293.75
546.942	3324.75	0	3324.75
547.071	3390.25	0	3390.25
547.2	3494.25	0	3494.25
547.328	3491.75	0	3491.75
547.457	3433.25	0	3433.25
547.586	3320.75	0	3320.75
547.715	3353	0	3353
547.843	3368.5	0	3368.5
547.972	3404.25	0	3404.25
548.101	3515	0	3515
548.229	3617.75	0	3617.75
548.358	3719	0	3719
548.487	3804.25	0	3804.25
548.615	3795	0	3795
548.744	3722	0	3722
548.872	3579.25	0	3579.25
549.001	3334.5	0	3334.5
549.129	3264.5	0	3264.5
549.258	3302.5	0	3302.5
549.387	3245.5	0	3245.5
549.515	3297.5	0	3297.5
549.643	3344.75	0	3344.75
549.772	3249.75	0	3249.75
549.9	3329.25	0	3329.25
550.029	3311.25	0	3311.25
550.157	3369.75	0	3369.75
550.286	3416.75	0	3416.75
550.414	3510.25	0	3510.25
550.542	3572	0	3572
550.671	3654	0	3654
550.799	3674.25	0	3674.25
550.927	3775.75	0	3775.75
551.056	3628.5	0	3628.5
551.184	3591.5	0	3591.5
551.312	3554.5	0	3554.5
551.441	3570	0	3570
551.569	3579.75	0	3579.75
551.697	3598.75	0	3598.75
551.825	3509.25	0	3509.25
551.953	3387.25	0	3387.25
552.082	3410	0	3410
552.21	3552.75	0	3552.75
552.338	3418.75	0	3418.75
552.466	3445.5	0	3445.5
552.594	3593.5	0	3593.5
552.722	3682	0	3682
552.851	3749.25	0	3749.25
552.979	3440.75	0	3440.75
553.107	3338.25	0	3338.25
553.235	3349.75	0	3349.75
553.363	3333	0	3333
553.491	3337	0	3337
553.619	3393.75	0	3393.75
553.747	3436	0	3436
553.875	3279.25	0	3279.25
554.003	3345	0	3345
554.131	3397.5	0	3397.5
554.259	3359.25	0	3359.25
554.387	3443.5	0	3443.5
554.514	3492.5	0	3492.5
554.642	3603.5	0	3603.5
554.77	3364.25	0	3364.25
554.898	3329	0	3329
555.026	3451.25	0	3451.25
555.154	3529.25	0	3529.25
555.281	3750.25	0	3750.25
555.409	3992.5	0	3992.5
555.537	4371	0	4371
555.665	4167	0	4167
555.793	3601.5	0	3601.5
555.92	3370.5	0	3370.5
556.048	3343.25	0	3343.25
556.176	3288	0	3288
556.303	3349.5	0	3349.5
556.431	3386.75	0	3386.75
556.559	3450.75	0	3450.75
556.686	3569.5	0	3569.5
556.814	3579	0	3579
556.942	3363.25	0	3363.25
557.069	3439.75	0	3439.75
557.197	3446.25	0	3446.25
557.324	3437.75	0	3437.75
557.452	3531	0	3531
557.579	3656	0	3656
557.707	3674.25	0	3674.25
557.835	3593	0	3593
557.962	3720.75	0	3720.75
558.089	4047.5	0	4047.5
558.217	3890	0	3890
558.344	3821.5	0	3821.5
558.472	3437.5	0	3437.5
558.599	3364.75	0	3364.75
558.727	3346.25	0	3346.25
558.854	3426.5	0	3426.5
558.981	3627.25	0	3627.25
559.109	3796.75	0	3796.75
559.236	3758.25	0	3758.25
559.363	3504	0	3504
559.491	3464.75	0	3464.75
559.618	3473	0	3473
559.745	3387.25	0	3387.25
559.872	3540.5	0	3540.5
560	3535.5	0	3535.5
560.127	3474.25	0	3474.25
560.254	3525	0	3525
560.381	3528.5	0	3528.5
560.508	3576.25	0	3576.25
560.636	3657.75	0	3657.75
560.763	3828	0	3828
560.89	3785	0	3785
561.017	3487.75	0	3487.75
561.144	3432.5	0	3432.5
561.271	3296.75	0	3296.75
561.398	3303	0	3303
561.525	3229	0	3229
561.652	3237.75	0	3237.75
561.779	3270.25	0	3270.25
561.906	3305.25	0	3305.25
562.033	3387	0	3387
562.16	3440.5	0	3440.5
562.287	3413.75	0	3413.75
562.414	3346.5	0	3346.5
562.541	3294.5	0	3294.5
562.668	3256.5	0	3256.5
562.795	3229.25	0	3229.25
562.922	3308.75	0	3308.75
563.049	3475.25	0	3475.25
563.175	3745.75	0	3745.75
563.302	4075.75	0	4075.75
563.429	4042	0	4042
563.556	3519.25	0	3519.25
563.683	3362.5	0	3362.5
563.809	3434.75	0	3434.75
563.936	3463.25	0	3463.25
564.063	3501	0	3501
564.19	3432	0	3432
564.316	3555.25	0	3555.25
564.443	3832.75	0	3832.75
564.57	4208.5	0	4208.5
564.696	4557.5	0	4557.5
564.823	3730	0	3730
564.95	3572	0	3572
565.076	3444.25	0	3444.25
565.203	3341.25	0	3341.25
565.33	3325.75	0	3325.75
565.456	3234.5	0	3234.5
565.583	3235	0	3235
565.709	3277.5	0	3277.5
565.836	3359	0	3359
565.962	3305.25	0	3305.25
566.089	3216.75	0	3216.75
566.215	3275.5	0	3275.5
566.341	3254.25	0	3254.25
566.468	3355.5	0	3355.5
566.594	3463	0	3463
566.721	3994.75	0	3994.75
566.847	4662.25	0	4662.25
566.974	5350	0	5350
567.1	4568.75	0	4568.75
567.226	3869	0	3869
567.353	3872.25	0	3872.25
567.479	4163	0	4163
567.605	4541	0	4541
567.732	3967.25	0	3967.25
567.858	3458	0	3458
567.984	3386.5	0	3386.5
568.11	3392	0	3392
568.236	3386	0	3386
568.363	3179.5	0	3179.5
568.489	3120.5	0	3120.5
568.615	3196.25	0	3196.25
568.741	3217.5	0	3217.5
568.867	3202.5	0	3202.5
568.993	3240.25	0	3240.25
569.12	3161.75	0	3161.75
569.246	3178.5	0	3178.5
569.372	3103.25	0	3103.25
569.498	3151.25	0	3151.25
569.624	3269	0	3269
569.75	3253.75	0	3253.75
569.876	3171.75	0	3171.75
570.002	3177.5	0	3177.5
570.128	3223.5	0	3223.5
570.254	3292	0	3292
570.38	3227.75	0	3227.75
570.506	3221.75	0	3221.75
570.632	3203.75	0	3203.75
570.758	3286.25	0	3286.25
570.883	3524.5	0	3524.5
571.009	3845.75	0	3845.75
571.135	3934.75	0	3934.75
571.261	3444.25	0	3444.25
571.387	3425.5	0	3425.5
571.513	3345.75	0	3345.75
571.638	3309.75	0	3309.75
571.764	3406.75	0	3406.75
571.89	3536.5	0	3536.5
572.016	3719.75	0	3719.75
572.141	3639.75	0	3639.75
572.267	3205.25	0	3205.25
572.393	3143.25	0	3143.25
572.518	3060.25	0	3060.25
572.644	3111.25	0	3111.25
572.77	3099.25	0	3099.25
572.895	3168.5	0	3168.5
573.021	3276	0	3276
573.147	3421.5	0	3421.5
573.272	3680.5	0	3680.5
573.398	3798	0	3798
573.523	3273.25	0	3273.25
573.649	3100.5	0	3100.5
573.774	3083.75	0	3083.75
573.9	3119.25	0	3119.25
574.025	3101	0	3101
574.151	3210.5	0	3210.5
574.276	3188.75	0	3188.75
574.402	3085.25	0	3085.25
574.527	3087.5	0	3087.5
574.652	3106.5	0	3106.5
574.778	3162.75	0	3162.75
574.903	3050.75	0	3050.75
575.029	3041	0	3041
575.154	3020.25	0	3020.25
575.279	3099.25	0	3099.25
575.405	3230.75	0	3230.75
575.53	3382.75	0	3382.75
575.655	3500	0	3500
575.78	3169.5	0	3169.5
575.906	3031	0	3031
576.031	2971.75	0	2971.75
576.156	3078.75	0	3078.75
576.281	3318	0	3318
576.406	3570.75	0	3570.75
576.532	3738	0	3738
576.657	3253.75	0	3253.75
576.782	3248.25	0	3248.25
576.907	3383.5	0	3383.5
577.032	3254.25	0	3254.25
577.157	2926.5	0	2926.5
577.282	2975.75	0	2975.75
577.407	2972.5	0	2972.5
577.532	3047.25	0	3047.25
577.657	2967.5	0	2967.5
577.782	2982.25	0	2982.25
577.907	3031.25	0	3031.25
578.032	3237.25	0	3237.25
578.157	3071	0	3071
578.282	2976.25	0	2976.25
578.407	3165.5	0	3165.5
578.532	3027.5	0	3027.5
578.657	2855	0	2855
578.782	2845	0	2845
578.907	2976.5	0	2976.5
579.031	3190.75	0	3190.75
579.156	3397.75	0	3397.75
579.281	3288	0	3288
579.406	3075	0	3075
579.531	2966.25	0	2966.25
579.655	2997.25	0	2997.25
579.78	3091.25	0	3091.25
579.905	3168	0	3168
580.03	2884.5	0	2884.5
580.154	2803	0	2803
580.279	2800	0	2800
580.404	2823.5	0	2823.5
580.528	2876	0	2876
580.653	2927.75	0	2927.75
580.778	3086	0	3086
580.902	3121.5	0	3121.5
581.027	2901.75	0	2901.75
581.151	2821	0	2821
581.276	2801.25	0	2801.25
581.4	2821.5	0	2821.5
581.525	2900.25	0	2900.25
581.649	2874.75	0	2874.75
581.774	2911	0	2911
581.898	2992	0	2992
582.023	3057.25	0	3057.25
582.147	3126	0	3126
582.272	3474.25	0	3474.25
582.396	3824.5	0	3824.5
582.52	3471.5	0	3471.5
582.645	3015.5	0	3015.5
582.769	2912	0	2912
582.893	2891.5	0	2891.5
583.018	2852.75	0	2852.75
583.142	2833.75	0	2833.75
583.266	2754.75	0	2754.75
583.391	2749	0	2749
583.515	2808.25	0	2808.25
583.639	2863.25	0	2863.25
583.763	3024.75	0	3024.75
583.888	3375.75	0	3375.75
584.012	3494	0	3494
584.136	3494.5	0	3494.5
584.26	3820.5	0	3820.5
584.384	3635.25	0	3635.25
584.508	3147.25	0	3147.25
584.632	3179.5	0	3179.5
584.757	3089.25	0	3089.25
584.881	2892.75	0	2892.75
585.005	2916.5	0	2916.5
585.129	2885	0	2885
585.253	2780.25	0	2780.25
585.377	2797	0	2797
585.501	2815.25	0	2815.25
585.625	2782.75	0	2782.75
585.749	2825.5	0	2825.5
585.873	2801	0	2801
585.997	2840.5	0	2840.5
586.12	2809	0	2809
586.244	2706.25	0	2706.25
586.368	2742.25	0	2742.25
586.492	2745	0	2745
586.616	2792.25	0	2792.25
586.74	2954.5	0	2954.5
586.864	3125.5	0	3125.5
586.987	3332.5	0	3332.5
587.111	3448.5	0	3448.5
587.235	2986	0	2986
587.359	2872.75	0	2872.75
587.482	2813.75	0	2813.75
587.606	2863.25	0	2863.25
587.73	2949.75	0	2949.75
587.854	3136.5	0	3136.5
587.977	3294.25	0	3294.25
588.101	3139.25	0	3139.25
588.224	3024.5	0	3024.5
588.348	2802.25	0	2802.25
588.472	2640.25	0	2640.25
588.595	2679.5	0	2679.5
588.719	2646.5	0	2646.5
588.842	2633.25	0	2633.25
588.966	2684.5	0	2684.5
589.089	2716	0	2716
589.213	2613.75	0	2613.75
589.336	2594.75	0	2594.75
589.46	2647	0	2647
589.583	2635.25	0	2635.25
589.707	2739	0	2739
589.83	2890.75	0	2890.75
589.954	2837.25	0	2837.25
590.077	2764.5	0	2764.5
590.2	2843.5	0	2843.5
590.324	3124.5	0	3124.5
590.447	3556.75	0	3556.75
590.57	3482.5	0	3482.5
590.694	2984.75	0	2984.75
590.817	2938.25	0	2938.25
590.94	2796.75	0	2796.75
591.063	2622.75	0	2622.75
591.187	2647.75	0	2647.75
591.31	2545.75	0	2545.75
591.433	2568	0	2568
591.556	2527.75	0	2527.75
591.679	2543.75	0	2543.75
591.803	2513.25	0	2513.25
591.926	2501.25	0	2501.25
592.049	2608.5	0	2608.5
592.172	2607.75	0	2607.75
592.295	2601.25	0	2601.25
592.418	2670	0	2670
592.541	2589	0	2589
592.664	2538.75	0	2538.75
592.787	2552.25	0	2552.25
592.91	2587.5	0	2587.5
593.033	2637	0	2637
593.156	2714.5	0	2714.5
593.279	2790.75	0	2790.75
593.402	2578.5	0	2578.5
593.525	2645.25	0	2645.25
593.648	2672.5	0	2672.5
593.771	2674.75	0	2674.75
593.894	2799.25	0	2799.25
594.016	2778.75	0	2778.75
594.139	2689	0	2689
594.262	2654.75	0	2654.75
594.385	2544.75	0	2544.75
594.508	2524.5	0	2524.5
594.63	2528.25	0	2528.25
594.753	2539.5	0	2539.5
594.876	2573.25	0	2573.25
594.999	2542.75	0	2542.75
595.121	2539.25	0	2539.25
595.244	2639	0	2639
595.367	2649.25	0	2649.25
595.489	2680.5	0	2680.5
595.612	2538.25	0	2538.25
595.735	2590	0	2590
595.857	2576	0	2576
595.98	2575.5	0	2575.5
596.102	2615.25	0	2615.25
596.225	2717	0	2717
596.347	2582.5	0	2582.5
596.47	2527.5	0	2527.5
596.592	2539.75	0	2539.75
596.715	2542.5	0	2542.5
596.837	2565	0	2565
596.96	2603.25	0	2603.25
597.082	2512.75	0	2512.75
597.205	2440.25	0	2440.25
597.327	2537.25	0	2537.25
597.449	2516.5	0	2516.5
597.572	2501	0	2501
597.694	2511.25	0	2511.25
597.816	2491	0	2491
597.939	2465.5	0	2465.5
598.061	2550.25	0	2550.25
598.183	2506	0	2506
598.306	2561.5	0	2561.5
598.428	2592.5	0	2592.5
598.55	2709.25	0	2709.25
598.672	2989	0	2989
598.795	3188.5	0	3188.5
598.917	2945.75	0	2945.75
599.039	2918.75	0	2918.75
599.161	2816	0	2816
599.283	2583	0	2583
599.405	2534.75	0	2534.75
599.527	2540.25	0	2540.25
599.65	2574.25	0	2574.25
599.772	2567.5	0	2567.5
599.894	2529.5	0	2529.5
600.016	2616.75	0	2616.75
600.138	2759.5	0	2759.5
600.26	2791.5	0	2791.5
600.382	2511.75	0	2511.75
600.504	2459.25	0	2459.25
600.625	2451.25	0	2451.25
600.747	2478.75	0	2478.75
600.869	2458.75	0	2458.75
600.991	2424.75	0	2424.75
601.113	2432	0	2432
601.235	2368.5	0	2368.5
601.357	2431.25	0	2431.25
601.479	2372.75	0	2372.75
601.6	2396.25	0	2396.25
601.722	2504	0	2504
601.844	2457.25	0	2457.25
601.966	2500	0	2500
602.087	2450.75	0	2450.75
602.209	2453.5	0	2453.5
602.331	2464.5	0	2464.5
602.453	2450.5	0	2450.5
602.574	2496	0	2496
602.696	2535.25	0	2535.25
602.818	2461.75	0	2461.75
602.939	2430.75	0	2430.75
603.061	2488.75	0	2488.75
603.182	2547	0	2547
603.304	2630	0	2630
603.426	2745.75	0	2745.75
603.547	2657.25	0	2657.25
603.669	2640.25	0	2640.25
603.79	2521	0	2521
603.912	2478.5	0	2478.5
604.033	2400.25	0	2400.25
604.154	2430	0	2430
604.276	2382	0	2382
604.397	2353.5	0	2353.5
604.519	2439.25	0	2439.25
604.64	2512.5	0	2512.5
604.761	2546	0	2546
604.883	2579	0	2579
605.004	2648.25	0	2648.25
605.125	2525.5	0	2525.5
605.247	2569.25	0	2569.25
605.368	2523	0	2523
605.489	2503.5	0	2503.5
605.611	2447	0	2447
605.732	2387.25	0	2387.25
605.853	2427	0	2427
605.974	2474	0	2474
606.095	2463.75	0	2463.75
606.216	2403.5	0	2403.5
606.338	2343.5	0	2343.5
606.459	2338	0	2338
606.58	2365	0	2365
606.701	2347.75	0	2347.75
606.822	2367.75	0	2367.75
606.943	2365.25	0	2365.25
607.064	2356	0	2356
607.185	2383.5	0	2383.5
607.306	2479.25	0	2479.25
607.427	2362.25	0	2362.25
607.548	2411.5	0	2411.5
607.669	2438	0	2438
607.79	2440.25	0	2440.25
607.911	2312.5	0	2312.5
608.032	2328.5	0	2328.5
608.153	2281.75	0	2281.75
608.274	2303.5	0	2303.5
608.394	2330.5	0	2330.5
608.515	2329.25	0	2329.25
608.636	2299.75	0	2299.75
608.757	2310.25	0	2310.25
608.878	2313.25	0	2313.25
608.998	2327.25	0	2327.25
609.119	2239	0	2239
609.24	2250.25	0	2250.25
609.361	2247.5	0	2247.5
609.481	2246	0	2246
609.602	2294.5	0	2294.5
609.723	2173	0	2173
609.843	2261.5	0	2261.5
609.964	2226.75	0	2226.75
610.085	2209.5	0	2209.5
610.205	2123.75	0	2123.75
610.326	2177.5	0	2177.5
610.446	2247.75	0	2247.75
610.567	2269.75	0	2269.75
610.687	2250.25	0	2250.25
610.808	2296.25	0	2296.25
610.928	2244.75	0	2244.75
611.049	2261.75	0	2261.75
611.169	2313.25	0	2313.25
611.29	2303.5	0	2303.5
611.41	2274	0	2274
611.531	2321.75	0	2321.75
611.651	2230.25	0	2230.25
611.771	2272.5	0	2272.5
611.892	2299.75	0	2299.75
612.012	2293	0	2293
612.132	2233.75	0	2233.75
612.253	2272	0	2272
612.373	2318.25	0	2318.25
612.493	2465.25	0	2465.25
612.613	2336.5	0	2336.5
612.734	2376.25	0	2376.25
612.854	2397.5	0	2397.5
612.974	2447.5	0	2447.5
613.094	2447.5	0	2447.5
613.214	2436.75	0	2436.75
613.335	2433	0	2433
613.455	2396.25	0	2396.25
613.575	2381.75	0	2381.75
613.695	2375.25	0	2375.25
613.815	2327.75	0	2327.75
613.935	2295.5	0	2295.5
614.055	2314	0	2314
614.175	2336.25	0	2336.25
614.295	2278	0	2278
614.415	2326.25	0	2326.25
614.535	2387.75	0	2387.75
614.655	2422.5	0	2422.5
614.775	2436.5	0	2436.5
614.895	2417	0	2417
615.015	2486.5	0	2486.5
615.135	2500.25	0	2500.25
615.254	2523.25	0	2523.25
615.374	2440.75	0	2440.75
615.494	2386	0	2386
615.614	2353.75	0	2353.75
615.734	2309	0	2309
615.854	2402.5	0	2402.5
615.973	2354.25	0	2354.25
616.093	2365	0	2365
616.213	2315.75	0	2315.75
616.332	2351.5	0	2351.5
616.452	2333.25	0	2333.25
616.572	2370.5	0	2370.5
616.691	2338.5	0	2338.5
616.811	2384.25	0	2384.25
616.931	2366.25	0	2366.25
617.05	2281.5	0	2281.5
617.17	2262.25	0	2262.25
617.289	2203.25	0	2203.25
617.409	2238	0	2238
617.529	2223	0	2223
617.648	2222.75	0	2222.75
617.768	2205	0	2205
617.887	2256.5	0	2256.5
618.006	2260.5	0	2260.5
618.126	2258.5	0	2258.5
618.245	2246.25	0	2246.25
618.365	2245	0	2245
618.484	2188.25	0	2188.25
618.604	2178.25	0	2178.25
618.723	2196.75	0	2196.75
618.842	2178.5	0	2178.5
618.962	2152	0	2152
619.081	2230.5	0	2230.5
619.2	2202.5	0	2202.5
619.319	2145.75	0	2145.75
619.439	2142.75	0	2142.75
619.558	2141	0	2141
619.677	2222.75	0	2222.75
619.796	2205.75	0	2205.75
619.916	2229.75	0	2229.75
620.035	2176.25	0	2176.25
620.154	2183.5	0	2183.5
620.273	2159.25	0	2159.25
620.392	2099.75	0	2099.75
620.511	2155.25	0	2155.25
620.63	2111.5	0	2111.5
620.749	2149.25	0	2149.25
620.868	2145	0	2145
620.987	2157.25	0	2157.25
621.106	2054	0	2054
621.225	2077.75	0	2077.75
621.344	2030	0	2030
621.463	2112	0	2112
621.582	2120.5	0	2120.5
621.701	2174.5	0	2174.5
621.82	2182.75	0	2182.75
621.939	2149	0	2149
622.058	2162.5	0	2162.5
622.177	2214.25	0	2214.25
622.295	2205.75	0	2205.75
622.414	2107.75	0	2107.75
622.533	2226	0	2226
622.652	2213.25	0	2213.25
622.771	2078.5	0	2078.5
622.889	2043.25	0	2043.25
623.008	2008.25	0	2008.25
623.127	2058	0	2058
623.245	2060	0	2060
623.364	2077.25	0	2077.25
623.483	2134.5	0	2134.5
623.601	2078	0	2078
623.72	2052.5	0	2052.5
623.839	2016	0	2016
623.957	2091.5	0	2091.5
624.076	2001.75	0	2001.75
624.194	1993.5	0	1993.5
624.313	1964.25	0	1964.25
624.431	2002	0	2002
624.55	1991.25	0	1991.25
624.668	1979.75	0	1979.75
624.787	1933.25	0	1933.25
624.905	1939	0	1939
625.024	1933.5	0	1933.5
625.142	1955.5	0	1955.5
625.26	1947.25	0	1947.25
625.379	1969.5	0	1969.5
625.497	2028.5	0	2028.5
625.615	2121.75	0	2121.75
625.734	2030.25	0	2030.25
625.852	1929.5	0	1929.5
625.97	1907.75	0	1907.75
626.089	1900.25	0	1900.25
626.207	1899.75	0	1899.75
626.325	1918	0	1918
626.443	1979.25	0	1979.25
626.561	1971.25	0	1971.25
626.68	1909.5	0	1909.5
626.798	1849.25	0	1849.25
626.916	1856	0	1856
627.034	1867	0	1867
627.152	1815	0	1815
627.27	1912.25	0	1912.25
627.388	1870.5	0	1870.5
627.506	1887.5	0	1887.5
627.624	1884.5	0	1884.5
627.742	1867	0	1867
627.86	1940.5	0	1940.5
627.978	1939.75	0	1939.75
628.096	1863.75	0	1863.75
628.214	1899.25	0	1899.25
628.332	1824	0	1824
628.45	1865.75	0	1865.75
628.568	1801.75	0	1801.75
628.686	1802.75	0	1802.75
628.804	1830.5	0	1830.5
628.921	1811	0	1811
629.039	1847.75	0	1847.75
629.157	1868.25	0	1868.25
629.275	1751.25	0	1751.25
629.393	1769.75	0	1769.75
629.51	1766.5	0	1766.5
629.628	1707.25	0	1707.25
629.746	1732.5	0	1732.5
629.864	1733.5	0	1733.5
629.981	1776.25	0	1776.25
630.099	1710.25	0	1710.25
630.216	1748	0	1748
630.334	1737.25	0	1737.25
630.452	1754.75	0	1754.75
630.569	1741.5	0	1741.5
630.687	1729	0	1729
630.804	1718	0	1718
630.922	1678	0	1678
631.039	1732.75	0	1732.75
631.157	1688.25	0	1688.25
631.274	1721	0	1721
631.392	1761.5	0	1761.5
631.509	1779	0	1779
631.627	1722.75	0	1722.75
631.744	1682	0	1682
631.861	1690.5	0	1690.5
631.979	1658.75	0	1658.75
632.096	1693	0	1693
632.213	1693.75	0	1693.75
632.331	1707.5	0	1707.5
632.448	1669.75	0	1669.75
632.565	1696.75	0	1696.75
632.683	1655	0	1655
632.8	1644.25	0	1644.25
632.917	1690.75	0	1690.75
633.034	1727.25	0	1727.25
633.151	1644.25	0	1644.25
633.269	1615.5	0	1615.5
633.386	1621	0	1621
633.503	1658.25	0	1658.25
633.62	1664	0	1664
633.737	1675.5	0	1675.5
633.854	1656.75	0	1656.75
633.971	1640.5	0	1640.5
634.088	1601.5	0	1601.5
634.205	1604	0	1604
634.322	1565.25	0	1565.25
634.439	1574.25	0	1574.25
634.556	1670.75	0	1670.75
634.673	1618.75	0	1618.75
634.79	1621.5	0	1621.5
634.907	1640.5	0	1640.5
635.024	1676	0	1676
635.141	1680.75	0	1680.75
635.258	1652.25	0	1652.25
635.375	1702.25	0	1702.25
635.491	1670.75	0	1670.75
635.608	1616.5	0	1616.5
635.725	1633.75	0	1633.75
635.842	1591.5	0	1591.5
635.958	1616.5	0	1616.5
636.075	1581.75	0	1581.75
636.192	1567.25	0	1567.25
636.309	1574.25	0	1574.25
636.425	1591.25	0	1591.25
636.542	1629.25	0	1629.25
636.659	1624.75	0	1624.75
636.775	1587	0	1587
636.892	1603	0	1603
637.008	1590	0	1590
637.125	1614	0	1614
637.241	1574.25	0	1574.25
637.358	1546	0	1546
637.475	1571.5	0	1571.5
637.591	1571	0	1571
637.707	1547.5	0	1547.5
637.824	1533	0	1533
637.94	1536.5	0	1536.5
638.057	1583.75	0	1583.75
638.173	1540	0	1540
638.29	1584.25	0	1584.25
638.406	1532.5	0	1532.5
638.522	1536.75	0	1536.75
638.639	1529.75	0	1529.75
638.755	1550	0	1550
638.871	1534	0	1534
638.987	1531.25	0	1531.25
639.104	1528.75	0	1528.75
639.22	1507.25	0	1507.25
639.336	1539.5	0	1539.5
639.452	1511.5	0	1511.5
639.569	1490	0	1490
639.685	1532.75	0	1532.75
639.801	1521.5	0	1521.5
639.917	1503.75	0	1503.75
640.033	1453.25	0	1453.25
640.149	1520.5	0	1520.5
640.265	1478.25	0	1478.25
640.381	1451.25	0	1451.25
640.497	1486.25	0	1486.25
640.613	1442.5	0	1442.5
640.729	1459.75	0	1459.75
640.845	1472	0	1472
640.961	1493.5	0	1493.5
641.077	1484	0	1484
641.193	1494.25	0	1494.25
641.309	1516.25	0	1516.25
641.425	1484	0	1484
641.541	1470.25	0	1470.25
641.657	1432	0	1432
641.773	1471.5	0	1471.5
641.888	1453	0	1453
642.004	1501.5	0	1501.5
642.12	1493.5	0	1493.5
642.236	1505.5	0	1505.5
642.352	1476.75	0	1476.75
642.467	1438	0	1438
642.583	1452.25	0	1452.25
642.699	1478.75	0	1478.75
642.814	1427.25	0	1427.25
642.93	1459.75	0	1459.75
643.046	1449	0	1449
643.161	1471	0	1471
643.277	1507.25	0	1507.25
643.392	1634.5	0	1634.5
643.508	1731.75	0	1731.75
643.623	1621	0	1621
643.739	1614.5	0	1614.5
643.854	1545	0	1545
643.97	1429.75	0	1429.75
644.085	1455.75	0	1455.75
644.201	1446.5	0	1446.5
644.316	1392.25	0	1392.25
644.432	1400.5	0	1400.5
644.547	1373.25	0	1373.25
644.663	1375.75	0	1375.75
644.778	1392.25	0	1392.25
644.893	1364.5	0	1364.5
645.008	1400.25	0	1400.25
645.124	1331	0	1331
645.239	1368.75	0	1368.75
645.354	1442.5	0	1442.5
645.47	1444.25	0	1444.25
645.585	1419	0	1419
645.7	1360.5	0	1360.5
645.815	1386.25	0	1386.25
645.93	1412.25	0	1412.25
646.046	1348	0	1348
646.161	1389.5	0	1389.5
646.276	1338.75	0	1338.75
646.391	1352	0	1352
646.506	1370	0	1370
646.621	1347.5	0	1347.5
646.736	1373.25	0	1373.25
646.851	1374.25	0	1374.25
646.966	1431.5	0	1431.5
647.081	1402	0	1402
647.196	1341.25	0	1341.25
647.311	1394	0	1394
647.426	1351	0	1351
647.541	1337.25	0	1337.25
647.656	1375.5	0	1375.5
647.771	1389.5	0	1389.5
647.885	1464	0	1464
648	1426.5	0	1426.5
648.115	1410	0	1410
648.23	1401.75	0	1401.75
648.345	1389.75	0	1389.75
648.459	1352.5	0	1352.5
648.574	1330.25	0	1330.25
648.689	1382	0	1382
648.804	1401.25	0	1401.25
648.918	1446.75	0	1446.75
649.033	1430.25	0	1430.25
649.148	1438.5	0	1438.5
649.262	1444.5	0	1444.5
649.377	1399.5	0	1399.5
649.491	1443.75	0	1443.75
649.606	1486.5	0	1486.5
649.721	1403.75	0	1403.75
649.835	1514.25	0	1514.25
649.95	1595.75	0	1595.75
650.064	1633.75	0	1633.75
650.179	1615.25	0	1615.25
650.293	1589.25	0	1589.25
650.408	1530.5	0	1530.5
650.522	1625.75	0	1625.75
650.636	1587.25	0	1587.25
650.751	1605	0	1605
650.865	1562.5	0	1562.5
650.979	1525.25	0	1525.25
651.094	1529.25	0	1529.25
651.208	1532	0	1532
651.322	1522	0	1522
651.437	1526.25	0	1526.25
651.551	1494.5	0	1494.5
651.665	1550	0	1550
651.779	1525.5	0	1525.5
651.894	1530	0	1530
652.008	1595.5	0	1595.5
652.122	1575.75	0	1575.75
652.236	1509.5	0	1509.5
652.35	1510.25	0	1510.25
652.464	1521.5	0	1521.5
652.578	1519.75	0	1519.75
652.693	1495.75	0	1495.75
652.807	1458.25	0	1458.25
652.921	1519.5	0	1519.5
653.035	1474.25	0	1474.25
653.149	1455.75	0	1455.75
653.263	1449.25	0	1449.25
653.376	1448.5	0	1448.5
653.49	1456.75	0	1456.75
653.604	1450.5	0	1450.5
653.718	1474.25	0	1474.25
653.832	1445.5	0	1445.5
653.946	1439.75	0	1439.75
654.06	1418.25	0	1418.25
654.174	1460.75	0	1460.75
654.287	1414	0	1414
654.401	1421.25	0	1421.25
654.515	1384.25	0	1384.25
654.629	1428.5	0	1428.5
654.743	1482.25	0	1482.25
654.856	1612	0	1612
654.97	1576.5	0	1576.5
655.084	1459.5	0	1459.5
655.197	1421.25	0	1421.25
655.311	1362	0	1362
655.424	1414.5	0	1414.5
655.538	1392.25	0	1392.25
655.652	1416.25	0	1416.25
655.765	1376	0	1376
655.879	1355	0	1355
655.992	1381.75	0	1381.75
656.106	1405	0	1405
656.219	1387	0	1387
656.333	1391.5	0	1391.5
656.446	1378.5	0	1378.5
656.56	1343.75	0	1343.75
656.673	1292.5	0	1292.5
656.786	1284	0	1284
656.9	1286.75	0	1286.75
657.013	1299.25	0	1299.25
657.127	1299.25	0	1299.25
657.24	1303.75	0	1303.75
657.353	1261.5	0	1261.5
657.466	1272.75	0	1272.75
657.58	1277	0	1277
657.693	1256.5	0	1256.5
657.806	1328.25	0	1328.25
657.919	1381.75	0	1381.75
658.032	1431.75	0	1431.75
658.146	1387.5	0	1387.5
658.259	1335.25	0	1335.25
658.372	1362.5	0	1362.5
658.485	1334.25	0	1334.25
658.598	1277.75	0	1277.75
658.711	1313.75	0	1313.75
658.824	1299.5	0	1299.5
658.937	1262.25	0	1262.25
659.05	1278	0	1278
659.163	1259.75	0	1259.75
659.276	1236.25	0	1236.25
659.389	1280.75	0	1280.75
659.502	1422	0	1422
659.615	1428.5	0	1428.5
659.728	1395.75	0	1395.75
659.841	1403	0	1403
659.954	1387.25	0	1387.25
660.067	1388	0	1388
660.179	1372.75	0	1372.75
660.292	1342.25	0	1342.25
660.405	1337	0	1337
660.518	1391.5	0	1391.5
660.63	1284	0	1284
660.743	1343.25	0	1343.25
660.856	1330.5	0	1330.5
660.969	1317	0	1317
661.081	1377.25	0	1377.25
661.194	1388.5	0	1388.5
661.307	1311	0	1311
661.419	1296.25	0	1296.25
661.532	1304	0	1304
661.644	1255.5	0	1255.5
661.757	1331.75	0	1331.75
661.869	1335	0	1335
661.982	1288	0	1288
662.094	1291	0	1291
662.207	1264.75	0	1264.75
662.319	1279.75	0	1279.75
662.432	1283	0	1283
662.544	1306	0	1306
662.656	1254	0	1254
662.769	1225.75	0	1225.75
662.881	1235.75	0	1235.75
662.994	1266.5	0	1266.5
663.106	1241.5	0	1241.5
663.218	1245.5	0	1245.5
663.331	1235.75	0	1235.75
663.443	1237.75	0	1237.75
663.555	1186.75	0	1186.75
663.667	1203.75	0	1203.75
663.779	1254.75	0	1254.75
663.892	1274.75	0	1274.75
664.004	1215.25	0	1215.25
664.116	1212.25	0	1212.25
664.228	1236.25	0	1236.25
664.34	1211.75	0	1211.75
664.452	1226.25	0	1226.25
664.564	1257	0	1257
664.676	1179	0	1179
664.788	1264	0	1264
664.901	1257.75	0	1257.75
665.012	1261	0	1261
665.125	1235	0	1235
665.236	1203	0	1203
665.348	1197	0	1197
665.46	1230.25	0	1230.25
665.572	1238.5	0	1238.5
665.684	1232.5	0	1232.5
665.796	1191.5	0	1191.5
665.908	1202.5	0	1202.5
666.02	1230.5	0	1230.5
666.131	1227.75	0	1227.75
666.243	1245.75	0	1245.75
666.355	1363.75	0	1363.75
666.467	1766.25	0	1766.25
666.578	1778.25	0	1778.25
666.69	1342.25	0	1342.25
666.802	1244.25	0	1244.25
666.914	1188.75	0	1188.75
667.025	1186.5	0	1186.5
667.137	1161	0	1161
667.248	1176.5	0	1176.5
667.36	1105	0	1105
667.472	1128.75	0	1128.75
667.583	1167.75	0	1167.75
667.695	1115	0	1115
667.806	1203.75	0	1203.75
667.918	1215.5	0	1215.5
668.029	1374.25	0	1374.25
668.141	1660.25	0	1660.25
668.252	1478	0	1478
668.363	1213.75	0	1213.75
668.475	1158.75	0	1158.75
668.586	1149.5	0	1149.5
668.698	1138.5	0	1138.5
668.809	1130.5	0	1130.5
668.92	1121.25	0	1121.25
669.032	1084.25	0	1084.25
669.143	1087.25	0	1087.25
669.254	1093.75	0	1093.75
669.365	1089.25	0	1089.25
669.477	1061	0	1061
669.588	1107.5	0	1107.5
669.699	1099.5	0	1099.5
669.81	1124.25	0	1124.25
669.921	1106	0	1106
670.032	1057.5	0	1057.5
670.143	1160.75	0	1160.75
670.255	1081.75	0	1081.75
670.366	1161.5	0	1161.5
670.477	1247.5	0	1247.5
670.588	1278.25	0	1278.25
670.699	1135.25	0	1135.25
670.81	1094.25	0	1094.25
670.921	1093.25	0	1093.25
671.032	1051.25	0	1051.25
671.143	1062.5	0	1062.5
671.253	1070.5	0	1070.5
671.364	1052	0	1052
671.475	1098	0	1098
671.586	1052	0	1052
671.697	1049.25	0	1049.25
671.808	1031.75	0	1031.75
671.919	1068.5	0	1068.5
672.029	1033.5	0	1033.5
672.14	1085	0	1085
672.251	1081.5	0	1081.5
672.362	1089.25	0	1089.25
672.472	1059.75	0	1059.75
672.583	1096.25	0	1096.25
672.694	1224	0	1224
672.804	1484.75	0	1484.75
672.915	1198.5	0	1198.5
673.025	1072.25	0	1072.25
673.136	1066	0	1066
673.247	1060	0	1060
673.357	1049.75	0	1049.75
673.468	1024.75	0	1024.75
673.578	1032	0	1032
673.689	1035	0	1035
673.799	1030.5	0	1030.5
673.91	1028.25	0	1028.25
674.02	1021.25	0	1021.25
674.13	1046.5	0	1046.5
674.241	1140	0	1140
674.351	1234.25	0	1234.25
674.461	1280	0	1280
674.572	1160	0	1160
674.682	1119.75	0	1119.75
674.792	1100	0	1100
674.903	1078	0	1078
675.013	1121	0	1121
675.123	1066.5	0	1066.5
675.233	1098.75	0	1098.75
675.344	1065	0	1065
675.454	1087.5	0	1087.5
675.564	1081	0	1081
675.674	1043.25	0	1043.25
675.784	1079.25	0	1079.25
675.894	1046	0	1046
676.004	1060.75	0	1060.75
676.114	1030	0	1030
676.224	1048.5	0	1048.5
676.334	971.5	0	971.5
676.444	1004.5	0	1004.5
676.554	1003.75	0	1003.75
676.664	1043.5	0	1043.5
676.774	1003.75	0	1003.75
676.884	1018.25	0	1018.25
676.994	1005.75	0	1005.75
677.104	1015.25	0	1015.25
677.214	1005.75	0	1005.75
677.324	994.75	0	994.75
677.433	1041	0	1041
677.543	1015.25	0	1015.25
677.653	995	0	995
677.763	967.75	0	967.75
677.872	977.75	0	977.75
677.982	951	0	951
678.092	951.5	0	951.5
678.202	990	0	990
678.311	937.75	0	937.75
678.421	978.25	0	978.25
678.53	994.5	0	994.5
678.64	964.25	0	964.25
678.75	939.5	0	939.5
678.859	969.25	0	969.25
678.969	963.5	0	963.5
679.078	946.75	0	946.75
679.188	976.5	0	976.5
679.297	977.25	0	977.25
679.407	962.5	0	962.5
679.516	958.25	0	958.25
679.625	938.25	0	938.25
679.735	908.75	0	908.75
679.844	960.5	0	960.5
679.954	1002.25	0	1002.25
680.063	963	0	963
680.172	967	0	967
680.282	946.25	0	946.25
680.391	917.75	0	917.75
680.5	920.5	0	920.5
680.609	935	0	935
680.719	941	0	941
680.828	928	0	928
680.937	897.25	0	897.25
681.046	875.25	0	875.25
681.155	934	0	934
681.264	920	0	920
681.374	907	0	907
681.483	930.5	0	930.5
681.592	876	0	876
681.701	915	0	915
681.81	924.5	0	924.5
681.919	883	0	883
682.028	895.75	0	895.75
682.137	888.5	0	888.5
682.246	871	0	871
682.355	888.75	0	888.75
682.463	888	0	888
682.572	880.25	0	880.25
682.681	856.75	0	856.75
682.79	888	0	888
682.899	893.25	0	893.25
683.008	921.5	0	921.5
683.117	945	0	945
683.225	1139.25	0	1139.25
683.334	999.5	0	999.5
683.443	856.5	0	856.5
683.551	866.75	0	866.75
683.66	842.5	0	842.5
683.769	875.5	0	875.5
683.877	850.25	0	850.25
683.986	854.75	0	854.75
684.095	835.75	0	835.75
684.203	845.75	0	845.75
684.312	821.75	0	821.75
684.42	854	0	854
684.529	859.75	0	859.75
684.637	852.75	0	852.75
684.746	837.75	0	837.75
684.854	817.25	0	817.25
684.963	825.5	0	825.5
685.071	836.75	0	836.75
685.18	841.75	0	841.75
685.288	836.75	0	836.75
685.396	881.5	0	881.5
685.505	815.75	0	815.75
685.613	823.75	0	823.75
685.721	801.75	0	801.75
685.83	798.25	0	798.25
685.938	809.25	0	809.25
686.046	805.75	0	805.75
686.154	802.75	0	802.75
686.263	820.25	0	820.25
686.371	786.5	0	786.5
686.479	791.5	0	791.5
686.587	824.25	0	824.25
686.695	774.75	0	774.75
686.803	806	0	806
686.911	801.75	0	801.75
687.019	809.75	0	809.75
687.127	778	0	778
687.235	776.25	0	776.25
687.343	779.5	0	779.5
687.451	790.75	0	790.75
687.559	830.25	0	830.25
687.667	778.5	0	778.5
687.775	803.5	0	803.5
687.883	805.75	0	805.75
687.991	808.75	0	808.75
688.099	873.5	0	873.5
688.207	801.25	0	801.25
688.315	791.25	0	791.25
688.422	773.75	0	773.75
688.53	782.25	0	782.25
688.638	732.75	0	732.75
688.746	774.5	0	774.5
688.853	770.5	0	770.5
688.961	790.75	0	790.75
689.069	794.5	0	794.5
689.176	773.25	0	773.25
689.284	735.25	0	735.25
689.392	749.75	0	749.75
689.499	745.75	0	745.75
689.607	756.25	0	756.25
689.714	745.5	0	745.5
689.822	735	0	735
689.93	728.75	0	728.75
690.037	729.75	0	729.75
690.144	708.5	0	708.5
690.252	720.25	0	720.25
690.359	740.5	0	740.5
690.467	741.75	0	741.75
690.574	735.25	0	735.25
690.682	790.25	0	790.25
690.789	783.5	0	783.5
690.896	729.75	0	729.75
691.004	728.25	0	728.25
691.111	775.5	0	775.5
691.218	804	0	804
691.325	771.75	0	771.75
691.433	742.75	0	742.75
691.54	757	0	757
691.647	731.25	0	731.25
691.754	724.5	0	724.5
691.861	706.25	0	706.25
691.969	727.75	0	727.75
692.076	730.5	0	730.5
692.183	776	0	776
692.29	812.25	0	812.25
692.397	738.5	0	738.5
692.504	706.25	0	706.25
692.611	717.25	0	717.25
692.718	713.5	0	713.5
692.825	727.5	0	727.5
692.932	699.75	0	699.75
693.039	683	0	683
693.146	697.5	0	697.5
693.253	695.25	0	695.25
693.359	702.75	0	702.75
693.466	702.75	0	702.75
693.573	689	0	689
693.68	701.25	0	701.25
693.787	673.5	0	673.5
693.894	685.75	0	685.75
694	676.25	0	676.25
694.107	711.5	0	711.5
694.214	692.5	0	692.5
694.32	718.25	0	718.25
694.427	709.75	0	709.75
694.534	706.5	0	706.5
694.64	686.25	0	686.25
694.747	690.75	0	690.75
694.853	704.5	0	704.5
694.96	698.75	0	698.75
695.067	709.75	0	709.75
695.173	675	0	675
695.28	703.25	0	703.25
695.386	685.25	0	685.25
695.493	725.75	0	725.75
695.599	698.25	0	698.25
695.705	730	0	730
695.812	721.5	0	721.5
695.918	709.5	0	709.5
696.025	720.25	0	720.25
696.131	709.5	0	709.5
696.237	709	0	709
696.344	706.75	0	706.75
696.45	683.75	0	683.75
696.556	682.5	0	682.5
696.662	691.75	0	691.75
696.768	682.5	0	682.5
696.875	677.75	0	677.75
696.981	696.75	0	696.75
697.087	700.75	0	700.75
697.193	721.75	0	721.75
697.299	677.25	0	677.25
697.405	691.75	0	691.75
697.512	738.25	0	738.25
697.618	738.25	0	738.25
697.724	728.25	0	728.25
697.83	704	0	704
697.936	658.75	0	658.75
698.042	689.5	0	689.5
698.148	703.5	0	703.5
698.253	727	0	727
698.359	698.5	0	698.5
698.465	701.75	0	701.75
698.571	702.25	0	702.25
698.677	689.25	0	689.25
698.783	693.5	0	693.5
698.889	689.25	0	689.25
698.994	688.75	0	688.75
699.1	690.5	0	690.5
699.206	698.5	0	698.5
699.312	747.75	0	747.75
699.417	842.5	0	842.5
699.523	822.75	0	822.75
699.629	709.25	0	709.25
699.734	663.75	0	663.75
699.84	695.25	0	695.25
699.946	668.75	0	668.75
700.051	703.25	0	703.25
700.157	669.5	0	669.5
700.262	671.25	0	671.25
700.368	690	0	690
700.473	673.25	0	673.25
700.579	665	0	665
700.684	661.75	0	661.75
700.79	678.5	0	678.5
700.895	670.5	0	670.5
701	686	0	686
701.106	649.5	0	649.5
701.211	663.75	0	663.75
701.316	652.25	0	652.25
701.422	641.75	0	641.75
701.527	652	0	652
701.632	645.75	0	645.75
701.738	651.75	0	651.75
701.843	652.5	0	652.5
701.948	647.25	0	647.25
702.053	648.5	0	648.5
702.158	658.25	0	658.25
702.264	659.25	0	659.25
702.369	655.25	0	655.25
702.474	645	0	645
702.579	651.25	0	651.25
702.684	672.5	0	672.5
702.789	696	0	696
702.894	627.5	0	627.5
702.999	643	0	643
703.104	657	0	657
703.209	662.25	0	662.25
703.314	659	0	659
703.419	659.75	0	659.75
703.524	636.5	0	636.5
703.629	647.5	0	647.5
703.733	624.5	0	624.5
703.838	643	0	643
703.943	608.25	0	608.25
704.048	631.75	0	631.75
704.153	665.25	0	665.25
704.257	682.25	0	682.25
704.362	637.5	0	637.5
704.467	633	0	633
704.572	643.75	0	643.75
704.676	634	0	634
704.781	678.5	0	678.5
704.886	660.75	0	660.75
704.99	724	0	724
705.095	953.75	0	953.75
705.199	803	0	803
705.304	711.25	0	711.25
705.408	629.75	0	629.75
705.513	672	0	672
705.617	659.75	0	659.75
705.722	637	0	637
705.826	631	0	631
705.931	636.25	0	636.25
706.035	598.5	0	598.5
706.139	617.25	0	617.25
706.244	619	0	619
706.348	621.5	0	621.5
706.452	608.5	0	608.5
706.557	633.75	0	633.75
706.661	617.5	0	617.5
706.765	606.5	0	606.5
706.87	614.25	0	614.25
706.974	599.25	0	599.25
707.078	632.25	0	632.25
707.182	602.75	0	602.75
707.286	591.75	0	591.75
707.39	607.5	0	607.5
707.495	610	0	610
707.599	607.5	0	607.5
707.703	607.75	0	607.75
707.807	607.75	0	607.75
707.911	634.25	0	634.25
708.015	627	0	627
708.119	597.75	0	597.75
708.223	618.25	0	618.25
708.327	605.25	0	605.25
708.431	606.5	0	606.5
708.534	617.5	0	617.5
708.638	574.75	0	574.75
708.742	583	0	583
708.846	586	0	586
708.95	600.75	0	600.75
709.054	578.75	0	578.75
709.157	571.25	0	571.25
709.261	580	0	580
709.365	573	0	573
709.469	588.25	0	588.25
709.572	593.25	0	593.25
709.676	581	0	581
709.78	589	0	589
709.883	593.5	0	593.5
709.987	577.5	0	577.5
710.09	578	0	578
710.194	585	0	585
710.298	658	0	658
710.401	649.75	0	649.75
710.505	613.75	0	613.75
710.608	600.5	0	600.5
710.711	606.5	0	606.5
710.815	578	0	578
710.918	588.25	0	588.25
711.022	563.25	0	563.25
711.125	575.25	0	575.25
711.228	583.75	0	583.75
711.332	574	0	574
711.435	572.5	0	572.5
711.538	589	0	589
711.642	578	0	578
711.745	561.75	0	561.75
711.848	563.5	0	563.5
711.951	581.75	0	581.75
712.055	579.5	0	579.5
712.158	594	0	594
712.261	581.25	0	581.25
712.364	611.75	0	611.75
712.467	600.25	0	600.25
712.57	622.25	0	622.25
712.673	603	0	603
712.776	583	0	583
712.879	581.25	0	581.25
712.982	595.5	0	595.5
713.085	605	0	605
713.188	566	0	566
713.291	573	0	573
713.394	588.5	0	588.5
713.497	573.25	0	573.25
713.6	563.5	0	563.5
713.703	576	0	576
713.805	556	0	556
713.908	540.75	0	540.75
714.011	546.5	0	546.5
714.114	574.25	0	574.25
714.216	562	0	562
714.319	572.5	0	572.5
714.422	585.25	0	585.25
714.525	554.25	0	554.25
714.627	541.5	0	541.5
714.73	567.5	0	567.5
714.833	557.75	0	557.75
714.935	566	0	566
715.038	580.5	0	580.5
715.14	548.75	0	548.75
715.243	541.25	0	541.25
715.345	563.75	0	563.75
715.448	556.5	0	556.5
715.55	565.25	0	565.25
715.653	562.25	0	562.25
715.755	532.5	0	532.5
715.857	546.25	0	546.25
715.96	555.25	0	555.25
716.062	552.5	0	552.5
716.164	580.5	0	580.5
716.267	605.25	0	605.25
716.369	718.5	0	718.5
716.471	621	0	621
716.574	545.75	0	545.75
716.676	547.75	0	547.75
716.778	537.5	0	537.5
716.88	558.75	0	558.75
716.982	560	0	560
717.085	555.25	0	555.25
717.187	535.25	0	535.25
717.289	553.75	0	553.75
717.391	539.75	0	539.75
717.493	538.5	0	538.5
717.595	546.5	0	546.5
717.697	538.5	0	538.5
717.799	536.75	0	536.75
717.901	532.25	0	532.25
718.003	535.75	0	535.75
718.105	547.75	0	547.75
718.207	537.75	0	537.75
718.309	552.75	0	552.75
718.411	555	0	555
718.512	538.75	0	538.75
718.614	572.75	0	572.75
718.716	556.25	0	556.25
718.818	536.25	0	536.25
718.92	525.5	0	525.5
719.021	578.25	0	578.25
719.123	534.75	0	534.75
719.225	532	0	532
719.326	540	0	540
719.428	535.25	0	535.25
719.53	540	0	540
719.631	522.25	0	522.25
719.733	530	0	530
719.834	539.5	0	539.5
719.936	516.5	0	516.5
720.038	558.5	0	558.5
720.139	509	0	509
720.241	524.5	0	524.5
720.342	514.75	0	514.75
720.443	527.25	0	527.25
720.545	507.75	0	507.75
720.646	522	0	522
720.748	509.75	0	509.75
720.849	517.75	0	517.75
720.95	523.5	0	523.5
721.052	522.25	0	522.25
721.153	552.5	0	552.5
721.254	509.75	0	509.75
721.355	548.25	0	548.25
721.457	537.25	0	537.25
721.558	520.5	0	520.5
721.659	507.25	0	507.25
721.76	515.75	0	515.75
721.861	507.5	0	507.5
721.963	513.5	0	513.5
722.064	501.25	0	501.25
722.165	509	0	509
722.266	503.25	0	503.25
722.367	516.25	0	516.25
722.468	504.75	0	504.75
722.569	502.5	0	502.5
722.67	480.5	0	480.5
722.771	512.5	0	512.5
722.872	500	0	500
722.973	505.25	0	505.25
723.073	510.75	0	510.75
723.174	508.25	0	508.25
723.275	501.25	0	501.25
723.376	504.5	0	504.5
723.477	521.5	0	521.5
723.577	504.75	0	504.75
723.678	487	0	487
723.779	510.5	0	510.5
723.88	479.75	0	479.75
723.98	505.25	0	505.25
724.081	484.75	0	484.75
724.182	499	0	499
724.282	511.25	0	511.25
724.383	500.25	0	500.25
724.483	512	0	512
724.584	508.75	0	508.75
724.685	510	0	510
724.785	495	0	495
724.886	518	0	518
724.986	502.5	0	502.5
725.086	484.25	0	484.25
725.187	495	0	495
725.287	502.5	0	502.5
725.388	490.5	0	490.5
725.488	499.75	0	499.75
725.588	515.5	0	515.5
725.689	544	0	544
725.789	502.25	0	502.25
725.889	477.25	0	477.25
725.99	482.75	0	482.75
726.09	499.75	0	499.75
726.19	476.5	0	476.5
726.29	506.5	0	506.5
726.39	482	0	482
726.49	486.75	0	486.75
726.591	486.25	0	486.25
726.691	472.75	0	472.75
726.791	492.25	0	492.25
726.891	482.5	0	482.5
726.991	482.75	0	482.75
727.091	489	0	489
727.191	481.25	0	481.25
727.291	483.5	0	483.5
727.391	500.75	0	500.75
727.491	474.75	0	474.75
727.591	485	0	485
727.691	490	0	490
727.79	494.75	0	494.75
727.89	505.25	0	505.25
727.99	483.25	0	483.25
728.09	490	0	490
728.19	489	0	489
728.289	498.25	0	498.25
728.389	466	0	466
728.489	487.5	0	487.5
728.589	488	0	488
728.688	460.5	0	460.5
728.788	464	0	464
728.888	470	0	470
728.987	485.25	0	485.25
729.087	464	0	464
729.186	459.75	0	459.75
729.286	472.5	0	472.5
729.385	472	0	472
729.485	476.5	0	476.5
729.584	446	0	446
729.684	467.25	0	467.25
729.783	471.25	0	471.25
729.883	468	0	468
729.982	474.75	0	474.75
730.081	471.5	0	471.5
730.181	453.5	0	453.5
730.28	467	0	467
730.379	477.5	0	477.5
730.479	471.75	0	471.75
730.578	465.75	0	465.75
730.677	472.25	0	472.25
730.776	448.5	0	448.5
730.875	464.25	0	464.25
730.975	477.25	0	477.25
731.074	470.75	0	470.75
731.173	460	0	460
731.272	446.75	0	446.75
731.371	451	0	451
731.47	468	0	468
731.569	457.75	0	457.75
731.668	453.5	0	453.5
731.767	465.25	0	465.25
731.866	469.5	0	469.5
731.965	460	0	460
732.064	445.75	0	445.75
732.163	468.25	0	468.25
732.262	457	0	457
732.361	469.25	0	469.25
732.46	463	0	463
732.558	458.75	0	458.75
732.657	471.5	0	471.5
732.756	462	0	462
732.855	498	0	498
732.953	458.5	0	458.5
733.052	469.25	0	469.25
733.151	449.75	0	449.75
733.25	464.5	0	464.5
733.348	485.5	0	485.5
733.447	455.25	0	455.25
733.545	457	0	457
733.644	475.75	0	475.75
733.742	470.75	0	470.75
733.841	438.25	0	438.25
733.939	443.5	0	443.5
734.038	462.5	0	462.5
734.136	427.25	0	427.25
734.235	458.25	0	458.25
734.333	429	0	429
734.432	445.75	0	445.75
734.53	442.25	0	442.25
734.628	437.5	0	437.5
734.727	435	0	435
734.825	433	0	433
734.923	456.75	0	456.75
735.022	438	0	438
735.12	452.75	0	452.75
735.218	430.5	0	430.5
735.316	449	0	449
735.414	436.75	0	436.75
735.513	446	0	446
735.611	460.25	0	460.25
735.709	504.25	0	504.25
735.807	515.5	0	515.5
735.905	462.25	0	462.25
736.003	468.5	0	468.5
736.101	435.5	0	435.5
736.199	448.5	0	448.5
736.297	438.75	0	438.75
736.395	446	0	446
736.493	441.25	0	441.25
736.591	436.25	0	436.25
736.689	437.75	0	437.75
736.787	424.25	0	424.25
736.884	439	0	439
736.982	442.5	0	442.5
737.08	447.5	0	447.5
737.178	435.75	0	435.75
737.276	443	0	443
737.373	438.5	0	438.5
737.471	469.75	0	469.75
737.569	494.75	0	494.75
737.667	639.25	0	639.25
737.764	598.5	0	598.5
737.862	495.25	0	495.25
737.959	483.25	0	483.25
738.057	455.75	0	455.75
738.154	441	0	441
738.252	450.75	0	450.75
738.35	424	0	424
738.447	430.5	0	430.5
738.544	429.25	0	429.25
738.642	445	0	445
738.739	431.25	0	431.25
738.837	424	0	424
738.934	424.75	0	424.75
739.031	439.5	0	439.5
739.129	430.5	0	430.5
739.226	428	0	428
739.323	408	0	408
739.421	406.25	0	406.25
739.518	428.75	0	428.75
739.615	418.75	0	418.75