Lambda	Spectrum	Dark	SpecMinusDark
500.031	3412.25	0	3412.25
500.165	3718.75	0	3718.75
500.299	4123.25	0	4123.25
500.433	4460.5	0	4460.5
500.567	4638.5	0	4638.5
500.701	4753	0	4753
500.835	4781.25	0	4781.25
500.968	4590.5	0	4590.5
501.102	4564.25	0	4564.25
501.236	4349.25	0	4349.25
501.37	4182.5	0	4182.5
501.504	3939.5	0	3939.5
501.637	3771.25	0	3771.25
501.771	3623	0	3623
501.905	3535	0	3535
502.039	3380.75	0	3380.75
502.172	3305.75	0	3305.75
502.306	3243	0	3243
502.44	3166	0	3166
502.573	3144.5	0	3144.5
502.707	3154.25	0	3154.25
502.841	3054.25	0	3054.25
502.974	3010	0	3010
503.108	3028	0	3028
503.242	2977.75	0	2977.75
503.375	2965	0	2965
503.509	3008.5	0	3008.5
503.642	3006.5	0	3006.5
503.776	2958	0	2958
503.909	2944.75	0	2944.75
504.043	3002.5	0	3002.5
504.176	3048.75	0	3048.75
504.31	3075.75	0	3075.75
504.443	3172	0	3172
504.577	3227.75	0	3227.75
504.71	3269.25	0	3269.25
504.844	3297.25	0	3297.25
504.977	3336.25	0	3336.25
505.111	3274	0	3274
505.244	3187.75	0	3187.75
505.377	3159	0	3159
505.511	3182.5	0	3182.5
505.644	3142.5	0	3142.5
505.777	3109.5	0	3109.5
505.911	3122.25	0	3122.25
506.044	3142.5	0	3142.5
506.177	3150.25	0	3150.25
506.311	3165.75	0	3165.75
506.444	3048.25	0	3048.25
506.577	3088.5	0	3088.5
506.71	3095.75	0	3095.75
506.844	3023.5	0	3023.5
506.977	3102.75	0	3102.75
507.11	3039	0	3039
507.243	3012.75	0	3012.75
507.376	3045.25	0	3045.25
507.51	3003.75	0	3003.75
507.643	3088.25	0	3088.25
507.776	3075.5	0	3075.5
507.909	3029.25	0	3029.25
508.042	3062.5	0	3062.5
508.175	3023.25	0	3023.25
508.308	3048.5	0	3048.5
508.441	3056.25	0	3056.25
508.574	3038.5	0	3038.5
508.707	3019.25	0	3019.25
508.84	3018	0	3018
508.973	3088.75	0	3088.75
509.106	3021	0	3021
509.239	3054.25	0	3054.25
509.372	3022	0	3022
509.505	3134	0	3134
509.638	3036.75	0	3036.75
509.771	3042	0	3042
509.904	3054.5	0	3054.5
510.037	3093	0	3093
510.17	3012.5	0	3012.5
510.303	3065.25	0	3065.25
510.436	3071	0	3071
510.568	3157.25	0	3157.25
510.701	3099	0	3099
510.834	3033.25	0	3033.25
510.967	3106	0	3106
511.1	3104	0	3104
511.232	3096	0	3096
511.365	3178	0	3178
511.498	3076	0	3076
511.631	3089	0	3089
511.763	3094.5	0	3094.5
511.896	3155.5	0	3155.5
512.029	3127.5	0	3127.5
512.161	3181.5	0	3181.5
512.294	3145	0	3145
512.427	3138.75	0	3138.75
512.559	3123.25	0	3123.25
512.692	3087.75	0	3087.75
512.825	3148.25	0	3148.25
512.957	3166	0	3166
513.09	3121.25	0	3121.25
513.222	3172	0	3172
513.355	3189.75	0	3189.75
513.487	3192	0	3192
513.62	3153.5	0	3153.5
513.752	3199.5	0	3199.5
513.885	3269.5	0	3269.5
514.017	3251.75	0	3251.75
514.15	3250.5	0	3250.5
514.282	3322.75	0	3322.75
514.415	3290.75	0	3290.75
514.547	3305.75	0	3305.75
514.68	3319.25	0	3319.25
514.812	3286.25	0	3286.25
514.944	3236.25	0	3236.25
515.077	3254.75	0	3254.75
515.209	3361.25	0	3361.25
515.341	3371.5	0	3371.5
515.474	3400	0	3400
515.606	3419	0	3419
515.738	3442.25	0	3442.25
515.871	3483.5	0	3483.5
516.003	3469.25	0	3469.25
516.135	3513.5	0	3513.5
516.267	3484	0	3484
516.4	3570.5	0	3570.5
516.532	3698.25	0	3698.25
516.664	3701.5	0	3701.5
516.796	3729.25	0	3729.25
516.928	3822.5	0	3822.5
517.06	3946.75	0	3946.75
517.193	4010.5	0	4010.5
517.325	4034.75	0	4034.75
517.457	4119.5	0	4119.5
517.589	4294.25	0	4294.25
517.721	4359.25	0	4359.25
517.853	4399.25	0	4399.25
517.985	4429.25	0	4429.25
518.117	4502.75	0	4502.75
518.249	4412	0	4412
518.381	4441	0	4441
518.513	4396.5	0	4396.5
518.645	4262	0	4262
518.777	4215.25	0	4215.25
518.909	4162.5	0	4162.5
519.041	4056	0	4056
519.173	4004.25	0	4004.25
519.305	3977	0	3977
519.437	3859	0	3859
519.569	3893.25	0	3893.25
519.701	3839	0	3839
519.832	3768	0	3768
519.964	3640.5	0	3640.5
520.096	3719	0	3719
520.228	3760.5	0	3760.5
520.36	3699.5	0	3699.5
520.491	3616	0	3616
520.623	3608.25	0	3608.25
520.755	3660	0	3660
520.887	3637.75	0	3637.75
521.018	3577.25	0	3577.25
521.15	3619.5	0	3619.5
521.282	3606.5	0	3606.5
521.414	3530.5	0	3530.5
521.545	3538.75	0	3538.75
521.677	3579.5	0	3579.5
521.808	3616.75	0	3616.75
521.94	3534.75	0	3534.75
522.072	3576.75	0	3576.75
522.203	3547.25	0	3547.25
522.335	3622.75	0	3622.75
522.466	3572.75	0	3572.75
522.598	3499.75	0	3499.75
522.729	3604.75	0	3604.75
522.861	3607	0	3607
522.993	3577.75	0	3577.75
523.124	3633.25	0	3633.25
523.256	3651.75	0	3651.75
523.387	3646.75	0	3646.75
523.518	3706	0	3706
523.65	3688.25	0	3688.25
523.781	3643	0	3643
523.913	3720.75	0	3720.75
524.044	3762.25	0	3762.25
524.176	3714.5	0	3714.5
524.307	3817	0	3817
524.438	3744.5	0	3744.5
524.57	3748.75	0	3748.75
524.701	3926.5	0	3926.5
524.832	3901.75	0	3901.75
524.964	3958.5	0	3958.5
525.095	4013.25	0	4013.25
525.226	4099.75	0	4099.75
525.357	4082.75	0	4082.75
525.489	4174.25	0	4174.25
525.62	4074.75	0	4074.75
525.751	4127	0	4127
525.882	4026.75	0	4026.75
526.013	3965.25	0	3965.25
526.145	3847	0	3847
526.276	3767.75	0	3767.75
526.407	3736.5	0	3736.5
526.538	3684.25	0	3684.25
526.669	3598	0	3598
526.8	3637	0	3637
526.931	3585.75	0	3585.75
527.062	3520.25	0	3520.25
527.193	3490	0	3490
527.324	3465	0	3465
527.455	3488.5	0	3488.5
527.586	3435.25	0	3435.25
527.717	3485.5	0	3485.5
527.848	3451.5	0	3451.5
527.979	3474	0	3474
528.11	3447.75	0	3447.75
528.241	3555.5	0	3555.5
528.372	3528.75	0	3528.75
528.503	3451.75	0	3451.75
528.634	3487	0	3487
528.765	3521.25	0	3521.25
528.896	3583.25	0	3583.25
529.026	3564.75	0	3564.75
529.157	3612.75	0	3612.75
529.288	3662	0	3662
529.419	3700.5	0	3700.5
529.55	3720	0	3720
529.681	3793.25	0	3793.25
529.811	3767.25	0	3767.25
529.942	3841.5	0	3841.5
530.073	3688.75	0	3688.75
530.203	3628	0	3628
530.334	3598	0	3598
530.465	3495.5	0	3495.5
530.596	3518.25	0	3518.25
530.726	3438.75	0	3438.75
530.857	3449.5	0	3449.5
530.987	3420.5	0	3420.5
531.118	3405.75	0	3405.75
531.249	3461	0	3461
531.379	3348.75	0	3348.75
531.51	3438.25	0	3438.25
531.64	3427.25	0	3427.25
531.771	3471.25	0	3471.25
531.901	3453	0	3453
532.032	3400.25	0	3400.25
532.163	3403.5	0	3403.5
532.293	3353.5	0	3353.5
532.423	3396	0	3396
532.554	3292.5	0	3292.5
532.684	3275	0	3275
532.815	3322.25	0	3322.25
532.945	3213.25	0	3213.25
533.076	3211.5	0	3211.5
533.206	3277.25	0	3277.25
533.336	3240.5	0	3240.5
533.467	3204.5	0	3204.5
533.597	3202	0	3202
533.727	3226.75	0	3226.75
533.858	3239	0	3239
533.988	3182.75	0	3182.75
534.118	3218.25	0	3218.25
534.248	3263.5	0	3263.5
534.379	3338.25	0	3338.25
534.509	3311.5	0	3311.5
534.639	3356.25	0	3356.25
534.769	3370.5	0	3370.5
534.9	3295.75	0	3295.75
535.03	3278	0	3278
535.16	3270.25	0	3270.25
535.29	3170.5	0	3170.5
535.42	3167.75	0	3167.75
535.55	3189.25	0	3189.25
535.68	3140.5	0	3140.5
535.81	3117	0	3117
535.94	3139.25	0	3139.25
536.071	3086.75	0	3086.75
536.201	3079	0	3079
536.331	3045.75	0	3045.75
536.461	3109.5	0	3109.5
536.591	3141.5	0	3141.5
536.721	3065.25	0	3065.25
536.851	3077	0	3077
536.981	3108.25	0	3108.25
537.11	3045.25	0	3045.25
537.24	3119.25	0	3119.25
537.37	3069	0	3069
537.5	3122	0	3122
537.63	3057	0	3057
537.76	3079.5	0	3079.5
537.89	3145.5	0	3145.5
538.02	3140	0	3140
538.149	3208.5	0	3208.5
538.279	3166	0	3166
538.409	3200.75	0	3200.75
538.539	3161.75	0	3161.75
538.669	3249	0	3249
538.798	3223.75	0	3223.75
538.928	3289.5	0	3289.5
539.058	3315.75	0	3315.75
539.187	3299.25	0	3299.25
539.317	3278.5	0	3278.5
539.447	3202.25	0	3202.25
539.576	3157.25	0	3157.25
539.706	3127.25	0	3127.25
539.836	3165	0	3165
539.965	3189.75	0	3189.75
540.095	3125.5	0	3125.5
540.225	3260.5	0	3260.5
540.354	3173.5	0	3173.5
540.484	3221.5	0	3221.5
540.613	3205.25	0	3205.25
540.743	3272.25	0	3272.25
540.872	3287.75	0	3287.75
541.002	3329.75	0	3329.75
541.131	3359.25	0	3359.25
541.261	3411	0	3411
541.39	3421.5	0	3421.5
541.52	3365.75	0	3365.75
541.649	3371.75	0	3371.75
541.778	3418.5	0	3418.5
541.908	3493	0	3493
542.037	3384.25	0	3384.25
542.167	3457.75	0	3457.75
542.296	3605.25	0	3605.25
542.425	3689.75	0	3689.75
542.554	3724	0	3724
542.684	3733.5	0	3733.5
542.813	3803.25	0	3803.25
542.942	3737	0	3737
543.072	3656.25	0	3656.25
543.201	3527.5	0	3527.5
543.33	3410.75	0	3410.75
543.459	3256	0	3256
543.588	3168	0	3168
543.718	3153.5	0	3153.5
543.847	3052.25	0	3052.25
543.976	3054.75	0	3054.75
544.105	3024	0	3024
544.234	3012.5	0	3012.5
544.363	2948.25	0	2948.25
544.492	2903	0	2903
544.621	2914.75	0	2914.75
544.75	2925	0	2925
544.88	2893.25	0	2893.25
545.009	2868.5	0	2868.5
545.138	2925.5	0	2925.5
545.266	2882.25	0	2882.25
545.396	2927	0	2927
545.525	2921	0	2921
545.653	2921.25	0	2921.25
545.782	2916.75	0	2916.75
545.911	2921	0	2921
546.04	2956	0	2956
546.169	2879	0	2879
546.298	2947.5	0	2947.5
546.427	2897.25	0	2897.25
546.556	2918.5	0	2918.5
546.685	2860.5	0	2860.5
546.813	2909	0	2909
546.942	2826.25	0	2826.25
547.071	2923	0	2923
547.2	2916.25	0	2916.25
547.328	2862.75	0	2862.75
547.457	2826.5	0	2826.5
547.586	2876.5	0	2876.5
547.715	2864.5	0	2864.5
547.843	2831.5	0	2831.5
547.972	2807.25	0	2807.25
548.101	2861.75	0	2861.75
548.229	2860.25	0	2860.25
548.358	2915.25	0	2915.25
548.487	2886.75	0	2886.75
548.615	2885	0	2885
548.744	2783.75	0	2783.75
548.872	2888.5	0	2888.5
549.001	2763	0	2763
549.129	2855.25	0	2855.25
549.258	2872.5	0	2872.5
549.387	2873.25	0	2873.25
549.515	2846.75	0	2846.75
549.643	2963.5	0	2963.5
549.772	2920	0	2920
549.9	2933.25	0	2933.25
550.029	2916.5	0	2916.5
550.157	2912.25	0	2912.25
550.286	2964.25	0	2964.25
550.414	2915	0	2915
550.542	2818.5	0	2818.5
550.671	2817.75	0	2817.75
550.799	2784	0	2784
550.927	2752.5	0	2752.5
551.056	2746	0	2746
551.184	2745.75	0	2745.75
551.312	2722.75	0	2722.75
551.441	2754.5	0	2754.5
551.569	2702.25	0	2702.25
551.697	2693.5	0	2693.5
551.825	2674.75	0	2674.75
551.953	2749.25	0	2749.25
552.082	2710.75	0	2710.75
552.21	2701.5	0	2701.5
552.338	2747.25	0	2747.25
552.466	2718.75	0	2718.75
552.594	2773.5	0	2773.5
552.722	2685.25	0	2685.25
552.851	2778.75	0	2778.75
552.979	2740.5	0	2740.5
553.107	2811.75	0	2811.75
553.235	2864.25	0	2864.25
553.363	2833	0	2833
553.491	2855.25	0	2855.25
553.619	2919.75	0	2919.75
553.747	2878.75	0	2878.75
553.875	2834	0	2834
554.003	2837	0	2837
554.131	2835.5	0	2835.5
554.259	2748.25	0	2748.25
554.387	2759.25	0	2759.25
554.514	2735.5	0	2735.5
554.642	2712.5	0	2712.5
554.77	2722.75	0	2722.75
554.898	2634.5	0	2634.5
555.026	2693.5	0	2693.5
555.154	2599.75	0	2599.75
555.281	2608.75	0	2608.75
555.409	2632.75	0	2632.75
555.537	2577.75	0	2577.75
555.665	2582.75	0	2582.75
555.793	2557.75	0	2557.75
555.92	2518.25	0	2518.25
556.048	2503.25	0	2503.25
556.176	2454.25	0	2454.25
556.303	2514.25	0	2514.25
556.431	2459.25	0	2459.25
556.559	2450	0	2450
556.686	2426.5	0	2426.5
556.814	2455	0	2455
556.942	2443.5	0	2443.5
557.069	2398.5	0	2398.5
557.197	2401.5	0	2401.5
557.324	2428.75	0	2428.75
557.452	2415	0	2415
557.579	2390.25	0	2390.25
557.707	2397.75	0	2397.75
557.835	2298.75	0	2298.75
557.962	2409.75	0	2409.75
558.089	2324.5	0	2324.5
558.217	2389.5	0	2389.5
558.344	2362.75	0	2362.75
558.472	2362.75	0	2362.75
558.599	2365.75	0	2365.75
558.727	2386.25	0	2386.25
558.854	2304.25	0	2304.25
558.981	2343.25	0	2343.25
559.109	2283.75	0	2283.75
559.236	2318.75	0	2318.75
559.363	2376.5	0	2376.5
559.491	2314	0	2314
559.618	2315.5	0	2315.5
559.745	2289.25	0	2289.25
559.872	2398.75	0	2398.75
560	2360.25	0	2360.25
560.127	2288.5	0	2288.5
560.254	2274.25	0	2274.25
560.381	2284	0	2284
560.508	2287.75	0	2287.75
560.636	2261	0	2261
560.763	2284.25	0	2284.25
560.89	2315.5	0	2315.5
561.017	2283.5	0	2283.5
561.144	2315.75	0	2315.75
561.271	2231.5	0	2231.5
561.398	2265.5	0	2265.5
561.525	2329.25	0	2329.25
561.652	2299.25	0	2299.25
561.779	2280.25	0	2280.25
561.906	2267.25	0	2267.25
562.033	2273.25	0	2273.25
562.16	2311	0	2311
562.287	2296	0	2296
562.414	2304.5	0	2304.5
562.541	2283	0	2283
562.668	2225	0	2225
562.795	2220	0	2220
562.922	2300	0	2300
563.049	2308.25	0	2308.25
563.175	2295.5	0	2295.5
563.302	2310.5	0	2310.5
563.429	2265.5	0	2265.5
563.556	2280.5	0	2280.5
563.683	2273.5	0	2273.5
563.809	2267.25	0	2267.25
563.936	2288.25	0	2288.25
564.063	2223.75	0	2223.75
564.19	2315.75	0	2315.75
564.316	2362.25	0	2362.25
564.443	2288	0	2288
564.57	2289	0	2289
564.696	2351.75	0	2351.75
564.823	2279.75	0	2279.75
564.95	2329.5	0	2329.5
565.076	2371.5	0	2371.5
565.203	2316	0	2316
565.33	2325.75	0	2325.75
565.456	2419.75	0	2419.75
565.583	2449.25	0	2449.25
565.709	2463.75	0	2463.75
565.836	2487.5	0	2487.5
565.962	2554.25	0	2554.25
566.089	2573.25	0	2573.25
566.215	2615	0	2615
566.341	2625.75	0	2625.75
566.468	2785.75	0	2785.75
566.594	2909	0	2909
566.721	2940	0	2940
566.847	3023.5	0	3023.5
566.974	3135.25	0	3135.25
567.1	3147.75	0	3147.75
567.226	3199	0	3199
567.353	3256	0	3256
567.479	3135.25	0	3135.25
567.605	3274	0	3274
567.732	3333.25	0	3333.25
567.858	3465.5	0	3465.5
567.984	3554	0	3554
568.11	3658.5	0	3658.5
568.236	3709.5	0	3709.5
568.363	3596.5	0	3596.5
568.489	3473.75	0	3473.75
568.615	3293.5	0	3293.5
568.741	3077.75	0	3077.75
568.867	2969.25	0	2969.25
568.993	2900.25	0	2900.25
569.12	2756.25	0	2756.25
569.246	2582.25	0	2582.25
569.372	2573.75	0	2573.75
569.498	2527	0	2527
569.624	2413.5	0	2413.5
569.75	2387.5	0	2387.5
569.876	2347	0	2347
570.002	2331.25	0	2331.25
570.128	2304.5	0	2304.5
570.254	2249.25	0	2249.25
570.38	2208.75	0	2208.75
570.506	2247.5	0	2247.5
570.632	2258	0	2258
570.758	2242.75	0	2242.75
570.883	2253	0	2253
571.009	2206.75	0	2206.75
571.135	2241.25	0	2241.25
571.261	2273.5	0	2273.5
571.387	2235.75	0	2235.75
571.513	2264.5	0	2264.5
571.638	2176.25	0	2176.25
571.764	2151	0	2151
571.89	2096.25	0	2096.25
572.016	2127.75	0	2127.75
572.141	2080.25	0	2080.25
572.267	2008.5	0	2008.5
572.393	2034	0	2034
572.518	2056.5	0	2056.5
572.644	2000.75	0	2000.75
572.77	1974	0	1974
572.895	1948.75	0	1948.75
573.021	1925.5	0	1925.5
573.147	2011.25	0	2011.25
573.272	1964.75	0	1964.75
573.398	1959.5	0	1959.5
573.523	1944.75	0	1944.75
573.649	1905.25	0	1905.25
573.774	1876	0	1876
573.9	1911.25	0	1911.25
574.025	1886.25	0	1886.25
574.151	1895.75	0	1895.75
574.276	1910	0	1910
574.402	1917	0	1917
574.527	1903	0	1903
574.652	1893	0	1893
574.778	1893.25	0	1893.25
574.903	1924.5	0	1924.5
575.029	1886	0	1886
575.154	1849	0	1849
575.279	1871	0	1871
575.405	1876.5	0	1876.5
575.53	1836.75	0	1836.75
575.655	1868.5	0	1868.5
575.78	1839.5	0	1839.5
575.906	1868.5	0	1868.5
576.031	1822.75	0	1822.75
576.156	1846.75	0	1846.75
576.281	1817.25	0	1817.25
576.406	1846.25	0	1846.25
576.532	1804.25	0	1804.25
576.657	1789.25	0	1789.25
576.782	1770.75	0	1770.75
576.907	1835	0	1835
577.032	1803.5	0	1803.5
577.157	1791.5	0	1791.5
577.282	1768	0	1768
577.407	1804.75	0	1804.75
577.532	1772.5	0	1772.5
577.657	1778.25	0	1778.25
577.782	1764.75	0	1764.75
577.907	1745.5	0	1745.5
578.032	1791.25	0	1791.25
578.157	1730.25	0	1730.25
578.282	1726	0	1726
578.407	1746.25	0	1746.25
578.532	1749.75	0	1749.75
578.657	1769.5	0	1769.5
578.782	1760.5	0	1760.5
578.907	1729.5	0	1729.5
579.031	1743	0	1743
579.156	1728.25	0	1728.25
579.281	1697.25	0	1697.25
579.406	1705.75	0	1705.75
579.531	1711.25	0	1711.25
579.655	1662.5	0	1662.5
579.78	1719	0	1719
579.905	1688.5	0	1688.5
580.03	1702.75	0	1702.75
580.154	1706.5	0	1706.5
580.279	1680.75	0	1680.75
580.404	1703.5	0	1703.5
580.528	1702.75	0	1702.75
580.653	1672.75	0	1672.75
580.778	1719.75	0	1719.75
580.902	1694.25	0	1694.25
581.027	1683.25	0	1683.25
581.151	1662.75	0	1662.75
581.276	1695.25	0	1695.25
581.4	1699.25	0	1699.25
581.525	1695	0	1695
581.649	1625.5	0	1625.5
581.774	1682.25	0	1682.25
581.898	1661	0	1661
582.023	1638	0	1638
582.147	1687	0	1687
582.272	1663.75	0	1663.75
582.396	1618	0	1618
582.52	1665	0	1665
582.645	1665	0	1665
582.769	1661.5	0	1661.5
582.893	1599.25	0	1599.25
583.018	1620.5	0	1620.5
583.142	1657.5	0	1657.5
583.266	1662.5	0	1662.5
583.391	1605.75	0	1605.75
583.515	1624.5	0	1624.5
583.639	1636.25	0	1636.25
583.763	1653.25	0	1653.25
583.888	1645.75	0	1645.75
584.012	1603.75	0	1603.75
584.136	1641.75	0	1641.75
584.26	1620	0	1620
584.384	1601	0	1601
584.508	1680.75	0	1680.75
584.632	1647.75	0	1647.75
584.757	1599.25	0	1599.25
584.881	1619.5	0	1619.5
585.005	1644	0	1644
585.129	1634.75	0	1634.75
585.253	1615.75	0	1615.75
585.377	1645	0	1645
585.501	1645.25	0	1645.25
585.625	1620.5	0	1620.5
585.749	1615.25	0	1615.25
585.873	1612.75	0	1612.75
585.997	1613	0	1613
586.12	1630.5	0	1630.5
586.244	1641.75	0	1641.75
586.368	1621	0	1621
586.492	1607.25	0	1607.25
586.616	1641.5	0	1641.5
586.74	1593.25	0	1593.25
586.864	1643.25	0	1643.25
586.987	1627	0	1627
587.111	1600	0	1600
587.235	1591.75	0	1591.75
587.359	1644	0	1644
587.482	1598.5	0	1598.5
587.606	1631.5	0	1631.5
587.73	1574	0	1574
587.854	1613.25	0	1613.25
587.977	1618.5	0	1618.5
588.101	1591.75	0	1591.75
588.224	1638.25	0	1638.25
588.348	1604.5	0	1604.5
588.472	1589.5	0	1589.5
588.595	1609.25	0	1609.25
588.719	1611.25	0	1611.25
588.842	1595	0	1595
588.966	1620.75	0	1620.75
589.089	1621.75	0	1621.75
589.213	1632	0	1632
589.336	1697.5	0	1697.5
589.46	1730.5	0	1730.5
589.583	1671.75	0	1671.75
589.707	1636.25	0	1636.25
589.83	1679.5	0	1679.5
589.954	1636.25	0	1636.25
590.077	1686.75	0	1686.75
590.2	1627.25	0	1627.25
590.324	1625.5	0	1625.5
590.447	1687.75	0	1687.75
590.57	1668	0	1668
590.694	1657.75	0	1657.75
590.817	1653	0	1653
590.94	1677.75	0	1677.75
591.063	1640.75	0	1640.75
591.187	1652.5	0	1652.5
591.31	1658.75	0	1658.75
591.433	1647	0	1647
591.556	1700.25	0	1700.25
591.679	1693.25	0	1693.25
591.803	1729.25	0	1729.25
591.926	1704.75	0	1704.75
592.049	1753.5	0	1753.5
592.172	1746.5	0	1746.5
592.295	1736	0	1736
592.418	1754	0	1754
592.541	1784.75	0	1784.75
592.664	1782.25	0	1782.25
592.787	1817.25	0	1817.25
592.91	1849	0	1849
593.033	1845	0	1845
593.156	1910.75	0	1910.75
593.279	1965.5	0	1965.5
593.402	1919.5	0	1919.5
593.525	1951	0	1951
593.648	2011	0	2011
593.771	2054.75	0	2054.75
593.894	2000.25	0	2000.25
594.016	1991.75	0	1991.75
594.139	1939	0	1939
594.262	2049	0	2049
594.385	2060.25	0	2060.25
594.508	2062.5	0	2062.5
594.63	1986.25	0	1986.25
594.753	2002	0	2002
594.876	1950	0	1950
594.999	1994	0	1994
595.121	1926.25	0	1926.25
595.244	1885.5	0	1885.5
595.367	1890.5	0	1890.5
595.489	1843.5	0	1843.5
595.612	1853	0	1853
595.735	1824.5	0	1824.5
595.857	1847.25	0	1847.25
595.98	1763.25	0	1763.25
596.102	1793.25	0	1793.25
596.225	1777	0	1777
596.347	1764.25	0	1764.25
596.47	1807.5	0	1807.5
596.592	1751.5	0	1751.5
596.715	1756	0	1756
596.837	1702	0	1702
596.96	1751.5	0	1751.5
597.082	1716.25	0	1716.25
597.205	1733.25	0	1733.25
597.327	1693.5	0	1693.5
597.449	1678.5	0	1678.5
597.572	1703.25	0	1703.25
597.694	1712.5	0	1712.5
597.816	1726.5	0	1726.5
597.939	1688.25	0	1688.25
598.061	1705.25	0	1705.25
598.183	1757	0	1757
598.306	1713.25	0	1713.25
598.428	1733.75	0	1733.75
598.55	1760	0	1760
598.672	1690.5	0	1690.5
598.795	1728	0	1728
598.917	1781.5	0	1781.5
599.039	1688.75	0	1688.75
599.161	1717	0	1717
599.283	1693.25	0	1693.25
599.405	1707.5	0	1707.5
599.527	1745.25	0	1745.25
599.65	1688.75	0	1688.75
599.772	1713.5	0	1713.5
599.894	1735.5	0	1735.5
600.016	1769.75	0	1769.75
600.138	1745	0	1745
600.26	1790.75	0	1790.75
600.382	1744.75	0	1744.75
600.504	1745.75	0	1745.75
600.625	1778.75	0	1778.75
600.747	1768	0	1768
600.869	1768.25	0	1768.25
600.991	1778.75	0	1778.75
601.113	1840.25	0	1840.25
601.235	1868.75	0	1868.75
601.357	1880	0	1880
601.479	1906	0	1906
601.6	1934.25	0	1934.25
601.722	2000.5	0	2000.5
601.844	2026.75	0	2026.75
601.966	2022	0	2022
602.087	2113.5	0	2113.5
602.209	2101.5	0	2101.5
602.331	2226.25	0	2226.25
602.453	2290.75	0	2290.75
602.574	2369	0	2369
602.696	2477.75	0	2477.75
602.818	2525.25	0	2525.25
602.939	2545.5	0	2545.5
603.061	2425.75	0	2425.75
603.182	2409	0	2409
603.304	2412.75	0	2412.75
603.426	2453	0	2453
603.547	2470.25	0	2470.25
603.669	2485.75	0	2485.75
603.79	2540.5	0	2540.5
603.912	2515.25	0	2515.25
604.033	2500	0	2500
604.154	2544.5	0	2544.5
604.276	2600.25	0	2600.25
604.397	2639.25	0	2639.25
604.519	2714	0	2714
604.64	2739.5	0	2739.5
604.761	2743.75	0	2743.75
604.883	2576.5	0	2576.5
605.004	2437.5	0	2437.5
605.125	2319.5	0	2319.5
605.247	2218.25	0	2218.25
605.368	2164.25	0	2164.25
605.489	2091.25	0	2091.25
605.611	2046.25	0	2046.25
605.732	1976.75	0	1976.75
605.853	1943.5	0	1943.5
605.974	1893.5	0	1893.5
606.095	1858	0	1858
606.216	1854.5	0	1854.5
606.338	1838.75	0	1838.75
606.459	1808.25	0	1808.25
606.58	1801.75	0	1801.75
606.701	1771	0	1771
606.822	1697.75	0	1697.75
606.943	1712.75	0	1712.75
607.064	1704.5	0	1704.5
607.185	1672.25	0	1672.25
607.306	1680	0	1680
607.427	1690.25	0	1690.25
607.548	1668.25	0	1668.25
607.669	1643.75	0	1643.75
607.79	1615.5	0	1615.5
607.911	1611	0	1611
608.032	1674	0	1674
608.153	1603	0	1603
608.274	1563.75	0	1563.75
608.394	1575.25	0	1575.25
608.515	1605	0	1605
608.636	1610	0	1610
608.757	1615	0	1615
608.878	1616.75	0	1616.75
608.998	1636.5	0	1636.5
609.119	1663.5	0	1663.5
609.24	1639.5	0	1639.5
609.361	1594	0	1594
609.481	1546.25	0	1546.25
609.602	1542.75	0	1542.75
609.723	1509.25	0	1509.25
609.843	1533.25	0	1533.25
609.964	1516	0	1516
610.085	1551	0	1551
610.205	1455.75	0	1455.75
610.326	1493	0	1493
610.446	1441	0	1441
610.567	1432.5	0	1432.5
610.687	1440	0	1440
610.808	1392.25	0	1392.25
610.928	1463	0	1463
611.049	1423.5	0	1423.5
611.169	1378.75	0	1378.75
611.29	1365	0	1365
611.41	1406.5	0	1406.5
611.531	1365	0	1365
611.651	1387.25	0	1387.25
611.771	1384.25	0	1384.25
611.892	1332.5	0	1332.5
612.012	1370.25	0	1370.25
612.132	1344	0	1344
612.253	1361.5	0	1361.5
612.373	1366.5	0	1366.5
612.493	1320.75	0	1320.75
612.613	1308	0	1308
612.734	1346.5	0	1346.5
612.854	1316.25	0	1316.25
612.974	1293.75	0	1293.75
613.094	1368.75	0	1368.75
613.214	1363.5	0	1363.5
613.335	1342.75	0	1342.75
613.455	1349.5	0	1349.5
613.575	1340.25	0	1340.25
613.695	1316.25	0	1316.25
613.815	1345.25	0	1345.25
613.935	1282.75	0	1282.75
614.055	1286.75	0	1286.75
614.175	1312	0	1312
614.295	1293.5	0	1293.5
614.415	1317	0	1317
614.535	1284.25	0	1284.25
614.655	1318.75	0	1318.75
614.775	1303.5	0	1303.5
614.895	1336.75	0	1336.75
615.015	1289	0	1289
615.135	1340	0	1340
615.254	1326.25	0	1326.25
615.374	1299.75	0	1299.75
615.494	1312.25	0	1312.25
615.614	1294	0	1294
615.734	1324.5	0	1324.5
615.854	1335	0	1335
615.973	1304.75	0	1304.75
616.093	1297.5	0	1297.5
616.213	1332	0	1332
616.332	1342.25	0	1342.25
616.452	1378	0	1378
616.572	1334.25	0	1334.25
616.691	1352.25	0	1352.25
616.811	1363.5	0	1363.5
616.931	1347.5	0	1347.5
617.05	1319	0	1319
617.17	1379.5	0	1379.5
617.289	1308.5	0	1308.5
617.409	1359.25	0	1359.25
617.529	1305.25	0	1305.25
617.648	1262	0	1262
617.768	1279.25	0	1279.25
617.887	1295.25	0	1295.25
618.006	1239	0	1239
618.126	1250.5	0	1250.5
618.245	1273.5	0	1273.5
618.365	1266.5	0	1266.5
618.484	1235.5	0	1235.5
618.604	1257	0	1257
618.723	1248.75	0	1248.75
618.842	1269.75	0	1269.75
618.962	1257.25	0	1257.25
619.081	1228.25	0	1228.25
619.2	1254.5	0	1254.5
619.319	1229.75	0	1229.75
619.439	1242.25	0	1242.25
619.558	1244	0	1244
619.677	1226.5	0	1226.5
619.796	1225.75	0	1225.75
619.916	1202.75	0	1202.75
620.035	1213.5	0	1213.5
620.154	1217	0	1217
620.273	1235.25	0	1235.25
620.392	1237.75	0	1237.75
620.511	1212.75	0	1212.75
620.63	1185.75	0	1185.75
620.749	1185	0	1185
620.868	1173	0	1173
620.987	1197.25	0	1197.25
621.106	1154.75	0	1154.75
621.225	1160.25	0	1160.25
621.344	1136.5	0	1136.5
621.463	1182.5	0	1182.5
621.582	1154.5	0	1154.5
621.701	1133.25	0	1133.25
621.82	1175.5	0	1175.5
621.939	1148.25	0	1148.25
622.058	1129.75	0	1129.75
622.177	1130.25	0	1130.25
622.295	1156.5	0	1156.5
622.414	1140.25	0	1140.25
622.533	1149	0	1149
622.652	1122.75	0	1122.75
622.771	1134	0	1134
622.889	1135.25	0	1135.25
623.008	1138.5	0	1138.5
623.127	1109	0	1109
623.245	1119.25	0	1119.25
623.364	1101	0	1101
623.483	1134	0	1134
623.601	1120.25	0	1120.25
623.72	1113	0	1113
623.839	1081.5	0	1081.5
623.957	1101	0	1101
624.076	1100.5	0	1100.5
624.194	1137	0	1137
624.313	1110	0	1110
624.431	1110.75	0	1110.75
624.55	1089	0	1089
624.668	1107.25	0	1107.25
624.787	1092	0	1092
624.905	1103	0	1103
625.024	1083.25	0	1083.25
625.142	1088.5	0	1088.5
625.26	1066.5	0	1066.5
625.379	1108.5	0	1108.5
625.497	1059.5	0	1059.5
625.615	1046.5	0	1046.5
625.734	1061.75	0	1061.75
625.852	1063.75	0	1063.75
625.97	1057.25	0	1057.25
626.089	1046.75	0	1046.75
626.207	1065.75	0	1065.75
626.325	1034.75	0	1034.75
626.443	1072.25	0	1072.25
626.561	1034.5	0	1034.5
626.68	1057.25	0	1057.25
626.798	1073.25	0	1073.25
626.916	1045.75	0	1045.75
627.034	1077.5	0	1077.5
627.152	1031.75	0	1031.75
627.27	1026.5	0	1026.5
627.388	1037	0	1037
627.506	1053.75	0	1053.75
627.624	1003.75	0	1003.75
627.742	1022.25	0	1022.25
627.86	996.25	0	996.25
627.978	1028	0	1028
628.096	1016.75	0	1016.75
628.214	1029.75	0	1029.75
628.332	1029.5	0	1029.5
628.45	1028.5	0	1028.5
628.568	1007	0	1007
628.686	1037.75	0	1037.75
628.804	1008.75	0	1008.75
628.921	1078.25	0	1078.25
629.039	998.25	0	998.25
629.157	1006.5	0	1006.5
629.275	1030.25	0	1030.25
629.393	1011.75	0	1011.75
629.51	998.5	0	998.5
629.628	1006	0	1006
629.746	965.25	0	965.25
629.864	1004.5	0	1004.5
629.981	1005.25	0	1005.25
630.099	1041.75	0	1041.75
630.216	1027.5	0	1027.5
630.334	1018.5	0	1018.5
630.452	1006.25	0	1006.25
630.569	994	0	994
630.687	993.25	0	993.25
630.804	979.25	0	979.25
630.922	999.25	0	999.25
631.039	947.5	0	947.5
631.157	972	0	972
631.274	964.5	0	964.5
631.392	982.5	0	982.5
631.509	1004.5	0	1004.5
631.627	968.25	0	968.25
631.744	958.5	0	958.5
631.861	960.75	0	960.75
631.979	970.25	0	970.25
632.096	993.75	0	993.75
632.213	981.5	0	981.5
632.331	961.25	0	961.25
632.448	975.75	0	975.75
632.565	955.5	0	955.5
632.683	957.25	0	957.25
632.8	954.75	0	954.75
632.917	948	0	948
633.034	941.25	0	941.25
633.151	936.25	0	936.25
633.269	940	0	940
633.386	958.75	0	958.75
633.503	932.5	0	932.5
633.62	953	0	953
633.737	963.5	0	963.5
633.854	955	0	955
633.971	960.75	0	960.75
634.088	944.25	0	944.25
634.205	935	0	935
634.322	958.75	0	958.75
634.439	978.5	0	978.5
634.556	955.75	0	955.75
634.673	933.5	0	933.5
634.79	955.5	0	955.5
634.907	934.75	0	934.75
635.024	955.75	0	955.75
635.141	957.75	0	957.75
635.258	954.75	0	954.75
635.375	942.75	0	942.75
635.491	950.25	0	950.25
635.608	918.75	0	918.75
635.725	934.25	0	934.25
635.842	941.75	0	941.75
635.958	926.25	0	926.25
636.075	952	0	952
636.192	935.75	0	935.75
636.309	929.5	0	929.5
636.425	916.25	0	916.25
636.542	934	0	934
636.659	943	0	943
636.775	945.75	0	945.75
636.892	953.75	0	953.75
637.008	951	0	951
637.125	974	0	974
637.241	957.5	0	957.5
637.358	923.75	0	923.75
637.475	937.75	0	937.75
637.591	961.5	0	961.5
637.707	937.5	0	937.5
637.824	937.75	0	937.75
637.94	969.75	0	969.75
638.057	953.25	0	953.25
638.173	949.75	0	949.75
638.29	961.25	0	961.25
638.406	948.25	0	948.25
638.522	939.25	0	939.25
638.639	892.5	0	892.5
638.755	931.75	0	931.75
638.871	929	0	929
638.987	907.5	0	907.5
639.104	912	0	912
639.22	912.25	0	912.25
639.336	913.25	0	913.25
639.452	896	0	896
639.569	905.75	0	905.75
639.685	932	0	932
639.801	902.5	0	902.5
639.917	906	0	906
640.033	920	0	920
640.149	893.75	0	893.75
640.265	900.5	0	900.5
640.381	926.75	0	926.75
640.497	903.5	0	903.5
640.613	878	0	878
640.729	937.75	0	937.75
640.845	894.25	0	894.25
640.961	874.75	0	874.75
641.077	884.25	0	884.25
641.193	912	0	912
641.309	864.25	0	864.25
641.425	864.5	0	864.5
641.541	906.75	0	906.75
641.657	915	0	915
641.773	876.5	0	876.5
641.888	936	0	936
642.004	918.75	0	918.75
642.12	886.25	0	886.25
642.236	911.5	0	911.5
642.352	873.25	0	873.25
642.467	874	0	874
642.583	893.75	0	893.75
642.699	914.5	0	914.5
642.814	892.25	0	892.25
642.93	877	0	877
643.046	884.5	0	884.5
643.161	872.25	0	872.25
643.277	896.75	0	896.75
643.392	916	0	916
643.508	908	0	908
643.623	889.25	0	889.25
643.739	886.5	0	886.5
643.854	925.25	0	925.25
643.97	919	0	919
644.085	921	0	921
644.201	951.5	0	951.5
644.316	909.75	0	909.75
644.432	926	0	926
644.547	933	0	933
644.663	944	0	944
644.778	911.25	0	911.25
644.893	921.25	0	921.25
645.008	935.5	0	935.5
645.124	924.5	0	924.5
645.239	938	0	938
645.354	932.5	0	932.5
645.47	947	0	947
645.585	962.75	0	962.75
645.7	998.75	0	998.75
645.815	1024	0	1024
645.93	1013.25	0	1013.25
646.046	986.5	0	986.5
646.161	1041.25	0	1041.25
646.276	1046.25	0	1046.25
646.391	1068.5	0	1068.5
646.506	1111.5	0	1111.5
646.621	1135.25	0	1135.25
646.736	1090	0	1090
646.851	1095	0	1095
646.966	1083.75	0	1083.75
647.081	1049.25	0	1049.25
647.196	1069	0	1069
647.311	1050.5	0	1050.5
647.426	1054.5	0	1054.5
647.541	1029.25	0	1029.25
647.656	1015	0	1015
647.771	1029.5	0	1029.5
647.885	1051.75	0	1051.75
648	1039.25	0	1039.25
648.115	1021	0	1021
648.23	1073.5	0	1073.5
648.345	1041.75	0	1041.75
648.459	1063.25	0	1063.25
648.574	1029.5	0	1029.5
648.689	1011.5	0	1011.5
648.804	1067.75	0	1067.75
648.918	1016.75	0	1016.75
649.033	1051	0	1051
649.148	1055.75	0	1055.75
649.262	1009.25	0	1009.25
649.377	1001.25	0	1001.25
649.491	1008.25	0	1008.25
649.606	992.5	0	992.5
649.721	1018.75	0	1018.75
649.835	1028.5	0	1028.5
649.95	990	0	990
650.064	1021.5	0	1021.5
650.179	1014.25	0	1014.25
650.293	991.75	0	991.75
650.408	1058.25	0	1058.25
650.522	1044.5	0	1044.5
650.636	1070.25	0	1070.25
650.751	1086.5	0	1086.5
650.865	1101.25	0	1101.25
650.979	1102.5	0	1102.5
651.094	1117.75	0	1117.75
651.208	1119.5	0	1119.5
651.322	1134.25	0	1134.25
651.437	1122.5	0	1122.5
651.551	1121.25	0	1121.25
651.665	1079.75	0	1079.75
651.779	1090.25	0	1090.25
651.894	1078.5	0	1078.5
652.008	1033.25	0	1033.25
652.122	1067	0	1067
652.236	1035.25	0	1035.25
652.35	1010	0	1010
652.464	1025.25	0	1025.25
652.578	1044.5	0	1044.5
652.693	1036	0	1036
652.807	1031	0	1031
652.921	1023	0	1023
653.035	1041	0	1041
653.149	1019.25	0	1019.25
653.263	1030	0	1030
653.376	968	0	968
653.49	1002	0	1002
653.604	1001.5	0	1001.5
653.718	1017	0	1017
653.832	1028	0	1028
653.946	986.5	0	986.5
654.06	1001	0	1001
654.174	1000.25	0	1000.25
654.287	1031	0	1031
654.401	1004	0	1004
654.515	1000.25	0	1000.25
654.629	992.5	0	992.5
654.743	1016	0	1016
654.856	1005.5	0	1005.5
654.97	1023.5	0	1023.5
655.084	1031	0	1031
655.197	1043.75	0	1043.75
655.311	1032.5	0	1032.5
655.424	1037.25	0	1037.25
655.538	1031.75	0	1031.75
655.652	1060.5	0	1060.5
655.765	1088.75	0	1088.75
655.879	1094.75	0	1094.75
655.992	1105.5	0	1105.5
656.106	1149.25	0	1149.25
656.219	1128.75	0	1128.75
656.333	1135.75	0	1135.75
656.446	1141.75	0	1141.75
656.56	1185.75	0	1185.75
656.673	1189.5	0	1189.5
656.786	1206.25	0	1206.25
656.9	1210.75	0	1210.75
657.013	1168.75	0	1168.75
657.127	1157.25	0	1157.25
657.24	1188.75	0	1188.75
657.353	1162	0	1162
657.466	1130.75	0	1130.75
657.58	1085.75	0	1085.75
657.693	1091.5	0	1091.5
657.806	1083.75	0	1083.75
657.919	1093.5	0	1093.5
658.032	1076.75	0	1076.75
658.146	1083.75	0	1083.75
658.259	1037.25	0	1037.25
658.372	1045.75	0	1045.75
658.485	1034.75	0	1034.75
658.598	1074.25	0	1074.25
658.711	1018.75	0	1018.75
658.824	1025.5	0	1025.5
658.937	971.25	0	971.25
659.05	1005.75	0	1005.75
659.163	990.5	0	990.5
659.276	970.25	0	970.25
659.389	979.75	0	979.75
659.502	1005.5	0	1005.5
659.615	965.75	0	965.75
659.728	932.75	0	932.75
659.841	972	0	972
659.954	972.25	0	972.25
660.067	946.75	0	946.75
660.179	947.25	0	947.25
660.292	970.75	0	970.75
660.405	938.5	0	938.5
660.518	953.5	0	953.5
660.63	946.75	0	946.75
660.743	932	0	932
660.856	955.75	0	955.75
660.969	934.75	0	934.75
661.081	931.75	0	931.75
661.194	949.75	0	949.75
661.307	958.5	0	958.5
661.419	939.75	0	939.75
661.532	955.75	0	955.75
661.644	926.75	0	926.75
661.757	920.75	0	920.75
661.869	910.75	0	910.75
661.982	906.75	0	906.75
662.094	870.25	0	870.25
662.207	850.75	0	850.75
662.319	876.25	0	876.25
662.432	876.25	0	876.25
662.544	834.75	0	834.75
662.656	835.5	0	835.5
662.769	822.25	0	822.25
662.881	832.5	0	832.5
662.994	841	0	841
663.106	809.75	0	809.75
663.218	826.25	0	826.25
663.331	798.5	0	798.5
663.443	798.75	0	798.75
663.555	806	0	806
663.667	783.75	0	783.75
663.779	803.5	0	803.5
663.892	798.75	0	798.75
664.004	816.75	0	816.75
664.116	792.5	0	792.5
664.228	760.75	0	760.75
664.34	791.75	0	791.75
664.452	796.75	0	796.75
664.564	755.25	0	755.25
664.676	776.75	0	776.75
664.788	789.25	0	789.25
664.901	767.75	0	767.75
665.012	783.75	0	783.75
665.125	739	0	739
665.236	769.75	0	769.75
665.348	774.5	0	774.5
665.46	760.25	0	760.25
665.572	749.25	0	749.25
665.684	757	0	757
665.796	718.25	0	718.25
665.908	721.75	0	721.75
666.02	742.5	0	742.5
666.131	746.5	0	746.5
666.243	732.5	0	732.5
666.355	724	0	724
666.467	733.75	0	733.75
666.578	733.75	0	733.75
666.69	718.75	0	718.75
666.802	732.75	0	732.75
666.914	712.5	0	712.5
667.025	737.25	0	737.25
667.137	716.75	0	716.75
667.248	726.25	0	726.25
667.36	708.25	0	708.25
667.472	708.75	0	708.75
667.583	703.5	0	703.5
667.695	696.75	0	696.75
667.806	699.5	0	699.5
667.918	696.5	0	696.5
668.029	690.25	0	690.25
668.141	707.25	0	707.25
668.252	683.75	0	683.75
668.363	695.25	0	695.25
668.475	680.25	0	680.25
668.586	698	0	698
668.698	704.5	0	704.5
668.809	680.25	0	680.25
668.92	696.5	0	696.5
669.032	692.5	0	692.5
669.143	679	0	679
669.254	691.75	0	691.75
669.365	676.5	0	676.5
669.477	658.25	0	658.25
669.588	692.75	0	692.75
669.699	660	0	660
669.81	690.75	0	690.75
669.921	694.75	0	694.75
670.032	649	0	649
670.143	651.25	0	651.25
670.255	660.5	0	660.5
670.366	672.75	0	672.75
670.477	649.25	0	649.25
670.588	661	0	661
670.699	673.5	0	673.5
670.81	650.75	0	650.75
670.921	637.75	0	637.75
671.032	646	0	646
671.143	661	0	661
671.253	659.75	0	659.75
671.364	664.25	0	664.25
671.475	660.75	0	660.75
671.586	667.5	0	667.5
671.697	661.5	0	661.5
671.808	667.75	0	667.75
671.919	670.5	0	670.5
672.029	656.75	0	656.75
672.14	658.25	0	658.25
672.251	644.25	0	644.25
672.362	634.75	0	634.75
672.472	662.75	0	662.75
672.583	646.25	0	646.25
672.694	617.5	0	617.5
672.804	652	0	652
672.915	637.75	0	637.75
673.025	634.25	0	634.25
673.136	635.5	0	635.5
673.247	630.25	0	630.25
673.357	626	0	626
673.468	621.25	0	621.25
673.578	636	0	636
673.689	614.75	0	614.75
673.799	631.5	0	631.5
673.91	633	0	633
674.02	613.5	0	613.5
674.13	626	0	626
674.241	612.75	0	612.75
674.351	638.75	0	638.75
674.461	620.5	0	620.5
674.572	602.25	0	602.25
674.682	621	0	621
674.792	607.75	0	607.75
674.903	611.25	0	611.25
675.013	593.75	0	593.75
675.123	601.5	0	601.5
675.233	618	0	618
675.344	627.25	0	627.25
675.454	602	0	602
675.564	608.25	0	608.25
675.674	609.25	0	609.25
675.784	615.5	0	615.5
675.894	607	0	607
676.004	593.5	0	593.5
676.114	593	0	593
676.224	573	0	573
676.334	596.75	0	596.75
676.444	579.5	0	579.5
676.554	578.25	0	578.25
676.664	574	0	574
676.774	590.5	0	590.5
676.884	597.25	0	597.25
676.994	566.25	0	566.25
677.104	591	0	591
677.214	588.5	0	588.5
677.324	589.75	0	589.75
677.433	570	0	570
677.543	564.5	0	564.5
677.653	575.5	0	575.5
677.763	589.25	0	589.25
677.872	549.25	0	549.25
677.982	560.5	0	560.5
678.092	569.75	0	569.75
678.202	586.25	0	586.25
678.311	579.5	0	579.5
678.421	576	0	576
678.53	567.25	0	567.25
678.64	563.75	0	563.75
678.75	570.5	0	570.5
678.859	578.25	0	578.25
678.969	573.5	0	573.5
679.078	560	0	560
679.188	554.75	0	554.75
679.297	579.75	0	579.75
679.407	546.5	0	546.5
679.516	544.25	0	544.25
679.625	576	0	576
679.735	571.25	0	571.25
679.844	547.75	0	547.75
679.954	565.75	0	565.75
680.063	543.5	0	543.5
680.172	564.5	0	564.5
680.282	557	0	557
680.391	571.75	0	571.75
680.5	551.25	0	551.25
680.609	559.75	0	559.75
680.719	534.75	0	534.75
680.828	540	0	540
680.937	543.75	0	543.75
681.046	534.5	0	534.5
681.155	535.25	0	535.25
681.264	535.75	0	535.75
681.374	522.5	0	522.5
681.483	544.25	0	544.25
681.592	527.25	0	527.25
681.701	560.5	0	560.5
681.81	557.25	0	557.25
681.919	521.25	0	521.25
682.028	521	0	521
682.137	562	0	562
682.246	517.25	0	517.25
682.355	529	0	529
682.463	530	0	530
682.572	509.5	0	509.5
682.681	540	0	540
682.79	539.5	0	539.5
682.899	548	0	548
683.008	514	0	514
683.117	531.75	0	531.75
683.225	533.5	0	533.5
683.334	530.75	0	530.75
683.443	528.5	0	528.5
683.551	515.5	0	515.5
683.66	524.75	0	524.75
683.769	515.75	0	515.75
683.877	526.75	0	526.75
683.986	527.25	0	527.25
684.095	510.75	0	510.75
684.203	513.75	0	513.75
684.312	523.75	0	523.75
684.42	518.25	0	518.25
684.529	507.5	0	507.5
684.637	505.75	0	505.75
684.746	507.75	0	507.75
684.854	518.75	0	518.75
684.963	512	0	512
685.071	484.75	0	484.75
685.18	525.25	0	525.25
685.288	521.25	0	521.25
685.396	499.75	0	499.75
685.505	495.5	0	495.5
685.613	496.25	0	496.25
685.721	511	0	511
685.83	514.5	0	514.5
685.938	510.75	0	510.75
686.046	512.75	0	512.75
686.154	488.5	0	488.5
686.263	511.5	0	511.5
686.371	491.25	0	491.25
686.479	495.75	0	495.75
686.587	489.75	0	489.75
686.695	481.25	0	481.25
686.803	516.25	0	516.25
686.911	516.5	0	516.5
687.019	496.75	0	496.75
687.127	496.25	0	496.25
687.235	499.5	0	499.5
687.343	484	0	484
687.451	495.75	0	495.75
687.559	487.25	0	487.25
687.667	493.5	0	493.5
687.775	489.75	0	489.75
687.883	497	0	497
687.991	483.75	0	483.75
688.099	490	0	490
688.207	479.75	0	479.75
688.315	478.25	0	478.25
688.422	488	0	488
688.53	512.75	0	512.75
688.638	484.5	0	484.5
688.746	500.25	0	500.25
688.853	491.5	0	491.5
688.961	474.5	0	474.5
689.069	470.75	0	470.75
689.176	478.25	0	478.25
689.284	489.5	0	489.5
689.392	483.25	0	483.25
689.499	476.75	0	476.75
689.607	463.75	0	463.75
689.714	473	0	473
689.822	470.25	0	470.25
689.93	466	0	466
690.037	467.25	0	467.25
690.144	467.75	0	467.75
690.252	467.5	0	467.5
690.359	452.5	0	452.5
690.467	474	0	474
690.574	473	0	473
690.682	459.25	0	459.25
690.789	480.75	0	480.75
690.896	461.75	0	461.75
691.004	467	0	467
691.111	477.5	0	477.5
691.218	464.5	0	464.5
691.325	475.75	0	475.75
691.433	469.25	0	469.25
691.54	460	0	460
691.647	473.75	0	473.75
691.754	461.25	0	461.25
691.861	470.25	0	470.25
691.969	465.5	0	465.5
692.076	459.5	0	459.5
692.183	461.25	0	461.25
692.29	462	0	462
692.397	448.5	0	448.5
692.504	450.25	0	450.25
692.611	463.25	0	463.25
692.718	441	0	441
692.825	469	0	469
692.932	467.25	0	467.25
693.039	448	0	448
693.146	451	0	451
693.253	454	0	454
693.359	447.5	0	447.5
693.466	461.5	0	461.5
693.573	454.5	0	454.5
693.68	445	0	445
693.787	446	0	446
693.894	450.25	0	450.25
694	437.75	0	437.75
694.107	452.75	0	452.75
694.214	458.5	0	458.5
694.32	455.5	0	455.5
694.427	463	0	463
694.534	440.75	0	440.75
694.64	467.25	0	467.25
694.747	445.75	0	445.75
694.853	451.75	0	451.75
694.96	439.5	0	439.5
695.067	453.25	0	453.25
695.173	430.5	0	430.5
695.28	443.75	0	443.75
695.386	427.75	0	427.75
695.493	445.75	0	445.75
695.599	441.5	0	441.5
695.705	452.25	0	452.25
695.812	442.25	0	442.25
695.918	460.25	0	460.25
696.025	442.25	0	442.25
696.131	429.25	0	429.25
696.237	440	0	440
696.344	415	0	415
696.45	428	0	428
696.556	444	0	444
696.662	420.5	0	420.5
696.768	431	0	431
696.875	426.5	0	426.5
696.981	432	0	432
697.087	440	0	440
697.193	437.75	0	437.75
697.299	442	0	442
697.405	431.25	0	431.25
697.512	438.5	0	438.5
697.618	427.5	0	427.5
697.724	429.25	0	429.25
697.83	428.5	0	428.5
697.936	432.5	0	432.5
698.042	437.25	0	437.25
698.148	436.25	0	436.25
698.253	431	0	431
698.359	420.75	0	420.75
698.465	407.75	0	407.75
698.571	419.5	0	419.5
698.677	416.5	0	416.5
698.783	421.5	0	421.5
698.889	423.75	0	423.75
698.994	408.25	0	408.25
699.1	409.75	0	409.75
699.206	452.25	0	452.25
699.312	434.25	0	434.25
699.417	420.75	0	420.75
699.523	419.5	0	419.5
699.629	416.75	0	416.75
699.734	426.5	0	426.5
699.84	424.5	0	424.5
699.946	410.25	0	410.25
700.051	411.75	0	411.75
700.157	400.75	0	400.75
700.262	401.75	0	401.75
700.368	415.75	0	415.75
700.473	412	0	412
700.579	423.25	0	423.25
700.684	420.25	0	420.25
700.79	424.25	0	424.25
700.895	434.25	0	434.25
701	416.5	0	416.5
701.106	387.5	0	387.5
701.211	414.5	0	414.5
701.316	410	0	410
701.422	409.5	0	409.5
701.527	405.25	0	405.25
701.632	406.75	0	406.75
701.738	390.75	0	390.75
701.843	402	0	402
701.948	397.25	0	397.25
702.053	407.5	0	407.5
702.158	399.75	0	399.75
702.264	405.25	0	405.25
702.369	411.5	0	411.5
702.474	399.5	0	399.5
702.579	420.25	0	420.25
702.684	396.75	0	396.75
702.789	409	0	409
702.894	396.25	0	396.25
702.999	403.25	0	403.25
703.104	401.5	0	401.5
703.209	415.75	0	415.75
703.314	414	0	414
703.419	394	0	394
703.524	393	0	393
703.629	404.25	0	404.25
703.733	394.75	0	394.75
703.838	415	0	415
703.943	388	0	388
704.048	410.5	0	410.5
704.153	407.5	0	407.5
704.257	408.25	0	408.25
704.362	392.5	0	392.5
704.467	401	0	401
704.572	376.75	0	376.75
704.676	384.75	0	384.75
704.781	392.5	0	392.5
704.886	398.75	0	398.75
704.99	390.5	0	390.5
705.095	393.25	0	393.25
705.199	387.75	0	387.75
705.304	398.25	0	398.25
705.408	381.25	0	381.25
705.513	399.25	0	399.25
705.617	380.5	0	380.5
705.722	396.25	0	396.25
705.826	385	0	385
705.931	395.5	0	395.5
706.035	389	0	389
706.139	386.75	0	386.75
706.244	392.5	0	392.5
706.348	369.5	0	369.5
706.452	382.25	0	382.25
706.557	390.5	0	390.5
706.661	401.75	0	401.75
706.765	395.25	0	395.25
706.87	375.25	0	375.25
706.974	373.5	0	373.5
707.078	388.25	0	388.25
707.182	386.75	0	386.75
707.286	368.5	0	368.5
707.39	380	0	380
707.495	375.75	0	375.75
707.599	384	0	384
707.703	380.75	0	380.75
707.807	381.25	0	381.25
707.911	381	0	381
708.015	386.75	0	386.75
708.119	388.5	0	388.5
708.223	380.75	0	380.75
708.327	383.5	0	383.5
708.431	368	0	368
708.534	368.75	0	368.75
708.638	372.25	0	372.25
708.742	372.25	0	372.25
708.846	374.75	0	374.75
708.95	383.5	0	383.5
709.054	384.75	0	384.75
709.157	380	0	380
709.261	373.5	0	373.5
709.365	369.75	0	369.75
709.469	366.25	0	366.25
709.572	359.75	0	359.75
709.676	364.5	0	364.5
709.78	376.75	0	376.75
709.883	375.25	0	375.25
709.987	363	0	363
710.09	382.25	0	382.25
710.194	386.75	0	386.75
710.298	374.75	0	374.75
710.401	375	0	375
710.505	377	0	377
710.608	359.5	0	359.5
710.711	360.25	0	360.25
710.815	373.75	0	373.75
710.918	362	0	362
711.022	365.5	0	365.5
711.125	364.75	0	364.75
711.228	365	0	365
711.332	364.25	0	364.25
711.435	376	0	376
711.538	375.75	0	375.75
711.642	376.75	0	376.75
711.745	371.5	0	371.5
711.848	352.5	0	352.5
711.951	368.5	0	368.5
712.055	375.25	0	375.25
712.158	360.25	0	360.25
712.261	374.25	0	374.25
712.364	354.25	0	354.25
712.467	350.25	0	350.25
712.57	362	0	362
712.673	356.5	0	356.5
712.776	359	0	359
712.879	370.5	0	370.5
712.982	368.5	0	368.5
713.085	367	0	367
713.188	359.25	0	359.25
713.291	364	0	364
713.394	354.75	0	354.75
713.497	336.75	0	336.75
713.6	351	0	351
713.703	353	0	353
713.805	368	0	368
713.908	359.25	0	359.25
714.011	363.25	0	363.25
714.114	354.5	0	354.5
714.216	358.5	0	358.5
714.319	364	0	364
714.422	362	0	362
714.525	365	0	365
714.627	353.75	0	353.75
714.73	370.75	0	370.75
714.833	352.5	0	352.5
714.935	371	0	371
715.038	358.5	0	358.5
715.14	355.25	0	355.25
715.243	357.75	0	357.75
715.345	350.75	0	350.75
715.448	355	0	355
715.55	350.25	0	350.25
715.653	370	0	370
715.755	359.25	0	359.25
715.857	361.75	0	361.75
715.96	378	0	378
716.062	383	0	383
716.164	381.5	0	381.5
716.267	380.5	0	380.5
716.369	387.25	0	387.25
716.471	382	0	382
716.574	372.5	0	372.5
716.676	395.25	0	395.25
716.778	364.25	0	364.25
716.88	384	0	384
716.982	385	0	385
717.085	386.25	0	386.25
717.187	361	0	361
717.289	368.5	0	368.5
717.391	358	0	358
717.493	367	0	367
717.595	374.5	0	374.5
717.697	373.5	0	373.5
717.799	358.25	0	358.25
717.901	361	0	361
718.003	356.5	0	356.5
718.105	371.25	0	371.25
718.207	361.75	0	361.75
718.309	375.5	0	375.5
718.411	352.5	0	352.5
718.512	358.25	0	358.25
718.614	347.5	0	347.5
718.716	365.25	0	365.25
718.818	356.75	0	356.75
718.92	338.75	0	338.75
719.021	346.5	0	346.5
719.123	347.25	0	347.25
719.225	344.5	0	344.5
719.326	351.75	0	351.75
719.428	351.75	0	351.75
719.53	338.25	0	338.25
719.631	339.5	0	339.5
719.733	335.75	0	335.75
719.834	346.75	0	346.75
719.936	338.25	0	338.25
720.038	352.5	0	352.5
720.139	355.25	0	355.25
720.241	326.75	0	326.75
720.342	338.75	0	338.75
720.443	352	0	352
720.545	350.75	0	350.75
720.646	340	0	340
720.748	328.25	0	328.25
720.849	336.75	0	336.75
720.95	341	0	341
721.052	320.25	0	320.25
721.153	350.5	0	350.5
721.254	338	0	338
721.355	348.25	0	348.25
721.457	321.5	0	321.5
721.558	338.5	0	338.5
721.659	333.25	0	333.25
721.76	336	0	336
721.861	345.5	0	345.5
721.963	333.75	0	333.75
722.064	341.25	0	341.25
722.165	343	0	343
722.266	313.5	0	313.5
722.367	326.25	0	326.25
722.468	340.25	0	340.25
722.569	344.5	0	344.5
722.67	332.5	0	332.5
722.771	319.75	0	319.75
722.872	331	0	331
722.973	339.5	0	339.5
723.073	345.75	0	345.75
723.174	343.75	0	343.75
723.275	333.75	0	333.75
723.376	324.5	0	324.5
723.477	332.75	0	332.75
723.577	322.75	0	322.75
723.678	318.75	0	318.75
723.779	343.25	0	343.25
723.88	316.75	0	316.75
723.98	325.25	0	325.25
724.081	339.75	0	339.75
724.182	339.25	0	339.25
724.282	322.5	0	322.5
724.383	340.25	0	340.25
724.483	320.5	0	320.5
724.584	335.75	0	335.75
724.685	320.5	0	320.5
724.785	327.75	0	327.75
724.886	334	0	334
724.986	332.25	0	332.25
725.086	318.25	0	318.25
725.187	317.75	0	317.75
725.287	329.75	0	329.75
725.388	340	0	340
725.488	314.5	0	314.5
725.588	329.5	0	329.5
725.689	331.75	0	331.75
725.789	327.75	0	327.75
725.889	319.5	0	319.5
725.99	324.25	0	324.25
726.09	320.75	0	320.75
726.19	318.25	0	318.25
726.29	320.25	0	320.25
726.39	324.25	0	324.25
726.49	322	0	322
726.591	305.25	0	305.25
726.691	335	0	335
726.791	318.5	0	318.5
726.891	335	0	335
726.991	317.5	0	317.5
727.091	320	0	320
727.191	303	0	303
727.291	317.25	0	317.25
727.391	315	0	315
727.491	314.25	0	314.25
727.591	329.5	0	329.5
727.691	334.5	0	334.5
727.79	314.5	0	314.5
727.89	320	0	320
727.99	310.5	0	310.5
728.09	298.75	0	298.75
728.19	304.25	0	304.25
728.289	332.75	0	332.75
728.389	321	0	321
728.489	300.75	0	300.75
728.589	319.25	0	319.25
728.688	327.5	0	327.5
728.788	326.75	0	326.75
728.888	311.5	0	311.5
728.987	313.25	0	313.25
729.087	303.5	0	303.5
729.186	313.25	0	313.25
729.286	312.25	0	312.25
729.385	314.75	0	314.75
729.485	324	0	324
729.584	315.75	0	315.75
729.684	320.5	0	320.5
729.783	316	0	316
729.883	302.25	0	302.25
729.982	308	0	308
730.081	323.25	0	323.25
730.181	316.75	0	316.75
730.28	300.5	0	300.5
730.379	319.5	0	319.5
730.479	315.5	0	315.5
730.578	317	0	317
730.677	312.25	0	312.25
730.776	307.25	0	307.25
730.875	315.25	0	315.25
730.975	311.75	0	311.75
731.074	310	0	310
731.173	310	0	310
731.272	309.5	0	309.5
731.371	319	0	319
731.47	299.75	0	299.75
731.569	311.5	0	311.5
731.668	314.5	0	314.5
731.767	300.25	0	300.25
731.866	293.5	0	293.5
731.965	310.75	0	310.75
732.064	306.25	0	306.25
732.163	290.25	0	290.25
732.262	303.5	0	303.5
732.361	300.25	0	300.25
732.46	295.25	0	295.25
732.558	309	0	309
732.657	303.5	0	303.5
732.756	310.25	0	310.25
732.855	298	0	298
732.953	298	0	298
733.052	298.5	0	298.5
733.151	318.25	0	318.25
733.25	287.5	0	287.5
733.348	308.5	0	308.5
733.447	294.5	0	294.5
733.545	293.75	0	293.75
733.644	300	0	300
733.742	311.75	0	311.75
733.841	313.25	0	313.25
733.939	304.25	0	304.25
734.038	306.75	0	306.75
734.136	299.5	0	299.5
734.235	298.75	0	298.75
734.333	299	0	299
734.432	297.5	0	297.5
734.53	301.75	0	301.75
734.628	294.75	0	294.75
734.727	300.25	0	300.25
734.825	295	0	295
734.923	291.75	0	291.75
735.022	297.75	0	297.75
735.12	298.25	0	298.25
735.218	306	0	306
735.316	292.5	0	292.5
735.414	294.25	0	294.25
735.513	299.75	0	299.75
735.611	295	0	295
735.709	312.5	0	312.5
735.807	300.25	0	300.25
735.905	292.5	0	292.5
736.003	306.25	0	306.25
736.101	295.5	0	295.5
736.199	309.75	0	309.75
736.297	281	0	281
736.395	291.25	0	291.25
736.493	298	0	298
736.591	282.75	0	282.75
736.689	296.75	0	296.75
736.787	292	0	292
736.884	280	0	280
736.982	289	0	289
737.08	300.75	0	300.75
737.178	295.25	0	295.25
737.276	289.5	0	289.5
737.373	282	0	282
737.471	287.5	0	287.5
737.569	296.75	0	296.75
737.667	298	0	298
737.764	282.25	0	282.25
737.862	290	0	290
737.959	295.25	0	295.25
738.057	287.25	0	287.25
738.154	293	0	293
738.252	293	0	293
738.35	278.5	0	278.5
738.447	283.5	0	283.5
738.544	297	0	297
738.642	291	0	291
738.739	290	0	290
738.837	293.25	0	293.25
738.934	313.75	0	313.75
739.031	284	0	284
739.129	294	0	294
739.226	289	0	289
739.323	289.5	0	289.5
739.421	284.25	0	284.25
739.518	305	0	305
739.615	277	0	277