Lambda	Spectrum	Dark	SpecMinusDark
500.031	2020.5	0	2020.5
500.165	2105.25	0	2105.25
500.299	2112.5	0	2112.5
500.433	2239.75	0	2239.75
500.567	2355	0	2355
500.701	2530.25	0	2530.25
500.835	2954.5	0	2954.5
500.968	3144.25	0	3144.25
501.102	2894.75	0	2894.75
501.236	2694	0	2694
501.37	2691	0	2691
501.504	2663.25	0	2663.25
501.637	2660.5	0	2660.5
501.771	2635.75	0	2635.75
501.905	2620.5	0	2620.5
502.039	2669.5	0	2669.5
502.172	2703	0	2703
502.306	2720.25	0	2720.25
502.44	2746.25	0	2746.25
502.573	2769.75	0	2769.75
502.707	2846.25	0	2846.25
502.841	2846	0	2846
502.974	2908	0	2908
503.108	2973	0	2973
503.242	3056.25	0	3056.25
503.375	3030.5	0	3030.5
503.509	3113.5	0	3113.5
503.642	3192	0	3192
503.776	3203.5	0	3203.5
503.909	3258.5	0	3258.5
504.043	3316.25	0	3316.25
504.176	3443.25	0	3443.25
504.31	3630.5	0	3630.5
504.443	3601.25	0	3601.25
504.577	3781.25	0	3781.25
504.71	3789	0	3789
504.844	3915	0	3915
504.977	3922.75	0	3922.75
505.111	3964	0	3964
505.244	3981	0	3981
505.377	3932	0	3932
505.511	3971	0	3971
505.644	4003.75	0	4003.75
505.777	4046.5	0	4046.5
505.911	4009	0	4009
506.044	4022.5	0	4022.5
506.177	4028.5	0	4028.5
506.311	4019.25	0	4019.25
506.444	3941.25	0	3941.25
506.577	3994.5	0	3994.5
506.71	3993.75	0	3993.75
506.844	3881.75	0	3881.75
506.977	3922.5	0	3922.5
507.11	3884	0	3884
507.243	3890.75	0	3890.75
507.376	3884.75	0	3884.75
507.51	3823.75	0	3823.75
507.643	3842.25	0	3842.25
507.776	3744.5	0	3744.5
507.909	3836.25	0	3836.25
508.042	3743.75	0	3743.75
508.175	3792.75	0	3792.75
508.308	3809	0	3809
508.441	3677.75	0	3677.75
508.574	3770	0	3770
508.707	3717.25	0	3717.25
508.84	3694.75	0	3694.75
508.973	3769.5	0	3769.5
509.106	3790.75	0	3790.75
509.239	3785.5	0	3785.5
509.372	3750	0	3750
509.505	3763.75	0	3763.75
509.638	3839.25	0	3839.25
509.771	3754.25	0	3754.25
509.904	3779.75	0	3779.75
510.037	3810	0	3810
510.17	3763.75	0	3763.75
510.303	3813.5	0	3813.5
510.436	3635	0	3635
510.568	3694.25	0	3694.25
510.701	3694.5	0	3694.5
510.834	3773.25	0	3773.25
510.967	3716.25	0	3716.25
511.1	3710.5	0	3710.5
511.232	3821.5	0	3821.5
511.365	3783.75	0	3783.75
511.498	3754	0	3754
511.631	3805.5	0	3805.5
511.763	3790.75	0	3790.75
511.896	3905.25	0	3905.25
512.029	3844.25	0	3844.25
512.161	3852.5	0	3852.5
512.294	3764.25	0	3764.25
512.427	3828.75	0	3828.75
512.559	3738	0	3738
512.692	3728.5	0	3728.5
512.825	3743.75	0	3743.75
512.957	3798.5	0	3798.5
513.09	3819.25	0	3819.25
513.222	3716.5	0	3716.5
513.355	3713.75	0	3713.75
513.487	3651.25	0	3651.25
513.62	3750.75	0	3750.75
513.752	3846.5	0	3846.5
513.885	3815.75	0	3815.75
514.017	3754.75	0	3754.75
514.15	3760	0	3760
514.282	3814.25	0	3814.25
514.415	3848.25	0	3848.25
514.547	3856.75	0	3856.75
514.68	3792.75	0	3792.75
514.812	3821.5	0	3821.5
514.944	3780	0	3780
515.077	3842.5	0	3842.5
515.209	3856.75	0	3856.75
515.341	3822.25	0	3822.25
515.474	3776.25	0	3776.25
515.606	3828	0	3828
515.738	3844.75	0	3844.75
515.871	3800.25	0	3800.25
516.003	3906	0	3906
516.135	3925.5	0	3925.5
516.267	3811.5	0	3811.5
516.4	3837.75	0	3837.75
516.532	3909.5	0	3909.5
516.664	3915.5	0	3915.5
516.796	3891.25	0	3891.25
516.928	3977.75	0	3977.75
517.06	3983.25	0	3983.25
517.193	3985.25	0	3985.25
517.325	3898.25	0	3898.25
517.457	3892	0	3892
517.589	3943.25	0	3943.25
517.721	3966	0	3966
517.853	3948	0	3948
517.985	3948.5	0	3948.5
518.117	3958.5	0	3958.5
518.249	3936.5	0	3936.5
518.381	3903	0	3903
518.513	3988	0	3988
518.645	3999.25	0	3999.25
518.777	4006.75	0	4006.75
518.909	3970.75	0	3970.75
519.041	3995.5	0	3995.5
519.173	4038	0	4038
519.305	4063	0	4063
519.437	4060.75	0	4060.75
519.569	4117.75	0	4117.75
519.701	4065.25	0	4065.25
519.832	4043.5	0	4043.5
519.964	4004	0	4004
520.096	4059.75	0	4059.75
520.228	4081.25	0	4081.25
520.36	4207.5	0	4207.5
520.491	4286.75	0	4286.75
520.623	4283.5	0	4283.5
520.755	4295.75	0	4295.75
520.887	4202	0	4202
521.018	4155.25	0	4155.25
521.15	4144.25	0	4144.25
521.282	4140.25	0	4140.25
521.414	4106.25	0	4106.25
521.545	4052	0	4052
521.677	3969	0	3969
521.808	4071	0	4071
521.94	3959	0	3959
522.072	3979	0	3979
522.203	4090	0	4090
522.335	3925.5	0	3925.5
522.466	3937	0	3937
522.598	3872.5	0	3872.5
522.729	3911.5	0	3911.5
522.861	3935	0	3935
522.993	3834.25	0	3834.25
523.124	3895	0	3895
523.256	3869.25	0	3869.25
523.387	3814.75	0	3814.75
523.518	3864	0	3864
523.65	3819.5	0	3819.5
523.781	3850	0	3850
523.913	3809	0	3809
524.044	3795.25	0	3795.25
524.176	3792.5	0	3792.5
524.307	3826.75	0	3826.75
524.438	3743.5	0	3743.5
524.57	3822.5	0	3822.5
524.701	3826.5	0	3826.5
524.832	3768.75	0	3768.75
524.964	3749.75	0	3749.75
525.095	3818.75	0	3818.75
525.226	3813.25	0	3813.25
525.357	3747.75	0	3747.75
525.489	3776.25	0	3776.25
525.62	3807.75	0	3807.75
525.751	3773.75	0	3773.75
525.882	3829	0	3829
526.013	3784.25	0	3784.25
526.145	3760.5	0	3760.5
526.276	3750.25	0	3750.25
526.407	3769.75	0	3769.75
526.538	3826	0	3826
526.669	3822	0	3822
526.8	3828.75	0	3828.75
526.931	3791	0	3791
527.062	3779.25	0	3779.25
527.193	3807	0	3807
527.324	3724	0	3724
527.455	3842.75	0	3842.75
527.586	3761.5	0	3761.5
527.717	3809.5	0	3809.5
527.848	3832.5	0	3832.5
527.979	3871.5	0	3871.5
528.11	3735.25	0	3735.25
528.241	3785.75	0	3785.75
528.372	3626.25	0	3626.25
528.503	3709.25	0	3709.25
528.634	3706.75	0	3706.75
528.765	3666.5	0	3666.5
528.896	3684.25	0	3684.25
529.026	3701.5	0	3701.5
529.157	3702.5	0	3702.5
529.288	3725.25	0	3725.25
529.419	3707.25	0	3707.25
529.55	3637.5	0	3637.5
529.681	3603.75	0	3603.75
529.811	3617.75	0	3617.75
529.942	3657.5	0	3657.5
530.073	3576	0	3576
530.203	3624.75	0	3624.75
530.334	3700.25	0	3700.25
530.465	3619.25	0	3619.25
530.596	3639.25	0	3639.25
530.726	3668.5	0	3668.5
530.857	3654.75	0	3654.75
530.987	3657	0	3657
531.118	3595.5	0	3595.5
531.249	3672	0	3672
531.379	3669.75	0	3669.75
531.51	3763.75	0	3763.75
531.64	3677	0	3677
531.771	3658.75	0	3658.75
531.901	3667.5	0	3667.5
532.032	3669.75	0	3669.75
532.163	3718.75	0	3718.75
532.293	3782	0	3782
532.423	3704.75	0	3704.75
532.554	3757.25	0	3757.25
532.684	3727.25	0	3727.25
532.815	3726.75	0	3726.75
532.945	3763	0	3763
533.076	3703.75	0	3703.75
533.206	3742	0	3742
533.336	3790.5	0	3790.5
533.467	3857.25	0	3857.25
533.597	3858	0	3858
533.727	3807.25	0	3807.25
533.858	3847.5	0	3847.5
533.988	3875.75	0	3875.75
534.118	3893	0	3893
534.248	3939	0	3939
534.379	3966.5	0	3966.5
534.509	3946.75	0	3946.75
534.639	4015.75	0	4015.75
534.769	4116.5	0	4116.5
534.9	4061	0	4061
535.03	4084.75	0	4084.75
535.16	4143.25	0	4143.25
535.29	4184.75	0	4184.75
535.42	4178.25	0	4178.25
535.55	4272.5	0	4272.5
535.68	4305.75	0	4305.75
535.81	4384.5	0	4384.5
535.94	4437.25	0	4437.25
536.071	4503	0	4503
536.201	4511.25	0	4511.25
536.331	4721.25	0	4721.25
536.461	4711.75	0	4711.75
536.591	4849	0	4849
536.721	5015	0	5015
536.851	5186	0	5186
536.981	5386.5	0	5386.5
537.11	5608.25	0	5608.25
537.24	5838.5	0	5838.5
537.37	6185	0	6185
537.5	6552	0	6552
537.63	6813.75	0	6813.75
537.76	7164	0	7164
537.89	7302.75	0	7302.75
538.02	7085	0	7085
538.149	7015	0	7015
538.279	6904.25	0	6904.25
538.409	6697	0	6697
538.539	6631.75	0	6631.75
538.669	6454	0	6454
538.798	6235	0	6235
538.928	6052	0	6052
539.058	5979	0	5979
539.187	5828.75	0	5828.75
539.317	5669	0	5669
539.447	5583.5	0	5583.5
539.576	5470.5	0	5470.5
539.706	5312	0	5312
539.836	5179.25	0	5179.25
539.965	5216.5	0	5216.5
540.095	5019.25	0	5019.25
540.225	4978.25	0	4978.25
540.354	4944.5	0	4944.5
540.484	4847.5	0	4847.5
540.613	4837.75	0	4837.75
540.743	4859	0	4859
540.872	4803	0	4803
541.002	4614.75	0	4614.75
541.131	4587.25	0	4587.25
541.261	4609.75	0	4609.75
541.39	4529	0	4529
541.52	4521.5	0	4521.5
541.649	4437.75	0	4437.75
541.778	4381	0	4381
541.908	4311.75	0	4311.75
542.037	4392	0	4392
542.167	4288.75	0	4288.75
542.296	4317.25	0	4317.25
542.425	4278.5	0	4278.5
542.554	4266.75	0	4266.75
542.684	4268	0	4268
542.813	4178.75	0	4178.75
542.942	4137.5	0	4137.5
543.072	4130.75	0	4130.75
543.201	4075.75	0	4075.75
543.33	4144	0	4144
543.459	4038.25	0	4038.25
543.588	4020.25	0	4020.25
543.718	4049.25	0	4049.25
543.847	4026.75	0	4026.75
543.976	4087.5	0	4087.5
544.105	4006	0	4006
544.234	4028	0	4028
544.363	4011	0	4011
544.492	4024.75	0	4024.75
544.621	4018.75	0	4018.75
544.75	3929.5	0	3929.5
544.88	3916	0	3916
545.009	3911	0	3911
545.138	3890.25	0	3890.25
545.266	3852.25	0	3852.25
545.396	3827.75	0	3827.75
545.525	3869.5	0	3869.5
545.653	3874.5	0	3874.5
545.782	3871.5	0	3871.5
545.911	3846	0	3846
546.04	3783.75	0	3783.75
546.169	3869.25	0	3869.25
546.298	3866.25	0	3866.25
546.427	3884.25	0	3884.25
546.556	3887.5	0	3887.5
546.685	3849.25	0	3849.25
546.813	3854	0	3854
546.942	3778.5	0	3778.5
547.071	3802	0	3802
547.2	3790.25	0	3790.25
547.328	3801	0	3801
547.457	3820	0	3820
547.586	3806.25	0	3806.25
547.715	3837	0	3837
547.843	3848	0	3848
547.972	3810	0	3810
548.101	3840.5	0	3840.5
548.229	3801	0	3801
548.358	3834	0	3834
548.487	3835	0	3835
548.615	3812.5	0	3812.5
548.744	3828.25	0	3828.25
548.872	3910.5	0	3910.5
549.001	3868	0	3868
549.129	3911.5	0	3911.5
549.258	3834.25	0	3834.25
549.387	3877	0	3877
549.515	3856.75	0	3856.75
549.643	3849.5	0	3849.5
549.772	3843.75	0	3843.75
549.9	3892.5	0	3892.5
550.029	3932.5	0	3932.5
550.157	3904.25	0	3904.25
550.286	3877.75	0	3877.75
550.414	3913.75	0	3913.75
550.542	3885.75	0	3885.75
550.671	3951.75	0	3951.75
550.799	3965.5	0	3965.5
550.927	4037.25	0	4037.25
551.056	3989.75	0	3989.75
551.184	4041.75	0	4041.75
551.312	4023.25	0	4023.25
551.441	4120.25	0	4120.25
551.569	4149.5	0	4149.5
551.697	4128.25	0	4128.25
551.825	4133.25	0	4133.25
551.953	4127	0	4127
552.082	4160	0	4160
552.21	4245.75	0	4245.75
552.338	4302.5	0	4302.5
552.466	4323	0	4323
552.594	4395	0	4395
552.722	4382.5	0	4382.5
552.851	4422.75	0	4422.75
552.979	4409.25	0	4409.25
553.107	4432.5	0	4432.5
553.235	4482.5	0	4482.5
553.363	4442.25	0	4442.25
553.491	4513.75	0	4513.75
553.619	4590.5	0	4590.5
553.747	4573.25	0	4573.25
553.875	4648.75	0	4648.75
554.003	4720.5	0	4720.5
554.131	4772.75	0	4772.75
554.259	4829.25	0	4829.25
554.387	4838.5	0	4838.5
554.514	4887.75	0	4887.75
554.642	5002.75	0	5002.75
554.77	5079.25	0	5079.25
554.898	5181.5	0	5181.5
555.026	5212.25	0	5212.25
555.154	5119.25	0	5119.25
555.281	5292.75	0	5292.75
555.409	5309	0	5309
555.537	5396.75	0	5396.75
555.665	5328	0	5328
555.793	5266.5	0	5266.5
555.92	5427.75	0	5427.75
556.048	5308.5	0	5308.5
556.176	5344.75	0	5344.75
556.303	5343.5	0	5343.5
556.431	5366.75	0	5366.75
556.559	5341.75	0	5341.75
556.686	5342.75	0	5342.75
556.814	5468.75	0	5468.75
556.942	5546.25	0	5546.25
557.069	5458.25	0	5458.25
557.197	5446.75	0	5446.75
557.324	5461.75	0	5461.75
557.452	5636.25	0	5636.25
557.579	5576	0	5576
557.707	5693.5	0	5693.5
557.835	5622.25	0	5622.25
557.962	5846.75	0	5846.75
558.089	5768.5	0	5768.5
558.217	5870.5	0	5870.5
558.344	5894.25	0	5894.25
558.472	6032	0	6032
558.599	6098.25	0	6098.25
558.727	6186.75	0	6186.75
558.854	6256.25	0	6256.25
558.981	6502.5	0	6502.5
559.109	6551.5	0	6551.5
559.236	6818.5	0	6818.5
559.363	6992.75	0	6992.75
559.491	7257.5	0	7257.5
559.618	7443.75	0	7443.75
559.745	7662.25	0	7662.25
559.872	8205.25	0	8205.25
560	8576.75	0	8576.75
560.127	8918.25	0	8918.25
560.254	9398.75	0	9398.75
560.381	10020	0	10020
560.508	10573.5	0	10573.5
560.636	11469.8	0	11469.8
560.763	12373	0	12373
560.89	13468.8	0	13468.8
561.017	14737	0	14737
561.144	15817.2	0	15817.2
561.271	16011.2	0	16011.2
561.398	15417	0	15417
561.525	14019.2	0	14019.2
561.652	12518.5	0	12518.5
561.779	11319	0	11319
561.906	10419.5	0	10419.5
562.033	9590	0	9590
562.16	8923.5	0	8923.5
562.287	8347.75	0	8347.75
562.414	7934.5	0	7934.5
562.541	7469.25	0	7469.25
562.668	7191	0	7191
562.795	6796.75	0	6796.75
562.922	6512.75	0	6512.75
563.049	6341.25	0	6341.25
563.175	6082	0	6082
563.302	5869	0	5869
563.429	5655.75	0	5655.75
563.556	5444.75	0	5444.75
563.683	5404.5	0	5404.5
563.809	5180	0	5180
563.936	5066.5	0	5066.5
564.063	4919.25	0	4919.25
564.19	4822.75	0	4822.75
564.316	4799.75	0	4799.75
564.443	4665	0	4665
564.57	4579.75	0	4579.75
564.696	4553	0	4553
564.823	4382.25	0	4382.25
564.95	4339.25	0	4339.25
565.076	4266.5	0	4266.5
565.203	4230.25	0	4230.25
565.33	4222	0	4222
565.456	4209	0	4209
565.583	4048.5	0	4048.5
565.709	4027.25	0	4027.25
565.836	3905.5	0	3905.5
565.962	3923	0	3923
566.089	3890	0	3890
566.215	3869.25	0	3869.25
566.341	3780	0	3780
566.468	3781.25	0	3781.25
566.594	3770	0	3770
566.721	3701.5	0	3701.5
566.847	3685	0	3685
566.974	3670	0	3670
567.1	3627.5	0	3627.5
567.226	3613.5	0	3613.5
567.353	3617.75	0	3617.75
567.479	3571	0	3571
567.605	3545.5	0	3545.5
567.732	3505.25	0	3505.25
567.858	3474.25	0	3474.25
567.984	3449.75	0	3449.75
568.11	3377.5	0	3377.5
568.236	3416.25	0	3416.25
568.363	3321	0	3321
568.489	3294.5	0	3294.5
568.615	3330.25	0	3330.25
568.741	3293.25	0	3293.25
568.867	3167.5	0	3167.5
568.993	3248	0	3248
569.12	3184.75	0	3184.75
569.246	3192.5	0	3192.5
569.372	3162.5	0	3162.5
569.498	3130.25	0	3130.25
569.624	3094.5	0	3094.5
569.75	3104.75	0	3104.75
569.876	3087.75	0	3087.75
570.002	3063.25	0	3063.25
570.128	3036	0	3036
570.254	2977.25	0	2977.25
570.38	2986.75	0	2986.75
570.506	2989.25	0	2989.25
570.632	3012.5	0	3012.5
570.758	2943.5	0	2943.5
570.883	2936	0	2936
571.009	2980.75	0	2980.75
571.135	2963	0	2963
571.261	2922.75	0	2922.75
571.387	2872.75	0	2872.75
571.513	2922.5	0	2922.5
571.638	2855.75	0	2855.75
571.764	2779.5	0	2779.5
571.89	2828.25	0	2828.25
572.016	2808.75	0	2808.75
572.141	2801.25	0	2801.25
572.267	2820.25	0	2820.25
572.393	2833.75	0	2833.75
572.518	2777.5	0	2777.5
572.644	2786.25	0	2786.25
572.77	2745	0	2745
572.895	2765	0	2765
573.021	2737.25	0	2737.25
573.147	2701.25	0	2701.25
573.272	2733.5	0	2733.5
573.398	2680	0	2680
573.523	2678.5	0	2678.5
573.649	2638.5	0	2638.5
573.774	2631.5	0	2631.5
573.9	2663.25	0	2663.25
574.025	2642	0	2642
574.151	2594.75	0	2594.75
574.276	2541.25	0	2541.25
574.402	2588.75	0	2588.75
574.527	2600.5	0	2600.5
574.652	2579	0	2579
574.778	2488.75	0	2488.75
574.903	2543	0	2543
575.029	2496.75	0	2496.75
575.154	2488.75	0	2488.75
575.279	2486	0	2486
575.405	2471.75	0	2471.75
575.53	2484	0	2484
575.655	2494.25	0	2494.25
575.78	2475.75	0	2475.75
575.906	2396.5	0	2396.5
576.031	2434.25	0	2434.25
576.156	2424.5	0	2424.5
576.281	2398	0	2398
576.406	2439.75	0	2439.75
576.532	2438.25	0	2438.25
576.657	2440	0	2440
576.782	2429.25	0	2429.25
576.907	2422.5	0	2422.5
577.032	2404.75	0	2404.75
577.157	2440	0	2440
577.282	2406.5	0	2406.5
577.407	2369.5	0	2369.5
577.532	2372.75	0	2372.75
577.657	2370.25	0	2370.25
577.782	2384	0	2384
577.907	2369.75	0	2369.75
578.032	2377.75	0	2377.75
578.157	2378.75	0	2378.75
578.282	2304	0	2304
578.407	2337.5	0	2337.5
578.532	2396.75	0	2396.75
578.657	2332.25	0	2332.25
578.782	2282.75	0	2282.75
578.907	2258.5	0	2258.5
579.031	2281.25	0	2281.25
579.156	2238.25	0	2238.25
579.281	2299	0	2299
579.406	2273.75	0	2273.75
579.531	2244.25	0	2244.25
579.655	2219	0	2219
579.78	2216	0	2216
579.905	2202.5	0	2202.5
580.03	2194.75	0	2194.75
580.154	2219.5	0	2219.5
580.279	2217	0	2217
580.404	2194	0	2194
580.528	2256.25	0	2256.25
580.653	2162.75	0	2162.75
580.778	2165.25	0	2165.25
580.902	2134	0	2134
581.027	2116	0	2116
581.151	2121.5	0	2121.5
581.276	2096.75	0	2096.75
581.4	2178.5	0	2178.5
581.525	2187.5	0	2187.5
581.649	2159.5	0	2159.5
581.774	2110.75	0	2110.75
581.898	2131.25	0	2131.25
582.023	2147.25	0	2147.25
582.147	2171.25	0	2171.25
582.272	2161.75	0	2161.75
582.396	2151.75	0	2151.75
582.52	2123	0	2123
582.645	2135	0	2135
582.769	2158	0	2158
582.893	2156.25	0	2156.25
583.018	2169.25	0	2169.25
583.142	2175	0	2175
583.266	2161	0	2161
583.391	2181	0	2181
583.515	2177.5	0	2177.5
583.639	2193.5	0	2193.5
583.763	2204	0	2204
583.888	2162	0	2162
584.012	2199	0	2199
584.136	2223.25	0	2223.25
584.26	2170.75	0	2170.75
584.384	2143.5	0	2143.5
584.508	2168.5	0	2168.5
584.632	2162	0	2162
584.757	2204	0	2204
584.881	2216.25	0	2216.25
585.005	2248.25	0	2248.25
585.129	2228.25	0	2228.25
585.253	2234.5	0	2234.5
585.377	2240	0	2240
585.501	2271	0	2271
585.625	2311.5	0	2311.5
585.749	2382.5	0	2382.5
585.873	2380.75	0	2380.75
585.997	2435.5	0	2435.5
586.12	2463.5	0	2463.5
586.244	2486.25	0	2486.25
586.368	2440.25	0	2440.25
586.492	2415.75	0	2415.75
586.616	2331.25	0	2331.25
586.74	2276.25	0	2276.25
586.864	2233.5	0	2233.5
586.987	2250	0	2250
587.111	2216.25	0	2216.25
587.235	2144	0	2144
587.359	2155	0	2155
587.482	2156.25	0	2156.25
587.606	2137	0	2137
587.73	2110.5	0	2110.5
587.854	2083.5	0	2083.5
587.977	2167	0	2167
588.101	2096.5	0	2096.5
588.224	2096.5	0	2096.5
588.348	2074.75	0	2074.75
588.472	2053.25	0	2053.25
588.595	2043	0	2043
588.719	2021.75	0	2021.75
588.842	2069.75	0	2069.75
588.966	2006.25	0	2006.25
589.089	1989	0	1989
589.213	2083.5	0	2083.5
589.336	2198.75	0	2198.75
589.46	2279.75	0	2279.75
589.583	2096.5	0	2096.5
589.707	2005.5	0	2005.5
589.83	1999.75	0	1999.75
589.954	2117.25	0	2117.25
590.077	2098.75	0	2098.75
590.2	1946.75	0	1946.75
590.324	1921.75	0	1921.75
590.447	1912.25	0	1912.25
590.57	1886	0	1886
590.694	1897.75	0	1897.75
590.817	1879.75	0	1879.75
590.94	1857.75	0	1857.75
591.063	1846	0	1846
591.187	1859	0	1859
591.31	1931.25	0	1931.25
591.433	1823.75	0	1823.75
591.556	1836.25	0	1836.25
591.679	1834.5	0	1834.5
591.803	1880	0	1880
591.926	1825.5	0	1825.5
592.049	1857.25	0	1857.25
592.172	1865	0	1865
592.295	1778.75	0	1778.75
592.418	1797.5	0	1797.5
592.541	1773.75	0	1773.75
592.664	1759	0	1759
592.787	1800.5	0	1800.5
592.91	1811.75	0	1811.75
593.033	1854.25	0	1854.25
593.156	1795.25	0	1795.25
593.279	1780	0	1780
593.402	1784.75	0	1784.75
593.525	1800.25	0	1800.25
593.648	1778	0	1778
593.771	1770	0	1770
593.894	1753	0	1753
594.016	1766.25	0	1766.25
594.139	1735	0	1735
594.262	1720.5	0	1720.5
594.385	1701	0	1701
594.508	1747	0	1747
594.63	1699	0	1699
594.753	1757	0	1757
594.876	1688.75	0	1688.75
594.999	1701.5	0	1701.5
595.121	1710	0	1710
595.244	1707	0	1707
595.367	1695	0	1695
595.489	1719.75	0	1719.75
595.612	1685.75	0	1685.75
595.735	1679.5	0	1679.5
595.857	1675	0	1675
595.98	1682	0	1682
596.102	1704.25	0	1704.25
596.225	1697.75	0	1697.75
596.347	1680.75	0	1680.75
596.47	1710	0	1710
596.592	1652.5	0	1652.5
596.715	1609.5	0	1609.5
596.837	1651.75	0	1651.75
596.96	1693.25	0	1693.25
597.082	1683.5	0	1683.5
597.205	1700.75	0	1700.75
597.327	1677.25	0	1677.25
597.449	1665.75	0	1665.75
597.572	1611	0	1611
597.694	1658.25	0	1658.25
597.816	1655.75	0	1655.75
597.939	1621	0	1621
598.061	1628.25	0	1628.25
598.183	1637	0	1637
598.306	1601	0	1601
598.428	1634.25	0	1634.25
598.55	1632	0	1632
598.672	1624	0	1624
598.795	1635	0	1635
598.917	1631	0	1631
599.039	1608	0	1608
599.161	1622.5	0	1622.5
599.283	1645.5	0	1645.5
599.405	1598.5	0	1598.5
599.527	1610	0	1610
599.65	1636	0	1636
599.772	1598.75	0	1598.75
599.894	1638.75	0	1638.75
600.016	1704.75	0	1704.75
600.138	1646.5	0	1646.5
600.26	1642	0	1642
600.382	1671.75	0	1671.75
600.504	1705.75	0	1705.75
600.625	1651.75	0	1651.75
600.747	1691.75	0	1691.75
600.869	1687	0	1687
600.991	1702.75	0	1702.75
601.113	1669.75	0	1669.75
601.235	1667.75	0	1667.75
601.357	1654.75	0	1654.75
601.479	1669.5	0	1669.5
601.6	1664.75	0	1664.75
601.722	1640.75	0	1640.75
601.844	1661.25	0	1661.25
601.966	1624.25	0	1624.25
602.087	1601.25	0	1601.25
602.209	1591.25	0	1591.25
602.331	1646.25	0	1646.25
602.453	1593.5	0	1593.5
602.574	1630	0	1630
602.696	1620	0	1620
602.818	1628.5	0	1628.5
602.939	1584	0	1584
603.061	1630.75	0	1630.75
603.182	1598.5	0	1598.5
603.304	1606	0	1606
603.426	1566.75	0	1566.75
603.547	1565	0	1565
603.669	1611.75	0	1611.75
603.79	1592.75	0	1592.75
603.912	1607	0	1607
604.033	1607.75	0	1607.75
604.154	1629.5	0	1629.5
604.276	1633.75	0	1633.75
604.397	1619.75	0	1619.75
604.519	1661	0	1661
604.64	1584.25	0	1584.25
604.761	1577.25	0	1577.25
604.883	1592.75	0	1592.75
605.004	1628.75	0	1628.75
605.125	1612	0	1612
605.247	1590.5	0	1590.5
605.368	1593.5	0	1593.5
605.489	1575.75	0	1575.75
605.611	1561.75	0	1561.75
605.732	1570	0	1570
605.853	1570.75	0	1570.75
605.974	1570.75	0	1570.75
606.095	1545.75	0	1545.75
606.216	1555.25	0	1555.25
606.338	1530	0	1530
606.459	1586.75	0	1586.75
606.58	1571.75	0	1571.75
606.701	1562.75	0	1562.75
606.822	1537.5	0	1537.5
606.943	1567	0	1567
607.064	1550.75	0	1550.75
607.185	1569.25	0	1569.25
607.306	1535.25	0	1535.25
607.427	1508.25	0	1508.25
607.548	1488	0	1488
607.669	1520.25	0	1520.25
607.79	1524.5	0	1524.5
607.911	1509.5	0	1509.5
608.032	1542.5	0	1542.5
608.153	1483	0	1483
608.274	1519.5	0	1519.5
608.394	1535.25	0	1535.25
608.515	1501.75	0	1501.75
608.636	1484.75	0	1484.75
608.757	1488	0	1488
608.878	1507.25	0	1507.25
608.998	1536	0	1536
609.119	1500.75	0	1500.75
609.24	1518.25	0	1518.25
609.361	1512	0	1512
609.481	1469.5	0	1469.5
609.602	1477	0	1477
609.723	1511.75	0	1511.75
609.843	1451	0	1451
609.964	1481.5	0	1481.5
610.085	1440.25	0	1440.25
610.205	1446.5	0	1446.5
610.326	1455.75	0	1455.75
610.446	1518	0	1518
610.567	1460.25	0	1460.25
610.687	1468	0	1468
610.808	1469.25	0	1469.25
610.928	1406.75	0	1406.75
611.049	1450	0	1450
611.169	1439	0	1439
611.29	1455.5	0	1455.5
611.41	1442.5	0	1442.5
611.531	1446.25	0	1446.25
611.651	1433	0	1433
611.771	1427	0	1427
611.892	1388.75	0	1388.75
612.012	1425.75	0	1425.75
612.132	1411.5	0	1411.5
612.253	1464.5	0	1464.5
612.373	1455	0	1455
612.493	1469.25	0	1469.25
612.613	1411.25	0	1411.25
612.734	1467.25	0	1467.25
612.854	1440.25	0	1440.25
612.974	1400.5	0	1400.5
613.094	1405.5	0	1405.5
613.214	1360	0	1360
613.335	1399	0	1399
613.455	1420.5	0	1420.5
613.575	1417.25	0	1417.25
613.695	1358.75	0	1358.75
613.815	1389.5	0	1389.5
613.935	1401.5	0	1401.5
614.055	1397.25	0	1397.25
614.175	1395.5	0	1395.5
614.295	1358.25	0	1358.25
614.415	1384.25	0	1384.25
614.535	1406.25	0	1406.25
614.655	1398	0	1398
614.775	1386.25	0	1386.25
614.895	1322.5	0	1322.5
615.015	1379	0	1379
615.135	1395	0	1395
615.254	1369	0	1369
615.374	1336.5	0	1336.5
615.494	1388.75	0	1388.75
615.614	1378	0	1378
615.734	1342	0	1342
615.854	1382.5	0	1382.5
615.973	1358.25	0	1358.25
616.093	1376.75	0	1376.75
616.213	1348.5	0	1348.5
616.332	1377	0	1377
616.452	1322.75	0	1322.75
616.572	1304	0	1304
616.691	1341.25	0	1341.25
616.811	1314.75	0	1314.75
616.931	1339	0	1339
617.05	1291.75	0	1291.75
617.17	1338	0	1338
617.289	1319.5	0	1319.5
617.409	1322.75	0	1322.75
617.529	1328	0	1328
617.648	1313.75	0	1313.75
617.768	1302.5	0	1302.5
617.887	1302.25	0	1302.25
618.006	1316.25	0	1316.25
618.126	1281	0	1281
618.245	1297.75	0	1297.75
618.365	1276.25	0	1276.25
618.484	1316.5	0	1316.5
618.604	1316.5	0	1316.5
618.723	1301	0	1301
618.842	1297.75	0	1297.75
618.962	1279.5	0	1279.5
619.081	1275.75	0	1275.75
619.2	1270.25	0	1270.25
619.319	1290.5	0	1290.5
619.439	1257.75	0	1257.75
619.558	1254.75	0	1254.75
619.677	1314.25	0	1314.25
619.796	1288	0	1288
619.916	1295.25	0	1295.25
620.035	1268.75	0	1268.75
620.154	1223.75	0	1223.75
620.273	1263.5	0	1263.5
620.392	1255.5	0	1255.5
620.511	1237.5	0	1237.5
620.63	1250.25	0	1250.25
620.749	1237.25	0	1237.25
620.868	1269.25	0	1269.25
620.987	1268.75	0	1268.75
621.106	1260.25	0	1260.25
621.225	1297.5	0	1297.5
621.344	1264.5	0	1264.5
621.463	1264.5	0	1264.5
621.582	1259.75	0	1259.75
621.701	1241	0	1241
621.82	1239.25	0	1239.25
621.939	1199.75	0	1199.75
622.058	1225.75	0	1225.75
622.177	1223.25	0	1223.25
622.295	1241	0	1241
622.414	1237	0	1237
622.533	1257.25	0	1257.25
622.652	1239.25	0	1239.25
622.771	1255	0	1255
622.889	1206	0	1206
623.008	1241.5	0	1241.5
623.127	1213.5	0	1213.5
623.245	1210	0	1210
623.364	1198	0	1198
623.483	1208	0	1208
623.601	1245.25	0	1245.25
623.72	1217.75	0	1217.75
623.839	1231	0	1231
623.957	1197.5	0	1197.5
624.076	1195	0	1195
624.194	1194.5	0	1194.5
624.313	1207.25	0	1207.25
624.431	1206	0	1206
624.55	1168.75	0	1168.75
624.668	1168	0	1168
624.787	1187.75	0	1187.75
624.905	1180	0	1180
625.024	1195	0	1195
625.142	1169.75	0	1169.75
625.26	1187.5	0	1187.5
625.379	1163.75	0	1163.75
625.497	1173.5	0	1173.5
625.615	1172	0	1172
625.734	1171.25	0	1171.25
625.852	1188.75	0	1188.75
625.97	1198.25	0	1198.25
626.089	1169.25	0	1169.25
626.207	1175.5	0	1175.5
626.325	1151	0	1151
626.443	1154.75	0	1154.75
626.561	1140	0	1140
626.68	1184	0	1184
626.798	1135.25	0	1135.25
626.916	1137	0	1137
627.034	1149.75	0	1149.75
627.152	1184.5	0	1184.5
627.27	1164.5	0	1164.5
627.388	1136	0	1136
627.506	1149	0	1149
627.624	1159.75	0	1159.75
627.742	1124.75	0	1124.75
627.86	1132.25	0	1132.25
627.978	1141	0	1141
628.096	1122.5	0	1122.5
628.214	1138.25	0	1138.25
628.332	1134.25	0	1134.25
628.45	1107.5	0	1107.5
628.568	1087.5	0	1087.5
628.686	1089.75	0	1089.75
628.804	1127.5	0	1127.5
628.921	1139.5	0	1139.5
629.039	1140.25	0	1140.25
629.157	1105.25	0	1105.25
629.275	1096.75	0	1096.75
629.393	1146.25	0	1146.25
629.51	1089.75	0	1089.75
629.628	1112	0	1112
629.746	1108	0	1108
629.864	1114.25	0	1114.25
629.981	1106	0	1106
630.099	1110.25	0	1110.25
630.216	1089.5	0	1089.5
630.334	1105	0	1105
630.452	1118.5	0	1118.5
630.569	1102	0	1102
630.687	1091.5	0	1091.5
630.804	1137.75	0	1137.75
630.922	1097.5	0	1097.5
631.039	1097.75	0	1097.75
631.157	1123	0	1123
631.274	1102.25	0	1102.25
631.392	1100.75	0	1100.75
631.509	1082.75	0	1082.75
631.627	1106.25	0	1106.25
631.744	1100	0	1100
631.861	1090.5	0	1090.5
631.979	1134.75	0	1134.75
632.096	1077.25	0	1077.25
632.213	1123	0	1123
632.331	1026.5	0	1026.5
632.448	1037.25	0	1037.25
632.565	1056.75	0	1056.75
632.683	1082.5	0	1082.5
632.8	1094	0	1094
632.917	1067.75	0	1067.75
633.034	1065	0	1065
633.151	1074.25	0	1074.25
633.269	1048.25	0	1048.25
633.386	1044.5	0	1044.5
633.503	1074.25	0	1074.25
633.62	1014.5	0	1014.5
633.737	1077	0	1077
633.854	1083	0	1083
633.971	1037.75	0	1037.75
634.088	1054	0	1054
634.205	1046.75	0	1046.75
634.322	1033	0	1033
634.439	1066.5	0	1066.5
634.556	1052.25	0	1052.25
634.673	1050.5	0	1050.5
634.79	1067.25	0	1067.25
634.907	1048.5	0	1048.5
635.024	1074.75	0	1074.75
635.141	1022	0	1022
635.258	1082.75	0	1082.75
635.375	1045.5	0	1045.5
635.491	1058.75	0	1058.75
635.608	1038.25	0	1038.25
635.725	1090.5	0	1090.5
635.842	1036.25	0	1036.25
635.958	1035.25	0	1035.25
636.075	1046.75	0	1046.75
636.192	1052	0	1052
636.309	999.25	0	999.25
636.425	1037.5	0	1037.5
636.542	1025.5	0	1025.5
636.659	1017.75	0	1017.75
636.775	1063	0	1063
636.892	1035	0	1035
637.008	1019.25	0	1019.25
637.125	1004.25	0	1004.25
637.241	1026.25	0	1026.25
637.358	1062	0	1062
637.475	1035	0	1035
637.591	1017.5	0	1017.5
637.707	1045.5	0	1045.5
637.824	1030.5	0	1030.5
637.94	1030.5	0	1030.5
638.057	1023	0	1023
638.173	1036.25	0	1036.25
638.29	1022.75	0	1022.75
638.406	1007.25	0	1007.25
638.522	1016.75	0	1016.75
638.639	991.5	0	991.5
638.755	1019.5	0	1019.5
638.871	992.75	0	992.75
638.987	1026.5	0	1026.5
639.104	989.25	0	989.25
639.22	997.25	0	997.25
639.336	1022.25	0	1022.25
639.452	1018.25	0	1018.25
639.569	1009.25	0	1009.25
639.685	1001.5	0	1001.5
639.801	999.5	0	999.5
639.917	1007.5	0	1007.5
640.033	968.5	0	968.5
640.149	1012	0	1012
640.265	978.25	0	978.25
640.381	974.25	0	974.25
640.497	975.75	0	975.75
640.613	1006.25	0	1006.25
640.729	974	0	974
640.845	979.5	0	979.5
640.961	1012.5	0	1012.5
641.077	1005.25	0	1005.25
641.193	1002.5	0	1002.5
641.309	975	0	975
641.425	972.75	0	972.75
641.541	945.75	0	945.75
641.657	1001	0	1001
641.773	982.25	0	982.25
641.888	991	0	991
642.004	1003.75	0	1003.75
642.12	973.75	0	973.75
642.236	972	0	972
642.352	1001	0	1001
642.467	973	0	973
642.583	970.75	0	970.75
642.699	989.25	0	989.25
642.814	966	0	966
642.93	992	0	992
643.046	972	0	972
643.161	993.75	0	993.75
643.277	984.5	0	984.5
643.392	984.5	0	984.5
643.508	996	0	996
643.623	976.5	0	976.5
643.739	987.75	0	987.75
643.854	989.25	0	989.25
643.97	1015.25	0	1015.25
644.085	1014.5	0	1014.5
644.201	992.75	0	992.75
644.316	995.25	0	995.25
644.432	1009	0	1009
644.547	942	0	942
644.663	963.25	0	963.25
644.778	985.75	0	985.75
644.893	945	0	945
645.008	985	0	985
645.124	977	0	977
645.239	974.5	0	974.5
645.354	971.75	0	971.75
645.47	977	0	977
645.585	1015.5	0	1015.5
645.7	980	0	980
645.815	956.25	0	956.25
645.93	970.25	0	970.25
646.046	977	0	977
646.161	945.75	0	945.75
646.276	956.5	0	956.5
646.391	938.5	0	938.5
646.506	957	0	957
646.621	964.5	0	964.5
646.736	977.25	0	977.25
646.851	966.75	0	966.75
646.966	988.25	0	988.25
647.081	1020	0	1020
647.196	1029.75	0	1029.75
647.311	1009	0	1009
647.426	992.75	0	992.75
647.541	1009.5	0	1009.5
647.656	981	0	981
647.771	964.25	0	964.25
647.885	982	0	982
648	984.75	0	984.75
648.115	961.75	0	961.75
648.23	959	0	959
648.345	957.5	0	957.5
648.459	994	0	994
648.574	969.75	0	969.75
648.689	997.25	0	997.25
648.804	961	0	961
648.918	969.25	0	969.25
649.033	983	0	983
649.148	999.75	0	999.75
649.262	968	0	968
649.377	967	0	967
649.491	996	0	996
649.606	954.5	0	954.5
649.721	939.75	0	939.75
649.835	947.5	0	947.5
649.95	954	0	954
650.064	965.5	0	965.5
650.179	934.75	0	934.75
650.293	968.25	0	968.25
650.408	975.25	0	975.25
650.522	960	0	960
650.636	990.25	0	990.25
650.751	991.75	0	991.75
650.865	956.5	0	956.5
650.979	981	0	981
651.094	979	0	979
651.208	982	0	982
651.322	979.75	0	979.75
651.437	988.25	0	988.25
651.551	992.5	0	992.5
651.665	970	0	970
651.779	953.5	0	953.5
651.894	961.75	0	961.75
652.008	954	0	954
652.122	969.25	0	969.25
652.236	993	0	993
652.35	956.25	0	956.25
652.464	974.25	0	974.25
652.578	955.5	0	955.5
652.693	979.5	0	979.5
652.807	958.5	0	958.5
652.921	981	0	981
653.035	994	0	994
653.149	967.75	0	967.75
653.263	965.25	0	965.25
653.376	997.25	0	997.25
653.49	994.5	0	994.5
653.604	965	0	965
653.718	987.25	0	987.25
653.832	995	0	995
653.946	1023.5	0	1023.5
654.06	978.25	0	978.25
654.174	979	0	979
654.287	973	0	973
654.401	956.5	0	956.5
654.515	981.75	0	981.75
654.629	957	0	957
654.743	973	0	973
654.856	998.5	0	998.5
654.97	972.75	0	972.75
655.084	981.25	0	981.25
655.197	1005	0	1005
655.311	1018	0	1018
655.424	1044.25	0	1044.25
655.538	1030.25	0	1030.25
655.652	998.5	0	998.5
655.765	1025.5	0	1025.5
655.879	1040.5	0	1040.5
655.992	1032.5	0	1032.5
656.106	1044.5	0	1044.5
656.219	1053.75	0	1053.75
656.333	1063.25	0	1063.25
656.446	1072.25	0	1072.25
656.56	1036.75	0	1036.75
656.673	1068.75	0	1068.75
656.786	1041.25	0	1041.25
656.9	1069	0	1069
657.013	1031	0	1031
657.127	1047.75	0	1047.75
657.24	1049.25	0	1049.25
657.353	1019.5	0	1019.5
657.466	1038	0	1038
657.58	1010.5	0	1010.5
657.693	1033.25	0	1033.25
657.806	1058	0	1058
657.919	1019.75	0	1019.75
658.032	1022.5	0	1022.5
658.146	993.25	0	993.25
658.259	1046	0	1046
658.372	1053	0	1053
658.485	1074.75	0	1074.75
658.598	1034.75	0	1034.75
658.711	1031.5	0	1031.5
658.824	1063	0	1063
658.937	1021	0	1021
659.05	1054.75	0	1054.75
659.163	1038.25	0	1038.25
659.276	1057.75	0	1057.75
659.389	1063	0	1063
659.502	1075	0	1075
659.615	1065.25	0	1065.25
659.728	1094.5	0	1094.5
659.841	1084.25	0	1084.25
659.954	1045	0	1045
660.067	1099	0	1099
660.179	1059	0	1059
660.292	1041.75	0	1041.75
660.405	1062.5	0	1062.5
660.518	1065	0	1065
660.63	1062.5	0	1062.5
660.743	1094	0	1094
660.856	1055.25	0	1055.25
660.969	1054.25	0	1054.25
661.081	1064	0	1064
661.194	1079.25	0	1079.25
661.307	1085	0	1085
661.419	1114	0	1114
661.532	1081.5	0	1081.5
661.644	1121.5	0	1121.5
661.757	1120	0	1120
661.869	1126	0	1126
661.982	1131.5	0	1131.5
662.094	1122.25	0	1122.25
662.207	1166.25	0	1166.25
662.319	1160.5	0	1160.5
662.432	1165.5	0	1165.5
662.544	1159.25	0	1159.25
662.656	1174.5	0	1174.5
662.769	1169	0	1169
662.881	1220.25	0	1220.25
662.994	1244.75	0	1244.75
663.106	1232.5	0	1232.5
663.218	1225.25	0	1225.25
663.331	1230.5	0	1230.5
663.443	1247	0	1247
663.555	1278.75	0	1278.75
663.667	1328.75	0	1328.75
663.779	1304.5	0	1304.5
663.892	1316.75	0	1316.75
664.004	1357	0	1357
664.116	1352.25	0	1352.25
664.228	1393.75	0	1393.75
664.34	1434.25	0	1434.25
664.452	1465.75	0	1465.75
664.564	1471.5	0	1471.5
664.676	1486.5	0	1486.5
664.788	1556.75	0	1556.75
664.901	1623	0	1623
665.012	1608.75	0	1608.75
665.125	1679.75	0	1679.75
665.236	1753.25	0	1753.25
665.348	1825.75	0	1825.75
665.46	1839.5	0	1839.5
665.572	1979.25	0	1979.25
665.684	2007.75	0	2007.75
665.796	2103.5	0	2103.5
665.908	2221.25	0	2221.25
666.02	2317.25	0	2317.25
666.131	2455.5	0	2455.5
666.243	2640.25	0	2640.25
666.355	2589.75	0	2589.75
666.467	2576	0	2576
666.578	2272	0	2272
666.69	2095.75	0	2095.75
666.802	1928.5	0	1928.5
666.914	1785.25	0	1785.25
667.025	1696.5	0	1696.5
667.137	1572	0	1572
667.248	1543.75	0	1543.75
667.36	1476.25	0	1476.25
667.472	1441.5	0	1441.5
667.583	1354.75	0	1354.75
667.695	1307.5	0	1307.5
667.806	1263.75	0	1263.75
667.918	1217.5	0	1217.5
668.029	1201.75	0	1201.75
668.141	1194.75	0	1194.75
668.252	1174.75	0	1174.75
668.363	1138.75	0	1138.75
668.475	1125.25	0	1125.25
668.586	1104.75	0	1104.75
668.698	1065.75	0	1065.75
668.809	1054.25	0	1054.25
668.92	1020.25	0	1020.25
669.032	988.5	0	988.5
669.143	1019.75	0	1019.75
669.254	992.25	0	992.25
669.365	984.5	0	984.5
669.477	983.5	0	983.5
669.588	971.25	0	971.25
669.699	963.25	0	963.25
669.81	966	0	966
669.921	929.25	0	929.25
670.032	947.75	0	947.75
670.143	924	0	924
670.255	926.5	0	926.5
670.366	938.5	0	938.5
670.477	923.5	0	923.5
670.588	940.75	0	940.75
670.699	899.5	0	899.5
670.81	898.75	0	898.75
670.921	908.25	0	908.25
671.032	873.75	0	873.75
671.143	867.75	0	867.75
671.253	884.75	0	884.75
671.364	866.25	0	866.25
671.475	851.5	0	851.5
671.586	865.25	0	865.25
671.697	868.75	0	868.75
671.808	863.75	0	863.75
671.919	867.5	0	867.5
672.029	865.75	0	865.75
672.14	841	0	841
672.251	833.25	0	833.25
672.362	823.75	0	823.75
672.472	785.25	0	785.25
672.583	845.75	0	845.75
672.694	832	0	832
672.804	825.5	0	825.5
672.915	809.25	0	809.25
673.025	840.5	0	840.5
673.136	802.75	0	802.75
673.247	813.5	0	813.5
673.357	799.25	0	799.25
673.468	786.5	0	786.5
673.578	816.75	0	816.75
673.689	825.25	0	825.25
673.799	822.25	0	822.25
673.91	785.5	0	785.5
674.02	773.25	0	773.25
674.13	821.25	0	821.25
674.241	779.5	0	779.5
674.351	786	0	786
674.461	764.75	0	764.75
674.572	764	0	764
674.682	760	0	760
674.792	763.75	0	763.75
674.903	749.5	0	749.5
675.013	754.25	0	754.25
675.123	741	0	741
675.233	755	0	755
675.344	743.25	0	743.25
675.454	759.25	0	759.25
675.564	744.5	0	744.5
675.674	754	0	754
675.784	745	0	745
675.894	753.5	0	753.5
676.004	737.5	0	737.5
676.114	731.75	0	731.75
676.224	743	0	743
676.334	763.5	0	763.5
676.444	742.75	0	742.75
676.554	751.75	0	751.75
676.664	750.75	0	750.75
676.774	771.5	0	771.5
676.884	742.25	0	742.25
676.994	743.25	0	743.25
677.104	724.75	0	724.75
677.214	757.75	0	757.75
677.324	743.25	0	743.25
677.433	731.5	0	731.5
677.543	723	0	723
677.653	756.25	0	756.25
677.763	739.75	0	739.75
677.872	762.5	0	762.5
677.982	756.25	0	756.25
678.092	753.5	0	753.5
678.202	734.5	0	734.5
678.311	722.75	0	722.75
678.421	742.25	0	742.25
678.53	738	0	738
678.64	704.25	0	704.25
678.75	721.75	0	721.75
678.859	724.75	0	724.75
678.969	721	0	721
679.078	710.5	0	710.5
679.188	730.5	0	730.5
679.297	733.25	0	733.25
679.407	695.25	0	695.25
679.516	764.5	0	764.5
679.625	757.25	0	757.25
679.735	763.75	0	763.75
679.844	767.5	0	767.5
679.954	769	0	769
680.063	778.75	0	778.75
680.172	763.5	0	763.5
680.282	735.25	0	735.25
680.391	753.75	0	753.75
680.5	792.5	0	792.5
680.609	768.75	0	768.75
680.719	767.25	0	767.25
680.828	757	0	757
680.937	716.25	0	716.25
681.046	766.25	0	766.25
681.155	754.25	0	754.25
681.264	744	0	744
681.374	762.5	0	762.5
681.483	751.5	0	751.5
681.592	744.5	0	744.5
681.701	745.5	0	745.5
681.81	729	0	729
681.919	729.75	0	729.75
682.028	715.75	0	715.75
682.137	725.25	0	725.25
682.246	714.75	0	714.75
682.355	720.5	0	720.5
682.463	704.75	0	704.75
682.572	733.75	0	733.75
682.681	716.5	0	716.5
682.79	709.75	0	709.75
682.899	691.75	0	691.75
683.008	701.25	0	701.25
683.117	690.25	0	690.25
683.225	689.25	0	689.25
683.334	703.25	0	703.25
683.443	695.75	0	695.75
683.551	720.5	0	720.5
683.66	713.5	0	713.5
683.769	693	0	693
683.877	698	0	698
683.986	667.25	0	667.25
684.095	643.75	0	643.75
684.203	675.25	0	675.25
684.312	678.5	0	678.5
684.42	649.5	0	649.5
684.529	667.5	0	667.5
684.637	654.75	0	654.75
684.746	689.5	0	689.5
684.854	666.25	0	666.25
684.963	665.75	0	665.75
685.071	651.75	0	651.75
685.18	677.75	0	677.75
685.288	660.75	0	660.75
685.396	669	0	669
685.505	667.25	0	667.25
685.613	655.25	0	655.25
685.721	677.75	0	677.75
685.83	654.25	0	654.25
685.938	659	0	659
686.046	662	0	662
686.154	652	0	652
686.263	658.25	0	658.25
686.371	648	0	648
686.479	637	0	637
686.587	668.5	0	668.5
686.695	644	0	644
686.803	645.5	0	645.5
686.911	627	0	627
687.019	638.5	0	638.5
687.127	619.75	0	619.75
687.235	646	0	646
687.343	649.75	0	649.75
687.451	632.5	0	632.5
687.559	640.25	0	640.25
687.667	624.75	0	624.75
687.775	605	0	605
687.883	619.25	0	619.25
687.991	595.25	0	595.25
688.099	609	0	609
688.207	621.75	0	621.75
688.315	623.5	0	623.5
688.422	610	0	610
688.53	628.5	0	628.5
688.638	612.5	0	612.5
688.746	600.75	0	600.75
688.853	586.75	0	586.75
688.961	599	0	599
689.069	583.75	0	583.75
689.176	588.25	0	588.25
689.284	602.25	0	602.25
689.392	603.25	0	603.25
689.499	598.5	0	598.5
689.607	582.75	0	582.75
689.714	592.5	0	592.5
689.822	620.5	0	620.5
689.93	591.5	0	591.5
690.037	585.75	0	585.75
690.144	596.25	0	596.25
690.252	601.75	0	601.75
690.359	607.25	0	607.25
690.467	600.75	0	600.75
690.574	602.25	0	602.25
690.682	589	0	589
690.789	579.75	0	579.75
690.896	583.5	0	583.5
691.004	608.75	0	608.75
691.111	584	0	584
691.218	559.5	0	559.5
691.325	569.25	0	569.25
691.433	557.75	0	557.75
691.54	573.25	0	573.25
691.647	577.5	0	577.5
691.754	574.25	0	574.25
691.861	595	0	595
691.969	571.25	0	571.25
692.076	582	0	582
692.183	551.75	0	551.75
692.29	564.5	0	564.5
692.397	575.5	0	575.5
692.504	548	0	548
692.611	559.5	0	559.5
692.718	575.25	0	575.25
692.825	560.25	0	560.25
692.932	542.25	0	542.25
693.039	560.5	0	560.5
693.146	568.75	0	568.75
693.253	580	0	580
693.359	563	0	563
693.466	559	0	559
693.573	597.75	0	597.75
693.68	554.25	0	554.25
693.787	552	0	552
693.894	547	0	547
694	541	0	541
694.107	560.25	0	560.25
694.214	548.5	0	548.5
694.32	559	0	559
694.427	549.5	0	549.5
694.534	578	0	578
694.64	549	0	549
694.747	565.25	0	565.25
694.853	569	0	569
694.96	557.75	0	557.75
695.067	549	0	549
695.173	562.5	0	562.5
695.28	547	0	547
695.386	544	0	544
695.493	544.25	0	544.25
695.599	553.5	0	553.5
695.705	560.25	0	560.25
695.812	545	0	545
695.918	543	0	543
696.025	536.5	0	536.5
696.131	547.75	0	547.75
696.237	545	0	545
696.344	517.5	0	517.5
696.45	554.5	0	554.5
696.556	562.25	0	562.25
696.662	557.75	0	557.75
696.768	518	0	518
696.875	538.25	0	538.25
696.981	544.75	0	544.75
697.087	536	0	536
697.193	551.75	0	551.75
697.299	544	0	544
697.405	536.5	0	536.5
697.512	536.25	0	536.25
697.618	513	0	513
697.724	507.75	0	507.75
697.83	520	0	520
697.936	517.25	0	517.25
698.042	517.5	0	517.5
698.148	557.5	0	557.5
698.253	528.25	0	528.25
698.359	521	0	521
698.465	518	0	518
698.571	550.75	0	550.75
698.677	524.75	0	524.75
698.783	524.5	0	524.5
698.889	534.5	0	534.5
698.994	525.5	0	525.5
699.1	533.25	0	533.25
699.206	501.75	0	501.75
699.312	476.75	0	476.75
699.417	506.75	0	506.75
699.523	494.25	0	494.25
699.629	505	0	505
699.734	512.25	0	512.25
699.84	510.25	0	510.25
699.946	498.75	0	498.75
700.051	515.5	0	515.5
700.157	510.5	0	510.5
700.262	508.5	0	508.5
700.368	505.5	0	505.5
700.473	503.25	0	503.25
700.579	508.75	0	508.75
700.684	492.25	0	492.25
700.79	489.25	0	489.25
700.895	479.25	0	479.25
701	508	0	508
701.106	498.25	0	498.25
701.211	493.5	0	493.5
701.316	497.5	0	497.5
701.422	519	0	519
701.527	496.5	0	496.5
701.632	510.5	0	510.5
701.738	506.25	0	506.25
701.843	487.25	0	487.25
701.948	491	0	491
702.053	516.25	0	516.25
702.158	501.75	0	501.75
702.264	477	0	477
702.369	481	0	481
702.474	501	0	501
702.579	496.5	0	496.5
702.684	508.75	0	508.75
702.789	514	0	514
702.894	490.5	0	490.5
702.999	491	0	491
703.104	479.75	0	479.75
703.209	500.25	0	500.25
703.314	493.5	0	493.5
703.419	498.75	0	498.75
703.524	501	0	501
703.629	496.25	0	496.25
703.733	497.5	0	497.5
703.838	495.75	0	495.75
703.943	469.75	0	469.75
704.048	505.5	0	505.5
704.153	493	0	493
704.257	491.25	0	491.25
704.362	503.75	0	503.75
704.467	503.25	0	503.25
704.572	496.75	0	496.75
704.676	495.5	0	495.5
704.781	498	0	498
704.886	482.25	0	482.25
704.99	484	0	484
705.095	467.75	0	467.75
705.199	471.75	0	471.75
705.304	487	0	487
705.408	483	0	483
705.513	489	0	489
705.617	495.25	0	495.25
705.722	488.75	0	488.75
705.826	494.5	0	494.5
705.931	474	0	474
706.035	483.5	0	483.5
706.139	472	0	472
706.244	499.25	0	499.25
706.348	471.75	0	471.75
706.452	468	0	468
706.557	495.25	0	495.25
706.661	477.5	0	477.5
706.765	460.5	0	460.5
706.87	470.25	0	470.25
706.974	453.5	0	453.5
707.078	472.5	0	472.5
707.182	464.25	0	464.25
707.286	456.25	0	456.25
707.39	481	0	481
707.495	471.25	0	471.25
707.599	473.75	0	473.75
707.703	471	0	471
707.807	466	0	466
707.911	455.5	0	455.5
708.015	484	0	484
708.119	462.25	0	462.25
708.223	456.5	0	456.5
708.327	464.5	0	464.5
708.431	460.25	0	460.25
708.534	462.5	0	462.5
708.638	461.5	0	461.5
708.742	470.75	0	470.75
708.846	453.75	0	453.75
708.95	456.5	0	456.5
709.054	452.25	0	452.25
709.157	475.75	0	475.75
709.261	456.75	0	456.75
709.365	469.75	0	469.75
709.469	459.75	0	459.75
709.572	446	0	446
709.676	443.25	0	443.25
709.78	459.75	0	459.75
709.883	476.25	0	476.25
709.987	456.75	0	456.75
710.09	451.5	0	451.5
710.194	468.5	0	468.5
710.298	486.75	0	486.75
710.401	465.5	0	465.5
710.505	461.75	0	461.75
710.608	466.25	0	466.25
710.711	452.75	0	452.75
710.815	451.75	0	451.75
710.918	471.75	0	471.75
711.022	446.25	0	446.25
711.125	464.5	0	464.5
711.228	454.75	0	454.75
711.332	463.25	0	463.25
711.435	448.75	0	448.75
711.538	467.5	0	467.5
711.642	450.25	0	450.25
711.745	477.75	0	477.75
711.848	465	0	465
711.951	454.25	0	454.25
712.055	442.75	0	442.75
712.158	464.5	0	464.5
712.261	448.25	0	448.25
712.364	450.5	0	450.5
712.467	425	0	425
712.57	447.75	0	447.75
712.673	443.75	0	443.75
712.776	452.5	0	452.5
712.879	462.25	0	462.25
712.982	438.5	0	438.5
713.085	457.75	0	457.75
713.188	451.25	0	451.25
713.291	434.25	0	434.25
713.394	443.5	0	443.5
713.497	448.75	0	448.75
713.6	449.75	0	449.75
713.703	451.5	0	451.5
713.805	435.5	0	435.5
713.908	445.75	0	445.75
714.011	440.75	0	440.75
714.114	452.25	0	452.25
714.216	443.75	0	443.75
714.319	432.75	0	432.75
714.422	439.25	0	439.25
714.525	431.75	0	431.75
714.627	437.5	0	437.5
714.73	425.25	0	425.25
714.833	427.25	0	427.25
714.935	436.5	0	436.5
715.038	432.25	0	432.25
715.14	440.25	0	440.25
715.243	429.5	0	429.5
715.345	423.5	0	423.5
715.448	428.75	0	428.75
715.55	431	0	431
715.653	429.5	0	429.5
715.755	452.25	0	452.25
715.857	450.25	0	450.25
715.96	430.75	0	430.75
716.062	416.5	0	416.5
716.164	417.75	0	417.75
716.267	438.5	0	438.5
716.369	440	0	440
716.471	448.75	0	448.75
716.574	422.75	0	422.75
716.676	430.75	0	430.75
716.778	421.75	0	421.75
716.88	432.5	0	432.5
716.982	442.75	0	442.75
717.085	438.25	0	438.25
717.187	427.75	0	427.75
717.289	437.75	0	437.75
717.391	436.75	0	436.75
717.493	447.75	0	447.75
717.595	435	0	435
717.697	432.25	0	432.25
717.799	420.25	0	420.25
717.901	451.75	0	451.75
718.003	428.25	0	428.25
718.105	425.5	0	425.5
718.207	420.5	0	420.5
718.309	406	0	406
718.411	423.25	0	423.25
718.512	438.5	0	438.5
718.614	426.25	0	426.25
718.716	426.75	0	426.75
718.818	428.5	0	428.5
718.92	419	0	419
719.021	432.75	0	432.75
719.123	429.5	0	429.5
719.225	437.75	0	437.75
719.326	432.25	0	432.25
719.428	415.5	0	415.5
719.53	423.75	0	423.75
719.631	443.25	0	443.25
719.733	418.75	0	418.75
719.834	424	0	424
719.936	416.25	0	416.25
720.038	422.25	0	422.25
720.139	420	0	420
720.241	418.75	0	418.75
720.342	432	0	432
720.443	433.5	0	433.5
720.545	417.5	0	417.5
720.646	420	0	420
720.748	417.75	0	417.75
720.849	430.5	0	430.5
720.95	418.25	0	418.25
721.052	413.75	0	413.75
721.153	417.5	0	417.5
721.254	403.75	0	403.75
721.355	414.75	0	414.75
721.457	406	0	406
721.558	415.25	0	415.25
721.659	408.75	0	408.75
721.76	404.75	0	404.75
721.861	400.75	0	400.75
721.963	417.5	0	417.5
722.064	424	0	424
722.165	404.75	0	404.75
722.266	429.25	0	429.25
722.367	428.75	0	428.75
722.468	427.25	0	427.25
722.569	417.5	0	417.5
722.67	412.25	0	412.25
722.771	432.5	0	432.5
722.872	417.75	0	417.75
722.973	437.5	0	437.5
723.073	440.75	0	440.75
723.174	499.5	0	499.5
723.275	700.75	0	700.75
723.376	923.75	0	923.75
723.477	671.25	0	671.25
723.577	525.75	0	525.75
723.678	497.25	0	497.25
723.779	491.25	0	491.25
723.88	462.75	0	462.75
723.98	444	0	444
724.081	433.25	0	433.25
724.182	446.5	0	446.5
724.282	422	0	422
724.383	422.75	0	422.75
724.483	426	0	426
724.584	410	0	410
724.685	407.25	0	407.25
724.785	446	0	446
724.886	404.25	0	404.25
724.986	406	0	406
725.086	429.5	0	429.5
725.187	421	0	421
725.287	408.5	0	408.5
725.388	392.5	0	392.5
725.488	398.5	0	398.5
725.588	395.75	0	395.75
725.689	409	0	409
725.789	399.75	0	399.75
725.889	396.25	0	396.25
725.99	411.75	0	411.75
726.09	393.75	0	393.75
726.19	414.5	0	414.5
726.29	412.75	0	412.75
726.39	407.5	0	407.5
726.49	403.75	0	403.75
726.591	399.25	0	399.25
726.691	402.25	0	402.25
726.791	396.75	0	396.75
726.891	406.25	0	406.25
726.991	415.75	0	415.75
727.091	400.5	0	400.5
727.191	406.5	0	406.5
727.291	392.25	0	392.25
727.391	406.5	0	406.5
727.491	397.25	0	397.25
727.591	391.75	0	391.75
727.691	399.25	0	399.25
727.79	406.5	0	406.5
727.89	409.25	0	409.25
727.99	386.5	0	386.5
728.09	385.25	0	385.25
728.19	380	0	380
728.289	400.75	0	400.75
728.389	387	0	387
728.489	386.75	0	386.75
728.589	385.5	0	385.5
728.688	412.5	0	412.5
728.788	390.25	0	390.25
728.888	378	0	378
728.987	390.75	0	390.75
729.087	395.75	0	395.75
729.186	391.25	0	391.25
729.286	390.5	0	390.5
729.385	377	0	377
729.485	386.25	0	386.25
729.584	396.75	0	396.75
729.684	395	0	395
729.783	388.25	0	388.25
729.883	389	0	389
729.982	390	0	390
730.081	393.25	0	393.25
730.181	394	0	394
730.28	396	0	396
730.379	385.5	0	385.5
730.479	399.5	0	399.5
730.578	403.5	0	403.5
730.677	391	0	391
730.776	387.5	0	387.5
730.875	384.25	0	384.25
730.975	391.25	0	391.25
731.074	393.25	0	393.25
731.173	366.5	0	366.5
731.272	378.25	0	378.25
731.371	385.5	0	385.5
731.47	387.5	0	387.5
731.569	388	0	388
731.668	381.75	0	381.75
731.767	378.5	0	378.5
731.866	374.75	0	374.75
731.965	398.75	0	398.75
732.064	386	0	386
732.163	387.75	0	387.75
732.262	396.75	0	396.75
732.361	379.75	0	379.75
732.46	385.75	0	385.75
732.558	392	0	392
732.657	370.25	0	370.25
732.756	370.25	0	370.25
732.855	394.25	0	394.25
732.953	381.75	0	381.75
733.052	390	0	390
733.151	371.5	0	371.5
733.25	380	0	380
733.348	382	0	382
733.447	391.75	0	391.75
733.545	400	0	400
733.644	389.75	0	389.75
733.742	371.5	0	371.5
733.841	384.5	0	384.5
733.939	394.75	0	394.75
734.038	396	0	396
734.136	394.75	0	394.75
734.235	380.25	0	380.25
734.333	369.75	0	369.75
734.432	384.75	0	384.75
734.53	369	0	369
734.628	375.75	0	375.75
734.727	381	0	381
734.825	381.25	0	381.25
734.923	371.25	0	371.25
735.022	384.5	0	384.5
735.12	386.25	0	386.25
735.218	378.5	0	378.5
735.316	389	0	389
735.414	378	0	378
735.513	376.75	0	376.75
735.611	375.5	0	375.5
735.709	373.75	0	373.75
735.807	393	0	393
735.905	377.5	0	377.5
736.003	381.25	0	381.25
736.101	391.75	0	391.75
736.199	364.25	0	364.25
736.297	357.5	0	357.5
736.395	372.25	0	372.25
736.493	379	0	379
736.591	348.75	0	348.75
736.689	365.5	0	365.5
736.787	379.75	0	379.75
736.884	370	0	370
736.982	372.5	0	372.5
737.08	360.25	0	360.25
737.178	365.25	0	365.25
737.276	393.75	0	393.75
737.373	376	0	376
737.471	380.25	0	380.25
737.569	371.5	0	371.5
737.667	369.5	0	369.5
737.764	364.25	0	364.25
737.862	354	0	354
737.959	362	0	362
738.057	370.75	0	370.75
738.154	344.25	0	344.25
738.252	370	0	370
738.35	366	0	366
738.447	370	0	370
738.544	394.25	0	394.25
738.642	364.5	0	364.5
738.739	359.5	0	359.5
738.837	366	0	366
738.934	372	0	372
739.031	371	0	371
739.129	366.75	0	366.75
739.226	370.25	0	370.25
739.323	353.5	0	353.5
739.421	387.5	0	387.5
739.518	361.5	0	361.5
739.615	367.75	0	367.75