Lambda	Spectrum	Dark	SpecMinusDark
500.031	10632.8	0	10632.8
500.165	11717.8	0	11717.8
500.299	13079.5	0	13079.5
500.433	14342	0	14342
500.567	15060.5	0	15060.5
500.701	15353.2	0	15353.2
500.835	15583.8	0	15583.8
500.968	15078.2	0	15078.2
501.102	14367.5	0	14367.5
501.236	13576.2	0	13576.2
501.37	12679	0	12679
501.504	11850.2	0	11850.2
501.637	11104	0	11104
501.771	10474.8	0	10474.8
501.905	9842	0	9842
502.039	9527.5	0	9527.5
502.172	9119.5	0	9119.5
502.306	8807	0	8807
502.44	8615.25	0	8615.25
502.573	8430	0	8430
502.707	8419.25	0	8419.25
502.841	8291.25	0	8291.25
502.974	8097	0	8097
503.108	7906	0	7906
503.242	7802	0	7802
503.375	7598	0	7598
503.509	7513.5	0	7513.5
503.642	7542	0	7542
503.776	7480	0	7480
503.909	7521	0	7521
504.043	7623	0	7623
504.176	7728.25	0	7728.25
504.31	7771.5	0	7771.5
504.443	8127	0	8127
504.577	8284.5	0	8284.5
504.71	8728	0	8728
504.844	8817.5	0	8817.5
504.977	8709.25	0	8709.25
505.111	8412.5	0	8412.5
505.244	8061.75	0	8061.75
505.377	7885	0	7885
505.511	7603.25	0	7603.25
505.644	7548.5	0	7548.5
505.777	7526.75	0	7526.75
505.911	7481.75	0	7481.75
506.044	7479.5	0	7479.5
506.177	7373.5	0	7373.5
506.311	7378.75	0	7378.75
506.444	7436.25	0	7436.25
506.577	7310.75	0	7310.75
506.71	7340.75	0	7340.75
506.844	7213.25	0	7213.25
506.977	7199.75	0	7199.75
507.11	7111.5	0	7111.5
507.243	7111.25	0	7111.25
507.376	7134.75	0	7134.75
507.51	7116	0	7116
507.643	7121.25	0	7121.25
507.776	7188.25	0	7188.25
507.909	7137	0	7137
508.042	7061.25	0	7061.25
508.175	7056.5	0	7056.5
508.308	7029.5	0	7029.5
508.441	7063	0	7063
508.574	7040.5	0	7040.5
508.707	6973	0	6973
508.84	6982.25	0	6982.25
508.973	6933.75	0	6933.75
509.106	7027.5	0	7027.5
509.239	7007.75	0	7007.75
509.372	7023	0	7023
509.505	7074.5	0	7074.5
509.638	7004.75	0	7004.75
509.771	7003.75	0	7003.75
509.904	7018.75	0	7018.75
510.037	6963.5	0	6963.5
510.17	6996.75	0	6996.75
510.303	7014.75	0	7014.75
510.436	6989.25	0	6989.25
510.568	7037.75	0	7037.75
510.701	6941.25	0	6941.25
510.834	7096.75	0	7096.75
510.967	7090.75	0	7090.75
511.1	7146	0	7146
511.232	7233.25	0	7233.25
511.365	7358.5	0	7358.5
511.498	7450.75	0	7450.75
511.631	7381.25	0	7381.25
511.763	7295.5	0	7295.5
511.896	7438.5	0	7438.5
512.029	7539.25	0	7539.25
512.161	7667.25	0	7667.25
512.294	7310	0	7310
512.427	7293.75	0	7293.75
512.559	7163.75	0	7163.75
512.692	7236	0	7236
512.825	7268.5	0	7268.5
512.957	7329.5	0	7329.5
513.09	7254.75	0	7254.75
513.222	7293.75	0	7293.75
513.355	7342	0	7342
513.487	7234.75	0	7234.75
513.62	7289.25	0	7289.25
513.752	7357.25	0	7357.25
513.885	7394.75	0	7394.75
514.017	7493.5	0	7493.5
514.15	7467.25	0	7467.25
514.282	7536.5	0	7536.5
514.415	7597	0	7597
514.547	7509.75	0	7509.75
514.68	7598.75	0	7598.75
514.812	7706.5	0	7706.5
514.944	7670.75	0	7670.75
515.077	7668	0	7668
515.209	7814.25	0	7814.25
515.341	7838.25	0	7838.25
515.474	7883.25	0	7883.25
515.606	8076.75	0	8076.75
515.738	7956.5	0	7956.5
515.871	8119.5	0	8119.5
516.003	8306	0	8306
516.135	8368.5	0	8368.5
516.267	8528.25	0	8528.25
516.4	8767.75	0	8767.75
516.532	9375.25	0	9375.25
516.664	9644.5	0	9644.5
516.796	10124.8	0	10124.8
516.928	9858	0	9858
517.06	9703.75	0	9703.75
517.193	9919.5	0	9919.5
517.325	10170.2	0	10170.2
517.457	10640.2	0	10640.2
517.589	11020.5	0	11020.5
517.721	11236.2	0	11236.2
517.853	11461.8	0	11461.8
517.985	11705	0	11705
518.117	11638	0	11638
518.249	11470.2	0	11470.2
518.381	11452.5	0	11452.5
518.513	11016.2	0	11016.2
518.645	10528	0	10528
518.777	10367	0	10367
518.909	9882	0	9882
519.041	9732.75	0	9732.75
519.173	9410	0	9410
519.305	9268	0	9268
519.437	9035	0	9035
519.569	8908	0	8908
519.701	8641.75	0	8641.75
519.832	8519.5	0	8519.5
519.964	8539.5	0	8539.5
520.096	8247.5	0	8247.5
520.228	8237.5	0	8237.5
520.36	8148.25	0	8148.25
520.491	8159.75	0	8159.75
520.623	7955.75	0	7955.75
520.755	7860.25	0	7860.25
520.887	7948.25	0	7948.25
521.018	7810.5	0	7810.5
521.15	7912.25	0	7912.25
521.282	7817.25	0	7817.25
521.414	7768.5	0	7768.5
521.545	7721.5	0	7721.5
521.677	7657.25	0	7657.25
521.808	7650.5	0	7650.5
521.94	7613	0	7613
522.072	7501.75	0	7501.75
522.203	7538.75	0	7538.75
522.335	7404	0	7404
522.466	7221.75	0	7221.75
522.598	7362	0	7362
522.729	7407.25	0	7407.25
522.861	7279.25	0	7279.25
522.993	7333.5	0	7333.5
523.124	7273.75	0	7273.75
523.256	7299	0	7299
523.387	7278.5	0	7278.5
523.518	7373.5	0	7373.5
523.65	7373.75	0	7373.75
523.781	7479.25	0	7479.25
523.913	7538.5	0	7538.5
524.044	7430.75	0	7430.75
524.176	7235.75	0	7235.75
524.307	7185.75	0	7185.75
524.438	7003	0	7003
524.57	7070.75	0	7070.75
524.701	7093.75	0	7093.75
524.832	6937.25	0	6937.25
524.964	6937.25	0	6937.25
525.095	6921.5	0	6921.5
525.226	7052.75	0	7052.75
525.357	6910.75	0	6910.75
525.489	7014	0	7014
525.62	6931.5	0	6931.5
525.751	6974.25	0	6974.25
525.882	6935.25	0	6935.25
526.013	7021.25	0	7021.25
526.145	6932.5	0	6932.5
526.276	6870.75	0	6870.75
526.407	6790.5	0	6790.5
526.538	6730	0	6730
526.669	6938	0	6938
526.8	6937.75	0	6937.75
526.931	6837.75	0	6837.75
527.062	6820.25	0	6820.25
527.193	6794.5	0	6794.5
527.324	6801	0	6801
527.455	6868.75	0	6868.75
527.586	6756.75	0	6756.75
527.717	6777.5	0	6777.5
527.848	6827.25	0	6827.25
527.979	6783.5	0	6783.5
528.11	6861.25	0	6861.25
528.241	6762.25	0	6762.25
528.372	6712.25	0	6712.25
528.503	6770.5	0	6770.5
528.634	6833.25	0	6833.25
528.765	6810.5	0	6810.5
528.896	6819	0	6819
529.026	6824	0	6824
529.157	6824.25	0	6824.25
529.288	6941	0	6941
529.419	6902.25	0	6902.25
529.55	7042	0	7042
529.681	7299.5	0	7299.5
529.811	7590	0	7590
529.942	8051.5	0	8051.5
530.073	7958.5	0	7958.5
530.203	7048	0	7048
530.334	6816.25	0	6816.25
530.465	6747.5	0	6747.5
530.596	6731.25	0	6731.25
530.726	6726.25	0	6726.25
530.857	6662.5	0	6662.5
530.987	6651	0	6651
531.118	6752.75	0	6752.75
531.249	6764	0	6764
531.379	6710	0	6710
531.51	6814.75	0	6814.75
531.64	6783	0	6783
531.771	6735.25	0	6735.25
531.901	6696.5	0	6696.5
532.032	6726	0	6726
532.163	6784.75	0	6784.75
532.293	6695.5	0	6695.5
532.423	6790.5	0	6790.5
532.554	6597.25	0	6597.25
532.684	6771.5	0	6771.5
532.815	6661.25	0	6661.25
532.945	6585.75	0	6585.75
533.076	6617.75	0	6617.75
533.206	6672	0	6672
533.336	6567.75	0	6567.75
533.467	6572.5	0	6572.5
533.597	6588.75	0	6588.75
533.727	6627.75	0	6627.75
533.858	6554.5	0	6554.5
533.988	6624.25	0	6624.25
534.118	6580.25	0	6580.25
534.248	6641.75	0	6641.75
534.379	6631.75	0	6631.75
534.509	6538.75	0	6538.75
534.639	6595.5	0	6595.5
534.769	6673.5	0	6673.5
534.9	6582.75	0	6582.75
535.03	6612.25	0	6612.25
535.16	6480.75	0	6480.75
535.29	6451.25	0	6451.25
535.42	6403.25	0	6403.25
535.55	6489.75	0	6489.75
535.68	6402	0	6402
535.81	6338.25	0	6338.25
535.94	6323.5	0	6323.5
536.071	6421.5	0	6421.5
536.201	6323.75	0	6323.75
536.331	6349.5	0	6349.5
536.461	6320	0	6320
536.591	6300.75	0	6300.75
536.721	6323.75	0	6323.75
536.851	6302.25	0	6302.25
536.981	6215.25	0	6215.25
537.11	6186.5	0	6186.5
537.24	6182.25	0	6182.25
537.37	6182.25	0	6182.25
537.5	6116.5	0	6116.5
537.63	6246.5	0	6246.5
537.76	6153.75	0	6153.75
537.89	6116	0	6116
538.02	6144.5	0	6144.5
538.149	6101.25	0	6101.25
538.279	6142.75	0	6142.75
538.409	6091.75	0	6091.75
538.539	6173.5	0	6173.5
538.669	6132.75	0	6132.75
538.798	6059.5	0	6059.5
538.928	6231.25	0	6231.25
539.058	6149.25	0	6149.25
539.187	6114.75	0	6114.75
539.317	6177.25	0	6177.25
539.447	6087.75	0	6087.75
539.576	6248.5	0	6248.5
539.706	6350.5	0	6350.5
539.836	6398.25	0	6398.25
539.965	6503.5	0	6503.5
540.095	6371.75	0	6371.75
540.225	6229.75	0	6229.75
540.354	6167.75	0	6167.75
540.484	6121	0	6121
540.613	6024.25	0	6024.25
540.743	6146.25	0	6146.25
540.872	6136.75	0	6136.75
541.002	6102.25	0	6102.25
541.131	6045	0	6045
541.261	6100.5	0	6100.5
541.39	6041	0	6041
541.52	6034.75	0	6034.75
541.649	6019.5	0	6019.5
541.778	5931	0	5931
541.908	5935.25	0	5935.25
542.037	5998.5	0	5998.5
542.167	6011.75	0	6011.75
542.296	5959.25	0	5959.25
542.425	6012.5	0	6012.5
542.554	6041	0	6041
542.684	5912.25	0	5912.25
542.813	6033.75	0	6033.75
542.942	6017.5	0	6017.5
543.072	6110.25	0	6110.25
543.201	6080.5	0	6080.5
543.33	5993	0	5993
543.459	6020.25	0	6020.25
543.588	6088.25	0	6088.25
543.718	6015	0	6015
543.847	6094.75	0	6094.75
543.976	6043.5	0	6043.5
544.105	6211.5	0	6211.5
544.234	6073.5	0	6073.5
544.363	6046	0	6046
544.492	6055.75	0	6055.75
544.621	6123.75	0	6123.75
544.75	6133.25	0	6133.25
544.88	6252.75	0	6252.75
545.009	6175	0	6175
545.138	6176.75	0	6176.75
545.266	6296.75	0	6296.75
545.396	6427	0	6427
545.525	6342.75	0	6342.75
545.653	6424.5	0	6424.5
545.782	6391.25	0	6391.25
545.911	6526.75	0	6526.75
546.04	6499.5	0	6499.5
546.169	6506.25	0	6506.25
546.298	6446.75	0	6446.75
546.427	6389	0	6389
546.556	6352.75	0	6352.75
546.685	6384.25	0	6384.25
546.813	6325	0	6325
546.942	6278.25	0	6278.25
547.071	6321.5	0	6321.5
547.2	6249.25	0	6249.25
547.328	6379.5	0	6379.5
547.457	6378.5	0	6378.5
547.586	6420.5	0	6420.5
547.715	6396.75	0	6396.75
547.843	6470	0	6470
547.972	6549.25	0	6549.25
548.101	6593.75	0	6593.75
548.229	6549.75	0	6549.75
548.358	6615.75	0	6615.75
548.487	6687.5	0	6687.5
548.615	6638.5	0	6638.5
548.744	6611.75	0	6611.75
548.872	6720.75	0	6720.75
549.001	6643.75	0	6643.75
549.129	6566.75	0	6566.75
549.258	6686.25	0	6686.25
549.387	6768.25	0	6768.25
549.515	6751.25	0	6751.25
549.643	6802.75	0	6802.75
549.772	6930.25	0	6930.25
549.9	6992	0	6992
550.029	7012.5	0	7012.5
550.157	7006	0	7006
550.286	6890.75	0	6890.75
550.414	6818	0	6818
550.542	6749.5	0	6749.5
550.671	6689.25	0	6689.25
550.799	6684	0	6684
550.927	6677.75	0	6677.75
551.056	6651	0	6651
551.184	6706.25	0	6706.25
551.312	6596.5	0	6596.5
551.441	6577.5	0	6577.5
551.569	6703.75	0	6703.75
551.697	6652.5	0	6652.5
551.825	6751.5	0	6751.5
551.953	6783.75	0	6783.75
552.082	6887.25	0	6887.25
552.21	6825.25	0	6825.25
552.338	6968.25	0	6968.25
552.466	6908.25	0	6908.25
552.594	7136.75	0	7136.75
552.722	7130.5	0	7130.5
552.851	7533.5	0	7533.5
552.979	7466.5	0	7466.5
553.107	7630	0	7630
553.235	7862.25	0	7862.25
553.363	8087.25	0	8087.25
553.491	8144.25	0	8144.25
553.619	8170.75	0	8170.75
553.747	8095.5	0	8095.5
553.875	8110.5	0	8110.5
554.003	7940.5	0	7940.5
554.131	7843.5	0	7843.5
554.259	7775.25	0	7775.25
554.387	7550.25	0	7550.25
554.514	7729.75	0	7729.75
554.642	7745.75	0	7745.75
554.77	7724.75	0	7724.75
554.898	7472	0	7472
555.026	7340	0	7340
555.154	7290.25	0	7290.25
555.281	7011.75	0	7011.75
555.409	6986.25	0	6986.25
555.537	6908	0	6908
555.665	6838	0	6838
555.793	6636.5	0	6636.5
555.92	6649.25	0	6649.25
556.048	6617	0	6617
556.176	6474	0	6474
556.303	6491.5	0	6491.5
556.431	6443.25	0	6443.25
556.559	6434	0	6434
556.686	6457	0	6457
556.814	6371.5	0	6371.5
556.942	6346.75	0	6346.75
557.069	6333	0	6333
557.197	6426	0	6426
557.324	6295.5	0	6295.5
557.452	6291.25	0	6291.25
557.579	6214.25	0	6214.25
557.707	6320	0	6320
557.835	6252	0	6252
557.962	6242.25	0	6242.25
558.089	6237	0	6237
558.217	6316.5	0	6316.5
558.344	6285.5	0	6285.5
558.472	6214	0	6214
558.599	6182	0	6182
558.727	6243.5	0	6243.5
558.854	6191.75	0	6191.75
558.981	6206.25	0	6206.25
559.109	6222	0	6222
559.236	6247.5	0	6247.5
559.363	6260.75	0	6260.75
559.491	6143.25	0	6143.25
559.618	6129	0	6129
559.745	6237	0	6237
559.872	6216.75	0	6216.75
560	6165.25	0	6165.25
560.127	6116.5	0	6116.5
560.254	6193.5	0	6193.5
560.381	6210.5	0	6210.5
560.508	6272.25	0	6272.25
560.636	6230.5	0	6230.5
560.763	6229.75	0	6229.75
560.89	6152.75	0	6152.75
561.017	6312.25	0	6312.25
561.144	6222	0	6222
561.271	6232.75	0	6232.75
561.398	6191.25	0	6191.25
561.525	6232.75	0	6232.75
561.652	6212	0	6212
561.779	6198.5	0	6198.5
561.906	6282.25	0	6282.25
562.033	6301.5	0	6301.5
562.16	6456.25	0	6456.25
562.287	6529.5	0	6529.5
562.414	6480.25	0	6480.25
562.541	6417	0	6417
562.668	6301.25	0	6301.25
562.795	6264.5	0	6264.5
562.922	6323.25	0	6323.25
563.049	6313.5	0	6313.5
563.175	6329	0	6329
563.302	6381	0	6381
563.429	6363.75	0	6363.75
563.556	6400.5	0	6400.5
563.683	6389.25	0	6389.25
563.809	6320	0	6320
563.936	6330	0	6330
564.063	6417.75	0	6417.75
564.19	6463.75	0	6463.75
564.316	6597	0	6597
564.443	6685	0	6685
564.57	6626	0	6626
564.696	6795.25	0	6795.25
564.823	6648.25	0	6648.25
564.95	6743	0	6743
565.076	6821	0	6821
565.203	6895	0	6895
565.33	7068.5	0	7068.5
565.456	7079	0	7079
565.583	7234	0	7234
565.709	7322.5	0	7322.5
565.836	7575	0	7575
565.962	7775.25	0	7775.25
566.089	7858.5	0	7858.5
566.215	8264.5	0	8264.5
566.341	8269.25	0	8269.25
566.468	8845.5	0	8845.5
566.594	9302	0	9302
566.721	9825.25	0	9825.25
566.847	10426.2	0	10426.2
566.974	10868	0	10868
567.1	11201.8	0	11201.8
567.226	11114	0	11114
567.353	11379	0	11379
567.479	11474.5	0	11474.5
567.605	11311.5	0	11311.5
567.732	11681.8	0	11681.8
567.858	12134.5	0	12134.5
567.984	12770.5	0	12770.5
568.11	13125.2	0	13125.2
568.236	13539.8	0	13539.8
568.363	13141.8	0	13141.8
568.489	12492.8	0	12492.8
568.615	11469.8	0	11469.8
568.741	10620.5	0	10620.5
568.867	9978.75	0	9978.75
568.993	9577.25	0	9577.25
569.12	9119.75	0	9119.75
569.246	8631.75	0	8631.75
569.372	8190.25	0	8190.25
569.498	7937.75	0	7937.75
569.624	7689	0	7689
569.75	7472.75	0	7472.75
569.876	7483.25	0	7483.25
570.002	7295.5	0	7295.5
570.128	6900.75	0	6900.75
570.254	6696.5	0	6696.5
570.38	6670.25	0	6670.25
570.506	6701	0	6701
570.632	6604.75	0	6604.75
570.758	6532.75	0	6532.75
570.883	6549.25	0	6549.25
571.009	6626.5	0	6626.5
571.135	6542.5	0	6542.5
571.261	6746.25	0	6746.25
571.387	6648.75	0	6648.75
571.513	6729.5	0	6729.5
571.638	6428.75	0	6428.75
571.764	6216.25	0	6216.25
571.89	6053.5	0	6053.5
572.016	5931.75	0	5931.75
572.141	5880.75	0	5880.75
572.267	5676.75	0	5676.75
572.393	5664	0	5664
572.518	5559.25	0	5559.25
572.644	5580.25	0	5580.25
572.77	5466.25	0	5466.25
572.895	5415.75	0	5415.75
573.021	5490	0	5490
573.147	5479	0	5479
573.272	5508	0	5508
573.398	5402.5	0	5402.5
573.523	5399.25	0	5399.25
573.649	5376.5	0	5376.5
573.774	5323.5	0	5323.5
573.9	5323.5	0	5323.5
574.025	5446.75	0	5446.75
574.151	5429.5	0	5429.5
574.276	5322.75	0	5322.75
574.402	5248.25	0	5248.25
574.527	5337.25	0	5337.25
574.652	5187.75	0	5187.75
574.778	5193.75	0	5193.75
574.903	5249.25	0	5249.25
575.029	5331.5	0	5331.5
575.154	5249	0	5249
575.279	5171.25	0	5171.25
575.405	5164.25	0	5164.25
575.53	5103.5	0	5103.5
575.655	5087.25	0	5087.25
575.78	4968.5	0	4968.5
575.906	5007.5	0	5007.5
576.031	4977	0	4977
576.156	4849.25	0	4849.25
576.281	4910.5	0	4910.5
576.406	4932.25	0	4932.25
576.532	4927.75	0	4927.75
576.657	4895	0	4895
576.782	4758.5	0	4758.5
576.907	4875.75	0	4875.75
577.032	4780.5	0	4780.5
577.157	4818.25	0	4818.25
577.282	4877	0	4877
577.407	4824.75	0	4824.75
577.532	4757.25	0	4757.25
577.657	4678.75	0	4678.75
577.782	4697.5	0	4697.5
577.907	4649	0	4649
578.032	4708.75	0	4708.75
578.157	4596	0	4596
578.282	4552.25	0	4552.25
578.407	4692.75	0	4692.75
578.532	4647	0	4647
578.657	4602.75	0	4602.75
578.782	4683.5	0	4683.5
578.907	4626	0	4626
579.031	4561.75	0	4561.75
579.156	4619.5	0	4619.5
579.281	4524.25	0	4524.25
579.406	4525.25	0	4525.25
579.531	4526	0	4526
579.655	4518.75	0	4518.75
579.78	4511.25	0	4511.25
579.905	4519	0	4519
580.03	4552	0	4552
580.154	4509.5	0	4509.5
580.279	4523.75	0	4523.75
580.404	4500	0	4500
580.528	4473.5	0	4473.5
580.653	4391.5	0	4391.5
580.778	4403.75	0	4403.75
580.902	4481.25	0	4481.25
581.027	4437.5	0	4437.5
581.151	4502.75	0	4502.75
581.276	4518.75	0	4518.75
581.4	4422.25	0	4422.25
581.525	4437.5	0	4437.5
581.649	4474.75	0	4474.75
581.774	4428.75	0	4428.75
581.898	4370.75	0	4370.75
582.023	4381.5	0	4381.5
582.147	4368.25	0	4368.25
582.272	4357.25	0	4357.25
582.396	4388.25	0	4388.25
582.52	4349.75	0	4349.75
582.645	4303.75	0	4303.75
582.769	4313	0	4313
582.893	4329	0	4329
583.018	4380	0	4380
583.142	4339.75	0	4339.75
583.266	4341.75	0	4341.75
583.391	4297.5	0	4297.5
583.515	4286	0	4286
583.639	4332	0	4332
583.763	4329.75	0	4329.75
583.888	4236.75	0	4236.75
584.012	4267.25	0	4267.25
584.136	4277	0	4277
584.26	4272.5	0	4272.5
584.384	4230.75	0	4230.75
584.508	4271.25	0	4271.25
584.632	4291.5	0	4291.5
584.757	4272.5	0	4272.5
584.881	4267.25	0	4267.25
585.005	4199.25	0	4199.25
585.129	4237	0	4237
585.253	4206.25	0	4206.25
585.377	4246.25	0	4246.25
585.501	4257.5	0	4257.5
585.625	4229	0	4229
585.749	4259	0	4259
585.873	4178	0	4178
585.997	4245	0	4245
586.12	4199.25	0	4199.25
586.244	4230	0	4230
586.368	4142	0	4142
586.492	4163.5	0	4163.5
586.616	4162	0	4162
586.74	4186.5	0	4186.5
586.864	4216	0	4216
586.987	4232.5	0	4232.5
587.111	4224.25	0	4224.25
587.235	4219.5	0	4219.5
587.359	4184.75	0	4184.75
587.482	4178.5	0	4178.5
587.606	4180.75	0	4180.75
587.73	4197	0	4197
587.854	4215.25	0	4215.25
587.977	4207.75	0	4207.75
588.101	4209.75	0	4209.75
588.224	4216.25	0	4216.25
588.348	4208.5	0	4208.5
588.472	4218.5	0	4218.5
588.595	4203.25	0	4203.25
588.719	4226.75	0	4226.75
588.842	4203.5	0	4203.5
588.966	4262.75	0	4262.75
589.089	4270.75	0	4270.75
589.213	4291	0	4291
589.336	4427.75	0	4427.75
589.46	4545.25	0	4545.25
589.583	4343.25	0	4343.25
589.707	4300.25	0	4300.25
589.83	4296	0	4296
589.954	4386.25	0	4386.25
590.077	4437.5	0	4437.5
590.2	4357	0	4357
590.324	4306.5	0	4306.5
590.447	4298	0	4298
590.57	4340	0	4340
590.694	4341.75	0	4341.75
590.817	4372	0	4372
590.94	4394.75	0	4394.75
591.063	4365.5	0	4365.5
591.187	4461.5	0	4461.5
591.31	4419.75	0	4419.75
591.433	4391.5	0	4391.5
591.556	4504.75	0	4504.75
591.679	4510.25	0	4510.25
591.803	4637.75	0	4637.75
591.926	4613.25	0	4613.25
592.049	4637.75	0	4637.75
592.172	4653.25	0	4653.25
592.295	4778.5	0	4778.5
592.418	4843.25	0	4843.25
592.541	4990.5	0	4990.5
592.664	5042.75	0	5042.75
592.787	5081	0	5081
592.91	5292.75	0	5292.75
593.033	5379	0	5379
593.156	5510.25	0	5510.25
593.279	5693.75	0	5693.75
593.402	5726.5	0	5726.5
593.525	5969.75	0	5969.75
593.648	5968	0	5968
593.771	5882.5	0	5882.5
593.894	5805.25	0	5805.25
594.016	6039.75	0	6039.75
594.139	5913.75	0	5913.75
594.262	6230.5	0	6230.5
594.385	6115.25	0	6115.25
594.508	6109.5	0	6109.5
594.63	6152.25	0	6152.25
594.753	6013.25	0	6013.25
594.876	5655.25	0	5655.25
594.999	5563	0	5563
595.121	5417.25	0	5417.25
595.244	5253	0	5253
595.367	5149.5	0	5149.5
595.489	4993.5	0	4993.5
595.612	4956.5	0	4956.5
595.735	4841	0	4841
595.857	4811.5	0	4811.5
595.98	4669.75	0	4669.75
596.102	4624.25	0	4624.25
596.225	4533.25	0	4533.25
596.347	4486	0	4486
596.47	4392.75	0	4392.75
596.592	4405.25	0	4405.25
596.715	4313	0	4313
596.837	4238.5	0	4238.5
596.96	4212	0	4212
597.082	4220.25	0	4220.25
597.205	4185.5	0	4185.5
597.327	4115	0	4115
597.449	4101.75	0	4101.75
597.572	4132	0	4132
597.694	4078.5	0	4078.5
597.816	4032.75	0	4032.75
597.939	4004.5	0	4004.5
598.061	4015.25	0	4015.25
598.183	4037	0	4037
598.306	3986.25	0	3986.25
598.428	3977.25	0	3977.25
598.55	3963.75	0	3963.75
598.672	3933.5	0	3933.5
598.795	3888.5	0	3888.5
598.917	3891	0	3891
599.039	3866	0	3866
599.161	3836.25	0	3836.25
599.283	3847.75	0	3847.75
599.405	3824.75	0	3824.75
599.527	3839.5	0	3839.5
599.65	3837.5	0	3837.5
599.772	3790.5	0	3790.5
599.894	3817.75	0	3817.75
600.016	3830.75	0	3830.75
600.138	3732.25	0	3732.25
600.26	3726.25	0	3726.25
600.382	3773.25	0	3773.25
600.504	3780.75	0	3780.75
600.625	3743.25	0	3743.25
600.747	3690	0	3690
600.869	3704	0	3704
600.991	3704	0	3704
601.113	3770.75	0	3770.75
601.235	3743	0	3743
601.357	3627	0	3627
601.479	3738	0	3738
601.6	3670	0	3670
601.722	3694.25	0	3694.25
601.844	3650	0	3650
601.966	3764	0	3764
602.087	3638	0	3638
602.209	3677	0	3677
602.331	3683.5	0	3683.5
602.453	3669.5	0	3669.5
602.574	3684.5	0	3684.5
602.696	3658.5	0	3658.5
602.818	3657	0	3657
602.939	3591.25	0	3591.25
603.061	3643.25	0	3643.25
603.182	3594.25	0	3594.25
603.304	3639.75	0	3639.75
603.426	3548.5	0	3548.5
603.547	3613	0	3613
603.669	3591.5	0	3591.5
603.79	3569	0	3569
603.912	3588.75	0	3588.75
604.033	3636.75	0	3636.75
604.154	3588	0	3588
604.276	3619.75	0	3619.75
604.397	3522.5	0	3522.5
604.519	3632.75	0	3632.75
604.64	3566.75	0	3566.75
604.761	3551.5	0	3551.5
604.883	3612.75	0	3612.75
605.004	3553.25	0	3553.25
605.125	3539.25	0	3539.25
605.247	3563.25	0	3563.25
605.368	3517.75	0	3517.75
605.489	3461.25	0	3461.25
605.611	3578	0	3578
605.732	3453	0	3453
605.853	3475.5	0	3475.5
605.974	3487.25	0	3487.25
606.095	3502	0	3502
606.216	3491.5	0	3491.5
606.338	3510.5	0	3510.5
606.459	3535.25	0	3535.25
606.58	3558	0	3558
606.701	3404.5	0	3404.5
606.822	3445.75	0	3445.75
606.943	3452.75	0	3452.75
607.064	3448.5	0	3448.5
607.185	3453	0	3453
607.306	3479.75	0	3479.75
607.427	3490.75	0	3490.75
607.548	3482.75	0	3482.75
607.669	3451.25	0	3451.25
607.79	3426	0	3426
607.911	3470.25	0	3470.25
608.032	3478.25	0	3478.25
608.153	3421.75	0	3421.75
608.274	3457.5	0	3457.5
608.394	3451	0	3451
608.515	3359	0	3359
608.636	3448.5	0	3448.5
608.757	3392.75	0	3392.75
608.878	3402.75	0	3402.75
608.998	3363	0	3363
609.119	3421.5	0	3421.5
609.24	3406.25	0	3406.25
609.361	3375.75	0	3375.75
609.481	3340.25	0	3340.25
609.602	3382	0	3382
609.723	3435.75	0	3435.75
609.843	3409	0	3409
609.964	3399.75	0	3399.75
610.085	3413.5	0	3413.5
610.205	3352	0	3352
610.326	3408.25	0	3408.25
610.446	3316	0	3316
610.567	3377.25	0	3377.25
610.687	3402.75	0	3402.75
610.808	3355	0	3355
610.928	3411	0	3411
611.049	3416.5	0	3416.5
611.169	3369	0	3369
611.29	3305.75	0	3305.75
611.41	3374	0	3374
611.531	3403	0	3403
611.651	3356.25	0	3356.25
611.771	3356.5	0	3356.5
611.892	3323.25	0	3323.25
612.012	3349	0	3349
612.132	3317	0	3317
612.253	3278.5	0	3278.5
612.373	3298.75	0	3298.75
612.493	3364.5	0	3364.5
612.613	3371	0	3371
612.734	3365.5	0	3365.5
612.854	3266.75	0	3266.75
612.974	3350.25	0	3350.25
613.094	3314.25	0	3314.25
613.214	3272.5	0	3272.5
613.335	3265.25	0	3265.25
613.455	3291.75	0	3291.75
613.575	3308.5	0	3308.5
613.695	3295.5	0	3295.5
613.815	3306.75	0	3306.75
613.935	3226	0	3226
614.055	3242.25	0	3242.25
614.175	3333.75	0	3333.75
614.295	3275.25	0	3275.25
614.415	3276.25	0	3276.25
614.535	3247.5	0	3247.5
614.655	3222.5	0	3222.5
614.775	3228.25	0	3228.25
614.895	3239	0	3239
615.015	3275	0	3275
615.135	3244.25	0	3244.25
615.254	3232.25	0	3232.25
615.374	3209.5	0	3209.5
615.494	3201.5	0	3201.5
615.614	3235.5	0	3235.5
615.734	3251	0	3251
615.854	3258.5	0	3258.5
615.973	3289.75	0	3289.75
616.093	3255.25	0	3255.25
616.213	3345.75	0	3345.75
616.332	3274	0	3274
616.452	3332.75	0	3332.75
616.572	3369.25	0	3369.25
616.691	3364	0	3364
616.811	3315.75	0	3315.75
616.931	3265.5	0	3265.5
617.05	3248.75	0	3248.75
617.17	3293.5	0	3293.5
617.289	3349	0	3349
617.409	3384.75	0	3384.75
617.529	3378.25	0	3378.25
617.648	3301.25	0	3301.25
617.768	3343.75	0	3343.75
617.887	3298.5	0	3298.5
618.006	3314.25	0	3314.25
618.126	3250	0	3250
618.245	3311	0	3311
618.365	3263.25	0	3263.25
618.484	3279.75	0	3279.75
618.604	3298.5	0	3298.5
618.723	3290.5	0	3290.5
618.842	3256.5	0	3256.5
618.962	3209	0	3209
619.081	3270.25	0	3270.25
619.2	3238.25	0	3238.25
619.319	3253.75	0	3253.75
619.439	3216.75	0	3216.75
619.558	3207	0	3207
619.677	3248	0	3248
619.796	3163.5	0	3163.5
619.916	3224.25	0	3224.25
620.035	3178.75	0	3178.75
620.154	3228	0	3228
620.273	3133.5	0	3133.5
620.392	3125.75	0	3125.75
620.511	3138	0	3138
620.63	3117.75	0	3117.75
620.749	3104	0	3104
620.868	3104.25	0	3104.25
620.987	3043.75	0	3043.75
621.106	3055	0	3055
621.225	3003.25	0	3003.25
621.344	3047	0	3047
621.463	3029.5	0	3029.5
621.582	3045.25	0	3045.25
621.701	3028	0	3028
621.82	3039	0	3039
621.939	3021	0	3021
622.058	2984.25	0	2984.25
622.177	2968.5	0	2968.5
622.295	2997	0	2997
622.414	3023.5	0	3023.5
622.533	2954.5	0	2954.5
622.652	2971	0	2971
622.771	2993.25	0	2993.25
622.889	2952	0	2952
623.008	2942.75	0	2942.75
623.127	2977.75	0	2977.75
623.245	2931.5	0	2931.5
623.364	2940	0	2940
623.483	2929.5	0	2929.5
623.601	2934.75	0	2934.75
623.72	2867.75	0	2867.75
623.839	2841.75	0	2841.75
623.957	2876	0	2876
624.076	2886.25	0	2886.25
624.194	2861.75	0	2861.75
624.313	2940.75	0	2940.75
624.431	2858.25	0	2858.25
624.55	2894.5	0	2894.5
624.668	2833.5	0	2833.5
624.787	2857.25	0	2857.25
624.905	2829.75	0	2829.75
625.024	2861	0	2861
625.142	2805.75	0	2805.75
625.26	2813.75	0	2813.75
625.379	2851	0	2851
625.497	2845.25	0	2845.25
625.615	2820	0	2820
625.734	2760.25	0	2760.25
625.852	2829.25	0	2829.25
625.97	2834	0	2834
626.089	2794.5	0	2794.5
626.207	2771.5	0	2771.5
626.325	2785	0	2785
626.443	2789.5	0	2789.5
626.561	2773	0	2773
626.68	2755.25	0	2755.25
626.798	2803.75	0	2803.75
626.916	2781	0	2781
627.034	2746.75	0	2746.75
627.152	2706.5	0	2706.5
627.27	2741.5	0	2741.5
627.388	2772.75	0	2772.75
627.506	2697.5	0	2697.5
627.624	2707.25	0	2707.25
627.742	2686.25	0	2686.25
627.86	2721.75	0	2721.75
627.978	2698.75	0	2698.75
628.096	2671.25	0	2671.25
628.214	2705	0	2705
628.332	2738.5	0	2738.5
628.45	2706.75	0	2706.75
628.568	2707.75	0	2707.75
628.686	2675	0	2675
628.804	2670	0	2670
628.921	2722.75	0	2722.75
629.039	2666.75	0	2666.75
629.157	2690.25	0	2690.25
629.275	2656.5	0	2656.5
629.393	2665.5	0	2665.5
629.51	2647.75	0	2647.75
629.628	2651.25	0	2651.25
629.746	2659.5	0	2659.5
629.864	2626.25	0	2626.25
629.981	2660.75	0	2660.75
630.099	2649.75	0	2649.75
630.216	2611	0	2611
630.334	2602.25	0	2602.25
630.452	2585.5	0	2585.5
630.569	2662.25	0	2662.25
630.687	2591.75	0	2591.75
630.804	2601	0	2601
630.922	2565.5	0	2565.5
631.039	2593.25	0	2593.25
631.157	2566	0	2566
631.274	2571.25	0	2571.25
631.392	2519	0	2519
631.509	2575.75	0	2575.75
631.627	2538	0	2538
631.744	2552.5	0	2552.5
631.861	2558.5	0	2558.5
631.979	2528.5	0	2528.5
632.096	2538.25	0	2538.25
632.213	2582	0	2582
632.331	2543.75	0	2543.75
632.448	2490.25	0	2490.25
632.565	2523.25	0	2523.25
632.683	2546.5	0	2546.5
632.8	2482.5	0	2482.5
632.917	2542.25	0	2542.25
633.034	2555.5	0	2555.5
633.151	2509.5	0	2509.5
633.269	2506.25	0	2506.25
633.386	2518.25	0	2518.25
633.503	2497	0	2497
633.62	2500.25	0	2500.25
633.737	2511.75	0	2511.75
633.854	2509	0	2509
633.971	2523.5	0	2523.5
634.088	2496	0	2496
634.205	2477.5	0	2477.5
634.322	2503.25	0	2503.25
634.439	2458.5	0	2458.5
634.556	2514.25	0	2514.25
634.673	2506	0	2506
634.79	2445.25	0	2445.25
634.907	2503.5	0	2503.5
635.024	2470.75	0	2470.75
635.141	2507.5	0	2507.5
635.258	2443.5	0	2443.5
635.375	2489	0	2489
635.491	2408.75	0	2408.75
635.608	2475.75	0	2475.75
635.725	2442.75	0	2442.75
635.842	2465.75	0	2465.75
635.958	2467	0	2467
636.075	2478.25	0	2478.25
636.192	2496.75	0	2496.75
636.309	2456.25	0	2456.25
636.425	2450.75	0	2450.75
636.542	2523	0	2523
636.659	2470	0	2470
636.775	2485.25	0	2485.25
636.892	2438	0	2438
637.008	2522.25	0	2522.25
637.125	2512	0	2512
637.241	2464.5	0	2464.5
637.358	2449	0	2449
637.475	2428	0	2428
637.591	2430	0	2430
637.707	2457	0	2457
637.824	2446.75	0	2446.75
637.94	2502	0	2502
638.057	2447.5	0	2447.5
638.173	2471.5	0	2471.5
638.29	2468	0	2468
638.406	2378.75	0	2378.75
638.522	2495	0	2495
638.639	2463.25	0	2463.25
638.755	2442.75	0	2442.75
638.871	2387.5	0	2387.5
638.987	2429.25	0	2429.25
639.104	2397	0	2397
639.22	2396.5	0	2396.5
639.336	2373.25	0	2373.25
639.452	2395.75	0	2395.75
639.569	2389.5	0	2389.5
639.685	2391.5	0	2391.5
639.801	2377.25	0	2377.25
639.917	2363.5	0	2363.5
640.033	2361.75	0	2361.75
640.149	2380.25	0	2380.25
640.265	2389.75	0	2389.75
640.381	2374	0	2374
640.497	2344.75	0	2344.75
640.613	2365.25	0	2365.25
640.729	2419.5	0	2419.5
640.845	2313.75	0	2313.75
640.961	2338.5	0	2338.5
641.077	2311.25	0	2311.25
641.193	2366.5	0	2366.5
641.309	2342.75	0	2342.75
641.425	2343.25	0	2343.25
641.541	2353.75	0	2353.75
641.657	2326	0	2326
641.773	2327.75	0	2327.75
641.888	2309.75	0	2309.75
642.004	2319	0	2319
642.12	2302.75	0	2302.75
642.236	2319	0	2319
642.352	2344.25	0	2344.25
642.467	2291.75	0	2291.75
642.583	2296.5	0	2296.5
642.699	2345.75	0	2345.75
642.814	2326.5	0	2326.5
642.93	2360	0	2360
643.046	2317.25	0	2317.25
643.161	2298.25	0	2298.25
643.277	2346.25	0	2346.25
643.392	2301.75	0	2301.75
643.508	2313	0	2313
643.623	2276	0	2276
643.739	2354.5	0	2354.5
643.854	2307.5	0	2307.5
643.97	2330.75	0	2330.75
644.085	2305.5	0	2305.5
644.201	2369	0	2369
644.316	2383.25	0	2383.25
644.432	2377.75	0	2377.75
644.547	2320.75	0	2320.75
644.663	2344.75	0	2344.75
644.778	2354	0	2354
644.893	2279.5	0	2279.5
645.008	2330.75	0	2330.75
645.124	2349.25	0	2349.25
645.239	2367.25	0	2367.25
645.354	2361.5	0	2361.5
645.47	2378.25	0	2378.25
645.585	2359.25	0	2359.25
645.7	2370	0	2370
645.815	2394.5	0	2394.5
645.93	2372.25	0	2372.25
646.046	2416.5	0	2416.5
646.161	2437.5	0	2437.5
646.276	2433.5	0	2433.5
646.391	2362.25	0	2362.25
646.506	2456	0	2456
646.621	2472.75	0	2472.75
646.736	2448.25	0	2448.25
646.851	2447.25	0	2447.25
646.966	2428.5	0	2428.5
647.081	2463	0	2463
647.196	2476.25	0	2476.25
647.311	2530	0	2530
647.426	2530.5	0	2530.5
647.541	2514.75	0	2514.75
647.656	2512.5	0	2512.5
647.771	2554	0	2554
647.885	2608.5	0	2608.5
648	2655.75	0	2655.75
648.115	2674.75	0	2674.75
648.23	2681.25	0	2681.25
648.345	2811	0	2811
648.459	2819.75	0	2819.75
648.574	2893.25	0	2893.25
648.689	2823.75	0	2823.75
648.804	2840	0	2840
648.918	2847	0	2847
649.033	2786.25	0	2786.25
649.148	2727.5	0	2727.5
649.262	2721.75	0	2721.75
649.377	2673.5	0	2673.5
649.491	2670.5	0	2670.5
649.606	2629.5	0	2629.5
649.721	2620.75	0	2620.75
649.835	2713.25	0	2713.25
649.95	2620.25	0	2620.25
650.064	2655.25	0	2655.25
650.179	2577.25	0	2577.25
650.293	2591.25	0	2591.25
650.408	2562.5	0	2562.5
650.522	2604.5	0	2604.5
650.636	2583	0	2583
650.751	2520	0	2520
650.865	2586	0	2586
650.979	2599.75	0	2599.75
651.094	2594.75	0	2594.75
651.208	2629	0	2629
651.322	2598	0	2598
651.437	2620.5	0	2620.5
651.551	2574.25	0	2574.25
651.665	2610.25	0	2610.25
651.779	2625	0	2625
651.894	2657	0	2657
652.008	2664.75	0	2664.75
652.122	2630.5	0	2630.5
652.236	2633.5	0	2633.5
652.35	2641	0	2641
652.464	2698	0	2698
652.578	2751.25	0	2751.25
652.693	2730.75	0	2730.75
652.807	2712.75	0	2712.75
652.921	2761	0	2761
653.035	2809	0	2809
653.149	2779.5	0	2779.5
653.263	2787.25	0	2787.25
653.376	2818.25	0	2818.25
653.49	2839	0	2839
653.604	2874	0	2874
653.718	2915.75	0	2915.75
653.832	2917	0	2917
653.946	2978.5	0	2978.5
654.06	2953.5	0	2953.5
654.174	3017.5	0	3017.5
654.287	3072.25	0	3072.25
654.401	3103.5	0	3103.5
654.515	3117.25	0	3117.25
654.629	3204.25	0	3204.25
654.743	3218.25	0	3218.25
654.856	3332	0	3332
654.97	3299.25	0	3299.25
655.084	3386	0	3386
655.197	3442	0	3442
655.311	3483	0	3483
655.424	3635.5	0	3635.5
655.538	3628	0	3628
655.652	3764.5	0	3764.5
655.765	3902.5	0	3902.5
655.879	4004.5	0	4004.5
655.992	4129.25	0	4129.25
656.106	4413.5	0	4413.5
656.219	4550.25	0	4550.25
656.333	4744.75	0	4744.75
656.446	4854.25	0	4854.25
656.56	5215.5	0	5215.5
656.673	5402.25	0	5402.25
656.786	5443	0	5443
656.9	5329.75	0	5329.75
657.013	5234	0	5234
657.127	5009.75	0	5009.75
657.24	4919	0	4919
657.353	4679.5	0	4679.5
657.466	4557.75	0	4557.75
657.58	4430.5	0	4430.5
657.693	4245.75	0	4245.75
657.806	4167.5	0	4167.5
657.919	4108.25	0	4108.25
658.032	4068.75	0	4068.75
658.146	3935.25	0	3935.25
658.259	3863.75	0	3863.75
658.372	3768.25	0	3768.25
658.485	3706	0	3706
658.598	3600.75	0	3600.75
658.711	3519	0	3519
658.824	3506.25	0	3506.25
658.937	3496	0	3496
659.05	3388	0	3388
659.163	3331.25	0	3331.25
659.276	3403.5	0	3403.5
659.389	3246.5	0	3246.5
659.502	3268.5	0	3268.5
659.615	3227	0	3227
659.728	3169	0	3169
659.841	3179.25	0	3179.25
659.954	3118.75	0	3118.75
660.067	3062.25	0	3062.25
660.179	3140.5	0	3140.5
660.292	3071.5	0	3071.5
660.405	3009	0	3009
660.518	3072.75	0	3072.75
660.63	3071	0	3071
660.743	3070.25	0	3070.25
660.856	3064.25	0	3064.25
660.969	3096.5	0	3096.5
661.081	3096.75	0	3096.75
661.194	3012.5	0	3012.5
661.307	3075.5	0	3075.5
661.419	3067	0	3067
661.532	3022.75	0	3022.75
661.644	3035.75	0	3035.75
661.757	2913.25	0	2913.25
661.869	2881.25	0	2881.25
661.982	2762	0	2762
662.094	2752.25	0	2752.25
662.207	2680.25	0	2680.25
662.319	2633	0	2633
662.432	2582	0	2582
662.544	2549.5	0	2549.5
662.656	2530	0	2530
662.769	2592.5	0	2592.5
662.881	2458.5	0	2458.5
662.994	2442.5	0	2442.5
663.106	2414.25	0	2414.25
663.218	2435.5	0	2435.5
663.331	2393.25	0	2393.25
663.443	2380.25	0	2380.25
663.555	2309.25	0	2309.25
663.667	2290	0	2290
663.779	2296.75	0	2296.75
663.892	2278	0	2278
664.004	2306.5	0	2306.5
664.116	2271.5	0	2271.5
664.228	2260.5	0	2260.5
664.34	2242.25	0	2242.25
664.452	2283	0	2283
664.564	2209.75	0	2209.75
664.676	2205.75	0	2205.75
664.788	2201.75	0	2201.75
664.901	2150.5	0	2150.5
665.012	2134	0	2134
665.125	2126.75	0	2126.75
665.236	2143.25	0	2143.25
665.348	2172.75	0	2172.75
665.46	2117.25	0	2117.25
665.572	2086	0	2086
665.684	2070.75	0	2070.75
665.796	2117	0	2117
665.908	2090.75	0	2090.75
666.02	2103	0	2103
666.131	2084.5	0	2084.5
666.243	2109.25	0	2109.25
666.355	2011.5	0	2011.5
666.467	2016.25	0	2016.25
666.578	2022.5	0	2022.5
666.69	1989.25	0	1989.25
666.802	2038	0	2038
666.914	1990.25	0	1990.25
667.025	1986.5	0	1986.5
667.137	1946.25	0	1946.25
667.248	1944	0	1944
667.36	1938.5	0	1938.5
667.472	1937	0	1937
667.583	1976.75	0	1976.75
667.695	1965	0	1965
667.806	1942	0	1942
667.918	1938.25	0	1938.25
668.029	1877.5	0	1877.5
668.141	1867.75	0	1867.75
668.252	1892.5	0	1892.5
668.363	1857	0	1857
668.475	1840	0	1840
668.586	1859.25	0	1859.25
668.698	1843.25	0	1843.25
668.809	1868.25	0	1868.25
668.92	1800	0	1800
669.032	1843	0	1843
669.143	1794	0	1794
669.254	1766.5	0	1766.5
669.365	1801	0	1801
669.477	1739	0	1739
669.588	1749.5	0	1749.5
669.699	1744.5	0	1744.5
669.81	1728.75	0	1728.75
669.921	1752.5	0	1752.5
670.032	1731	0	1731
670.143	1765.25	0	1765.25
670.255	1753.75	0	1753.75
670.366	1772.25	0	1772.25
670.477	1758.25	0	1758.25
670.588	1712	0	1712
670.699	1728	0	1728
670.81	1697.25	0	1697.25
670.921	1765	0	1765
671.032	1720	0	1720
671.143	1700.5	0	1700.5
671.253	1711.5	0	1711.5
671.364	1668.5	0	1668.5
671.475	1711.5	0	1711.5
671.586	1720.5	0	1720.5
671.697	1690.25	0	1690.25
671.808	1700.75	0	1700.75
671.919	1686.75	0	1686.75
672.029	1660.75	0	1660.75
672.14	1613.25	0	1613.25
672.251	1655	0	1655
672.362	1637.75	0	1637.75
672.472	1667.25	0	1667.25
672.583	1652.25	0	1652.25
672.694	1700.5	0	1700.5
672.804	1655.5	0	1655.5
672.915	1625.75	0	1625.75
673.025	1643	0	1643
673.136	1659.5	0	1659.5
673.247	1642.75	0	1642.75
673.357	1614.75	0	1614.75
673.468	1641.75	0	1641.75
673.578	1638	0	1638
673.689	1588.25	0	1588.25
673.799	1621.25	0	1621.25
673.91	1570.75	0	1570.75
674.02	1559.75	0	1559.75
674.13	1600	0	1600
674.241	1513.5	0	1513.5
674.351	1556.5	0	1556.5
674.461	1563.25	0	1563.25
674.572	1560.25	0	1560.25
674.682	1502	0	1502
674.792	1535.75	0	1535.75
674.903	1573.75	0	1573.75
675.013	1504.5	0	1504.5
675.123	1530.5	0	1530.5
675.233	1510	0	1510
675.344	1526.25	0	1526.25
675.454	1529.25	0	1529.25
675.564	1521.75	0	1521.75
675.674	1505.75	0	1505.75
675.784	1517	0	1517
675.894	1496.5	0	1496.5
676.004	1527	0	1527
676.114	1521.25	0	1521.25
676.224	1474.25	0	1474.25
676.334	1463	0	1463
676.444	1496.25	0	1496.25
676.554	1492.5	0	1492.5
676.664	1494.5	0	1494.5
676.774	1462.5	0	1462.5
676.884	1430.5	0	1430.5
676.994	1492	0	1492
677.104	1452.25	0	1452.25
677.214	1487.25	0	1487.25
677.324	1422.25	0	1422.25
677.433	1469.25	0	1469.25
677.543	1472.5	0	1472.5
677.653	1456	0	1456
677.763	1516	0	1516
677.872	1481	0	1481
677.982	1493	0	1493
678.092	1434.25	0	1434.25
678.202	1453.5	0	1453.5
678.311	1406.5	0	1406.5
678.421	1425	0	1425
678.53	1442.5	0	1442.5
678.64	1434	0	1434
678.75	1497.75	0	1497.75
678.859	1750.75	0	1750.75
678.969	1711	0	1711
679.078	1544.25	0	1544.25
679.188	1478	0	1478
679.297	1425.75	0	1425.75
679.407	1392.25	0	1392.25
679.516	1424	0	1424
679.625	1403	0	1403
679.735	1418.5	0	1418.5
679.844	1388.75	0	1388.75
679.954	1389	0	1389
680.063	1385.5	0	1385.5
680.172	1352.5	0	1352.5
680.282	1369.25	0	1369.25
680.391	1356.75	0	1356.75
680.5	1376.5	0	1376.5
680.609	1352.25	0	1352.25
680.719	1360.25	0	1360.25
680.828	1307.5	0	1307.5
680.937	1328.75	0	1328.75
681.046	1356.25	0	1356.25
681.155	1347	0	1347
681.264	1318.5	0	1318.5
681.374	1334.75	0	1334.75
681.483	1308.25	0	1308.25
681.592	1322	0	1322
681.701	1341	0	1341
681.81	1313.75	0	1313.75
681.919	1286.75	0	1286.75
682.028	1280	0	1280
682.137	1275	0	1275
682.246	1313	0	1313
682.355	1295.75	0	1295.75
682.463	1277.75	0	1277.75
682.572	1284.5	0	1284.5
682.681	1298.5	0	1298.5
682.79	1281.5	0	1281.5
682.899	1267.75	0	1267.75
683.008	1303.75	0	1303.75
683.117	1287.25	0	1287.25
683.225	1271.75	0	1271.75
683.334	1265.25	0	1265.25
683.443	1255.75	0	1255.75
683.551	1254.25	0	1254.25
683.66	1257.5	0	1257.5
683.769	1285.25	0	1285.25
683.877	1272.5	0	1272.5
683.986	1240.25	0	1240.25
684.095	1242	0	1242
684.203	1225.25	0	1225.25
684.312	1229	0	1229
684.42	1250.75	0	1250.75
684.529	1249	0	1249
684.637	1214	0	1214
684.746	1233	0	1233
684.854	1224	0	1224
684.963	1226.25	0	1226.25
685.071	1227.5	0	1227.5
685.18	1222.5	0	1222.5
685.288	1235.5	0	1235.5
685.396	1242.5	0	1242.5
685.505	1227	0	1227
685.613	1202.75	0	1202.75
685.721	1216.25	0	1216.25
685.83	1179.25	0	1179.25
685.938	1182.25	0	1182.25
686.046	1215	0	1215
686.154	1213.25	0	1213.25
686.263	1180	0	1180
686.371	1158	0	1158
686.479	1195.5	0	1195.5
686.587	1211	0	1211
686.695	1190.5	0	1190.5
686.803	1181	0	1181
686.911	1183.5	0	1183.5
687.019	1150.75	0	1150.75
687.127	1185	0	1185
687.235	1174.75	0	1174.75
687.343	1180.5	0	1180.5
687.451	1200.25	0	1200.25
687.559	1183.25	0	1183.25
687.667	1194	0	1194
687.775	1150.75	0	1150.75
687.883	1160.25	0	1160.25
687.991	1146.5	0	1146.5
688.099	1151	0	1151
688.207	1173.5	0	1173.5
688.315	1157.25	0	1157.25
688.422	1153.5	0	1153.5
688.53	1138.75	0	1138.75
688.638	1123.5	0	1123.5
688.746	1145.75	0	1145.75
688.853	1148	0	1148
688.961	1127.75	0	1127.75
689.069	1134.25	0	1134.25
689.176	1153.25	0	1153.25
689.284	1119.25	0	1119.25
689.392	1116.5	0	1116.5
689.499	1105.75	0	1105.75
689.607	1133.5	0	1133.5
689.714	1147.5	0	1147.5
689.822	1122.5	0	1122.5
689.93	1057.25	0	1057.25
690.037	1104.25	0	1104.25
690.144	1134.25	0	1134.25
690.252	1116.75	0	1116.75
690.359	1114.25	0	1114.25
690.467	1116	0	1116
690.574	1086	0	1086
690.682	1071	0	1071
690.789	1088.25	0	1088.25
690.896	1109.5	0	1109.5
691.004	1069	0	1069
691.111	1081.5	0	1081.5
691.218	1051	0	1051
691.325	1055.5	0	1055.5
691.433	1056.25	0	1056.25
691.54	1079.5	0	1079.5
691.647	1091.25	0	1091.25
691.754	1073	0	1073
691.861	1078.25	0	1078.25
691.969	1080	0	1080
692.076	1083.75	0	1083.75
692.183	1067.5	0	1067.5
692.29	1065	0	1065
692.397	1063	0	1063
692.504	1047	0	1047
692.611	1043.25	0	1043.25
692.718	1039.75	0	1039.75
692.825	1063.5	0	1063.5
692.932	1062	0	1062
693.039	1083.5	0	1083.5
693.146	1054.5	0	1054.5
693.253	1062.25	0	1062.25
693.359	1040.75	0	1040.75
693.466	1046	0	1046
693.573	1028.25	0	1028.25
693.68	1001.25	0	1001.25
693.787	1012	0	1012
693.894	1060.25	0	1060.25
694	1033	0	1033
694.107	1039.5	0	1039.5
694.214	1044	0	1044
694.32	1022.5	0	1022.5
694.427	1018	0	1018
694.534	1057	0	1057
694.64	1001.75	0	1001.75
694.747	1012	0	1012
694.853	1040.25	0	1040.25
694.96	1011.5	0	1011.5
695.067	987	0	987
695.173	996.25	0	996.25
695.28	989.5	0	989.5
695.386	1026.5	0	1026.5
695.493	982.75	0	982.75
695.599	1017.5	0	1017.5
695.705	981.5	0	981.5
695.812	1006.25	0	1006.25
695.918	1003.75	0	1003.75
696.025	987.25	0	987.25
696.131	1010.75	0	1010.75
696.237	995.75	0	995.75
696.344	992.5	0	992.5
696.45	994.25	0	994.25
696.556	982.5	0	982.5
696.662	990.25	0	990.25
696.768	1003.25	0	1003.25
696.875	1019.75	0	1019.75
696.981	972.5	0	972.5
697.087	965.75	0	965.75
697.193	999.5	0	999.5
697.299	976.5	0	976.5
697.405	964.75	0	964.75
697.512	975.75	0	975.75
697.618	1000.75	0	1000.75
697.724	986.25	0	986.25
697.83	945.25	0	945.25
697.936	957.75	0	957.75
698.042	969.75	0	969.75
698.148	966.25	0	966.25
698.253	937.5	0	937.5
698.359	946	0	946
698.465	988.25	0	988.25
698.571	961.75	0	961.75
698.677	950	0	950
698.783	970.25	0	970.25
698.889	956.5	0	956.5
698.994	976	0	976
699.1	929.75	0	929.75
699.206	955.5	0	955.5
699.312	936	0	936
699.417	961.25	0	961.25
699.523	909.5	0	909.5
699.629	925.75	0	925.75
699.734	918.75	0	918.75
699.84	949.5	0	949.5
699.946	954.5	0	954.5
700.051	964.25	0	964.25
700.157	906.25	0	906.25
700.262	918.75	0	918.75
700.368	910.25	0	910.25
700.473	944.75	0	944.75
700.579	939.5	0	939.5
700.684	908	0	908
700.79	933.75	0	933.75
700.895	910.5	0	910.5
701	892.75	0	892.75
701.106	893.75	0	893.75
701.211	914.5	0	914.5
701.316	931.75	0	931.75
701.422	899.25	0	899.25
701.527	900.75	0	900.75
701.632	897.75	0	897.75
701.738	921.25	0	921.25
701.843	893.75	0	893.75
701.948	893	0	893
702.053	916.25	0	916.25
702.158	898.75	0	898.75
702.264	921.5	0	921.5
702.369	892.25	0	892.25
702.474	912	0	912
702.579	901.5	0	901.5
702.684	913.75	0	913.75
702.789	901.25	0	901.25
702.894	868.5	0	868.5
702.999	855.5	0	855.5
703.104	887.75	0	887.75
703.209	875.75	0	875.75
703.314	869	0	869
703.419	883.75	0	883.75
703.524	872.75	0	872.75
703.629	878.75	0	878.75
703.733	852.25	0	852.25
703.838	882.5	0	882.5
703.943	885.75	0	885.75
704.048	870.75	0	870.75
704.153	877.75	0	877.75
704.257	856	0	856
704.362	865.75	0	865.75
704.467	842.75	0	842.75
704.572	852.25	0	852.25
704.676	855.75	0	855.75
704.781	846	0	846
704.886	833.75	0	833.75
704.99	848.25	0	848.25
705.095	868.5	0	868.5
705.199	862.75	0	862.75
705.304	850.5	0	850.5
705.408	824.25	0	824.25
705.513	837.5	0	837.5
705.617	828.25	0	828.25
705.722	836.75	0	836.75
705.826	844.75	0	844.75
705.931	829	0	829
706.035	806.25	0	806.25
706.139	819.5	0	819.5
706.244	834.75	0	834.75
706.348	827.25	0	827.25
706.452	848.5	0	848.5
706.557	844	0	844
706.661	824.75	0	824.75
706.765	801.75	0	801.75
706.87	819.5	0	819.5
706.974	783.75	0	783.75
707.078	792	0	792
707.182	845.25	0	845.25
707.286	825.25	0	825.25
707.39	812.25	0	812.25
707.495	815.75	0	815.75
707.599	806	0	806
707.703	779	0	779
707.807	829.5	0	829.5
707.911	815	0	815
708.015	828.25	0	828.25
708.119	807.5	0	807.5
708.223	828.5	0	828.5
708.327	818.25	0	818.25
708.431	787.5	0	787.5
708.534	797	0	797
708.638	819.75	0	819.75
708.742	782.75	0	782.75
708.846	779	0	779
708.95	792.25	0	792.25
709.054	815.5	0	815.5
709.157	801.25	0	801.25
709.261	786.75	0	786.75
709.365	779	0	779
709.469	807	0	807
709.572	795.25	0	795.25
709.676	804.5	0	804.5
709.78	790.25	0	790.25
709.883	800.5	0	800.5
709.987	781.5	0	781.5
710.09	775.5	0	775.5
710.194	781.75	0	781.75
710.298	778.5	0	778.5
710.401	779.75	0	779.75
710.505	763.25	0	763.25
710.608	790.75	0	790.75
710.711	776.75	0	776.75
710.815	784.25	0	784.25
710.918	777.25	0	777.25
711.022	776.5	0	776.5
711.125	784.75	0	784.75
711.228	746.25	0	746.25
711.332	748.5	0	748.5
711.435	770.5	0	770.5
711.538	766.25	0	766.25
711.642	769.25	0	769.25
711.745	774.5	0	774.5
711.848	777.25	0	777.25
711.951	779.25	0	779.25
712.055	777.5	0	777.5
712.158	788	0	788
712.261	785.75	0	785.75
712.364	767	0	767
712.467	771.5	0	771.5
712.57	761.75	0	761.75
712.673	759.5	0	759.5
712.776	750.25	0	750.25
712.879	766.5	0	766.5
712.982	747.75	0	747.75
713.085	773.75	0	773.75
713.188	751.25	0	751.25
713.291	766.5	0	766.5
713.394	748.25	0	748.25
713.497	737.75	0	737.75
713.6	757.75	0	757.75
713.703	729.5	0	729.5
713.805	751.75	0	751.75
713.908	753	0	753
714.011	732.75	0	732.75
714.114	738.75	0	738.75
714.216	753.75	0	753.75
714.319	742.75	0	742.75
714.422	749.5	0	749.5
714.525	741.25	0	741.25
714.627	730.25	0	730.25
714.73	737.25	0	737.25
714.833	758.75	0	758.75
714.935	748.25	0	748.25
715.038	742	0	742
715.14	759.5	0	759.5
715.243	774.5	0	774.5
715.345	763.25	0	763.25
715.448	762	0	762
715.55	789.5	0	789.5
715.653	767.25	0	767.25
715.755	779.25	0	779.25
715.857	781.5	0	781.5
715.96	836	0	836
716.062	897.75	0	897.75
716.164	956	0	956
716.267	941.5	0	941.5
716.369	895.75	0	895.75
716.471	863	0	863
716.574	842.75	0	842.75
716.676	862.5	0	862.5
716.778	844.25	0	844.25
716.88	823.25	0	823.25
716.982	787	0	787
717.085	801.25	0	801.25
717.187	811.75	0	811.75
717.289	796.5	0	796.5
717.391	766.5	0	766.5
717.493	752	0	752
717.595	764.5	0	764.5
717.697	781.25	0	781.25
717.799	725.75	0	725.75
717.901	735.75	0	735.75
718.003	721.5	0	721.5
718.105	744.75	0	744.75
718.207	733.5	0	733.5
718.309	726.25	0	726.25
718.411	713.25	0	713.25
718.512	727.25	0	727.25
718.614	732.75	0	732.75
718.716	743.75	0	743.75
718.818	730.5	0	730.5
718.92	712.5	0	712.5
719.021	724.5	0	724.5
719.123	762.25	0	762.25
719.225	705.25	0	705.25
719.326	700.75	0	700.75
719.428	693.25	0	693.25
719.53	718.25	0	718.25
719.631	696	0	696
719.733	715	0	715
719.834	727.75	0	727.75
719.936	677	0	677
720.038	691	0	691
720.139	695.5	0	695.5
720.241	692	0	692
720.342	718.75	0	718.75
720.443	704.5	0	704.5
720.545	681	0	681
720.646	670.25	0	670.25
720.748	709	0	709
720.849	691.25	0	691.25
720.95	674.25	0	674.25
721.052	688	0	688
721.153	698.5	0	698.5
721.254	660.5	0	660.5
721.355	693	0	693
721.457	685	0	685
721.558	687.5	0	687.5
721.659	675.75	0	675.75
721.76	691.75	0	691.75
721.861	673	0	673
721.963	652.5	0	652.5
722.064	651.25	0	651.25
722.165	676.75	0	676.75
722.266	660.75	0	660.75
722.367	673.5	0	673.5
722.468	683.75	0	683.75
722.569	679	0	679
722.67	688.75	0	688.75
722.771	676.75	0	676.75
722.872	674.25	0	674.25
722.973	680.25	0	680.25
723.073	677.5	0	677.5
723.174	676.75	0	676.75
723.275	682.75	0	682.75
723.376	649	0	649
723.477	670	0	670
723.577	669.75	0	669.75
723.678	649.25	0	649.25
723.779	659.75	0	659.75
723.88	669	0	669
723.98	686	0	686
724.081	680.25	0	680.25
724.182	655.5	0	655.5
724.282	656.25	0	656.25
724.383	649	0	649
724.483	649.5	0	649.5
724.584	650	0	650
724.685	654.75	0	654.75
724.785	671	0	671
724.886	647.5	0	647.5
724.986	649.75	0	649.75
725.086	652.5	0	652.5
725.187	654.25	0	654.25
725.287	629.5	0	629.5
725.388	641.25	0	641.25
725.488	643.25	0	643.25
725.588	637.25	0	637.25
725.689	623	0	623
725.789	644.75	0	644.75
725.889	644.5	0	644.5
725.99	643	0	643
726.09	635	0	635
726.19	638.5	0	638.5
726.29	638.25	0	638.25
726.39	625.25	0	625.25
726.49	639.5	0	639.5
726.591	634.5	0	634.5
726.691	662.75	0	662.75
726.791	621.5	0	621.5
726.891	607	0	607
726.991	615.25	0	615.25
727.091	638.25	0	638.25
727.191	621.75	0	621.75
727.291	621.25	0	621.25
727.391	619	0	619
727.491	623.5	0	623.5
727.591	621	0	621
727.691	621.75	0	621.75
727.79	629	0	629
727.89	615.5	0	615.5
727.99	619.25	0	619.25
728.09	622	0	622
728.19	635.75	0	635.75
728.289	625	0	625
728.389	635.75	0	635.75
728.489	615.5	0	615.5
728.589	609.5	0	609.5
728.688	634.75	0	634.75
728.788	625	0	625
728.888	630.25	0	630.25
728.987	623.75	0	623.75
729.087	613.25	0	613.25
729.186	596.25	0	596.25
729.286	628	0	628
729.385	617	0	617
729.485	598.75	0	598.75
729.584	620.5	0	620.5
729.684	593.5	0	593.5
729.783	605.5	0	605.5
729.883	620	0	620
729.982	604.25	0	604.25
730.081	578.25	0	578.25
730.181	614.25	0	614.25
730.28	614.75	0	614.75
730.379	610.5	0	610.5
730.479	602.5	0	602.5
730.578	599	0	599
730.677	600.5	0	600.5
730.776	594.25	0	594.25
730.875	615.75	0	615.75
730.975	612.25	0	612.25
731.074	595	0	595
731.173	585.75	0	585.75
731.272	621.5	0	621.5
731.371	604.75	0	604.75
731.47	618	0	618
731.569	588.5	0	588.5
731.668	610.25	0	610.25
731.767	611.25	0	611.25
731.866	592.25	0	592.25
731.965	583.5	0	583.5
732.064	587.25	0	587.25
732.163	584	0	584
732.262	588	0	588
732.361	588.5	0	588.5
732.46	605.25	0	605.25
732.558	582	0	582
732.657	593	0	593
732.756	609	0	609
732.855	585.75	0	585.75
732.953	588	0	588
733.052	596	0	596
733.151	572	0	572
733.25	588.5	0	588.5
733.348	600.75	0	600.75
733.447	592	0	592
733.545	593	0	593
733.644	582	0	582
733.742	606.75	0	606.75
733.841	575.25	0	575.25
733.939	567.5	0	567.5
734.038	585	0	585
734.136	595	0	595
734.235	591.75	0	591.75
734.333	580.5	0	580.5
734.432	575.25	0	575.25
734.53	574	0	574
734.628	583.5	0	583.5
734.727	570.75	0	570.75
734.825	585.25	0	585.25
734.923	570.5	0	570.5
735.022	577	0	577
735.12	575.75	0	575.75
735.218	563.75	0	563.75
735.316	568	0	568
735.414	550.25	0	550.25
735.513	575	0	575
735.611	561.75	0	561.75
735.709	558.25	0	558.25
735.807	585	0	585
735.905	582	0	582
736.003	590.5	0	590.5
736.101	589.25	0	589.25
736.199	589	0	589
736.297	543.5	0	543.5
736.395	565.5	0	565.5
736.493	597.25	0	597.25
736.591	559.5	0	559.5
736.689	580	0	580
736.787	563.75	0	563.75
736.884	579.25	0	579.25
736.982	557.5	0	557.5
737.08	596.75	0	596.75
737.178	642	0	642
737.276	765.25	0	765.25
737.373	664.5	0	664.5
737.471	598.75	0	598.75
737.569	591.25	0	591.25
737.667	581	0	581
737.764	592	0	592
737.862	577.75	0	577.75
737.959	590.75	0	590.75
738.057	573	0	573
738.154	594	0	594
738.252	575.5	0	575.5
738.35	574.75	0	574.75
738.447	559.75	0	559.75
738.544	585	0	585
738.642	564.5	0	564.5
738.739	600.75	0	600.75
738.837	594.25	0	594.25
738.934	586.25	0	586.25
739.031	573	0	573
739.129	571.25	0	571.25
739.226	577.75	0	577.75
739.323	571.5	0	571.5
739.421	578	0	578
739.518	587.5	0	587.5
739.615	651	0	651