Lambda	Spectrum	Dark	SpecMinusDark
500.031	10584.2	0	10584.2
500.165	11513.5	0	11513.5
500.299	12808.2	0	12808.2
500.433	13986.5	0	13986.5
500.567	14741.5	0	14741.5
500.701	15025	0	15025
500.835	15189.8	0	15189.8
500.968	14763.5	0	14763.5
501.102	13906.8	0	13906.8
501.236	13142.2	0	13142.2
501.37	12514.5	0	12514.5
501.504	11644.8	0	11644.8
501.637	10929.2	0	10929.2
501.771	10294.8	0	10294.8
501.905	9683.5	0	9683.5
502.039	9323.75	0	9323.75
502.172	8969.75	0	8969.75
502.306	8764	0	8764
502.44	8492.75	0	8492.75
502.573	8386.25	0	8386.25
502.707	8275.25	0	8275.25
502.841	8190.75	0	8190.75
502.974	7981	0	7981
503.108	7830.25	0	7830.25
503.242	7769.5	0	7769.5
503.375	7648	0	7648
503.509	7443.75	0	7443.75
503.642	7466.5	0	7466.5
503.776	7430.5	0	7430.5
503.909	7401.75	0	7401.75
504.043	7519	0	7519
504.176	7633.25	0	7633.25
504.31	7822.75	0	7822.75
504.443	8024.75	0	8024.75
504.577	8188.75	0	8188.75
504.71	8521.5	0	8521.5
504.844	8789.5	0	8789.5
504.977	8646.25	0	8646.25
505.111	8347.75	0	8347.75
505.244	8019.25	0	8019.25
505.377	7819.75	0	7819.75
505.511	7641.25	0	7641.25
505.644	7561.5	0	7561.5
505.777	7634.75	0	7634.75
505.911	7440.5	0	7440.5
506.044	7461.75	0	7461.75
506.177	7472.5	0	7472.5
506.311	7678.75	0	7678.75
506.444	7711.25	0	7711.25
506.577	7366.75	0	7366.75
506.71	7491.25	0	7491.25
506.844	7293.75	0	7293.75
506.977	7247.25	0	7247.25
507.11	7208	0	7208
507.243	7113.75	0	7113.75
507.376	7267	0	7267
507.51	7096.25	0	7096.25
507.643	7143.5	0	7143.5
507.776	7145.5	0	7145.5
507.909	7173.25	0	7173.25
508.042	7052.5	0	7052.5
508.175	7037	0	7037
508.308	7145.25	0	7145.25
508.441	7094.25	0	7094.25
508.574	7039	0	7039
508.707	7001.75	0	7001.75
508.84	6909	0	6909
508.973	6959.5	0	6959.5
509.106	6944.5	0	6944.5
509.239	6955.5	0	6955.5
509.372	7056.25	0	7056.25
509.505	7043.5	0	7043.5
509.638	6975.25	0	6975.25
509.771	6927.25	0	6927.25
509.904	7010.25	0	7010.25
510.037	7056.5	0	7056.5
510.17	7002.75	0	7002.75
510.303	7115.5	0	7115.5
510.436	7060.5	0	7060.5
510.568	7080.5	0	7080.5
510.701	6979.25	0	6979.25
510.834	6957.75	0	6957.75
510.967	7000.75	0	7000.75
511.1	7085.25	0	7085.25
511.232	7025.75	0	7025.75
511.365	7128	0	7128
511.498	7074.75	0	7074.75
511.631	7091.25	0	7091.25
511.763	7084.5	0	7084.5
511.896	7162.25	0	7162.25
512.029	7210.5	0	7210.5
512.161	7127.25	0	7127.25
512.294	7072	0	7072
512.427	7132.75	0	7132.75
512.559	7113	0	7113
512.692	7071.75	0	7071.75
512.825	7194	0	7194
512.957	7251	0	7251
513.09	7188.25	0	7188.25
513.222	7278	0	7278
513.355	7290.75	0	7290.75
513.487	7287.5	0	7287.5
513.62	7195	0	7195
513.752	7314.5	0	7314.5
513.885	7379.5	0	7379.5
514.017	7391.75	0	7391.75
514.15	7357.75	0	7357.75
514.282	7374	0	7374
514.415	7418.25	0	7418.25
514.547	7471.25	0	7471.25
514.68	7453.25	0	7453.25
514.812	7573.25	0	7573.25
514.944	7576	0	7576
515.077	7614	0	7614
515.209	7670.5	0	7670.5
515.341	7704.5	0	7704.5
515.474	7713.5	0	7713.5
515.606	7874	0	7874
515.738	7811	0	7811
515.871	7861.75	0	7861.75
516.003	8194.25	0	8194.25
516.135	8051.75	0	8051.75
516.267	8154	0	8154
516.4	8272	0	8272
516.532	8417.75	0	8417.75
516.664	8721.5	0	8721.5
516.796	8899.75	0	8899.75
516.928	9189	0	9189
517.06	9461.5	0	9461.5
517.193	9655.25	0	9655.25
517.325	10108.2	0	10108.2
517.457	10492.2	0	10492.2
517.589	10958.5	0	10958.5
517.721	11184.8	0	11184.8
517.853	11433.5	0	11433.5
517.985	11517.5	0	11517.5
518.117	11581	0	11581
518.249	11502.2	0	11502.2
518.381	11360.2	0	11360.2
518.513	10991.2	0	10991.2
518.645	10524.2	0	10524.2
518.777	10201.5	0	10201.5
518.909	9897.5	0	9897.5
519.041	9622	0	9622
519.173	9294	0	9294
519.305	9133.5	0	9133.5
519.437	8987.75	0	8987.75
519.569	8834.25	0	8834.25
519.701	8658	0	8658
519.832	8518	0	8518
519.964	8453.75	0	8453.75
520.096	8355.25	0	8355.25
520.228	8249.5	0	8249.5
520.36	8292	0	8292
520.491	8151	0	8151
520.623	7869.25	0	7869.25
520.755	7973	0	7973
520.887	7934.75	0	7934.75
521.018	7819	0	7819
521.15	7915	0	7915
521.282	7844	0	7844
521.414	7737.5	0	7737.5
521.545	7684.75	0	7684.75
521.677	7600	0	7600
521.808	7621	0	7621
521.94	7438.5	0	7438.5
522.072	7370.25	0	7370.25
522.203	7524.75	0	7524.75
522.335	7476	0	7476
522.466	7385.5	0	7385.5
522.598	7343.25	0	7343.25
522.729	7348	0	7348
522.861	7321.25	0	7321.25
522.993	7297.5	0	7297.5
523.124	7382.25	0	7382.25
523.256	7351	0	7351
523.387	7254.5	0	7254.5
523.518	7233	0	7233
523.65	7174.75	0	7174.75
523.781	7152	0	7152
523.913	7183.5	0	7183.5
524.044	7130.75	0	7130.75
524.176	7076	0	7076
524.307	7062.25	0	7062.25
524.438	6933	0	6933
524.57	7051.75	0	7051.75
524.701	6945.25	0	6945.25
524.832	6936.5	0	6936.5
524.964	6930.5	0	6930.5
525.095	6973	0	6973
525.226	7017.25	0	7017.25
525.357	6930	0	6930
525.489	6841.25	0	6841.25
525.62	6875.75	0	6875.75
525.751	6827	0	6827
525.882	6885	0	6885
526.013	6959.5	0	6959.5
526.145	6762.5	0	6762.5
526.276	6890.75	0	6890.75
526.407	6810.5	0	6810.5
526.538	6788	0	6788
526.669	6863.25	0	6863.25
526.8	6858.25	0	6858.25
526.931	6835.75	0	6835.75
527.062	6780.75	0	6780.75
527.193	6797	0	6797
527.324	6779	0	6779
527.455	6628	0	6628
527.586	6640.75	0	6640.75
527.717	6800.25	0	6800.25
527.848	6699.5	0	6699.5
527.979	6771.5	0	6771.5
528.11	6674	0	6674
528.241	6752.25	0	6752.25
528.372	6714.5	0	6714.5
528.503	6650.25	0	6650.25
528.634	6703.75	0	6703.75
528.765	6643.5	0	6643.5
528.896	6627.5	0	6627.5
529.026	6574.25	0	6574.25
529.157	6572	0	6572
529.288	6592.75	0	6592.75
529.419	6634.25	0	6634.25
529.55	6524.25	0	6524.25
529.681	6664	0	6664
529.811	6533	0	6533
529.942	6673.25	0	6673.25
530.073	6625.5	0	6625.5
530.203	6652	0	6652
530.334	6877	0	6877
530.465	7233	0	7233
530.596	7596.5	0	7596.5
530.726	7193.25	0	7193.25
530.857	6831.5	0	6831.5
530.987	6835.5	0	6835.5
531.118	6773	0	6773
531.249	6761.75	0	6761.75
531.379	6719.5	0	6719.5
531.51	6689.25	0	6689.25
531.64	6692.75	0	6692.75
531.771	6666	0	6666
531.901	6732.25	0	6732.25
532.032	6678.25	0	6678.25
532.163	6710.5	0	6710.5
532.293	6752.75	0	6752.75
532.423	6767.5	0	6767.5
532.554	6640	0	6640
532.684	6645.5	0	6645.5
532.815	6690.75	0	6690.75
532.945	6653.25	0	6653.25
533.076	6600.75	0	6600.75
533.206	6679.5	0	6679.5
533.336	6502.25	0	6502.25
533.467	6484.25	0	6484.25
533.597	6559.5	0	6559.5
533.727	6553.25	0	6553.25
533.858	6495.75	0	6495.75
533.988	6499.5	0	6499.5
534.118	6554.5	0	6554.5
534.248	6445.75	0	6445.75
534.379	6514.5	0	6514.5
534.509	6480.75	0	6480.75
534.639	6574.25	0	6574.25
534.769	6515.75	0	6515.75
534.9	6470.25	0	6470.25
535.03	6318.25	0	6318.25
535.16	6356.25	0	6356.25
535.29	6346	0	6346
535.42	6273.25	0	6273.25
535.55	6352.5	0	6352.5
535.68	6281.5	0	6281.5
535.81	6290.5	0	6290.5
535.94	6212.5	0	6212.5
536.071	6279.5	0	6279.5
536.201	6185.75	0	6185.75
536.331	6182.25	0	6182.25
536.461	6132.75	0	6132.75
536.591	6116.75	0	6116.75
536.721	6104.25	0	6104.25
536.851	6161.75	0	6161.75
536.981	6101	0	6101
537.11	6112.75	0	6112.75
537.24	6006.75	0	6006.75
537.37	6116.5	0	6116.5
537.5	6040.25	0	6040.25
537.63	6051.5	0	6051.5
537.76	6011.25	0	6011.25
537.89	6078.75	0	6078.75
538.02	6012.25	0	6012.25
538.149	5952.5	0	5952.5
538.279	5903.75	0	5903.75
538.409	5952	0	5952
538.539	5957.25	0	5957.25
538.669	5988	0	5988
538.798	5902.75	0	5902.75
538.928	5987.75	0	5987.75
539.058	5942.5	0	5942.5
539.187	5992	0	5992
539.317	6049.5	0	6049.5
539.447	6055.75	0	6055.75
539.576	6122.75	0	6122.75
539.706	6020.75	0	6020.75
539.836	5868	0	5868
539.965	5912.25	0	5912.25
540.095	5936.75	0	5936.75
540.225	5911.25	0	5911.25
540.354	5864.25	0	5864.25
540.484	5919.5	0	5919.5
540.613	5865	0	5865
540.743	5851.25	0	5851.25
540.872	5904	0	5904
541.002	5823	0	5823
541.131	5794.75	0	5794.75
541.261	5933.5	0	5933.5
541.39	5897	0	5897
541.52	5846	0	5846
541.649	5845	0	5845
541.778	5850.25	0	5850.25
541.908	5905.25	0	5905.25
542.037	5836	0	5836
542.167	5849.5	0	5849.5
542.296	5799.5	0	5799.5
542.425	5830	0	5830
542.554	5804.5	0	5804.5
542.684	5754	0	5754
542.813	5777.25	0	5777.25
542.942	5800.75	0	5800.75
543.072	5772.5	0	5772.5
543.201	5844.75	0	5844.75
543.33	5804.5	0	5804.5
543.459	5853.5	0	5853.5
543.588	5820.75	0	5820.75
543.718	5850.25	0	5850.25
543.847	5866.75	0	5866.75
543.976	5837.25	0	5837.25
544.105	5864.25	0	5864.25
544.234	5832.75	0	5832.75
544.363	5936	0	5936
544.492	5892.25	0	5892.25
544.621	5914.5	0	5914.5
544.75	5962.5	0	5962.5
544.88	5935.75	0	5935.75
545.009	5988	0	5988
545.138	6013	0	6013
545.266	6011.75	0	6011.75
545.396	6119.75	0	6119.75
545.525	6216.25	0	6216.25
545.653	6232.5	0	6232.5
545.782	6225.5	0	6225.5
545.911	6224.25	0	6224.25
546.04	6148.25	0	6148.25
546.169	6105.5	0	6105.5
546.298	6133.75	0	6133.75
546.427	6188.75	0	6188.75
546.556	6063	0	6063
546.685	6014.5	0	6014.5
546.813	6109.25	0	6109.25
546.942	6080.75	0	6080.75
547.071	6096.75	0	6096.75
547.2	6066.5	0	6066.5
547.328	6094.75	0	6094.75
547.457	6106.5	0	6106.5
547.586	6115.25	0	6115.25
547.715	6189.25	0	6189.25
547.843	6292.25	0	6292.25
547.972	6400.25	0	6400.25
548.101	6598.75	0	6598.75
548.229	6571	0	6571
548.358	6734.5	0	6734.5
548.487	6571.5	0	6571.5
548.615	6362.5	0	6362.5
548.744	6401.75	0	6401.75
548.872	6392	0	6392
549.001	6424.75	0	6424.75
549.129	6415.25	0	6415.25
549.258	6406.25	0	6406.25
549.387	6400.25	0	6400.25
549.515	6435.5	0	6435.5
549.643	6441.25	0	6441.25
549.772	6542	0	6542
549.9	6705.5	0	6705.5
550.029	6672	0	6672
550.157	6609.75	0	6609.75
550.286	6516.5	0	6516.5
550.414	6421	0	6421
550.542	6362.25	0	6362.25
550.671	6337	0	6337
550.799	6235.75	0	6235.75
550.927	6205.25	0	6205.25
551.056	6102.5	0	6102.5
551.184	6136	0	6136
551.312	6170.5	0	6170.5
551.441	6195.25	0	6195.25
551.569	6208.5	0	6208.5
551.697	6311.25	0	6311.25
551.825	6270.5	0	6270.5
551.953	6218.25	0	6218.25
552.082	6334.5	0	6334.5
552.21	6417.25	0	6417.25
552.338	6477	0	6477
552.466	6455.75	0	6455.75
552.594	6612.5	0	6612.5
552.722	6652.75	0	6652.75
552.851	6776.5	0	6776.5
552.979	6871	0	6871
553.107	7065.75	0	7065.75
553.235	7090.75	0	7090.75
553.363	7260.25	0	7260.25
553.491	7323.25	0	7323.25
553.619	7468	0	7468
553.747	7462.75	0	7462.75
553.875	7366.25	0	7366.25
554.003	7299	0	7299
554.131	7080	0	7080
554.259	7017	0	7017
554.387	6787.25	0	6787.25
554.514	6796	0	6796
554.642	6648	0	6648
554.77	6598	0	6598
554.898	6463	0	6463
555.026	6438	0	6438
555.154	6302.5	0	6302.5
555.281	6324.5	0	6324.5
555.409	6396	0	6396
555.537	6278	0	6278
555.665	6136.5	0	6136.5
555.793	6137.25	0	6137.25
555.92	6081.75	0	6081.75
556.048	6021.5	0	6021.5
556.176	5924.5	0	5924.5
556.303	5923.25	0	5923.25
556.431	5908	0	5908
556.559	5798.25	0	5798.25
556.686	5783.75	0	5783.75
556.814	5756.75	0	5756.75
556.942	5773	0	5773
557.069	5684.5	0	5684.5
557.197	5781.5	0	5781.5
557.324	5707.75	0	5707.75
557.452	5645.75	0	5645.75
557.579	5685.5	0	5685.5
557.707	5711.75	0	5711.75
557.835	5649.75	0	5649.75
557.962	5621.25	0	5621.25
558.089	5609.25	0	5609.25
558.217	5621.75	0	5621.75
558.344	5629.25	0	5629.25
558.472	5643.75	0	5643.75
558.599	5607.5	0	5607.5
558.727	5578	0	5578
558.854	5605.75	0	5605.75
558.981	5569	0	5569
559.109	5610.25	0	5610.25
559.236	5600.25	0	5600.25
559.363	5644	0	5644
559.491	5647.25	0	5647.25
559.618	5550	0	5550
559.745	5504.5	0	5504.5
559.872	5668.5	0	5668.5
560	5479.5	0	5479.5
560.127	5619	0	5619
560.254	5511.5	0	5511.5
560.381	5505.75	0	5505.75
560.508	5605.75	0	5605.75
560.636	5515.75	0	5515.75
560.763	5527	0	5527
560.89	5542.25	0	5542.25
561.017	5594.75	0	5594.75
561.144	5480.75	0	5480.75
561.271	5457.25	0	5457.25
561.398	5461.5	0	5461.5
561.525	5572.5	0	5572.5
561.652	5514.75	0	5514.75
561.779	5474.25	0	5474.25
561.906	5535.5	0	5535.5
562.033	5554.25	0	5554.25
562.16	5538.75	0	5538.75
562.287	5536.75	0	5536.75
562.414	5562.5	0	5562.5
562.541	5656.25	0	5656.25
562.668	5587	0	5587
562.795	5522.25	0	5522.25
562.922	5562.25	0	5562.25
563.049	5535.75	0	5535.75
563.175	5601.5	0	5601.5
563.302	5599	0	5599
563.429	5640.5	0	5640.5
563.556	5689	0	5689
563.683	5660.25	0	5660.25
563.809	5617.75	0	5617.75
563.936	5672	0	5672
564.063	5667.75	0	5667.75
564.19	5714.5	0	5714.5
564.316	5808.5	0	5808.5
564.443	5804.25	0	5804.25
564.57	5802	0	5802
564.696	5891.75	0	5891.75
564.823	5902.25	0	5902.25
564.95	5929.25	0	5929.25
565.076	6084.5	0	6084.5
565.203	6206	0	6206
565.33	6177.25	0	6177.25
565.456	6302	0	6302
565.583	6328	0	6328
565.709	6562.75	0	6562.75
565.836	6608	0	6608
565.962	6840	0	6840
566.089	6991.5	0	6991.5
566.215	7239.5	0	7239.5
566.341	7522.25	0	7522.25
566.468	7983.5	0	7983.5
566.594	8496.5	0	8496.5
566.721	8833.75	0	8833.75
566.847	9346.25	0	9346.25
566.974	9735.5	0	9735.5
567.1	9895.25	0	9895.25
567.226	9793.25	0	9793.25
567.353	9817.25	0	9817.25
567.479	9766.5	0	9766.5
567.605	10083.8	0	10083.8
567.732	10585.5	0	10585.5
567.858	11004.5	0	11004.5
567.984	11708.5	0	11708.5
568.11	11994.8	0	11994.8
568.236	12454.2	0	12454.2
568.363	12229.8	0	12229.8
568.489	11187.2	0	11187.2
568.615	10584.8	0	10584.8
568.741	9712.75	0	9712.75
568.867	9020.5	0	9020.5
568.993	8627.25	0	8627.25
569.12	8180.5	0	8180.5
569.246	7801.75	0	7801.75
569.372	7242.75	0	7242.75
569.498	7030.25	0	7030.25
569.624	6691	0	6691
569.75	6535.75	0	6535.75
569.876	6371.25	0	6371.25
570.002	6234.75	0	6234.75
570.128	6154	0	6154
570.254	6116	0	6116
570.38	5972.25	0	5972.25
570.506	6058	0	6058
570.632	6000.75	0	6000.75
570.758	6017.5	0	6017.5
570.883	6047.5	0	6047.5
571.009	6070	0	6070
571.135	6045.5	0	6045.5
571.261	6079.25	0	6079.25
571.387	6227.25	0	6227.25
571.513	6131.75	0	6131.75
571.638	5930	0	5930
571.764	5768.25	0	5768.25
571.89	5589.5	0	5589.5
572.016	5465.5	0	5465.5
572.141	5330.25	0	5330.25
572.267	5259	0	5259
572.393	5180	0	5180
572.518	5132.75	0	5132.75
572.644	5104.75	0	5104.75
572.77	5058	0	5058
572.895	4937	0	4937
573.021	5014.5	0	5014.5
573.147	4935.25	0	4935.25
573.272	5026.75	0	5026.75
573.398	4873	0	4873
573.523	4854	0	4854
573.649	4852.25	0	4852.25
573.774	4891	0	4891
573.9	4878.75	0	4878.75
574.025	4846	0	4846
574.151	4738.5	0	4738.5
574.276	4772.5	0	4772.5
574.402	4739.5	0	4739.5
574.527	4775.75	0	4775.75
574.652	4888.5	0	4888.5
574.778	4840.25	0	4840.25
574.903	4758.75	0	4758.75
575.029	4831.25	0	4831.25
575.154	4774.25	0	4774.25
575.279	4711.25	0	4711.25
575.405	4766	0	4766
575.53	4657.75	0	4657.75
575.655	4610	0	4610
575.78	4577.5	0	4577.5
575.906	4629.5	0	4629.5
576.031	4518	0	4518
576.156	4513.25	0	4513.25
576.281	4455.5	0	4455.5
576.406	4595.25	0	4595.25
576.532	4589.75	0	4589.75
576.657	4520	0	4520
576.782	4574.5	0	4574.5
576.907	4548.25	0	4548.25
577.032	4547.5	0	4547.5
577.157	4442.25	0	4442.25
577.282	4468.5	0	4468.5
577.407	4461.75	0	4461.75
577.532	4350	0	4350
577.657	4275.75	0	4275.75
577.782	4394	0	4394
577.907	4367.75	0	4367.75
578.032	4329.25	0	4329.25
578.157	4353.5	0	4353.5
578.282	4267.25	0	4267.25
578.407	4342.5	0	4342.5
578.532	4298.25	0	4298.25
578.657	4214.5	0	4214.5
578.782	4260.75	0	4260.75
578.907	4334	0	4334
579.031	4209.75	0	4209.75
579.156	4222.5	0	4222.5
579.281	4182.25	0	4182.25
579.406	4177.25	0	4177.25
579.531	4238	0	4238
579.655	4239.25	0	4239.25
579.78	4177.25	0	4177.25
579.905	4137	0	4137
580.03	4142	0	4142
580.154	4166.5	0	4166.5
580.279	4125.5	0	4125.5
580.404	4153.5	0	4153.5
580.528	4192	0	4192
580.653	4143	0	4143
580.778	4082.25	0	4082.25
580.902	4205.25	0	4205.25
581.027	4119.25	0	4119.25
581.151	4129	0	4129
581.276	4041	0	4041
581.4	4049	0	4049
581.525	4070.5	0	4070.5
581.649	4130.5	0	4130.5
581.774	4020.5	0	4020.5
581.898	4085.5	0	4085.5
582.023	4138.5	0	4138.5
582.147	3990.25	0	3990.25
582.272	4063.25	0	4063.25
582.396	4022.75	0	4022.75
582.52	4058.75	0	4058.75
582.645	4015.75	0	4015.75
582.769	3991.5	0	3991.5
582.893	3986	0	3986
583.018	4009.25	0	4009.25
583.142	3973.25	0	3973.25
583.266	3948.25	0	3948.25
583.391	4041.25	0	4041.25
583.515	3988	0	3988
583.639	4007.5	0	4007.5
583.763	3981.5	0	3981.5
583.888	3976.5	0	3976.5
584.012	3988.5	0	3988.5
584.136	3971.5	0	3971.5
584.26	3994.25	0	3994.25
584.384	4008.25	0	4008.25
584.508	3987.25	0	3987.25
584.632	4006.75	0	4006.75
584.757	4029.75	0	4029.75
584.881	4124	0	4124
585.005	4112	0	4112
585.129	3996.5	0	3996.5
585.253	3939.25	0	3939.25
585.377	3947.25	0	3947.25
585.501	3965.5	0	3965.5
585.625	3935	0	3935
585.749	3916.25	0	3916.25
585.873	3933	0	3933
585.997	3908.5	0	3908.5
586.12	3856.75	0	3856.75
586.244	3926.5	0	3926.5
586.368	3968	0	3968
586.492	3927	0	3927
586.616	3934.25	0	3934.25
586.74	3873.75	0	3873.75
586.864	3894.75	0	3894.75
586.987	3890	0	3890
587.111	3894	0	3894
587.235	3854	0	3854
587.359	3960.25	0	3960.25
587.482	3903.25	0	3903.25
587.606	3843.5	0	3843.5
587.73	3893	0	3893
587.854	3929.5	0	3929.5
587.977	3903.5	0	3903.5
588.101	3833.5	0	3833.5
588.224	3822.75	0	3822.75
588.348	3862.5	0	3862.5
588.472	3859.75	0	3859.75
588.595	3851.25	0	3851.25
588.719	3861.25	0	3861.25
588.842	3925.25	0	3925.25
588.966	3802.25	0	3802.25
589.089	3896.25	0	3896.25
589.213	3924	0	3924
589.336	3915	0	3915
589.46	4024	0	4024
589.583	3930	0	3930
589.707	3963.5	0	3963.5
589.83	3990	0	3990
589.954	3964	0	3964
590.077	3989.5	0	3989.5
590.2	3956.5	0	3956.5
590.324	3998.25	0	3998.25
590.447	3930.5	0	3930.5
590.57	4006	0	4006
590.694	3985.75	0	3985.75
590.817	3991.25	0	3991.25
590.94	3953.5	0	3953.5
591.063	4032.75	0	4032.75
591.187	4094.5	0	4094.5
591.31	4030.25	0	4030.25
591.433	4057	0	4057
591.556	4100.25	0	4100.25
591.679	4125.75	0	4125.75
591.803	4230.75	0	4230.75
591.926	4209.5	0	4209.5
592.049	4311.5	0	4311.5
592.172	4349.5	0	4349.5
592.295	4455.75	0	4455.75
592.418	4490.25	0	4490.25
592.541	4615.75	0	4615.75
592.664	4619.75	0	4619.75
592.787	4817.75	0	4817.75
592.91	4919.25	0	4919.25
593.033	5044.5	0	5044.5
593.156	5139.75	0	5139.75
593.279	5310.25	0	5310.25
593.402	5383.25	0	5383.25
593.525	5412	0	5412
593.648	5514.25	0	5514.25
593.771	5385.75	0	5385.75
593.894	5426	0	5426
594.016	5547	0	5547
594.139	5560	0	5560
594.262	5668	0	5668
594.385	5752.25	0	5752.25
594.508	5778	0	5778
594.63	5679	0	5679
594.753	5519.5	0	5519.5
594.876	5375.5	0	5375.5
594.999	5179.5	0	5179.5
595.121	4994	0	4994
595.244	4885.5	0	4885.5
595.367	4824.75	0	4824.75
595.489	4690.25	0	4690.25
595.612	4619.25	0	4619.25
595.735	4537.5	0	4537.5
595.857	4482.75	0	4482.75
595.98	4368.75	0	4368.75
596.102	4318	0	4318
596.225	4203	0	4203
596.347	4185.75	0	4185.75
596.47	4121.25	0	4121.25
596.592	4044.75	0	4044.75
596.715	4000.5	0	4000.5
596.837	4035	0	4035
596.96	4066.75	0	4066.75
597.082	3944.5	0	3944.5
597.205	3911.75	0	3911.75
597.327	3863.75	0	3863.75
597.449	3817	0	3817
597.572	3774.25	0	3774.25
597.694	3801.25	0	3801.25
597.816	3728.25	0	3728.25
597.939	3720.75	0	3720.75
598.061	3795.5	0	3795.5
598.183	3769.5	0	3769.5
598.306	3652	0	3652
598.428	3738.5	0	3738.5
598.55	3701.25	0	3701.25
598.672	3623.25	0	3623.25
598.795	3697.25	0	3697.25
598.917	3640	0	3640
599.039	3719.75	0	3719.75
599.161	3625.5	0	3625.5
599.283	3620	0	3620
599.405	3532.5	0	3532.5
599.527	3658.5	0	3658.5
599.65	3589.75	0	3589.75
599.772	3529.75	0	3529.75
599.894	3559	0	3559
600.016	3550.75	0	3550.75
600.138	3574.25	0	3574.25
600.26	3498.25	0	3498.25
600.382	3584.25	0	3584.25
600.504	3509.5	0	3509.5
600.625	3572.25	0	3572.25
600.747	3546	0	3546
600.869	3464	0	3464
600.991	3556	0	3556
601.113	3519.75	0	3519.75
601.235	3525	0	3525
601.357	3474.5	0	3474.5
601.479	3503	0	3503
601.6	3493.5	0	3493.5
601.722	3462.25	0	3462.25
601.844	3482	0	3482
601.966	3476.75	0	3476.75
602.087	3436.5	0	3436.5
602.209	3450.75	0	3450.75
602.331	3402	0	3402
602.453	3496.5	0	3496.5
602.574	3451.25	0	3451.25
602.696	3484.75	0	3484.75
602.818	3417.25	0	3417.25
602.939	3447.5	0	3447.5
603.061	3498.25	0	3498.25
603.182	3452	0	3452
603.304	3406.75	0	3406.75
603.426	3389.5	0	3389.5
603.547	3427.25	0	3427.25
603.669	3354.5	0	3354.5
603.79	3437	0	3437
603.912	3353.75	0	3353.75
604.033	3318.25	0	3318.25
604.154	3334	0	3334
604.276	3308.25	0	3308.25
604.397	3327	0	3327
604.519	3412.75	0	3412.75
604.64	3334.5	0	3334.5
604.761	3338	0	3338
604.883	3303	0	3303
605.004	3282	0	3282
605.125	3304.75	0	3304.75
605.247	3263.25	0	3263.25
605.368	3233	0	3233
605.489	3244	0	3244
605.611	3276	0	3276
605.732	3281.25	0	3281.25
605.853	3260.5	0	3260.5
605.974	3223.5	0	3223.5
606.095	3242	0	3242
606.216	3242.5	0	3242.5
606.338	3222.5	0	3222.5
606.459	3263.25	0	3263.25
606.58	3215.25	0	3215.25
606.701	3220	0	3220
606.822	3185.75	0	3185.75
606.943	3204.25	0	3204.25
607.064	3184.5	0	3184.5
607.185	3221	0	3221
607.306	3179	0	3179
607.427	3137.75	0	3137.75
607.548	3144	0	3144
607.669	3181.25	0	3181.25
607.79	3179	0	3179
607.911	3242.5	0	3242.5
608.032	3173.75	0	3173.75
608.153	3197	0	3197
608.274	3189.5	0	3189.5
608.394	3102.5	0	3102.5
608.515	3235.25	0	3235.25
608.636	3110.25	0	3110.25
608.757	3141.5	0	3141.5
608.878	3140.75	0	3140.75
608.998	3159.75	0	3159.75
609.119	3114.5	0	3114.5
609.24	3155	0	3155
609.361	3086.25	0	3086.25
609.481	3137.25	0	3137.25
609.602	3144.75	0	3144.75
609.723	3128.25	0	3128.25
609.843	3131	0	3131
609.964	3104.5	0	3104.5
610.085	3070.5	0	3070.5
610.205	3103.75	0	3103.75
610.326	3076.5	0	3076.5
610.446	3083	0	3083
610.567	3032.25	0	3032.25
610.687	3093.25	0	3093.25
610.808	3082.75	0	3082.75
610.928	3118.75	0	3118.75
611.049	3071.5	0	3071.5
611.169	3103.5	0	3103.5
611.29	3008	0	3008
611.41	3074.75	0	3074.75
611.531	3063.25	0	3063.25
611.651	3042.25	0	3042.25
611.771	3031.75	0	3031.75
611.892	3064	0	3064
612.012	3075.25	0	3075.25
612.132	3065	0	3065
612.253	3024	0	3024
612.373	3076.75	0	3076.75
612.493	3042.5	0	3042.5
612.613	3067.5	0	3067.5
612.734	3045	0	3045
612.854	3000	0	3000
612.974	3021.75	0	3021.75
613.094	3011.25	0	3011.25
613.214	2971.25	0	2971.25
613.335	3021	0	3021
613.455	2982	0	2982
613.575	2993.25	0	2993.25
613.695	2966	0	2966
613.815	2945.5	0	2945.5
613.935	2946	0	2946
614.055	2997.5	0	2997.5
614.175	2979	0	2979
614.295	3005.5	0	3005.5
614.415	3003.75	0	3003.75
614.535	3022.5	0	3022.5
614.655	3028.75	0	3028.75
614.775	2941	0	2941
614.895	2959.75	0	2959.75
615.015	2986.25	0	2986.25
615.135	2967.25	0	2967.25
615.254	3004.25	0	3004.25
615.374	2979	0	2979
615.494	2890.25	0	2890.25
615.614	2984.5	0	2984.5
615.734	2934.5	0	2934.5
615.854	2967.5	0	2967.5
615.973	3037	0	3037
616.093	2972.5	0	2972.5
616.213	3069.75	0	3069.75
616.332	3039.75	0	3039.75
616.452	2944.25	0	2944.25
616.572	3052.5	0	3052.5
616.691	3061.25	0	3061.25
616.811	3021.25	0	3021.25
616.931	2985.25	0	2985.25
617.05	2978.5	0	2978.5
617.17	2989.25	0	2989.25
617.289	3023.5	0	3023.5
617.409	3008	0	3008
617.529	3030.5	0	3030.5
617.648	3017.25	0	3017.25
617.768	3037.5	0	3037.5
617.887	2982.25	0	2982.25
618.006	3026.5	0	3026.5
618.126	2940.75	0	2940.75
618.245	3030	0	3030
618.365	3038.25	0	3038.25
618.484	3044	0	3044
618.604	2989.25	0	2989.25
618.723	2971.75	0	2971.75
618.842	2952.5	0	2952.5
618.962	2899	0	2899
619.081	2952	0	2952
619.2	2922.5	0	2922.5
619.319	2911.25	0	2911.25
619.439	2897.75	0	2897.75
619.558	2899	0	2899
619.677	2855	0	2855
619.796	2835.75	0	2835.75
619.916	2885	0	2885
620.035	2867.25	0	2867.25
620.154	2854	0	2854
620.273	2858	0	2858
620.392	2871.25	0	2871.25
620.511	2803	0	2803
620.63	2855	0	2855
620.749	2805.5	0	2805.5
620.868	2765.5	0	2765.5
620.987	2746	0	2746
621.106	2769	0	2769
621.225	2791.5	0	2791.5
621.344	2812.25	0	2812.25
621.463	2762.25	0	2762.25
621.582	2710.5	0	2710.5
621.701	2716	0	2716
621.82	2784.75	0	2784.75
621.939	2807.5	0	2807.5
622.058	2707	0	2707
622.177	2718.25	0	2718.25
622.295	2693.5	0	2693.5
622.414	2709.75	0	2709.75
622.533	2650.75	0	2650.75
622.652	2721.5	0	2721.5
622.771	2669	0	2669
622.889	2618.75	0	2618.75
623.008	2664.75	0	2664.75
623.127	2655.75	0	2655.75
623.245	2640.75	0	2640.75
623.364	2642	0	2642
623.483	2644.25	0	2644.25
623.601	2584.75	0	2584.75
623.72	2632.25	0	2632.25
623.839	2634.75	0	2634.75
623.957	2613.5	0	2613.5
624.076	2627.5	0	2627.5
624.194	2601.75	0	2601.75
624.313	2633.5	0	2633.5
624.431	2611.25	0	2611.25
624.55	2591.75	0	2591.75
624.668	2583.75	0	2583.75
624.787	2555.25	0	2555.25
624.905	2555.75	0	2555.75
625.024	2590	0	2590
625.142	2582.25	0	2582.25
625.26	2523.75	0	2523.75
625.379	2560	0	2560
625.497	2541.75	0	2541.75
625.615	2544.5	0	2544.5
625.734	2549	0	2549
625.852	2549.75	0	2549.75
625.97	2518	0	2518
626.089	2566.25	0	2566.25
626.207	2544.75	0	2544.75
626.325	2522.5	0	2522.5
626.443	2497.25	0	2497.25
626.561	2465.5	0	2465.5
626.68	2503	0	2503
626.798	2497.75	0	2497.75
626.916	2498.75	0	2498.75
627.034	2516	0	2516
627.152	2472.75	0	2472.75
627.27	2509.5	0	2509.5
627.388	2452.75	0	2452.75
627.506	2472.75	0	2472.75
627.624	2420	0	2420
627.742	2408.75	0	2408.75
627.86	2482.75	0	2482.75
627.978	2468.75	0	2468.75
628.096	2357.25	0	2357.25
628.214	2476.5	0	2476.5
628.332	2491.75	0	2491.75
628.45	2438.75	0	2438.75
628.568	2474.25	0	2474.25
628.686	2478.5	0	2478.5
628.804	2543.75	0	2543.75
628.921	2482.25	0	2482.25
629.039	2439.75	0	2439.75
629.157	2470.5	0	2470.5
629.275	2345.25	0	2345.25
629.393	2356.25	0	2356.25
629.51	2306.5	0	2306.5
629.628	2391.75	0	2391.75
629.746	2369.75	0	2369.75
629.864	2367.5	0	2367.5
629.981	2367	0	2367
630.099	2391.75	0	2391.75
630.216	2366.25	0	2366.25
630.334	2367.75	0	2367.75
630.452	2320.75	0	2320.75
630.569	2372	0	2372
630.687	2343.25	0	2343.25
630.804	2359.5	0	2359.5
630.922	2333.75	0	2333.75
631.039	2284.25	0	2284.25
631.157	2257	0	2257
631.274	2288.5	0	2288.5
631.392	2285.75	0	2285.75
631.509	2266.75	0	2266.75
631.627	2280.5	0	2280.5
631.744	2279.5	0	2279.5
631.861	2293.75	0	2293.75
631.979	2334.25	0	2334.25
632.096	2311.75	0	2311.75
632.213	2321.25	0	2321.25
632.331	2306.25	0	2306.25
632.448	2305.75	0	2305.75
632.565	2232	0	2232
632.683	2255.75	0	2255.75
632.8	2289	0	2289
632.917	2306	0	2306
633.034	2304.75	0	2304.75
633.151	2264.5	0	2264.5
633.269	2238.25	0	2238.25
633.386	2250.5	0	2250.5
633.503	2244	0	2244
633.62	2234.75	0	2234.75
633.737	2235.25	0	2235.25
633.854	2243.5	0	2243.5
633.971	2260.25	0	2260.25
634.088	2240	0	2240
634.205	2246.75	0	2246.75
634.322	2273.5	0	2273.5
634.439	2243.75	0	2243.75
634.556	2226	0	2226
634.673	2212.5	0	2212.5
634.79	2201.25	0	2201.25
634.907	2177.75	0	2177.75
635.024	2201.75	0	2201.75
635.141	2221.5	0	2221.5
635.258	2210.25	0	2210.25
635.375	2227	0	2227
635.491	2196.75	0	2196.75
635.608	2211.75	0	2211.75
635.725	2220.25	0	2220.25
635.842	2159.5	0	2159.5
635.958	2187.5	0	2187.5
636.075	2229.25	0	2229.25
636.192	2204.25	0	2204.25
636.309	2203	0	2203
636.425	2218.25	0	2218.25
636.542	2192.25	0	2192.25
636.659	2141.5	0	2141.5
636.775	2175.5	0	2175.5
636.892	2149	0	2149
637.008	2177	0	2177
637.125	2184	0	2184
637.241	2147.75	0	2147.75
637.358	2203.25	0	2203.25
637.475	2208	0	2208
637.591	2133.5	0	2133.5
637.707	2195	0	2195
637.824	2160.25	0	2160.25
637.94	2163	0	2163
638.057	2165.5	0	2165.5
638.173	2192.25	0	2192.25
638.29	2208.5	0	2208.5
638.406	2170.5	0	2170.5
638.522	2127.5	0	2127.5
638.639	2194.75	0	2194.75
638.755	2151	0	2151
638.871	2149.25	0	2149.25
638.987	2122.75	0	2122.75
639.104	2080.75	0	2080.75
639.22	2136.25	0	2136.25
639.336	2150	0	2150
639.452	2086.5	0	2086.5
639.569	2105.25	0	2105.25
639.685	2113.25	0	2113.25
639.801	2090	0	2090
639.917	2143.5	0	2143.5
640.033	2054.75	0	2054.75
640.149	2057.5	0	2057.5
640.265	2075.5	0	2075.5
640.381	2095.5	0	2095.5
640.497	2066.25	0	2066.25
640.613	2042.25	0	2042.25
640.729	2030.75	0	2030.75
640.845	2062.25	0	2062.25
640.961	2053.75	0	2053.75
641.077	2080	0	2080
641.193	2075.5	0	2075.5
641.309	2076.25	0	2076.25
641.425	2032	0	2032
641.541	2052.75	0	2052.75
641.657	2054	0	2054
641.773	2057.75	0	2057.75
641.888	2025	0	2025
642.004	2051.5	0	2051.5
642.12	2057.75	0	2057.75
642.236	2024.5	0	2024.5
642.352	2080.25	0	2080.25
642.467	2016	0	2016
642.583	2001.25	0	2001.25
642.699	2053.25	0	2053.25
642.814	2025.75	0	2025.75
642.93	1990.5	0	1990.5
643.046	2033	0	2033
643.161	1990	0	1990
643.277	2042.5	0	2042.5
643.392	2040.75	0	2040.75
643.508	2006.25	0	2006.25
643.623	2016	0	2016
643.739	2061	0	2061
643.854	2023.25	0	2023.25
643.97	2039.75	0	2039.75
644.085	2030.5	0	2030.5
644.201	1975.5	0	1975.5
644.316	2060	0	2060
644.432	2045	0	2045
644.547	2016.25	0	2016.25
644.663	2009.75	0	2009.75
644.778	2033.25	0	2033.25
644.893	2007	0	2007
645.008	1998	0	1998
645.124	2018	0	2018
645.239	2091.75	0	2091.75
645.354	2089	0	2089
645.47	2116	0	2116
645.585	2063.5	0	2063.5
645.7	2040	0	2040
645.815	2041.75	0	2041.75
645.93	2054	0	2054
646.046	2145.5	0	2145.5
646.161	2072.25	0	2072.25
646.276	2071	0	2071
646.391	2053.75	0	2053.75
646.506	2095	0	2095
646.621	2102.25	0	2102.25
646.736	2067	0	2067
646.851	2141	0	2141
646.966	2089.25	0	2089.25
647.081	2115	0	2115
647.196	2169	0	2169
647.311	2169.5	0	2169.5
647.426	2210.5	0	2210.5
647.541	2175	0	2175
647.656	2205.5	0	2205.5
647.771	2197	0	2197
647.885	2279.75	0	2279.75
648	2245.75	0	2245.75
648.115	2245.5	0	2245.5
648.23	2335.75	0	2335.75
648.345	2348	0	2348
648.459	2423.25	0	2423.25
648.574	2452.25	0	2452.25
648.689	2444.25	0	2444.25
648.804	2455.75	0	2455.75
648.918	2375.5	0	2375.5
649.033	2353.5	0	2353.5
649.148	2334.5	0	2334.5
649.262	2275	0	2275
649.377	2288.75	0	2288.75
649.491	2265.75	0	2265.75
649.606	2237.75	0	2237.75
649.721	2213.75	0	2213.75
649.835	2265	0	2265
649.95	2201.25	0	2201.25
650.064	2194.75	0	2194.75
650.179	2217.75	0	2217.75
650.293	2179.25	0	2179.25
650.408	2156	0	2156
650.522	2184.5	0	2184.5
650.636	2148.25	0	2148.25
650.751	2127.75	0	2127.75
650.865	2154	0	2154
650.979	2129	0	2129
651.094	2108.25	0	2108.25
651.208	2149.5	0	2149.5
651.322	2138.25	0	2138.25
651.437	2141	0	2141
651.551	2127	0	2127
651.665	2107.5	0	2107.5
651.779	2083.25	0	2083.25
651.894	2148.5	0	2148.5
652.008	2110.5	0	2110.5
652.122	2146	0	2146
652.236	2169.75	0	2169.75
652.35	2150	0	2150
652.464	2162.25	0	2162.25
652.578	2212.75	0	2212.75
652.693	2263	0	2263
652.807	2260.75	0	2260.75
652.921	2272	0	2272
653.035	2184.5	0	2184.5
653.149	2209.75	0	2209.75
653.263	2248	0	2248
653.376	2182.25	0	2182.25
653.49	2176.5	0	2176.5
653.604	2257.25	0	2257.25
653.718	2262.25	0	2262.25
653.832	2290.5	0	2290.5
653.946	2254.5	0	2254.5
654.06	2299.25	0	2299.25
654.174	2342	0	2342
654.287	2337.5	0	2337.5
654.401	2355.25	0	2355.25
654.515	2368.75	0	2368.75
654.629	2386.5	0	2386.5
654.743	2405.5	0	2405.5
654.856	2414.25	0	2414.25
654.97	2436.5	0	2436.5
655.084	2522.75	0	2522.75
655.197	2525.75	0	2525.75
655.311	2535.25	0	2535.25
655.424	2646	0	2646
655.538	2669.25	0	2669.25
655.652	2738.75	0	2738.75
655.765	2755.75	0	2755.75
655.879	2876	0	2876
655.992	2975.5	0	2975.5
656.106	3026.5	0	3026.5
656.219	3125.75	0	3125.75
656.333	3286.75	0	3286.75
656.446	3369	0	3369
656.56	3461.75	0	3461.75
656.673	3671.25	0	3671.25
656.786	3626.75	0	3626.75
656.9	3548.75	0	3548.75
657.013	3499	0	3499
657.127	3353.75	0	3353.75
657.24	3336	0	3336
657.353	3175.25	0	3175.25
657.466	3143.75	0	3143.75
657.58	3096.5	0	3096.5
657.693	2973.25	0	2973.25
657.806	2930	0	2930
657.919	2846	0	2846
658.032	2805.25	0	2805.25
658.146	2722.25	0	2722.25
658.259	2718	0	2718
658.372	2692.5	0	2692.5
658.485	2599.5	0	2599.5
658.598	2550.5	0	2550.5
658.711	2606	0	2606
658.824	2507.5	0	2507.5
658.937	2473.25	0	2473.25
659.05	2488.75	0	2488.75
659.163	2442.25	0	2442.25
659.276	2404	0	2404
659.389	2444.75	0	2444.75
659.502	2367.5	0	2367.5
659.615	2386.75	0	2386.75
659.728	2384	0	2384
659.841	2369.5	0	2369.5
659.954	2354.75	0	2354.75
660.067	2308.25	0	2308.25
660.179	2352.75	0	2352.75
660.292	2364	0	2364
660.405	2312.25	0	2312.25
660.518	2347.75	0	2347.75
660.63	2359.5	0	2359.5
660.743	2365.75	0	2365.75
660.856	2436	0	2436
660.969	2445	0	2445
661.081	2417.25	0	2417.25
661.194	2437.25	0	2437.25
661.307	2438.75	0	2438.75
661.419	2358	0	2358
661.532	2436	0	2436
661.644	2306	0	2306
661.757	2299.5	0	2299.5
661.869	2264.75	0	2264.75
661.982	2224	0	2224
662.094	2129	0	2129
662.207	2071	0	2071
662.319	2070.75	0	2070.75
662.432	2065.75	0	2065.75
662.544	2012.5	0	2012.5
662.656	2005.5	0	2005.5
662.769	1980	0	1980
662.881	1999.75	0	1999.75
662.994	1944.75	0	1944.75
663.106	1957.25	0	1957.25
663.218	1913.25	0	1913.25
663.331	1962	0	1962
663.443	1891.25	0	1891.25
663.555	1854.25	0	1854.25
663.667	1874.5	0	1874.5
663.779	1842	0	1842
663.892	1850.5	0	1850.5
664.004	1857.5	0	1857.5
664.116	1856	0	1856
664.228	1833.25	0	1833.25
664.34	1793	0	1793
664.452	1790.75	0	1790.75
664.564	1824.25	0	1824.25
664.676	1775	0	1775
664.788	1783	0	1783
664.901	1824	0	1824
665.012	1773.25	0	1773.25
665.125	1718.5	0	1718.5
665.236	1776	0	1776
665.348	1733.5	0	1733.5
665.46	1734.5	0	1734.5
665.572	1716.5	0	1716.5
665.684	1708.25	0	1708.25
665.796	1710	0	1710
665.908	1761.75	0	1761.75
666.02	1740.75	0	1740.75
666.131	1730.25	0	1730.25
666.243	1715.5	0	1715.5
666.355	1700	0	1700
666.467	1735.75	0	1735.75
666.578	1686.75	0	1686.75
666.69	1649	0	1649
666.802	1663.25	0	1663.25
666.914	1637	0	1637
667.025	1621.75	0	1621.75
667.137	1619.75	0	1619.75
667.248	1655	0	1655
667.36	1624.5	0	1624.5
667.472	1611.5	0	1611.5
667.583	1613.25	0	1613.25
667.695	1607.75	0	1607.75
667.806	1632	0	1632
667.918	1585.75	0	1585.75
668.029	1588.25	0	1588.25
668.141	1547	0	1547
668.252	1585.25	0	1585.25
668.363	1563.5	0	1563.5
668.475	1571.25	0	1571.25
668.586	1595.5	0	1595.5
668.698	1517.5	0	1517.5
668.809	1587	0	1587
668.92	1553.25	0	1553.25
669.032	1550.5	0	1550.5
669.143	1528.75	0	1528.75
669.254	1538.25	0	1538.25
669.365	1485	0	1485
669.477	1514	0	1514
669.588	1497.25	0	1497.25
669.699	1476.75	0	1476.75
669.81	1493.5	0	1493.5
669.921	1485.5	0	1485.5
670.032	1464.5	0	1464.5
670.143	1459.5	0	1459.5
670.255	1471.25	0	1471.25
670.366	1486.25	0	1486.25
670.477	1467.25	0	1467.25
670.588	1456.75	0	1456.75
670.699	1456.25	0	1456.25
670.81	1450	0	1450
670.921	1436.5	0	1436.5
671.032	1435	0	1435
671.143	1483.75	0	1483.75
671.253	1464.5	0	1464.5
671.364	1484	0	1484
671.475	1508.75	0	1508.75
671.586	1515	0	1515
671.697	1485.75	0	1485.75
671.808	1439.25	0	1439.25
671.919	1450	0	1450
672.029	1446.75	0	1446.75
672.14	1439	0	1439
672.251	1425.25	0	1425.25
672.362	1415	0	1415
672.472	1435.5	0	1435.5
672.583	1373.75	0	1373.75
672.694	1419	0	1419
672.804	1421	0	1421
672.915	1406	0	1406
673.025	1394.25	0	1394.25
673.136	1389.75	0	1389.75
673.247	1385.5	0	1385.5
673.357	1398.5	0	1398.5
673.468	1392.5	0	1392.5
673.578	1354	0	1354
673.689	1351.75	0	1351.75
673.799	1347.75	0	1347.75
673.91	1359.75	0	1359.75
674.02	1359.25	0	1359.25
674.13	1332	0	1332
674.241	1312.25	0	1312.25
674.351	1327.75	0	1327.75
674.461	1312.75	0	1312.75
674.572	1318.5	0	1318.5
674.682	1336.5	0	1336.5
674.792	1337	0	1337
674.903	1347.25	0	1347.25
675.013	1399.25	0	1399.25
675.123	1323.75	0	1323.75
675.233	1300.25	0	1300.25
675.344	1313	0	1313
675.454	1324.5	0	1324.5
675.564	1310	0	1310
675.674	1290.25	0	1290.25
675.784	1327	0	1327
675.894	1335.5	0	1335.5
676.004	1287.25	0	1287.25
676.114	1265.5	0	1265.5
676.224	1338.5	0	1338.5
676.334	1375	0	1375
676.444	1500.25	0	1500.25
676.554	1416	0	1416
676.664	1336.25	0	1336.25
676.774	1333.25	0	1333.25
676.884	1283	0	1283
676.994	1290	0	1290
677.104	1265.5	0	1265.5
677.214	1256	0	1256
677.324	1255	0	1255
677.433	1261	0	1261
677.543	1244	0	1244
677.653	1255.75	0	1255.75
677.763	1262.5	0	1262.5
677.872	1214.5	0	1214.5
677.982	1245.5	0	1245.5
678.092	1231.5	0	1231.5
678.202	1223.25	0	1223.25
678.311	1223.25	0	1223.25
678.421	1209.75	0	1209.75
678.53	1230.25	0	1230.25
678.64	1226.75	0	1226.75
678.75	1205.5	0	1205.5
678.859	1194	0	1194
678.969	1216.25	0	1216.25
679.078	1190.5	0	1190.5
679.188	1241.75	0	1241.75
679.297	1207.75	0	1207.75
679.407	1169.5	0	1169.5
679.516	1194	0	1194
679.625	1174.75	0	1174.75
679.735	1187.75	0	1187.75
679.844	1179.25	0	1179.25
679.954	1194.75	0	1194.75
680.063	1196	0	1196
680.172	1188.25	0	1188.25
680.282	1192.25	0	1192.25
680.391	1149.5	0	1149.5
680.5	1149.75	0	1149.75
680.609	1168	0	1168
680.719	1162	0	1162
680.828	1164.5	0	1164.5
680.937	1170.75	0	1170.75
681.046	1123.25	0	1123.25
681.155	1190.5	0	1190.5
681.264	1173.5	0	1173.5
681.374	1116.25	0	1116.25
681.483	1138.75	0	1138.75
681.592	1129	0	1129
681.701	1135.25	0	1135.25
681.81	1121.75	0	1121.75
681.919	1118	0	1118
682.028	1134.75	0	1134.75
682.137	1124.5	0	1124.5
682.246	1106.5	0	1106.5
682.355	1090.75	0	1090.75
682.463	1132	0	1132
682.572	1104.75	0	1104.75
682.681	1116.25	0	1116.25
682.79	1112.25	0	1112.25
682.899	1101.25	0	1101.25
683.008	1107.5	0	1107.5
683.117	1102.25	0	1102.25
683.225	1064.5	0	1064.5
683.334	1094	0	1094
683.443	1118.5	0	1118.5
683.551	1076.75	0	1076.75
683.66	1079.5	0	1079.5
683.769	1124.75	0	1124.75
683.877	1089.5	0	1089.5
683.986	1082.25	0	1082.25
684.095	1091.75	0	1091.75
684.203	1049.75	0	1049.75
684.312	1097.75	0	1097.75
684.42	1084.25	0	1084.25
684.529	1091.5	0	1091.5
684.637	1101.25	0	1101.25
684.746	1115.75	0	1115.75
684.854	1119.25	0	1119.25
684.963	1105.5	0	1105.5
685.071	1046.25	0	1046.25
685.18	1047.5	0	1047.5
685.288	1069.25	0	1069.25
685.396	1062	0	1062
685.505	1061.75	0	1061.75
685.613	1044	0	1044
685.721	1063.25	0	1063.25
685.83	1050	0	1050
685.938	1082.5	0	1082.5
686.046	1066.25	0	1066.25
686.154	1108.5	0	1108.5
686.263	1079.5	0	1079.5
686.371	1081	0	1081
686.479	1029.75	0	1029.75
686.587	1097.5	0	1097.5
686.695	1035.25	0	1035.25
686.803	1064.25	0	1064.25
686.911	1053.5	0	1053.5
687.019	1035.25	0	1035.25
687.127	1076.25	0	1076.25
687.235	1042	0	1042
687.343	1028	0	1028
687.451	1035.25	0	1035.25
687.559	1027	0	1027
687.667	1061	0	1061
687.775	1014.5	0	1014.5
687.883	1047.5	0	1047.5
687.991	1022.5	0	1022.5
688.099	1000.5	0	1000.5
688.207	1013	0	1013
688.315	1013.25	0	1013.25
688.422	997.75	0	997.75
688.53	998.25	0	998.25
688.638	985.75	0	985.75
688.746	984.5	0	984.5
688.853	1000.5	0	1000.5
688.961	986.75	0	986.75
689.069	970.5	0	970.5
689.176	975.25	0	975.25
689.284	961.75	0	961.75
689.392	976.75	0	976.75
689.499	1000.75	0	1000.75
689.607	968.25	0	968.25
689.714	967.5	0	967.5
689.822	965.75	0	965.75
689.93	956.75	0	956.75
690.037	960.75	0	960.75
690.144	970	0	970
690.252	961.25	0	961.25
690.359	969.25	0	969.25
690.467	936.75	0	936.75
690.574	955.25	0	955.25
690.682	967	0	967
690.789	945.5	0	945.5
690.896	970.5	0	970.5
691.004	958.25	0	958.25
691.111	975.5	0	975.5
691.218	961	0	961
691.325	961.75	0	961.75
691.433	946.75	0	946.75
691.54	937	0	937
691.647	943.75	0	943.75
691.754	977.5	0	977.5
691.861	922.25	0	922.25
691.969	950.25	0	950.25
692.076	938.5	0	938.5
692.183	913.75	0	913.75
692.29	953.25	0	953.25
692.397	956.5	0	956.5
692.504	911	0	911
692.611	926.25	0	926.25
692.718	916.25	0	916.25
692.825	904	0	904
692.932	924.75	0	924.75
693.039	919.5	0	919.5
693.146	917.5	0	917.5
693.253	917	0	917
693.359	923.5	0	923.5
693.466	923.75	0	923.75
693.573	907.25	0	907.25
693.68	889.25	0	889.25
693.787	894.5	0	894.5
693.894	906.75	0	906.75
694	911.75	0	911.75
694.107	891.5	0	891.5
694.214	912.5	0	912.5
694.32	912.25	0	912.25
694.427	917.75	0	917.75
694.534	906.25	0	906.25
694.64	887.75	0	887.75
694.747	895.75	0	895.75
694.853	899	0	899
694.96	899.75	0	899.75
695.067	885	0	885
695.173	884.75	0	884.75
695.28	894.25	0	894.25
695.386	881	0	881
695.493	868.25	0	868.25
695.599	895	0	895
695.705	906.75	0	906.75
695.812	884.5	0	884.5
695.918	888.5	0	888.5
696.025	863	0	863
696.131	883.5	0	883.5
696.237	883.25	0	883.25
696.344	861.25	0	861.25
696.45	857.75	0	857.75
696.556	881.5	0	881.5
696.662	857.25	0	857.25
696.768	871.5	0	871.5
696.875	853	0	853
696.981	864.25	0	864.25
697.087	883.75	0	883.75
697.193	844.5	0	844.5
697.299	866.75	0	866.75
697.405	858	0	858
697.512	858	0	858
697.618	842.25	0	842.25
697.724	835.75	0	835.75
697.83	842.25	0	842.25
697.936	845.5	0	845.5
698.042	866	0	866
698.148	855	0	855
698.253	820.25	0	820.25
698.359	852	0	852
698.465	838.75	0	838.75
698.571	840	0	840
698.677	835.5	0	835.5
698.783	846.5	0	846.5
698.889	855	0	855
698.994	807.75	0	807.75
699.1	824.5	0	824.5
699.206	823.25	0	823.25
699.312	826.75	0	826.75
699.417	847.5	0	847.5
699.523	835.25	0	835.25
699.629	828.25	0	828.25
699.734	811	0	811
699.84	828.25	0	828.25
699.946	812.25	0	812.25
700.051	845	0	845
700.157	823.5	0	823.5
700.262	817	0	817
700.368	805	0	805
700.473	820.5	0	820.5
700.579	821	0	821
700.684	812.75	0	812.75
700.79	798	0	798
700.895	840.5	0	840.5
701	813.25	0	813.25
701.106	809.5	0	809.5
701.211	803.75	0	803.75
701.316	809.5	0	809.5
701.422	787.75	0	787.75
701.527	795.5	0	795.5
701.632	784.75	0	784.75
701.738	784.75	0	784.75
701.843	778.75	0	778.75
701.948	767.25	0	767.25
702.053	785.25	0	785.25
702.158	770.75	0	770.75
702.264	788.75	0	788.75
702.369	783.75	0	783.75
702.474	784	0	784
702.579	797.5	0	797.5
702.684	783.75	0	783.75
702.789	752.75	0	752.75
702.894	758.75	0	758.75
702.999	810	0	810
703.104	761.25	0	761.25
703.209	775.25	0	775.25
703.314	768.25	0	768.25
703.419	774.25	0	774.25
703.524	774.5	0	774.5
703.629	775	0	775
703.733	797.5	0	797.5
703.838	768.5	0	768.5
703.943	762.5	0	762.5
704.048	758.75	0	758.75
704.153	765.5	0	765.5
704.257	760.25	0	760.25
704.362	774.25	0	774.25
704.467	786.75	0	786.75
704.572	754.25	0	754.25
704.676	762.25	0	762.25
704.781	761	0	761
704.886	739.5	0	739.5
704.99	767.75	0	767.75
705.095	753	0	753
705.199	726.5	0	726.5
705.304	766	0	766
705.408	749.25	0	749.25
705.513	729.25	0	729.25
705.617	745.5	0	745.5
705.722	749.75	0	749.75
705.826	760	0	760
705.931	737.5	0	737.5
706.035	752	0	752
706.139	722.75	0	722.75
706.244	750.25	0	750.25
706.348	731.5	0	731.5
706.452	707.75	0	707.75
706.557	733	0	733
706.661	725.25	0	725.25
706.765	734.5	0	734.5
706.87	745.75	0	745.75
706.974	737.75	0	737.75
707.078	716	0	716
707.182	716	0	716
707.286	705.25	0	705.25
707.39	727.75	0	727.75
707.495	730.75	0	730.75
707.599	739	0	739
707.703	695.5	0	695.5
707.807	703	0	703
707.911	738.25	0	738.25
708.015	721.25	0	721.25
708.119	703.5	0	703.5
708.223	717.75	0	717.75
708.327	706	0	706
708.431	730	0	730
708.534	709	0	709
708.638	701.25	0	701.25
708.742	707.75	0	707.75
708.846	708.5	0	708.5
708.95	705	0	705
709.054	718.5	0	718.5
709.157	710	0	710
709.261	679.25	0	679.25
709.365	699.25	0	699.25
709.469	712	0	712
709.572	701.25	0	701.25
709.676	669	0	669
709.78	706	0	706
709.883	722.5	0	722.5
709.987	727.5	0	727.5
710.09	688	0	688
710.194	676.5	0	676.5
710.298	711	0	711
710.401	694.25	0	694.25
710.505	678.25	0	678.25
710.608	698.5	0	698.5
710.711	702.25	0	702.25
710.815	673	0	673
710.918	692.5	0	692.5
711.022	691	0	691
711.125	704.25	0	704.25
711.228	672.5	0	672.5
711.332	677.5	0	677.5
711.435	679.25	0	679.25
711.538	686.5	0	686.5
711.642	672	0	672
711.745	706.75	0	706.75
711.848	700.75	0	700.75
711.951	693.5	0	693.5
712.055	699.75	0	699.75
712.158	651	0	651
712.261	690.25	0	690.25
712.364	668.75	0	668.75
712.467	671.75	0	671.75
712.57	678.25	0	678.25
712.673	668.5	0	668.5
712.776	658	0	658
712.879	688.25	0	688.25
712.982	670.75	0	670.75
713.085	660.5	0	660.5
713.188	642.75	0	642.75
713.291	651.5	0	651.5
713.394	677.5	0	677.5
713.497	668.75	0	668.75
713.6	671.25	0	671.25
713.703	673.75	0	673.75
713.805	648.75	0	648.75
713.908	653.25	0	653.25
714.011	672.25	0	672.25
714.114	675.5	0	675.5
714.216	654.25	0	654.25
714.319	676.75	0	676.75
714.422	680	0	680
714.525	655	0	655
714.627	647.75	0	647.75
714.73	638	0	638
714.833	679.75	0	679.75
714.935	682.5	0	682.5
715.038	640	0	640
715.14	658.75	0	658.75
715.243	676.5	0	676.5
715.345	654.25	0	654.25
715.448	674.25	0	674.25
715.55	674.5	0	674.5
715.653	673.75	0	673.75
715.755	710.75	0	710.75
715.857	694	0	694
715.96	725.5	0	725.5
716.062	784.75	0	784.75
716.164	834.75	0	834.75
716.267	840.25	0	840.25
716.369	810.5	0	810.5
716.471	769.75	0	769.75
716.574	756.25	0	756.25
716.676	748.25	0	748.25
716.778	704.5	0	704.5
716.88	719.75	0	719.75
716.982	717.75	0	717.75
717.085	725	0	725
717.187	719.5	0	719.5
717.289	686.75	0	686.75
717.391	701.75	0	701.75
717.493	687.75	0	687.75
717.595	678.5	0	678.5
717.697	700.25	0	700.25
717.799	671.75	0	671.75
717.901	679.25	0	679.25
718.003	661.25	0	661.25
718.105	645.25	0	645.25
718.207	652.5	0	652.5
718.309	678.75	0	678.75
718.411	649	0	649
718.512	647	0	647
718.614	620.5	0	620.5
718.716	598.75	0	598.75
718.818	641.75	0	641.75
718.92	655	0	655
719.021	626.5	0	626.5
719.123	637.25	0	637.25
719.225	639.25	0	639.25
719.326	619.25	0	619.25
719.428	630.5	0	630.5
719.53	621.75	0	621.75
719.631	616	0	616
719.733	608.5	0	608.5
719.834	635.5	0	635.5
719.936	609.25	0	609.25
720.038	624.75	0	624.75
720.139	601	0	601
720.241	601.75	0	601.75
720.342	629.25	0	629.25
720.443	622	0	622
720.545	611.25	0	611.25
720.646	616.5	0	616.5
720.748	606.25	0	606.25
720.849	634.5	0	634.5
720.95	607	0	607
721.052	632	0	632
721.153	605.25	0	605.25
721.254	618.5	0	618.5
721.355	613.25	0	613.25
721.457	617.5	0	617.5
721.558	598	0	598
721.659	592	0	592
721.76	572.25	0	572.25
721.861	604.5	0	604.5
721.963	602.75	0	602.75
722.064	586.5	0	586.5
722.165	599.5	0	599.5
722.266	571.5	0	571.5
722.367	612.25	0	612.25
722.468	583.25	0	583.25
722.569	598.25	0	598.25
722.67	584.75	0	584.75
722.771	590.25	0	590.25
722.872	607	0	607
722.973	591.5	0	591.5
723.073	580	0	580
723.174	586.25	0	586.25
723.275	595.5	0	595.5
723.376	584	0	584
723.477	595.25	0	595.25
723.577	577.5	0	577.5
723.678	591	0	591
723.779	568.25	0	568.25
723.88	585.5	0	585.5
723.98	569	0	569
724.081	587.25	0	587.25
724.182	579	0	579
724.282	574	0	574
724.383	567.75	0	567.75
724.483	570.5	0	570.5
724.584	566	0	566
724.685	582	0	582
724.785	577	0	577
724.886	567.25	0	567.25
724.986	578.75	0	578.75
725.086	553.5	0	553.5
725.187	581.5	0	581.5
725.287	589.5	0	589.5
725.388	558.5	0	558.5
725.488	564.75	0	564.75
725.588	568.75	0	568.75
725.689	570.75	0	570.75
725.789	555.75	0	555.75
725.889	547.75	0	547.75
725.99	569.75	0	569.75
726.09	552.75	0	552.75
726.19	576.75	0	576.75
726.29	544.75	0	544.75
726.39	571.25	0	571.25
726.49	548.75	0	548.75
726.591	560.25	0	560.25
726.691	563.25	0	563.25
726.791	542.75	0	542.75
726.891	558	0	558
726.991	557.25	0	557.25
727.091	572.5	0	572.5
727.191	555	0	555
727.291	561.25	0	561.25
727.391	553	0	553
727.491	553.5	0	553.5
727.591	538.75	0	538.75
727.691	534.5	0	534.5
727.79	554.5	0	554.5
727.89	555.5	0	555.5
727.99	549.75	0	549.75
728.09	564.75	0	564.75
728.19	545.75	0	545.75
728.289	556.75	0	556.75
728.389	545.75	0	545.75
728.489	552.75	0	552.75
728.589	558.25	0	558.25
728.688	538.75	0	538.75
728.788	545.25	0	545.25
728.888	553.75	0	553.75
728.987	528.75	0	528.75
729.087	547.5	0	547.5
729.186	551.75	0	551.75
729.286	545.5	0	545.5
729.385	543.75	0	543.75
729.485	548.75	0	548.75
729.584	547.25	0	547.25
729.684	545.25	0	545.25
729.783	543.25	0	543.25
729.883	537.25	0	537.25
729.982	523.75	0	523.75
730.081	534.5	0	534.5
730.181	539.5	0	539.5
730.28	531.5	0	531.5
730.379	552.5	0	552.5
730.479	534.75	0	534.75
730.578	538.75	0	538.75
730.677	513.75	0	513.75
730.776	531.25	0	531.25
730.875	544.75	0	544.75
730.975	550.25	0	550.25
731.074	534.25	0	534.25
731.173	547.75	0	547.75
731.272	523	0	523
731.371	519.75	0	519.75
731.47	521.5	0	521.5
731.569	536.5	0	536.5
731.668	529.75	0	529.75
731.767	519	0	519
731.866	535.25	0	535.25
731.965	542.25	0	542.25
732.064	533.75	0	533.75
732.163	517.25	0	517.25
732.262	533	0	533
732.361	525	0	525
732.46	521.5	0	521.5
732.558	554.75	0	554.75
732.657	498.5	0	498.5
732.756	525.5	0	525.5
732.855	528.5	0	528.5
732.953	525.25	0	525.25
733.052	511.75	0	511.75
733.151	525.25	0	525.25
733.25	523.75	0	523.75
733.348	514.75	0	514.75
733.447	517.5	0	517.5
733.545	512.25	0	512.25
733.644	521.5	0	521.5
733.742	511.25	0	511.25
733.841	501.75	0	501.75
733.939	519.25	0	519.25
734.038	518	0	518
734.136	526.25	0	526.25
734.235	521	0	521
734.333	520.75	0	520.75
734.432	533.5	0	533.5
734.53	492	0	492
734.628	499	0	499
734.727	521	0	521
734.825	538.25	0	538.25
734.923	509.75	0	509.75
735.022	500.5	0	500.5
735.12	493	0	493
735.218	496.5	0	496.5
735.316	526	0	526
735.414	525.25	0	525.25
735.513	531.75	0	531.75
735.611	517	0	517
735.709	500.25	0	500.25
735.807	491.5	0	491.5
735.905	518	0	518
736.003	505.25	0	505.25
736.101	517	0	517
736.199	494.5	0	494.5
736.297	509.25	0	509.25
736.395	485.5	0	485.5
736.493	503	0	503
736.591	491	0	491
736.689	498.75	0	498.75
736.787	508	0	508
736.884	505.25	0	505.25
736.982	508.5	0	508.5
737.08	499	0	499
737.178	488.25	0	488.25
737.276	505.5	0	505.5
737.373	498.5	0	498.5
737.471	481.25	0	481.25
737.569	493.5	0	493.5
737.667	497.5	0	497.5
737.764	497.75	0	497.75
737.862	490.75	0	490.75
737.959	475.5	0	475.5
738.057	498.75	0	498.75
738.154	491.75	0	491.75
738.252	508.25	0	508.25
738.35	495.25	0	495.25
738.447	497.75	0	497.75
738.544	512.25	0	512.25
738.642	513.25	0	513.25
738.739	503.5	0	503.5
738.837	513.5	0	513.5
738.934	507.75	0	507.75
739.031	516.5	0	516.5
739.129	489.5	0	489.5
739.226	505.75	0	505.75
739.323	506.75	0	506.75
739.421	506.75	0	506.75
739.518	496.25	0	496.25
739.615	507.75	0	507.75