Lambda	Spectrum	Dark	SpecMinusDark
500.031	11067.8	0	11067.8
500.165	11832.5	0	11832.5
500.299	12765.8	0	12765.8
500.433	13736.8	0	13736.8
500.567	14419.2	0	14419.2
500.701	14826.2	0	14826.2
500.835	15015.8	0	15015.8
500.968	14822.8	0	14822.8
501.102	14559.8	0	14559.8
501.236	14137.5	0	14137.5
501.37	13655.5	0	13655.5
501.504	13007.8	0	13007.8
501.637	12441.8	0	12441.8
501.771	11963.2	0	11963.2
501.905	11482.2	0	11482.2
502.039	11216.2	0	11216.2
502.172	10714.2	0	10714.2
502.306	10499.2	0	10499.2
502.44	10437	0	10437
502.573	10285.5	0	10285.5
502.707	10231.5	0	10231.5
502.841	10284	0	10284
502.974	10241.5	0	10241.5
503.108	10401.5	0	10401.5
503.242	10351.8	0	10351.8
503.375	10355.8	0	10355.8
503.509	10466	0	10466
503.642	10491.2	0	10491.2
503.776	10295.8	0	10295.8
503.909	10011.2	0	10011.2
504.043	9908.25	0	9908.25
504.176	9945.5	0	9945.5
504.31	9966.5	0	9966.5
504.443	9959.75	0	9959.75
504.577	10154.5	0	10154.5
504.71	10286	0	10286
504.844	10409.2	0	10409.2
504.977	10336.2	0	10336.2
505.111	10073.8	0	10073.8
505.244	9802.75	0	9802.75
505.377	9663.5	0	9663.5
505.511	9554	0	9554
505.644	9421	0	9421
505.777	9471.75	0	9471.75
505.911	9266.75	0	9266.75
506.044	9279.75	0	9279.75
506.177	9100	0	9100
506.311	9236.5	0	9236.5
506.444	9245.25	0	9245.25
506.577	9130.25	0	9130.25
506.71	9112.75	0	9112.75
506.844	8968.5	0	8968.5
506.977	9096.75	0	9096.75
507.11	8864.5	0	8864.5
507.243	8939	0	8939
507.376	9047.25	0	9047.25
507.51	8960.75	0	8960.75
507.643	8875.25	0	8875.25
507.776	8954.25	0	8954.25
507.909	8884	0	8884
508.042	8773	0	8773
508.175	8812.25	0	8812.25
508.308	8843	0	8843
508.441	8749	0	8749
508.574	8755	0	8755
508.707	8716.5	0	8716.5
508.84	8774	0	8774
508.973	8793	0	8793
509.106	8707	0	8707
509.239	8783.5	0	8783.5
509.372	8780.25	0	8780.25
509.505	8800.5	0	8800.5
509.638	8830.5	0	8830.5
509.771	8798	0	8798
509.904	8930.25	0	8930.25
510.037	8846.5	0	8846.5
510.17	8796.25	0	8796.25
510.303	8953.25	0	8953.25
510.436	8985.5	0	8985.5
510.568	9067.5	0	9067.5
510.701	9025.75	0	9025.75
510.834	9089	0	9089
510.967	9003.5	0	9003.5
511.1	8950.75	0	8950.75
511.232	8920.75	0	8920.75
511.365	8973.75	0	8973.75
511.498	8966.5	0	8966.5
511.631	9011.25	0	9011.25
511.763	9015.75	0	9015.75
511.896	9030.75	0	9030.75
512.029	9017.25	0	9017.25
512.161	9099.25	0	9099.25
512.294	8909.5	0	8909.5
512.427	9005.25	0	9005.25
512.559	9006.75	0	9006.75
512.692	8913.5	0	8913.5
512.825	9013	0	9013
512.957	9015.75	0	9015.75
513.09	9115.5	0	9115.5
513.222	9261.75	0	9261.75
513.355	9217.75	0	9217.75
513.487	9196	0	9196
513.62	9184.25	0	9184.25
513.752	9418.25	0	9418.25
513.885	9305.75	0	9305.75
514.017	9373.75	0	9373.75
514.15	9353	0	9353
514.282	9444.5	0	9444.5
514.415	9574.5	0	9574.5
514.547	9604.25	0	9604.25
514.68	9658.75	0	9658.75
514.812	9684.5	0	9684.5
514.944	9689.75	0	9689.75
515.077	9654.25	0	9654.25
515.209	9728.5	0	9728.5
515.341	9772.75	0	9772.75
515.474	9827.25	0	9827.25
515.606	9997.75	0	9997.75
515.738	9971.5	0	9971.5
515.871	9962.75	0	9962.75
516.003	9943.75	0	9943.75
516.135	10226	0	10226
516.267	10208.8	0	10208.8
516.4	10424.2	0	10424.2
516.532	10593.2	0	10593.2
516.664	10659.2	0	10659.2
516.796	10808	0	10808
516.928	11079.2	0	11079.2
517.06	11442.5	0	11442.5
517.193	11620.5	0	11620.5
517.325	11867.5	0	11867.5
517.457	12110.5	0	12110.5
517.589	12407.5	0	12407.5
517.721	12685.8	0	12685.8
517.853	12867.2	0	12867.2
517.985	13088.2	0	13088.2
518.117	13065.8	0	13065.8
518.249	13092.8	0	13092.8
518.381	12864.8	0	12864.8
518.513	12705.5	0	12705.5
518.645	12421.5	0	12421.5
518.777	12214.2	0	12214.2
518.909	11825.8	0	11825.8
519.041	11793.2	0	11793.2
519.173	11714.8	0	11714.8
519.305	11528.2	0	11528.2
519.437	11454.5	0	11454.5
519.569	11260.2	0	11260.2
519.701	11338.5	0	11338.5
519.832	11269.8	0	11269.8
519.964	11160	0	11160
520.096	11118.2	0	11118.2
520.228	11293	0	11293
520.36	11246.8	0	11246.8
520.491	11120.8	0	11120.8
520.623	11065.5	0	11065.5
520.755	11162	0	11162
520.887	11167	0	11167
521.018	11157.8	0	11157.8
521.15	11066.2	0	11066.2
521.282	11081.2	0	11081.2
521.414	10968.5	0	10968.5
521.545	11016.5	0	11016.5
521.677	11049.2	0	11049.2
521.808	10753.5	0	10753.5
521.94	10729	0	10729
522.072	10628.2	0	10628.2
522.203	10450.2	0	10450.2
522.335	10290	0	10290
522.466	10221.2	0	10221.2
522.598	9892	0	9892
522.729	9894.5	0	9894.5
522.861	9990.5	0	9990.5
522.993	9791	0	9791
523.124	9653	0	9653
523.256	9558	0	9558
523.387	9669.25	0	9669.25
523.518	9526.25	0	9526.25
523.65	9469	0	9469
523.781	9419	0	9419
523.913	9471.5	0	9471.5
524.044	9361.5	0	9361.5
524.176	9313.5	0	9313.5
524.307	9199.5	0	9199.5
524.438	9155	0	9155
524.57	9168.75	0	9168.75
524.701	9133.75	0	9133.75
524.832	9164.25	0	9164.25
524.964	8996.75	0	8996.75
525.095	9104	0	9104
525.226	9002.75	0	9002.75
525.357	8940.75	0	8940.75
525.489	8953.5	0	8953.5
525.62	8934.25	0	8934.25
525.751	8912	0	8912
525.882	8823.75	0	8823.75
526.013	8842.25	0	8842.25
526.145	8809.25	0	8809.25
526.276	8869.5	0	8869.5
526.407	8805.5	0	8805.5
526.538	8739.75	0	8739.75
526.669	8903.5	0	8903.5
526.8	8878	0	8878
526.931	8668.25	0	8668.25
527.062	8796.25	0	8796.25
527.193	8736.75	0	8736.75
527.324	8673.25	0	8673.25
527.455	8691.5	0	8691.5
527.586	8729.5	0	8729.5
527.717	8627.5	0	8627.5
527.848	8735.75	0	8735.75
527.979	8666	0	8666
528.11	8689.25	0	8689.25
528.241	8596.75	0	8596.75
528.372	8714.25	0	8714.25
528.503	8624.25	0	8624.25
528.634	8558	0	8558
528.765	8702.5	0	8702.5
528.896	8618.75	0	8618.75
529.026	8602.5	0	8602.5
529.157	8602.5	0	8602.5
529.288	8644	0	8644
529.419	8677.25	0	8677.25
529.55	8624.75	0	8624.75
529.681	8547.25	0	8547.25
529.811	8630.25	0	8630.25
529.942	8718	0	8718
530.073	8754	0	8754
530.203	8724.75	0	8724.75
530.334	8690	0	8690
530.465	8531.5	0	8531.5
530.596	8686	0	8686
530.726	8739.5	0	8739.5
530.857	8727.25	0	8727.25
530.987	8791	0	8791
531.118	8879.75	0	8879.75
531.249	8873.5	0	8873.5
531.379	8984.75	0	8984.75
531.51	9189	0	9189
531.64	9235	0	9235
531.771	9394.25	0	9394.25
531.901	9588.25	0	9588.25
532.032	9686.75	0	9686.75
532.163	9983	0	9983
532.293	9997	0	9997
532.423	10022.5	0	10022.5
532.554	9819.5	0	9819.5
532.684	9727.75	0	9727.75
532.815	9453	0	9453
532.945	9314.5	0	9314.5
533.076	9144.25	0	9144.25
533.206	9066.75	0	9066.75
533.336	8870.25	0	8870.25
533.467	8953	0	8953
533.597	8947.25	0	8947.25
533.727	9007	0	9007
533.858	8933.75	0	8933.75
533.988	9032.5	0	9032.5
534.118	9037	0	9037
534.248	9093	0	9093
534.379	9245	0	9245
534.509	9163.25	0	9163.25
534.639	9365.25	0	9365.25
534.769	9418.5	0	9418.5
534.9	9362	0	9362
535.03	9282.5	0	9282.5
535.16	9138.5	0	9138.5
535.29	8975.5	0	8975.5
535.42	8728.25	0	8728.25
535.55	8612	0	8612
535.68	8534.25	0	8534.25
535.81	8485.75	0	8485.75
535.94	8301.25	0	8301.25
536.071	8395	0	8395
536.201	8390	0	8390
536.331	8250.5	0	8250.5
536.461	8243.25	0	8243.25
536.591	8266.5	0	8266.5
536.721	8054	0	8054
536.851	8135	0	8135
536.981	8112.75	0	8112.75
537.11	8019	0	8019
537.24	7973.25	0	7973.25
537.37	8144.5	0	8144.5
537.5	8017.5	0	8017.5
537.63	8117.25	0	8117.25
537.76	7887.5	0	7887.5
537.89	8034	0	8034
538.02	7923.75	0	7923.75
538.149	7859.25	0	7859.25
538.279	8021	0	8021
538.409	7803.25	0	7803.25
538.539	7877	0	7877
538.669	7900.25	0	7900.25
538.798	7944.5	0	7944.5
538.928	7906.5	0	7906.5
539.058	7913	0	7913
539.187	7808	0	7808
539.317	7932.5	0	7932.5
539.447	7757.25	0	7757.25
539.576	7965.25	0	7965.25
539.706	7970.5	0	7970.5
539.836	7849.5	0	7849.5
539.965	7979.75	0	7979.75
540.095	7980.5	0	7980.5
540.225	7932.5	0	7932.5
540.354	7937.25	0	7937.25
540.484	7899.75	0	7899.75
540.613	7943.75	0	7943.75
540.743	8044.25	0	8044.25
540.872	7956.25	0	7956.25
541.002	8032	0	8032
541.131	8137.75	0	8137.75
541.261	8170.25	0	8170.25
541.39	8178.5	0	8178.5
541.52	8241.5	0	8241.5
541.649	8286	0	8286
541.778	8372.25	0	8372.25
541.908	8284.5	0	8284.5
542.037	8423.25	0	8423.25
542.167	8425.75	0	8425.75
542.296	8612.5	0	8612.5
542.425	8760.5	0	8760.5
542.554	8806.75	0	8806.75
542.684	9072	0	9072
542.813	9348.25	0	9348.25
542.942	9503.75	0	9503.75
543.072	9878.75	0	9878.75
543.201	10130.2	0	10130.2
543.33	10371.5	0	10371.5
543.459	10444.5	0	10444.5
543.588	10407.8	0	10407.8
543.718	10260.2	0	10260.2
543.847	9868	0	9868
543.976	9585.25	0	9585.25
544.105	9348.75	0	9348.75
544.234	9203.25	0	9203.25
544.363	9108.5	0	9108.5
544.492	9111.5	0	9111.5
544.621	9190	0	9190
544.75	9340.75	0	9340.75
544.88	9374.5	0	9374.5
545.009	9697.25	0	9697.25
545.138	9913.75	0	9913.75
545.266	10158	0	10158
545.396	10727.8	0	10727.8
545.525	10991.2	0	10991.2
545.653	11424	0	11424
545.782	11325.8	0	11325.8
545.911	10845	0	10845
546.04	10009.8	0	10009.8
546.169	9750.5	0	9750.5
546.298	9390.5	0	9390.5
546.427	9217.25	0	9217.25
546.556	9058	0	9058
546.685	8916.25	0	8916.25
546.813	8965.25	0	8965.25
546.942	8770.25	0	8770.25
547.071	8842.5	0	8842.5
547.2	8703	0	8703
547.328	8910.5	0	8910.5
547.457	8829.5	0	8829.5
547.586	8951.5	0	8951.5
547.715	9125.75	0	9125.75
547.843	8948.5	0	8948.5
547.972	8660.75	0	8660.75
548.101	8690.25	0	8690.25
548.229	8538.25	0	8538.25
548.358	8574.25	0	8574.25
548.487	8476.75	0	8476.75
548.615	8547.75	0	8547.75
548.744	8445.5	0	8445.5
548.872	8484	0	8484
549.001	8439.5	0	8439.5
549.129	8412.25	0	8412.25
549.258	8446.25	0	8446.25
549.387	8584.25	0	8584.25
549.515	8517	0	8517
549.643	8522.75	0	8522.75
549.772	8573.5	0	8573.5
549.9	8640	0	8640
550.029	8657.5	0	8657.5
550.157	8535	0	8535
550.286	8588.75	0	8588.75
550.414	8672.25	0	8672.25
550.542	8674.5	0	8674.5
550.671	8676.75	0	8676.75
550.799	8722.5	0	8722.5
550.927	8733.25	0	8733.25
551.056	8787	0	8787
551.184	8911.25	0	8911.25
551.312	8832.25	0	8832.25
551.441	8826.25	0	8826.25
551.569	8581	0	8581
551.697	8508	0	8508
551.825	8532.5	0	8532.5
551.953	8417	0	8417
552.082	8340.5	0	8340.5
552.21	8612	0	8612
552.338	8529.5	0	8529.5
552.466	8507.25	0	8507.25
552.594	8639	0	8639
552.722	8643.75	0	8643.75
552.851	8811.5	0	8811.5
552.979	8882.25	0	8882.25
553.107	9018	0	9018
553.235	9184	0	9184
553.363	9096.25	0	9096.25
553.491	9181.75	0	9181.75
553.619	9242	0	9242
553.747	9379	0	9379
553.875	9186	0	9186
554.003	9110	0	9110
554.131	9068.75	0	9068.75
554.259	8852.5	0	8852.5
554.387	8762.5	0	8762.5
554.514	8671.5	0	8671.5
554.642	8621	0	8621
554.77	8507.75	0	8507.75
554.898	8452.25	0	8452.25
555.026	8353.25	0	8353.25
555.154	8334.25	0	8334.25
555.281	8340	0	8340
555.409	8349.75	0	8349.75
555.537	8343.5	0	8343.5
555.665	8383	0	8383
555.793	8222.5	0	8222.5
555.92	8251	0	8251
556.048	8162.25	0	8162.25
556.176	8271.75	0	8271.75
556.303	8223	0	8223
556.431	8176.75	0	8176.75
556.559	8303.5	0	8303.5
556.686	8306	0	8306
556.814	8198.75	0	8198.75
556.942	8330	0	8330
557.069	8021.25	0	8021.25
557.197	8011.25	0	8011.25
557.324	8002.5	0	8002.5
557.452	7964.25	0	7964.25
557.579	7831.5	0	7831.5
557.707	7781	0	7781
557.835	7753.5	0	7753.5
557.962	7733.25	0	7733.25
558.089	7825.5	0	7825.5
558.217	7756.25	0	7756.25
558.344	7854	0	7854
558.472	7793.75	0	7793.75
558.599	7702.5	0	7702.5
558.727	7770.25	0	7770.25
558.854	7703.5	0	7703.5
558.981	7761.5	0	7761.5
559.109	7604.75	0	7604.75
559.236	7759.25	0	7759.25
559.363	7824.5	0	7824.5
559.491	7644.75	0	7644.75
559.618	7662.75	0	7662.75
559.745	7698.25	0	7698.25
559.872	7752.5	0	7752.5
560	7764.25	0	7764.25
560.127	7730.25	0	7730.25
560.254	7885.75	0	7885.75
560.381	7785	0	7785
560.508	7998.25	0	7998.25
560.636	8076	0	8076
560.763	8305	0	8305
560.89	8398.25	0	8398.25
561.017	8845	0	8845
561.144	8838.5	0	8838.5
561.271	8802.5	0	8802.5
561.398	8566	0	8566
561.525	8606.5	0	8606.5
561.652	8443.5	0	8443.5
561.779	8280.75	0	8280.75
561.906	8271.25	0	8271.25
562.033	8323	0	8323
562.16	8348.75	0	8348.75
562.287	8203.75	0	8203.75
562.414	8312.25	0	8312.25
562.541	8175	0	8175
562.668	8280.5	0	8280.5
562.795	8121.25	0	8121.25
562.922	8246.75	0	8246.75
563.049	8264.5	0	8264.5
563.175	8320.5	0	8320.5
563.302	8396.75	0	8396.75
563.429	8532	0	8532
563.556	8651.75	0	8651.75
563.683	8727.75	0	8727.75
563.809	8877.75	0	8877.75
563.936	9210.25	0	9210.25
564.063	9367	0	9367
564.19	9701.75	0	9701.75
564.316	10070.8	0	10070.8
564.443	10309.8	0	10309.8
564.57	10295	0	10295
564.696	10262	0	10262
564.823	10184.2	0	10184.2
564.95	10009.8	0	10009.8
565.076	10026.2	0	10026.2
565.203	9780.5	0	9780.5
565.33	9770	0	9770
565.456	9618.5	0	9618.5
565.583	9482.75	0	9482.75
565.709	9538	0	9538
565.836	9665.75	0	9665.75
565.962	9695	0	9695
566.089	9961.75	0	9961.75
566.215	10045.2	0	10045.2
566.341	10252.5	0	10252.5
566.468	10699.8	0	10699.8
566.594	11048	0	11048
566.721	11461.2	0	11461.2
566.847	11627	0	11627
566.974	11973.8	0	11973.8
567.1	12057.2	0	12057.2
567.226	11951	0	11951
567.353	11929	0	11929
567.479	11903	0	11903
567.605	11901.2	0	11901.2
567.732	12251	0	12251
567.858	12426.5	0	12426.5
567.984	12895	0	12895
568.11	12972	0	12972
568.236	13219	0	13219
568.363	13004.5	0	13004.5
568.489	12237.8	0	12237.8
568.615	11848.5	0	11848.5
568.741	11240	0	11240
568.867	10597	0	10597
568.993	10212.2	0	10212.2
569.12	9867.25	0	9867.25
569.246	9463.75	0	9463.75
569.372	9018.5	0	9018.5
569.498	8756	0	8756
569.624	8615	0	8615
569.75	8486	0	8486
569.876	8192.75	0	8192.75
570.002	8152.75	0	8152.75
570.128	7898	0	7898
570.254	7848.5	0	7848.5
570.38	7762.5	0	7762.5
570.506	7719.75	0	7719.75
570.632	7723.25	0	7723.25
570.758	7710.5	0	7710.5
570.883	7663.75	0	7663.75
571.009	7633.25	0	7633.25
571.135	7581.25	0	7581.25
571.261	7769	0	7769
571.387	7673.25	0	7673.25
571.513	7633.25	0	7633.25
571.638	7414	0	7414
571.764	7321	0	7321
571.89	7054.5	0	7054.5
572.016	7087	0	7087
572.141	6937	0	6937
572.267	6902.5	0	6902.5
572.393	6848	0	6848
572.518	6835.25	0	6835.25
572.644	6740	0	6740
572.77	6681	0	6681
572.895	6625.75	0	6625.75
573.021	6619.5	0	6619.5
573.147	6540.5	0	6540.5
573.272	6615	0	6615
573.398	6434	0	6434
573.523	6408.75	0	6408.75
573.649	6458.75	0	6458.75
573.774	6485.75	0	6485.75
573.9	6321	0	6321
574.025	6312	0	6312
574.151	6265.75	0	6265.75
574.276	6377.75	0	6377.75
574.402	6335.75	0	6335.75
574.527	6353.5	0	6353.5
574.652	6429	0	6429
574.778	6285.75	0	6285.75
574.903	6210.75	0	6210.75
575.029	6382.75	0	6382.75
575.154	6300.75	0	6300.75
575.279	6211.5	0	6211.5
575.405	6243.25	0	6243.25
575.53	6165.75	0	6165.75
575.655	6215.25	0	6215.25
575.78	6160.25	0	6160.25
575.906	6144.25	0	6144.25
576.031	6028	0	6028
576.156	6051.25	0	6051.25
576.281	5989.5	0	5989.5
576.406	6064	0	6064
576.532	5981	0	5981
576.657	5962	0	5962
576.782	5960	0	5960
576.907	5925.75	0	5925.75
577.032	5917	0	5917
577.157	5888	0	5888
577.282	5911.5	0	5911.5
577.407	5884	0	5884
577.532	5779.75	0	5779.75
577.657	5740.5	0	5740.5
577.782	5762	0	5762
577.907	5835.75	0	5835.75
578.032	5776.5	0	5776.5
578.157	5736.25	0	5736.25
578.282	5735.75	0	5735.75
578.407	5718	0	5718
578.532	5717.75	0	5717.75
578.657	5681.25	0	5681.25
578.782	5659.5	0	5659.5
578.907	5659.75	0	5659.75
579.031	5703	0	5703
579.156	5684.75	0	5684.75
579.281	5703.5	0	5703.5
579.406	5567.25	0	5567.25
579.531	5642.75	0	5642.75
579.655	5534	0	5534
579.78	5563.75	0	5563.75
579.905	5578.75	0	5578.75
580.03	5566.5	0	5566.5
580.154	5546.75	0	5546.75
580.279	5474	0	5474
580.404	5520.75	0	5520.75
580.528	5503.75	0	5503.75
580.653	5406.75	0	5406.75
580.778	5519.75	0	5519.75
580.902	5571.5	0	5571.5
581.027	5469.75	0	5469.75
581.151	5485.25	0	5485.25
581.276	5430.25	0	5430.25
581.4	5498.25	0	5498.25
581.525	5473.25	0	5473.25
581.649	5463.75	0	5463.75
581.774	5482.5	0	5482.5
581.898	5483.5	0	5483.5
582.023	5448.5	0	5448.5
582.147	5498.5	0	5498.5
582.272	5487.75	0	5487.75
582.396	5459.25	0	5459.25
582.52	5435.25	0	5435.25
582.645	5380.75	0	5380.75
582.769	5381.25	0	5381.25
582.893	5292.75	0	5292.75
583.018	5344	0	5344
583.142	5355.5	0	5355.5
583.266	5361.75	0	5361.75
583.391	5348	0	5348
583.515	5416.75	0	5416.75
583.639	5342.5	0	5342.5
583.763	5284.75	0	5284.75
583.888	5275.25	0	5275.25
584.012	5249	0	5249
584.136	5320.25	0	5320.25
584.26	5241.75	0	5241.75
584.384	5256.25	0	5256.25
584.508	5268	0	5268
584.632	5281	0	5281
584.757	5176.5	0	5176.5
584.881	5219.75	0	5219.75
585.005	5256.5	0	5256.5
585.129	5237	0	5237
585.253	5237	0	5237
585.377	5222.75	0	5222.75
585.501	5228.75	0	5228.75
585.625	5255.25	0	5255.25
585.749	5307	0	5307
585.873	5210	0	5210
585.997	5133.75	0	5133.75
586.12	5184.75	0	5184.75
586.244	5250.5	0	5250.5
586.368	5167.5	0	5167.5
586.492	5185	0	5185
586.616	5222.25	0	5222.25
586.74	5178.25	0	5178.25
586.864	5172.25	0	5172.25
586.987	5104.25	0	5104.25
587.111	5162.5	0	5162.5
587.235	5091.5	0	5091.5
587.359	5165	0	5165
587.482	5156	0	5156
587.606	5163	0	5163
587.73	5191.25	0	5191.25
587.854	5126.25	0	5126.25
587.977	5167	0	5167
588.101	5217.5	0	5217.5
588.224	5091	0	5091
588.348	5164.5	0	5164.5
588.472	5121	0	5121
588.595	5181	0	5181
588.719	5192.25	0	5192.25
588.842	5238	0	5238
588.966	5247.25	0	5247.25
589.089	5253.5	0	5253.5
589.213	5186	0	5186
589.336	5203	0	5203
589.46	5223	0	5223
589.583	5246.5	0	5246.5
589.707	5130.75	0	5130.75
589.83	5218	0	5218
589.954	5232	0	5232
590.077	5290.5	0	5290.5
590.2	5236.25	0	5236.25
590.324	5308.25	0	5308.25
590.447	5175.5	0	5175.5
590.57	5265.5	0	5265.5
590.694	5294.75	0	5294.75
590.817	5309	0	5309
590.94	5326.5	0	5326.5
591.063	5395.25	0	5395.25
591.187	5307.25	0	5307.25
591.31	5313.75	0	5313.75
591.433	5400	0	5400
591.556	5451.75	0	5451.75
591.679	5434.5	0	5434.5
591.803	5543	0	5543
591.926	5503.75	0	5503.75
592.049	5605.5	0	5605.5
592.172	5582.25	0	5582.25
592.295	5689.25	0	5689.25
592.418	5798	0	5798
592.541	5793.75	0	5793.75
592.664	5876.25	0	5876.25
592.787	5926.5	0	5926.5
592.91	6152.5	0	6152.5
593.033	6120.5	0	6120.5
593.156	6217.75	0	6217.75
593.279	6370	0	6370
593.402	6349.25	0	6349.25
593.525	6535.25	0	6535.25
593.648	6483.75	0	6483.75
593.771	6547.25	0	6547.25
593.894	6420.5	0	6420.5
594.016	6649.5	0	6649.5
594.139	6584.5	0	6584.5
594.262	6714.25	0	6714.25
594.385	6632.5	0	6632.5
594.508	6728.75	0	6728.75
594.63	6593.75	0	6593.75
594.753	6499.75	0	6499.75
594.876	6447.5	0	6447.5
594.999	6261.25	0	6261.25
595.121	6109.25	0	6109.25
595.244	5995.25	0	5995.25
595.367	5987.75	0	5987.75
595.489	5833.25	0	5833.25
595.612	5818.5	0	5818.5
595.735	5565	0	5565
595.857	5646.5	0	5646.5
595.98	5521.25	0	5521.25
596.102	5484	0	5484
596.225	5457.25	0	5457.25
596.347	5241	0	5241
596.47	5333.75	0	5333.75
596.592	5195	0	5195
596.715	5177.5	0	5177.5
596.837	5079	0	5079
596.96	5149	0	5149
597.082	5079.75	0	5079.75
597.205	5013.5	0	5013.5
597.327	4975.25	0	4975.25
597.449	5026.5	0	5026.5
597.572	5034.5	0	5034.5
597.694	4989.25	0	4989.25
597.816	4962.25	0	4962.25
597.939	4854	0	4854
598.061	4844.25	0	4844.25
598.183	4821.75	0	4821.75
598.306	4888	0	4888
598.428	4897	0	4897
598.55	4855	0	4855
598.672	4797	0	4797
598.795	4800.75	0	4800.75
598.917	4820	0	4820
599.039	4794.5	0	4794.5
599.161	4754	0	4754
599.283	4767.5	0	4767.5
599.405	4846.25	0	4846.25
599.527	4824	0	4824
599.65	4678.75	0	4678.75
599.772	4778.5	0	4778.5
599.894	4761.25	0	4761.25
600.016	4679.5	0	4679.5
600.138	4715.5	0	4715.5
600.26	4749.75	0	4749.75
600.382	4722.75	0	4722.75
600.504	4654	0	4654
600.625	4620.25	0	4620.25
600.747	4623.75	0	4623.75
600.869	4697.25	0	4697.25
600.991	4607.75	0	4607.75
601.113	4659.5	0	4659.5
601.235	4673	0	4673
601.357	4588.75	0	4588.75
601.479	4484	0	4484
601.6	4613.75	0	4613.75
601.722	4560.25	0	4560.25
601.844	4637	0	4637
601.966	4579.25	0	4579.25
602.087	4600	0	4600
602.209	4551.75	0	4551.75
602.331	4596.5	0	4596.5
602.453	4633	0	4633
602.574	4514.5	0	4514.5
602.696	4578.5	0	4578.5
602.818	4521.75	0	4521.75
602.939	4530.25	0	4530.25
603.061	4524.5	0	4524.5
603.182	4501.25	0	4501.25
603.304	4593.25	0	4593.25
603.426	4565.75	0	4565.75
603.547	4561.5	0	4561.5
603.669	4519.25	0	4519.25
603.79	4497.5	0	4497.5
603.912	4531.5	0	4531.5
604.033	4475.75	0	4475.75
604.154	4474.25	0	4474.25
604.276	4472	0	4472
604.397	4420.25	0	4420.25
604.519	4456.75	0	4456.75
604.64	4490.25	0	4490.25
604.761	4477.5	0	4477.5
604.883	4476	0	4476
605.004	4453	0	4453
605.125	4542.75	0	4542.75
605.247	4468.5	0	4468.5
605.368	4426.75	0	4426.75
605.489	4392	0	4392
605.611	4409	0	4409
605.732	4434.75	0	4434.75
605.853	4429.25	0	4429.25
605.974	4463.75	0	4463.75
606.095	4393.5	0	4393.5
606.216	4483	0	4483
606.338	4325.75	0	4325.75
606.459	4374.5	0	4374.5
606.58	4392.75	0	4392.75
606.701	4331.25	0	4331.25
606.822	4428	0	4428
606.943	4384.25	0	4384.25
607.064	4389.25	0	4389.25
607.185	4332.25	0	4332.25
607.306	4325.5	0	4325.5
607.427	4355	0	4355
607.548	4345	0	4345
607.669	4329.5	0	4329.5
607.79	4364.5	0	4364.5
607.911	4357.25	0	4357.25
608.032	4313	0	4313
608.153	4268	0	4268
608.274	4346.25	0	4346.25
608.394	4294.75	0	4294.75
608.515	4384.5	0	4384.5
608.636	4259	0	4259
608.757	4323.5	0	4323.5
608.878	4331.5	0	4331.5
608.998	4327.75	0	4327.75
609.119	4336.75	0	4336.75
609.24	4327	0	4327
609.361	4190.25	0	4190.25
609.481	4262.25	0	4262.25
609.602	4297.25	0	4297.25
609.723	4263.75	0	4263.75
609.843	4253.5	0	4253.5
609.964	4279	0	4279
610.085	4250.5	0	4250.5
610.205	4167.5	0	4167.5
610.326	4247.75	0	4247.75
610.446	4269.25	0	4269.25
610.567	4282.5	0	4282.5
610.687	4210.25	0	4210.25
610.808	4227.25	0	4227.25
610.928	4184.75	0	4184.75
611.049	4224	0	4224
611.169	4147.25	0	4147.25
611.29	4188.5	0	4188.5
611.41	4197.5	0	4197.5
611.531	4211.75	0	4211.75
611.651	4198	0	4198
611.771	4114.5	0	4114.5
611.892	4172.25	0	4172.25
612.012	4245.25	0	4245.25
612.132	4115.25	0	4115.25
612.253	4164.5	0	4164.5
612.373	4135.25	0	4135.25
612.493	4161	0	4161
612.613	4112.5	0	4112.5
612.734	4161.5	0	4161.5
612.854	4147.75	0	4147.75
612.974	4100	0	4100
613.094	4164	0	4164
613.214	4029.75	0	4029.75
613.335	4118.25	0	4118.25
613.455	4131.75	0	4131.75
613.575	4086.5	0	4086.5
613.695	4071.5	0	4071.5
613.815	4103.75	0	4103.75
613.935	4074.5	0	4074.5
614.055	4104.25	0	4104.25
614.175	4092.25	0	4092.25
614.295	4033.25	0	4033.25
614.415	4028.75	0	4028.75
614.535	3950.25	0	3950.25
614.655	4081.5	0	4081.5
614.775	4090	0	4090
614.895	4116	0	4116
615.015	4006.75	0	4006.75
615.135	4021.5	0	4021.5
615.254	4055.75	0	4055.75
615.374	3973	0	3973
615.494	3981	0	3981
615.614	3998.25	0	3998.25
615.734	3997.25	0	3997.25
615.854	3956.75	0	3956.75
615.973	4002.5	0	4002.5
616.093	3982	0	3982
616.213	3993.5	0	3993.5
616.332	4036	0	4036
616.452	3972.75	0	3972.75
616.572	3997.75	0	3997.75
616.691	4006	0	4006
616.811	3986.25	0	3986.25
616.931	3980	0	3980
617.05	3942.25	0	3942.25
617.17	3977.75	0	3977.75
617.289	4000	0	4000
617.409	4039	0	4039
617.529	3921.5	0	3921.5
617.648	3958.5	0	3958.5
617.768	4048.25	0	4048.25
617.887	3929	0	3929
618.006	3989	0	3989
618.126	3920.25	0	3920.25
618.245	3892.25	0	3892.25
618.365	3895.5	0	3895.5
618.484	3950	0	3950
618.604	3854	0	3854
618.723	3902.5	0	3902.5
618.842	3904.5	0	3904.5
618.962	3837.25	0	3837.25
619.081	3970	0	3970
619.2	3928.5	0	3928.5
619.319	3907.75	0	3907.75
619.439	3873.25	0	3873.25
619.558	3874	0	3874
619.677	3887.5	0	3887.5
619.796	3879.25	0	3879.25
619.916	3894.75	0	3894.75
620.035	3927.5	0	3927.5
620.154	3827.5	0	3827.5
620.273	3777.25	0	3777.25
620.392	3816.5	0	3816.5
620.511	3794.25	0	3794.25
620.63	3746.25	0	3746.25
620.749	3868.75	0	3868.75
620.868	3829.5	0	3829.5
620.987	3824.25	0	3824.25
621.106	3793.5	0	3793.5
621.225	3694.5	0	3694.5
621.344	3739.75	0	3739.75
621.463	3768.25	0	3768.25
621.582	3722.5	0	3722.5
621.701	3770.25	0	3770.25
621.82	3738.75	0	3738.75
621.939	3715.25	0	3715.25
622.058	3694.5	0	3694.5
622.177	3724.25	0	3724.25
622.295	3703.5	0	3703.5
622.414	3756.75	0	3756.75
622.533	3675	0	3675
622.652	3675.75	0	3675.75
622.771	3591	0	3591
622.889	3670.25	0	3670.25
623.008	3625.75	0	3625.75
623.127	3694	0	3694
623.245	3610.75	0	3610.75
623.364	3658.5	0	3658.5
623.483	3627	0	3627
623.601	3563.75	0	3563.75
623.72	3603.5	0	3603.5
623.839	3567.75	0	3567.75
623.957	3618.25	0	3618.25
624.076	3564	0	3564
624.194	3544.75	0	3544.75
624.313	3542.25	0	3542.25
624.431	3536.25	0	3536.25
624.55	3575	0	3575
624.668	3553	0	3553
624.787	3554.25	0	3554.25
624.905	3522	0	3522
625.024	3514.5	0	3514.5
625.142	3515.5	0	3515.5
625.26	3527.5	0	3527.5
625.379	3490	0	3490
625.497	3483.5	0	3483.5
625.615	3461.75	0	3461.75
625.734	3508.75	0	3508.75
625.852	3536.25	0	3536.25
625.97	3529.5	0	3529.5
626.089	3535.75	0	3535.75
626.207	3439.75	0	3439.75
626.325	3405.75	0	3405.75
626.443	3472	0	3472
626.561	3452.25	0	3452.25
626.68	3453.25	0	3453.25
626.798	3463.75	0	3463.75
626.916	3489.75	0	3489.75
627.034	3431.5	0	3431.5
627.152	3391	0	3391
627.27	3429.5	0	3429.5
627.388	3454.75	0	3454.75
627.506	3497.75	0	3497.75
627.624	3471.25	0	3471.25
627.742	3462	0	3462
627.86	3442.25	0	3442.25
627.978	3441.25	0	3441.25
628.096	3433.75	0	3433.75
628.214	3447.5	0	3447.5
628.332	3416	0	3416
628.45	3452	0	3452
628.568	3463.5	0	3463.5
628.686	3443.75	0	3443.75
628.804	3456.25	0	3456.25
628.921	3511.5	0	3511.5
629.039	3515	0	3515
629.157	3555.25	0	3555.25
629.275	3496.25	0	3496.25
629.393	3502	0	3502
629.51	3522.25	0	3522.25
629.628	3503	0	3503
629.746	3484	0	3484
629.864	3497.5	0	3497.5
629.981	3412.5	0	3412.5
630.099	3461	0	3461
630.216	3421	0	3421
630.334	3437	0	3437
630.452	3420.25	0	3420.25
630.569	3427.75	0	3427.75
630.687	3443	0	3443
630.804	3413	0	3413
630.922	3421.5	0	3421.5
631.039	3435	0	3435
631.157	3421.75	0	3421.75
631.274	3395	0	3395
631.392	3428.5	0	3428.5
631.509	3391.75	0	3391.75
631.627	3429	0	3429
631.744	3387.75	0	3387.75
631.861	3439	0	3439
631.979	3459.75	0	3459.75
632.096	3405.75	0	3405.75
632.213	3366.5	0	3366.5
632.331	3270.75	0	3270.75
632.448	3310	0	3310
632.565	3250.25	0	3250.25
632.683	3272.75	0	3272.75
632.8	3195.25	0	3195.25
632.917	3252.25	0	3252.25
633.034	3260.5	0	3260.5
633.151	3201	0	3201
633.269	3218.75	0	3218.75
633.386	3206.5	0	3206.5
633.503	3160.5	0	3160.5
633.62	3116.75	0	3116.75
633.737	3219	0	3219
633.854	3222.25	0	3222.25
633.971	3210.25	0	3210.25
634.088	3214.75	0	3214.75
634.205	3161.75	0	3161.75
634.322	3141.5	0	3141.5
634.439	3140	0	3140
634.556	3077	0	3077
634.673	3124.75	0	3124.75
634.79	3099.25	0	3099.25
634.907	3027.75	0	3027.75
635.024	3106	0	3106
635.141	3076	0	3076
635.258	3019.75	0	3019.75
635.375	3050.5	0	3050.5
635.491	3004.75	0	3004.75
635.608	3087.5	0	3087.5
635.725	3025.5	0	3025.5
635.842	3028.25	0	3028.25
635.958	3087.75	0	3087.75
636.075	3033.25	0	3033.25
636.192	2981.75	0	2981.75
636.309	3022.25	0	3022.25
636.425	3001	0	3001
636.542	3071.25	0	3071.25
636.659	2982	0	2982
636.775	3047.25	0	3047.25
636.892	2991	0	2991
637.008	2962	0	2962
637.125	3050	0	3050
637.241	3025.5	0	3025.5
637.358	3073.5	0	3073.5
637.475	2942	0	2942
637.591	3044	0	3044
637.707	3018.5	0	3018.5
637.824	3036.75	0	3036.75
637.94	3031.25	0	3031.25
638.057	2969	0	2969
638.173	2991.5	0	2991.5
638.29	2992.75	0	2992.75
638.406	3003.25	0	3003.25
638.522	2986.5	0	2986.5
638.639	2999	0	2999
638.755	2989.25	0	2989.25
638.871	3032.25	0	3032.25
638.987	2944.5	0	2944.5
639.104	2944.25	0	2944.25
639.22	2925.5	0	2925.5
639.336	2983.5	0	2983.5
639.452	2986.5	0	2986.5
639.569	2994.75	0	2994.75
639.685	2959.5	0	2959.5
639.801	2958.25	0	2958.25
639.917	2960.25	0	2960.25
640.033	2894.75	0	2894.75
640.149	2995.25	0	2995.25
640.265	2988.75	0	2988.75
640.381	2993	0	2993
640.497	3025.5	0	3025.5
640.613	2958.25	0	2958.25
640.729	2929.5	0	2929.5
640.845	2913.25	0	2913.25
640.961	2875.5	0	2875.5
641.077	2869.75	0	2869.75
641.193	2919	0	2919
641.309	2860.75	0	2860.75
641.425	2882	0	2882
641.541	2884.25	0	2884.25
641.657	2869.75	0	2869.75
641.773	2905	0	2905
641.888	2927.75	0	2927.75
642.004	2908	0	2908
642.12	2876.5	0	2876.5
642.236	2792.75	0	2792.75
642.352	2809	0	2809
642.467	2816.25	0	2816.25
642.583	2781.5	0	2781.5
642.699	2835.75	0	2835.75
642.814	2862.25	0	2862.25
642.93	2775	0	2775
643.046	2748	0	2748
643.161	2779.25	0	2779.25
643.277	2780.25	0	2780.25
643.392	2813	0	2813
643.508	2761	0	2761
643.623	2818.5	0	2818.5
643.739	2805.5	0	2805.5
643.854	2755.5	0	2755.5
643.97	2802	0	2802
644.085	2724.5	0	2724.5
644.201	2840.75	0	2840.75
644.316	2820.75	0	2820.75
644.432	2767.25	0	2767.25
644.547	2736	0	2736
644.663	2804.25	0	2804.25
644.778	2759.75	0	2759.75
644.893	2716.75	0	2716.75
645.008	2721	0	2721
645.124	2690.5	0	2690.5
645.239	2810	0	2810
645.354	2793.75	0	2793.75
645.47	2769.25	0	2769.25
645.585	2706	0	2706
645.7	2759.75	0	2759.75
645.815	2759.5	0	2759.5
645.93	2739.75	0	2739.75
646.046	2707.5	0	2707.5
646.161	2724	0	2724
646.276	2695.25	0	2695.25
646.391	2751.25	0	2751.25
646.506	2800.25	0	2800.25
646.621	2782.75	0	2782.75
646.736	2701.5	0	2701.5
646.851	2759	0	2759
646.966	2784	0	2784
647.081	2726	0	2726
647.196	2769.25	0	2769.25
647.311	2773.25	0	2773.25
647.426	2759	0	2759
647.541	2806.5	0	2806.5
647.656	2831.5	0	2831.5
647.771	2852	0	2852
647.885	2863	0	2863
648	2916	0	2916
648.115	2927.75	0	2927.75
648.23	2904.75	0	2904.75
648.345	2993	0	2993
648.459	2980	0	2980
648.574	2965.5	0	2965.5
648.689	2942.25	0	2942.25
648.804	2952.25	0	2952.25
648.918	2989	0	2989
649.033	2964.5	0	2964.5
649.148	2880.25	0	2880.25
649.262	2843	0	2843
649.377	2773.5	0	2773.5
649.491	2755	0	2755
649.606	2780.25	0	2780.25
649.721	2764.5	0	2764.5
649.835	2743.5	0	2743.5
649.95	2776.75	0	2776.75
650.064	2736	0	2736
650.179	2767	0	2767
650.293	2714.75	0	2714.75
650.408	2718.25	0	2718.25
650.522	2744.25	0	2744.25
650.636	2692	0	2692
650.751	2697	0	2697
650.865	2716.75	0	2716.75
650.979	2641	0	2641
651.094	2681.5	0	2681.5
651.208	2677.5	0	2677.5
651.322	2638.5	0	2638.5
651.437	2653.25	0	2653.25
651.551	2668	0	2668
651.665	2668.75	0	2668.75
651.779	2695.75	0	2695.75
651.894	2643.75	0	2643.75
652.008	2674.5	0	2674.5
652.122	2648.5	0	2648.5
652.236	2645.75	0	2645.75
652.35	2616.25	0	2616.25
652.464	2646.25	0	2646.25
652.578	2747.25	0	2747.25
652.693	2668.25	0	2668.25
652.807	2640.75	0	2640.75
652.921	2694.5	0	2694.5
653.035	2665.5	0	2665.5
653.149	2625	0	2625
653.263	2676.5	0	2676.5
653.376	2624.25	0	2624.25
653.49	2627.75	0	2627.75
653.604	2627.25	0	2627.25
653.718	2671.5	0	2671.5
653.832	2723.25	0	2723.25
653.946	2732	0	2732
654.06	2648.25	0	2648.25
654.174	2714.5	0	2714.5
654.287	2650.25	0	2650.25
654.401	2635	0	2635
654.515	2707.5	0	2707.5
654.629	2712.5	0	2712.5
654.743	2737.75	0	2737.75
654.856	2626	0	2626
654.97	2781	0	2781
655.084	2737.25	0	2737.25
655.197	2801.75	0	2801.75
655.311	2762.25	0	2762.25
655.424	2811	0	2811
655.538	2816	0	2816
655.652	2792	0	2792
655.765	2815.75	0	2815.75
655.879	2837	0	2837
655.992	2804	0	2804
656.106	2851	0	2851
656.219	2894	0	2894
656.333	2872.25	0	2872.25
656.446	2952.5	0	2952.5
656.56	3030	0	3030
656.673	2950	0	2950
656.786	2970.5	0	2970.5
656.9	2983.5	0	2983.5
657.013	3023.75	0	3023.75
657.127	3025	0	3025
657.24	2955	0	2955
657.353	2924.25	0	2924.25
657.466	2909.25	0	2909.25
657.58	2916.25	0	2916.25
657.693	2952	0	2952
657.806	2852.5	0	2852.5
657.919	2847.5	0	2847.5
658.032	2873	0	2873
658.146	2840.5	0	2840.5
658.259	2824	0	2824
658.372	2805.75	0	2805.75
658.485	2761.75	0	2761.75
658.598	2810	0	2810
658.711	2740.75	0	2740.75
658.824	2757.5	0	2757.5
658.937	2765.25	0	2765.25
659.05	2777.75	0	2777.75
659.163	2761.5	0	2761.5
659.276	2738.75	0	2738.75
659.389	2750.25	0	2750.25
659.502	2763	0	2763
659.615	2771.25	0	2771.25
659.728	2719.25	0	2719.25
659.841	2716.25	0	2716.25
659.954	2752.5	0	2752.5
660.067	2730.5	0	2730.5
660.179	2813.5	0	2813.5
660.292	2697	0	2697
660.405	2770	0	2770
660.518	2753.75	0	2753.75
660.63	2811.75	0	2811.75
660.743	2814.25	0	2814.25
660.856	2882	0	2882
660.969	2831.5	0	2831.5
661.081	2868.75	0	2868.75
661.194	2826.75	0	2826.75
661.307	2847.5	0	2847.5
661.419	2801.5	0	2801.5
661.532	2786.75	0	2786.75
661.644	2745.75	0	2745.75
661.757	2758.25	0	2758.25
661.869	2728.25	0	2728.25
661.982	2723.25	0	2723.25
662.094	2571.25	0	2571.25
662.207	2617.75	0	2617.75
662.319	2578.5	0	2578.5
662.432	2608	0	2608
662.544	2537	0	2537
662.656	2520	0	2520
662.769	2473.25	0	2473.25
662.881	2459.25	0	2459.25
662.994	2439.5	0	2439.5
663.106	2418	0	2418
663.218	2426.5	0	2426.5
663.331	2444	0	2444
663.443	2385.5	0	2385.5
663.555	2391.25	0	2391.25
663.667	2357	0	2357
663.779	2384.75	0	2384.75
663.892	2431.5	0	2431.5
664.004	2292.75	0	2292.75
664.116	2322.5	0	2322.5
664.228	2344	0	2344
664.34	2313.25	0	2313.25
664.452	2356.25	0	2356.25
664.564	2307.75	0	2307.75
664.676	2248.25	0	2248.25
664.788	2283	0	2283
664.901	2314.5	0	2314.5
665.012	2246	0	2246
665.125	2264.25	0	2264.25
665.236	2263.5	0	2263.5
665.348	2260.5	0	2260.5
665.46	2266.25	0	2266.25
665.572	2287.5	0	2287.5
665.684	2247	0	2247
665.796	2204.25	0	2204.25
665.908	2272.25	0	2272.25
666.02	2224	0	2224
666.131	2225.75	0	2225.75
666.243	2260.5	0	2260.5
666.355	2163	0	2163
666.467	2190	0	2190
666.578	2230.5	0	2230.5
666.69	2186.25	0	2186.25
666.802	2182.25	0	2182.25
666.914	2152	0	2152
667.025	2150	0	2150
667.137	2147.75	0	2147.75
667.248	2206.5	0	2206.5
667.36	2170.5	0	2170.5
667.472	2084.5	0	2084.5
667.583	2165.5	0	2165.5
667.695	2123.75	0	2123.75
667.806	2130.25	0	2130.25
667.918	2193.75	0	2193.75
668.029	2154.75	0	2154.75
668.141	2093.25	0	2093.25
668.252	2091.75	0	2091.75
668.363	2099	0	2099
668.475	2102.75	0	2102.75
668.586	2103.25	0	2103.25
668.698	2115	0	2115
668.809	2050.75	0	2050.75
668.92	2082	0	2082
669.032	2079.75	0	2079.75
669.143	2103.5	0	2103.5
669.254	2048.5	0	2048.5
669.365	2072.25	0	2072.25
669.477	2002.5	0	2002.5
669.588	2063.25	0	2063.25
669.699	2087.25	0	2087.25
669.81	2045.25	0	2045.25
669.921	1991.5	0	1991.5
670.032	2037.75	0	2037.75
670.143	2058.5	0	2058.5
670.255	2044	0	2044
670.366	2057.5	0	2057.5
670.477	2003.75	0	2003.75
670.588	2013.75	0	2013.75
670.699	2041.75	0	2041.75
670.81	2051	0	2051
670.921	2022.25	0	2022.25
671.032	1995.25	0	1995.25
671.143	2027.75	0	2027.75
671.253	2034.75	0	2034.75
671.364	2028.5	0	2028.5
671.475	1982	0	1982
671.586	2013.5	0	2013.5
671.697	1998.25	0	1998.25
671.808	1954.25	0	1954.25
671.919	1956.75	0	1956.75
672.029	2005	0	2005
672.14	1923.75	0	1923.75
672.251	1981	0	1981
672.362	1991	0	1991
672.472	1977.25	0	1977.25
672.583	1950	0	1950
672.694	1927.25	0	1927.25
672.804	1961.5	0	1961.5
672.915	1981.5	0	1981.5
673.025	1938	0	1938
673.136	1923.5	0	1923.5
673.247	1916	0	1916
673.357	1947.25	0	1947.25
673.468	1912.25	0	1912.25
673.578	1954	0	1954
673.689	1935.25	0	1935.25
673.799	1913	0	1913
673.91	1952	0	1952
674.02	1941.5	0	1941.5
674.13	1903	0	1903
674.241	1884.5	0	1884.5
674.351	1908.5	0	1908.5
674.461	1890.5	0	1890.5
674.572	1893.25	0	1893.25
674.682	1901	0	1901
674.792	1908.75	0	1908.75
674.903	1907.25	0	1907.25
675.013	1928.75	0	1928.75
675.123	1908.5	0	1908.5
675.233	1915	0	1915
675.344	1912.25	0	1912.25
675.454	1951.5	0	1951.5
675.564	1879.75	0	1879.75
675.674	1852.25	0	1852.25
675.784	1903.5	0	1903.5
675.894	1877	0	1877
676.004	1895.75	0	1895.75
676.114	1913.75	0	1913.75
676.224	1921.5	0	1921.5
676.334	1858.75	0	1858.75
676.444	1859	0	1859
676.554	1823.75	0	1823.75
676.664	1813.25	0	1813.25
676.774	1794.75	0	1794.75
676.884	1817.25	0	1817.25
676.994	1819	0	1819
677.104	1802.25	0	1802.25
677.214	1820.5	0	1820.5
677.324	1804.75	0	1804.75
677.433	1781	0	1781
677.543	1802.5	0	1802.5
677.653	1750.5	0	1750.5
677.763	1788.25	0	1788.25
677.872	1749.75	0	1749.75
677.982	1796	0	1796
678.092	1751.75	0	1751.75
678.202	1732.75	0	1732.75
678.311	1748	0	1748
678.421	1760.25	0	1760.25
678.53	1705.5	0	1705.5
678.64	1697.25	0	1697.25
678.75	1735.75	0	1735.75
678.859	1734	0	1734
678.969	1726.5	0	1726.5
679.078	1735.25	0	1735.25
679.188	1720	0	1720
679.297	1704.25	0	1704.25
679.407	1722.5	0	1722.5
679.516	1712.25	0	1712.25
679.625	1697	0	1697
679.735	1644	0	1644
679.844	1657.5	0	1657.5
679.954	1632.75	0	1632.75
680.063	1678.5	0	1678.5
680.172	1658.5	0	1658.5
680.282	1639.5	0	1639.5
680.391	1620.25	0	1620.25
680.5	1648.25	0	1648.25
680.609	1619.75	0	1619.75
680.719	1638.75	0	1638.75
680.828	1622.25	0	1622.25
680.937	1634.5	0	1634.5
681.046	1592.5	0	1592.5
681.155	1625.25	0	1625.25
681.264	1584.25	0	1584.25
681.374	1609	0	1609
681.483	1560.25	0	1560.25
681.592	1630.75	0	1630.75
681.701	1555	0	1555
681.81	1606	0	1606
681.919	1593.5	0	1593.5
682.028	1584.5	0	1584.5
682.137	1554.25	0	1554.25
682.246	1594	0	1594
682.355	1603	0	1603
682.463	1586.25	0	1586.25
682.572	1530.75	0	1530.75
682.681	1555.5	0	1555.5
682.79	1579	0	1579
682.899	1555	0	1555
683.008	1585.5	0	1585.5
683.117	1529.25	0	1529.25
683.225	1533.75	0	1533.75
683.334	1567.5	0	1567.5
683.443	1543.5	0	1543.5
683.551	1564.75	0	1564.75
683.66	1529	0	1529
683.769	1562.25	0	1562.25
683.877	1525.75	0	1525.75
683.986	1518.25	0	1518.25
684.095	1534.75	0	1534.75
684.203	1529.5	0	1529.5
684.312	1507.5	0	1507.5
684.42	1576.25	0	1576.25
684.529	1456.5	0	1456.5
684.637	1524.25	0	1524.25
684.746	1520.25	0	1520.25
684.854	1529.75	0	1529.75
684.963	1484	0	1484
685.071	1494.25	0	1494.25
685.18	1500.5	0	1500.5
685.288	1514	0	1514
685.396	1495.75	0	1495.75
685.505	1496.5	0	1496.5
685.613	1501	0	1501
685.721	1508.75	0	1508.75
685.83	1456	0	1456
685.938	1477.75	0	1477.75
686.046	1492.25	0	1492.25
686.154	1466	0	1466
686.263	1476.75	0	1476.75
686.371	1474.5	0	1474.5
686.479	1503.25	0	1503.25
686.587	1433.5	0	1433.5
686.695	1431	0	1431
686.803	1456.25	0	1456.25
686.911	1478.75	0	1478.75
687.019	1434	0	1434
687.127	1457.75	0	1457.75
687.235	1468.5	0	1468.5
687.343	1440.5	0	1440.5
687.451	1447.75	0	1447.75
687.559	1440.5	0	1440.5
687.667	1397.75	0	1397.75
687.775	1390.25	0	1390.25
687.883	1410.75	0	1410.75
687.991	1403.75	0	1403.75
688.099	1425.75	0	1425.75
688.207	1408.25	0	1408.25
688.315	1429	0	1429
688.422	1385.25	0	1385.25
688.53	1405.75	0	1405.75
688.638	1441.75	0	1441.75
688.746	1421	0	1421
688.853	1424.5	0	1424.5
688.961	1410.5	0	1410.5
689.069	1380.25	0	1380.25
689.176	1385.75	0	1385.75
689.284	1364.5	0	1364.5
689.392	1394.75	0	1394.75
689.499	1380.25	0	1380.25
689.607	1397.5	0	1397.5
689.714	1369.25	0	1369.25
689.822	1378.75	0	1378.75
689.93	1363.75	0	1363.75
690.037	1359.5	0	1359.5
690.144	1325.25	0	1325.25
690.252	1349.5	0	1349.5
690.359	1382.75	0	1382.75
690.467	1376.25	0	1376.25
690.574	1324.25	0	1324.25
690.682	1342	0	1342
690.789	1334.25	0	1334.25
690.896	1336.25	0	1336.25
691.004	1343	0	1343
691.111	1335.5	0	1335.5
691.218	1283.5	0	1283.5
691.325	1309.5	0	1309.5
691.433	1338.5	0	1338.5
691.54	1316.5	0	1316.5
691.647	1314.75	0	1314.75
691.754	1318.25	0	1318.25
691.861	1330.25	0	1330.25
691.969	1276.75	0	1276.75
692.076	1309.25	0	1309.25
692.183	1304.25	0	1304.25
692.29	1295.5	0	1295.5
692.397	1290	0	1290
692.504	1277.25	0	1277.25
692.611	1301.5	0	1301.5
692.718	1301.5	0	1301.5
692.825	1289.75	0	1289.75
692.932	1292	0	1292
693.039	1317	0	1317
693.146	1303.75	0	1303.75
693.253	1287.75	0	1287.75
693.359	1286.75	0	1286.75
693.466	1246	0	1246
693.573	1253	0	1253
693.68	1287.25	0	1287.25
693.787	1274.75	0	1274.75
693.894	1294.75	0	1294.75
694	1283.5	0	1283.5
694.107	1266	0	1266
694.214	1267	0	1267
694.32	1221.75	0	1221.75
694.427	1241.75	0	1241.75
694.534	1262.75	0	1262.75
694.64	1257.5	0	1257.5
694.747	1256.5	0	1256.5
694.853	1236.75	0	1236.75
694.96	1205.75	0	1205.75
695.067	1226.25	0	1226.25
695.173	1244.25	0	1244.25
695.28	1257.25	0	1257.25
695.386	1225.25	0	1225.25
695.493	1216.75	0	1216.75
695.599	1243	0	1243
695.705	1252	0	1252
695.812	1192	0	1192
695.918	1182	0	1182
696.025	1229.25	0	1229.25
696.131	1214	0	1214
696.237	1196	0	1196
696.344	1211	0	1211
696.45	1211	0	1211
696.556	1259	0	1259
696.662	1204.5	0	1204.5
696.768	1173	0	1173
696.875	1212	0	1212
696.981	1218.5	0	1218.5
697.087	1199.5	0	1199.5
697.193	1211.75	0	1211.75
697.299	1203.5	0	1203.5
697.405	1173	0	1173
697.512	1174.25	0	1174.25
697.618	1192.25	0	1192.25
697.724	1177.75	0	1177.75
697.83	1188.25	0	1188.25
697.936	1176.5	0	1176.5
698.042	1170.5	0	1170.5
698.148	1191	0	1191
698.253	1187.75	0	1187.75
698.359	1157.5	0	1157.5
698.465	1178.75	0	1178.75
698.571	1192.75	0	1192.75
698.677	1168.5	0	1168.5
698.783	1168.75	0	1168.75
698.889	1152.75	0	1152.75
698.994	1169.25	0	1169.25
699.1	1155.75	0	1155.75
699.206	1152.75	0	1152.75
699.312	1124.75	0	1124.75
699.417	1142.25	0	1142.25
699.523	1160	0	1160
699.629	1111.75	0	1111.75
699.734	1145.25	0	1145.25
699.84	1161.25	0	1161.25
699.946	1136	0	1136
700.051	1132	0	1132
700.157	1127.75	0	1127.75
700.262	1130	0	1130
700.368	1133.5	0	1133.5
700.473	1135.5	0	1135.5
700.579	1154.5	0	1154.5
700.684	1146.75	0	1146.75
700.79	1144	0	1144
700.895	1134.75	0	1134.75
701	1136.75	0	1136.75
701.106	1117.75	0	1117.75
701.211	1134.75	0	1134.75
701.316	1132	0	1132
701.422	1144.75	0	1144.75
701.527	1083.75	0	1083.75
701.632	1128.25	0	1128.25
701.738	1118.25	0	1118.25
701.843	1105	0	1105
701.948	1084.75	0	1084.75
702.053	1108.75	0	1108.75
702.158	1093.5	0	1093.5
702.264	1095	0	1095
702.369	1082.5	0	1082.5
702.474	1112.25	0	1112.25
702.579	1108.75	0	1108.75
702.684	1092.25	0	1092.25
702.789	1106.5	0	1106.5
702.894	1099.25	0	1099.25
702.999	1078.5	0	1078.5
703.104	1050.25	0	1050.25
703.209	1079.5	0	1079.5
703.314	1067.75	0	1067.75
703.419	1040	0	1040
703.524	1095.75	0	1095.75
703.629	1069	0	1069
703.733	1050.75	0	1050.75
703.838	1047.75	0	1047.75
703.943	1049.5	0	1049.5
704.048	1059.25	0	1059.25
704.153	1065	0	1065
704.257	1039.25	0	1039.25
704.362	1010.25	0	1010.25
704.467	1037.25	0	1037.25
704.572	1038	0	1038
704.676	1049.5	0	1049.5
704.781	1033	0	1033
704.886	1073	0	1073
704.99	1027	0	1027
705.095	1070	0	1070
705.199	1041.25	0	1041.25
705.304	1038	0	1038
705.408	1005	0	1005
705.513	1013	0	1013
705.617	1018.5	0	1018.5
705.722	1034.5	0	1034.5
705.826	1034.5	0	1034.5
705.931	1042	0	1042
706.035	1028	0	1028
706.139	1048.75	0	1048.75
706.244	1037.25	0	1037.25
706.348	1009.25	0	1009.25
706.452	1012	0	1012
706.557	1024	0	1024
706.661	1009.75	0	1009.75
706.765	996.5	0	996.5
706.87	1003.5	0	1003.5
706.974	1016	0	1016
707.078	1018.5	0	1018.5
707.182	1027.75	0	1027.75
707.286	1010.25	0	1010.25
707.39	1014.75	0	1014.75
707.495	1001.5	0	1001.5
707.599	1005.75	0	1005.75
707.703	999.75	0	999.75
707.807	975.5	0	975.5
707.911	1003.25	0	1003.25
708.015	987.25	0	987.25
708.119	986.25	0	986.25
708.223	972.25	0	972.25
708.327	983.25	0	983.25
708.431	1002.5	0	1002.5
708.534	983.5	0	983.5
708.638	976.5	0	976.5
708.742	959	0	959
708.846	994.5	0	994.5
708.95	987.25	0	987.25
709.054	981.25	0	981.25
709.157	939.25	0	939.25
709.261	1004	0	1004
709.365	966.75	0	966.75
709.469	968.5	0	968.5
709.572	966.5	0	966.5
709.676	969.5	0	969.5
709.78	993.5	0	993.5
709.883	1003.25	0	1003.25
709.987	958.75	0	958.75
710.09	973.75	0	973.75
710.194	967.25	0	967.25
710.298	939.25	0	939.25
710.401	1000	0	1000
710.505	965.75	0	965.75
710.608	964.75	0	964.75
710.711	951	0	951
710.815	951	0	951
710.918	960	0	960
711.022	926.25	0	926.25
711.125	936.75	0	936.75
711.228	942	0	942
711.332	964.5	0	964.5
711.435	945	0	945
711.538	928.5	0	928.5
711.642	956.25	0	956.25
711.745	955	0	955
711.848	904.25	0	904.25
711.951	973.5	0	973.5
712.055	935.75	0	935.75
712.158	972	0	972
712.261	944.5	0	944.5
712.364	954.5	0	954.5
712.467	925.75	0	925.75
712.57	923.25	0	923.25
712.673	908	0	908
712.776	955.25	0	955.25
712.879	934.25	0	934.25
712.982	893.75	0	893.75
713.085	912	0	912
713.188	935	0	935
713.291	914.5	0	914.5
713.394	924	0	924
713.497	932.75	0	932.75
713.6	911	0	911
713.703	910	0	910
713.805	903.25	0	903.25
713.908	958	0	958
714.011	946.75	0	946.75
714.114	936	0	936
714.216	940	0	940
714.319	939	0	939
714.422	935.5	0	935.5
714.525	920.75	0	920.75
714.627	911.5	0	911.5
714.73	916	0	916
714.833	919	0	919
714.935	934.25	0	934.25
715.038	918.25	0	918.25
715.14	917.75	0	917.75
715.243	897	0	897
715.345	913.5	0	913.5
715.448	899.5	0	899.5
715.55	934.5	0	934.5
715.653	932.75	0	932.75
715.755	921	0	921
715.857	927.25	0	927.25
715.96	983.75	0	983.75
716.062	950.25	0	950.25
716.164	1002.75	0	1002.75
716.267	991	0	991
716.369	975.5	0	975.5
716.471	983.75	0	983.75
716.574	1009	0	1009
716.676	984.25	0	984.25
716.778	941	0	941
716.88	959.25	0	959.25
716.982	928.25	0	928.25
717.085	968	0	968
717.187	971	0	971
717.289	916.5	0	916.5
717.391	942	0	942
717.493	926.5	0	926.5
717.595	907	0	907
717.697	918.5	0	918.5
717.799	934.25	0	934.25
717.901	924.5	0	924.5
718.003	913.25	0	913.25
718.105	925	0	925
718.207	899.75	0	899.75
718.309	911.5	0	911.5
718.411	909.25	0	909.25
718.512	880	0	880
718.614	878	0	878
718.716	914.75	0	914.75
718.818	905.75	0	905.75
718.92	885	0	885
719.021	915	0	915
719.123	844.5	0	844.5
719.225	897.75	0	897.75
719.326	853.75	0	853.75
719.428	859.5	0	859.5
719.53	874	0	874
719.631	877.75	0	877.75
719.733	875.25	0	875.25
719.834	851.25	0	851.25
719.936	877.25	0	877.25
720.038	858	0	858
720.139	862.25	0	862.25
720.241	878	0	878
720.342	849.5	0	849.5
720.443	857.5	0	857.5
720.545	872	0	872
720.646	870.5	0	870.5
720.748	843	0	843
720.849	833.25	0	833.25
720.95	870.25	0	870.25
721.052	856	0	856
721.153	801.75	0	801.75
721.254	845	0	845
721.355	844.5	0	844.5
721.457	846	0	846
721.558	823	0	823
721.659	829.75	0	829.75
721.76	824	0	824
721.861	811.75	0	811.75
721.963	807	0	807
722.064	841.5	0	841.5
722.165	817.25	0	817.25
722.266	804.5	0	804.5
722.367	859.75	0	859.75
722.468	799.5	0	799.5
722.569	827.25	0	827.25
722.67	806	0	806
722.771	824.75	0	824.75
722.872	825.75	0	825.75
722.973	814.25	0	814.25
723.073	789.5	0	789.5
723.174	811	0	811
723.275	809.75	0	809.75
723.376	810.25	0	810.25
723.477	807.5	0	807.5
723.577	811.25	0	811.25
723.678	820	0	820
723.779	793.75	0	793.75
723.88	775.5	0	775.5
723.98	820.75	0	820.75
724.081	805	0	805
724.182	793	0	793
724.282	815.25	0	815.25
724.383	805.25	0	805.25
724.483	796.25	0	796.25
724.584	783.5	0	783.5
724.685	801	0	801
724.785	780	0	780
724.886	835	0	835
724.986	803.5	0	803.5
725.086	803.25	0	803.25
725.187	782.5	0	782.5
725.287	806.5	0	806.5
725.388	796	0	796
725.488	817.25	0	817.25
725.588	785	0	785
725.689	804.25	0	804.25
725.789	763.25	0	763.25
725.889	760.5	0	760.5
725.99	775.5	0	775.5
726.09	790	0	790
726.19	766	0	766
726.29	782	0	782
726.39	782.25	0	782.25
726.49	779.25	0	779.25
726.591	777.5	0	777.5
726.691	800.5	0	800.5
726.791	767	0	767
726.891	782.5	0	782.5
726.991	788.5	0	788.5
727.091	772.25	0	772.25
727.191	789.25	0	789.25
727.291	788.5	0	788.5
727.391	763.25	0	763.25
727.491	778.75	0	778.75
727.591	775.5	0	775.5
727.691	752	0	752
727.79	772.25	0	772.25
727.89	763.5	0	763.5
727.99	760.75	0	760.75
728.09	774.25	0	774.25
728.19	768	0	768
728.289	779.5	0	779.5
728.389	759.25	0	759.25
728.489	781.25	0	781.25
728.589	770.5	0	770.5
728.688	732.5	0	732.5
728.788	754.25	0	754.25
728.888	721	0	721
728.987	766.5	0	766.5
729.087	751.75	0	751.75
729.186	745.75	0	745.75
729.286	759.5	0	759.5
729.385	752	0	752
729.485	758.75	0	758.75
729.584	731.75	0	731.75
729.684	714.25	0	714.25
729.783	745.75	0	745.75
729.883	760.5	0	760.5
729.982	745.25	0	745.25
730.081	771.75	0	771.75
730.181	733	0	733
730.28	732.75	0	732.75
730.379	733.25	0	733.25
730.479	747.5	0	747.5
730.578	733.75	0	733.75
730.677	785.5	0	785.5
730.776	722.75	0	722.75
730.875	750	0	750
730.975	737.75	0	737.75
731.074	751.25	0	751.25
731.173	721.75	0	721.75
731.272	749.25	0	749.25
731.371	750	0	750
731.47	740.75	0	740.75
731.569	727	0	727
731.668	734.75	0	734.75
731.767	734.5	0	734.5
731.866	728.5	0	728.5
731.965	715.75	0	715.75
732.064	739.5	0	739.5
732.163	751.75	0	751.75
732.262	726.75	0	726.75
732.361	741.25	0	741.25
732.46	729.25	0	729.25
732.558	718.25	0	718.25
732.657	734.25	0	734.25
732.756	711.75	0	711.75
732.855	715	0	715
732.953	721.5	0	721.5
733.052	709	0	709
733.151	739.5	0	739.5
733.25	713.25	0	713.25
733.348	721	0	721
733.447	710.25	0	710.25
733.545	707.5	0	707.5
733.644	720.75	0	720.75
733.742	728.5	0	728.5
733.841	703	0	703
733.939	705.5	0	705.5
734.038	702.25	0	702.25
734.136	709.75	0	709.75
734.235	691.75	0	691.75
734.333	721.5	0	721.5
734.432	732.75	0	732.75
734.53	712	0	712
734.628	699.25	0	699.25
734.727	712.25	0	712.25
734.825	709.75	0	709.75
734.923	706.25	0	706.25
735.022	724.5	0	724.5
735.12	711	0	711
735.218	735	0	735
735.316	697.25	0	697.25
735.414	680	0	680
735.513	679.75	0	679.75
735.611	710	0	710
735.709	709	0	709
735.807	716	0	716
735.905	694	0	694
736.003	692.25	0	692.25
736.101	715.5	0	715.5
736.199	690	0	690
736.297	682	0	682
736.395	697.5	0	697.5
736.493	695	0	695
736.591	692.75	0	692.75
736.689	691	0	691
736.787	675	0	675
736.884	673.25	0	673.25
736.982	702	0	702
737.08	720.75	0	720.75
737.178	682	0	682
737.276	720	0	720
737.373	700.5	0	700.5
737.471	676	0	676
737.569	687.75	0	687.75
737.667	685	0	685
737.764	669.5	0	669.5
737.862	689.75	0	689.75
737.959	675	0	675
738.057	673.75	0	673.75
738.154	701.5	0	701.5
738.252	668.25	0	668.25
738.35	664.75	0	664.75
738.447	691.5	0	691.5
738.544	674.75	0	674.75
738.642	683.75	0	683.75
738.739	668	0	668
738.837	674.25	0	674.25
738.934	684.75	0	684.75
739.031	680.25	0	680.25
739.129	689.75	0	689.75
739.226	685	0	685
739.323	683.5	0	683.5
739.421	676.75	0	676.75
739.518	705.5	0	705.5
739.615	680.75	0	680.75