Lambda	Spectrum	Dark	SpecMinusDark
500.031	9464.75	0	9464.75
500.165	10320.2	0	10320.2
500.299	11397.2	0	11397.2
500.433	12321.8	0	12321.8
500.567	13085.5	0	13085.5
500.701	13337.8	0	13337.8
500.835	13420	0	13420
500.968	13208	0	13208
501.102	12668.8	0	12668.8
501.236	12073.2	0	12073.2
501.37	11486.8	0	11486.8
501.504	10853	0	10853
501.637	10324.5	0	10324.5
501.771	9791.25	0	9791.25
501.905	9323	0	9323
502.039	9150.75	0	9150.75
502.172	8863	0	8863
502.306	8863.25	0	8863.25
502.44	8635.5	0	8635.5
502.573	8523.5	0	8523.5
502.707	8606.75	0	8606.75
502.841	8522	0	8522
502.974	8474.5	0	8474.5
503.108	8300.25	0	8300.25
503.242	8203.75	0	8203.75
503.375	8138.75	0	8138.75
503.509	8134	0	8134
503.642	8175.25	0	8175.25
503.776	8251	0	8251
503.909	8232.25	0	8232.25
504.043	8352.75	0	8352.75
504.176	8419.5	0	8419.5
504.31	8586	0	8586
504.443	8794	0	8794
504.577	8932	0	8932
504.71	9322.25	0	9322.25
504.844	9451.75	0	9451.75
504.977	9469.5	0	9469.5
505.111	9199.5	0	9199.5
505.244	9038.5	0	9038.5
505.377	8794.5	0	8794.5
505.511	8655.25	0	8655.25
505.644	8547.25	0	8547.25
505.777	8576.25	0	8576.25
505.911	8435.75	0	8435.75
506.044	8581.25	0	8581.25
506.177	8499	0	8499
506.311	8484.5	0	8484.5
506.444	8459.5	0	8459.5
506.577	8269.25	0	8269.25
506.71	8393	0	8393
506.844	8333.5	0	8333.5
506.977	8272.25	0	8272.25
507.11	8198.25	0	8198.25
507.243	8165.5	0	8165.5
507.376	8235	0	8235
507.51	8284.25	0	8284.25
507.643	8252.5	0	8252.5
507.776	8248	0	8248
507.909	8256.25	0	8256.25
508.042	8186	0	8186
508.175	8167.5	0	8167.5
508.308	8255.75	0	8255.75
508.441	8251	0	8251
508.574	8151	0	8151
508.707	8192	0	8192
508.84	8114.25	0	8114.25
508.973	8283.75	0	8283.75
509.106	8167.5	0	8167.5
509.239	8238.5	0	8238.5
509.372	8194	0	8194
509.505	8238.5	0	8238.5
509.638	8214.25	0	8214.25
509.771	8254.75	0	8254.75
509.904	8183.75	0	8183.75
510.037	8330.5	0	8330.5
510.17	8285.75	0	8285.75
510.303	8379.5	0	8379.5
510.436	8440.75	0	8440.75
510.568	8412.75	0	8412.75
510.701	8502.75	0	8502.75
510.834	8526.75	0	8526.75
510.967	8599.25	0	8599.25
511.1	8669.25	0	8669.25
511.232	8732.25	0	8732.25
511.365	8978.75	0	8978.75
511.498	8977.25	0	8977.25
511.631	9104	0	9104
511.763	9033.5	0	9033.5
511.896	9086	0	9086
512.029	8876.25	0	8876.25
512.161	8916	0	8916
512.294	8843	0	8843
512.427	8717.75	0	8717.75
512.559	8841	0	8841
512.692	8851	0	8851
512.825	8903.5	0	8903.5
512.957	9010	0	9010
513.09	9074.75	0	9074.75
513.222	8964.5	0	8964.5
513.355	9243.5	0	9243.5
513.487	9249.75	0	9249.75
513.62	9399.5	0	9399.5
513.752	9410.75	0	9410.75
513.885	9522.25	0	9522.25
514.017	9582.25	0	9582.25
514.15	9691.25	0	9691.25
514.282	9847.25	0	9847.25
514.415	9971.75	0	9971.75
514.547	10106.5	0	10106.5
514.68	10127.5	0	10127.5
514.812	10086.5	0	10086.5
514.944	10042.5	0	10042.5
515.077	9912.25	0	9912.25
515.209	9927.75	0	9927.75
515.341	10066.2	0	10066.2
515.474	10076.8	0	10076.8
515.606	10161.8	0	10161.8
515.738	10136.5	0	10136.5
515.871	10345.8	0	10345.8
516.003	10403	0	10403
516.135	10522.8	0	10522.8
516.267	10524.2	0	10524.2
516.4	10693.8	0	10693.8
516.532	10833.8	0	10833.8
516.664	10927.5	0	10927.5
516.796	11030.2	0	11030.2
516.928	11217	0	11217
517.06	11429.2	0	11429.2
517.193	11762.8	0	11762.8
517.325	11873.2	0	11873.2
517.457	12442	0	12442
517.589	12623	0	12623
517.721	12849.5	0	12849.5
517.853	12996.8	0	12996.8
517.985	13235	0	13235
518.117	13201.5	0	13201.5
518.249	13363	0	13363
518.381	13217.2	0	13217.2
518.513	12882.8	0	12882.8
518.645	12532	0	12532
518.777	12303.8	0	12303.8
518.909	11773	0	11773
519.041	11576.5	0	11576.5
519.173	11344.2	0	11344.2
519.305	11203	0	11203
519.437	11034.8	0	11034.8
519.569	10767	0	10767
519.701	10655.2	0	10655.2
519.832	10468	0	10468
519.964	10253	0	10253
520.096	10051.2	0	10051.2
520.228	10040.5	0	10040.5
520.36	10046.5	0	10046.5
520.491	9882	0	9882
520.623	9804	0	9804
520.755	9757	0	9757
520.887	9734.75	0	9734.75
521.018	9620.75	0	9620.75
521.15	9552	0	9552
521.282	9433.5	0	9433.5
521.414	9523.5	0	9523.5
521.545	9455.75	0	9455.75
521.677	9381.25	0	9381.25
521.808	9298	0	9298
521.94	9120.25	0	9120.25
522.072	9140.25	0	9140.25
522.203	9084.75	0	9084.75
522.335	9014.5	0	9014.5
522.466	8970.5	0	8970.5
522.598	8950.5	0	8950.5
522.729	8914	0	8914
522.861	8837.75	0	8837.75
522.993	8780.75	0	8780.75
523.124	8829.25	0	8829.25
523.256	8709.25	0	8709.25
523.387	8726.5	0	8726.5
523.518	8832.25	0	8832.25
523.65	8732.25	0	8732.25
523.781	8700	0	8700
523.913	8639	0	8639
524.044	8692.75	0	8692.75
524.176	8622.5	0	8622.5
524.307	8654.5	0	8654.5
524.438	8445	0	8445
524.57	8609	0	8609
524.701	8509.25	0	8509.25
524.832	8446.25	0	8446.25
524.964	8422.75	0	8422.75
525.095	8368	0	8368
525.226	8335	0	8335
525.357	8260	0	8260
525.489	8140.5	0	8140.5
525.62	8041.25	0	8041.25
525.751	8123.5	0	8123.5
525.882	8046.5	0	8046.5
526.013	7970.5	0	7970.5
526.145	7943.25	0	7943.25
526.276	7845.5	0	7845.5
526.407	7817.75	0	7817.75
526.538	7876.75	0	7876.75
526.669	7771.25	0	7771.25
526.8	7783.5	0	7783.5
526.931	7673.25	0	7673.25
527.062	7748.25	0	7748.25
527.193	7746.25	0	7746.25
527.324	7565	0	7565
527.455	7608.25	0	7608.25
527.586	7622	0	7622
527.717	7502.5	0	7502.5
527.848	7566	0	7566
527.979	7491.5	0	7491.5
528.11	7409.5	0	7409.5
528.241	7514	0	7514
528.372	7429.25	0	7429.25
528.503	7471.5	0	7471.5
528.634	7408.25	0	7408.25
528.765	7393.75	0	7393.75
528.896	7303	0	7303
529.026	7182	0	7182
529.157	7225.75	0	7225.75
529.288	7169.5	0	7169.5
529.419	7222.25	0	7222.25
529.55	7181	0	7181
529.681	7136.5	0	7136.5
529.811	7065.25	0	7065.25
529.942	7008.75	0	7008.75
530.073	7089	0	7089
530.203	7144.5	0	7144.5
530.334	7096.75	0	7096.75
530.465	7067.5	0	7067.5
530.596	7018.25	0	7018.25
530.726	7035.5	0	7035.5
530.857	7075.25	0	7075.25
530.987	7014.75	0	7014.75
531.118	7048.75	0	7048.75
531.249	7027	0	7027
531.379	6914.75	0	6914.75
531.51	7009.5	0	7009.5
531.64	7021.25	0	7021.25
531.771	6934.25	0	6934.25
531.901	7054.5	0	7054.5
532.032	6995.75	0	6995.75
532.163	6933.25	0	6933.25
532.293	6967.5	0	6967.5
532.423	6962	0	6962
532.554	6907.75	0	6907.75
532.684	7083.75	0	7083.75
532.815	7014	0	7014
532.945	6901.25	0	6901.25
533.076	6903	0	6903
533.206	6904.75	0	6904.75
533.336	6878.25	0	6878.25
533.467	6858	0	6858
533.597	6854.5	0	6854.5
533.727	6828	0	6828
533.858	6868.25	0	6868.25
533.988	6905.5	0	6905.5
534.118	6842.5	0	6842.5
534.248	6803.75	0	6803.75
534.379	6866.5	0	6866.5
534.509	6859.5	0	6859.5
534.639	6860.25	0	6860.25
534.769	6888.75	0	6888.75
534.9	6855.25	0	6855.25
535.03	6832.75	0	6832.75
535.16	6927.75	0	6927.75
535.29	6858	0	6858
535.42	6881.25	0	6881.25
535.55	6863.5	0	6863.5
535.68	6948.75	0	6948.75
535.81	6869.25	0	6869.25
535.94	6781	0	6781
536.071	6744	0	6744
536.201	6720.75	0	6720.75
536.331	6751.75	0	6751.75
536.461	6705.5	0	6705.5
536.591	6707.5	0	6707.5
536.721	6746.5	0	6746.5
536.851	6715.75	0	6715.75
536.981	6775.25	0	6775.25
537.11	6683.25	0	6683.25
537.24	6596.75	0	6596.75
537.37	6727.75	0	6727.75
537.5	6772.25	0	6772.25
537.63	6836.5	0	6836.5
537.76	6727	0	6727
537.89	6718.25	0	6718.25
538.02	6895.75	0	6895.75
538.149	7006.5	0	7006.5
538.279	7054.25	0	7054.25
538.409	7116.5	0	7116.5
538.539	7202	0	7202
538.669	7004.75	0	7004.75
538.798	6760.25	0	6760.25
538.928	6650	0	6650
539.058	6573.25	0	6573.25
539.187	6533	0	6533
539.317	6508.25	0	6508.25
539.447	6381.5	0	6381.5
539.576	6401.5	0	6401.5
539.706	6339.5	0	6339.5
539.836	6375	0	6375
539.965	6406	0	6406
540.095	6232.75	0	6232.75
540.225	6282.25	0	6282.25
540.354	6298.75	0	6298.75
540.484	6348.5	0	6348.5
540.613	6229	0	6229
540.743	6246.75	0	6246.75
540.872	6225.5	0	6225.5
541.002	6145.25	0	6145.25
541.131	6108.75	0	6108.75
541.261	6200.5	0	6200.5
541.39	6095.25	0	6095.25
541.52	6120.25	0	6120.25
541.649	6104	0	6104
541.778	6116.75	0	6116.75
541.908	5985.25	0	5985.25
542.037	6069.5	0	6069.5
542.167	6069.5	0	6069.5
542.296	6075	0	6075
542.425	5963.25	0	5963.25
542.554	5997	0	5997
542.684	5958.25	0	5958.25
542.813	5981.25	0	5981.25
542.942	5956.5	0	5956.5
543.072	5988.5	0	5988.5
543.201	6014	0	6014
543.33	6004.5	0	6004.5
543.459	6002.5	0	6002.5
543.588	5941.75	0	5941.75
543.718	5999.75	0	5999.75
543.847	5976.5	0	5976.5
543.976	6005.75	0	6005.75
544.105	6036.75	0	6036.75
544.234	5957.75	0	5957.75
544.363	5992.25	0	5992.25
544.492	6038.25	0	6038.25
544.621	5952.25	0	5952.25
544.75	6119.75	0	6119.75
544.88	6073.25	0	6073.25
545.009	6073.5	0	6073.5
545.138	6152.5	0	6152.5
545.266	6040	0	6040
545.396	6064.25	0	6064.25
545.525	6138.5	0	6138.5
545.653	6136.75	0	6136.75
545.782	6185.25	0	6185.25
545.911	6200	0	6200
546.04	6237.5	0	6237.5
546.169	6271.75	0	6271.75
546.298	6434.75	0	6434.75
546.427	6435	0	6435
546.556	6463.5	0	6463.5
546.685	6630.75	0	6630.75
546.813	6813.75	0	6813.75
546.942	6699.75	0	6699.75
547.071	6614.5	0	6614.5
547.2	6545.25	0	6545.25
547.328	6401.25	0	6401.25
547.457	6290.25	0	6290.25
547.586	6268.25	0	6268.25
547.715	6324.75	0	6324.75
547.843	6365	0	6365
547.972	6278.5	0	6278.5
548.101	6342.5	0	6342.5
548.229	6241	0	6241
548.358	6298.75	0	6298.75
548.487	6332	0	6332
548.615	6309.75	0	6309.75
548.744	6299.25	0	6299.25
548.872	6166.5	0	6166.5
549.001	6215.25	0	6215.25
549.129	6093	0	6093
549.258	6216.25	0	6216.25
549.387	6197.5	0	6197.5
549.515	6199.75	0	6199.75
549.643	6253	0	6253
549.772	6386.5	0	6386.5
549.9	6395.5	0	6395.5
550.029	6377.25	0	6377.25
550.157	6268.25	0	6268.25
550.286	6272	0	6272
550.414	6225.75	0	6225.75
550.542	6143.25	0	6143.25
550.671	6215.5	0	6215.5
550.799	6028	0	6028
550.927	5968.5	0	5968.5
551.056	6031.75	0	6031.75
551.184	6010.5	0	6010.5
551.312	5967.25	0	5967.25
551.441	6070	0	6070
551.569	6062.25	0	6062.25
551.697	6053.25	0	6053.25
551.825	6011.25	0	6011.25
551.953	6035.5	0	6035.5
552.082	6065	0	6065
552.21	6229	0	6229
552.338	6106	0	6106
552.466	6275.5	0	6275.5
552.594	6392.75	0	6392.75
552.722	6342.5	0	6342.5
552.851	6453.5	0	6453.5
552.979	6601	0	6601
553.107	6574.25	0	6574.25
553.235	6678.25	0	6678.25
553.363	6791.75	0	6791.75
553.491	6792.25	0	6792.25
553.619	6944	0	6944
553.747	7015	0	7015
553.875	6988.5	0	6988.5
554.003	6939.25	0	6939.25
554.131	6801	0	6801
554.259	6781	0	6781
554.387	6637	0	6637
554.514	6730.75	0	6730.75
554.642	6624.5	0	6624.5
554.77	6616	0	6616
554.898	6465.5	0	6465.5
555.026	6490.5	0	6490.5
555.154	6539.25	0	6539.25
555.281	6495.25	0	6495.25
555.409	6603	0	6603
555.537	6539.25	0	6539.25
555.665	6639.75	0	6639.75
555.793	6729	0	6729
555.92	6780	0	6780
556.048	6814	0	6814
556.176	6919	0	6919
556.303	6945.75	0	6945.75
556.431	7170.5	0	7170.5
556.559	7308	0	7308
556.686	7538	0	7538
556.814	7867.5	0	7867.5
556.942	8226.75	0	8226.75
557.069	8726.25	0	8726.25
557.197	8798.5	0	8798.5
557.324	8545	0	8545
557.452	7776.25	0	7776.25
557.579	7249.75	0	7249.75
557.707	6920.5	0	6920.5
557.835	6700.75	0	6700.75
557.962	6519.5	0	6519.5
558.089	6439	0	6439
558.217	6258.25	0	6258.25
558.344	6200.75	0	6200.75
558.472	6229.25	0	6229.25
558.599	5969.75	0	5969.75
558.727	5890.5	0	5890.5
558.854	5866	0	5866
558.981	5846.75	0	5846.75
559.109	5790	0	5790
559.236	5764.25	0	5764.25
559.363	5809.75	0	5809.75
559.491	5661	0	5661
559.618	5652.75	0	5652.75
559.745	5636	0	5636
559.872	5726.5	0	5726.5
560	5667.75	0	5667.75
560.127	5588	0	5588
560.254	5649.75	0	5649.75
560.381	5626.5	0	5626.5
560.508	5662.25	0	5662.25
560.636	5631.25	0	5631.25
560.763	5631.5	0	5631.5
560.89	5573.25	0	5573.25
561.017	5607.25	0	5607.25
561.144	5487.5	0	5487.5
561.271	5605.5	0	5605.5
561.398	5541.25	0	5541.25
561.525	5678.5	0	5678.5
561.652	5606.5	0	5606.5
561.779	5630.75	0	5630.75
561.906	5637.25	0	5637.25
562.033	5571.5	0	5571.5
562.16	5605.75	0	5605.75
562.287	5609.75	0	5609.75
562.414	5638.25	0	5638.25
562.541	5724	0	5724
562.668	5663.25	0	5663.25
562.795	5712.75	0	5712.75
562.922	5722.75	0	5722.75
563.049	5866.5	0	5866.5
563.175	5977.5	0	5977.5
563.302	5903.5	0	5903.5
563.429	6095.25	0	6095.25
563.556	6183.75	0	6183.75
563.683	6256.75	0	6256.75
563.809	6338.75	0	6338.75
563.936	6593.75	0	6593.75
564.063	6629	0	6629
564.19	6929.75	0	6929.75
564.316	7166.75	0	7166.75
564.443	7146.75	0	7146.75
564.57	6791.25	0	6791.25
564.696	6473	0	6473
564.823	6382.75	0	6382.75
564.95	6261.75	0	6261.75
565.076	6219.25	0	6219.25
565.203	6279	0	6279
565.33	6285	0	6285
565.456	6268.25	0	6268.25
565.583	6365.25	0	6365.25
565.709	6308	0	6308
565.836	6418	0	6418
565.962	6423.5	0	6423.5
566.089	6571.5	0	6571.5
566.215	6705	0	6705
566.341	6738.5	0	6738.5
566.468	7089.5	0	7089.5
566.594	7392.25	0	7392.25
566.721	7703.75	0	7703.75
566.847	7968	0	7968
566.974	8244.75	0	8244.75
567.1	8260.75	0	8260.75
567.226	8310	0	8310
567.353	8265.25	0	8265.25
567.479	8056	0	8056
567.605	8372.75	0	8372.75
567.732	8589.25	0	8589.25
567.858	8872.5	0	8872.5
567.984	9307	0	9307
568.11	9545	0	9545
568.236	9836.75	0	9836.75
568.363	9710.5	0	9710.5
568.489	9045.75	0	9045.75
568.615	8570.5	0	8570.5
568.741	7963	0	7963
568.867	7490.25	0	7490.25
568.993	7316.75	0	7316.75
569.12	6974.75	0	6974.75
569.246	6618.75	0	6618.75
569.372	6391.5	0	6391.5
569.498	6204.5	0	6204.5
569.624	6167.25	0	6167.25
569.75	5977.25	0	5977.25
569.876	5805.75	0	5805.75
570.002	5731.75	0	5731.75
570.128	5657.25	0	5657.25
570.254	5601	0	5601
570.38	5658	0	5658
570.506	5671.75	0	5671.75
570.632	5697.25	0	5697.25
570.758	5682	0	5682
570.883	5479.5	0	5479.5
571.009	5577.5	0	5577.5
571.135	5544.25	0	5544.25
571.261	5607	0	5607
571.387	5590.5	0	5590.5
571.513	5540.25	0	5540.25
571.638	5410.25	0	5410.25
571.764	5288.5	0	5288.5
571.89	5196	0	5196
572.016	5076.25	0	5076.25
572.141	5083.5	0	5083.5
572.267	4958.5	0	4958.5
572.393	4978.25	0	4978.25
572.518	4897	0	4897
572.644	4816.5	0	4816.5
572.77	4776.25	0	4776.25
572.895	4791.75	0	4791.75
573.021	4762	0	4762
573.147	4745	0	4745
573.272	4712.25	0	4712.25
573.398	4688.5	0	4688.5
573.523	4686.75	0	4686.75
573.649	4584.5	0	4584.5
573.774	4658	0	4658
573.9	4564.5	0	4564.5
574.025	4639.25	0	4639.25
574.151	4508.75	0	4508.75
574.276	4511.75	0	4511.75
574.402	4540.5	0	4540.5
574.527	4539.75	0	4539.75
574.652	4569.5	0	4569.5
574.778	4537.75	0	4537.75
574.903	4528.75	0	4528.75
575.029	4531.25	0	4531.25
575.154	4484.75	0	4484.75
575.279	4530.25	0	4530.25
575.405	4425.75	0	4425.75
575.53	4425.75	0	4425.75
575.655	4409	0	4409
575.78	4461.25	0	4461.25
575.906	4339.5	0	4339.5
576.031	4324.25	0	4324.25
576.156	4302.25	0	4302.25
576.281	4311	0	4311
576.406	4372	0	4372
576.532	4341.25	0	4341.25
576.657	4259.5	0	4259.5
576.782	4187	0	4187
576.907	4271	0	4271
577.032	4240.5	0	4240.5
577.157	4215	0	4215
577.282	4227.75	0	4227.75
577.407	4216.5	0	4216.5
577.532	4159.5	0	4159.5
577.657	4195.75	0	4195.75
577.782	4142	0	4142
577.907	4148.75	0	4148.75
578.032	4198.25	0	4198.25
578.157	4206.25	0	4206.25
578.282	4115.75	0	4115.75
578.407	4135.5	0	4135.5
578.532	4111.25	0	4111.25
578.657	4073.5	0	4073.5
578.782	4039.5	0	4039.5
578.907	4084.75	0	4084.75
579.031	4095.25	0	4095.25
579.156	4053.5	0	4053.5
579.281	4060.75	0	4060.75
579.406	4087.25	0	4087.25
579.531	4043.75	0	4043.75
579.655	4054.5	0	4054.5
579.78	3996.75	0	3996.75
579.905	4080.75	0	4080.75
580.03	4056	0	4056
580.154	4025.75	0	4025.75
580.279	3939.25	0	3939.25
580.404	4028.75	0	4028.75
580.528	4014.25	0	4014.25
580.653	3921.5	0	3921.5
580.778	3915.25	0	3915.25
580.902	3957.5	0	3957.5
581.027	3953.75	0	3953.75
581.151	3924	0	3924
581.276	3832.75	0	3832.75
581.4	3910.5	0	3910.5
581.525	3873.75	0	3873.75
581.649	3824.25	0	3824.25
581.774	3842	0	3842
581.898	3781.75	0	3781.75
582.023	3835.75	0	3835.75
582.147	3825.75	0	3825.75
582.272	3814.5	0	3814.5
582.396	3804.5	0	3804.5
582.52	3818.25	0	3818.25
582.645	3808.75	0	3808.75
582.769	3816.25	0	3816.25
582.893	3800.75	0	3800.75
583.018	3788.25	0	3788.25
583.142	3859	0	3859
583.266	3776.25	0	3776.25
583.391	3774	0	3774
583.515	3810.25	0	3810.25
583.639	3783	0	3783
583.763	3800.5	0	3800.5
583.888	3732.5	0	3732.5
584.012	3738.5	0	3738.5
584.136	3738.5	0	3738.5
584.26	3748	0	3748
584.384	3787.25	0	3787.25
584.508	3770.25	0	3770.25
584.632	3790.75	0	3790.75
584.757	3798.25	0	3798.25
584.881	3783	0	3783
585.005	3790.5	0	3790.5
585.129	3875.5	0	3875.5
585.253	3694.25	0	3694.25
585.377	3739.5	0	3739.5
585.501	3738	0	3738
585.625	3745.25	0	3745.25
585.749	3764.25	0	3764.25
585.873	3758.5	0	3758.5
585.997	3735.25	0	3735.25
586.12	3706.5	0	3706.5
586.244	3683.5	0	3683.5
586.368	3659.5	0	3659.5
586.492	3771.25	0	3771.25
586.616	3750	0	3750
586.74	3793.25	0	3793.25
586.864	3791.75	0	3791.75
586.987	3728.25	0	3728.25
587.111	3775	0	3775
587.235	3744	0	3744
587.359	3855	0	3855
587.482	3769.75	0	3769.75
587.606	3824.5	0	3824.5
587.73	3818.5	0	3818.5
587.854	3883	0	3883
587.977	3895.5	0	3895.5
588.101	3864.75	0	3864.75
588.224	3923.25	0	3923.25
588.348	3916.75	0	3916.75
588.472	3944	0	3944
588.595	3989.25	0	3989.25
588.719	4010.75	0	4010.75
588.842	4128	0	4128
588.966	4122.75	0	4122.75
589.089	4106	0	4106
589.213	4256	0	4256
589.336	4356.25	0	4356.25
589.46	4466	0	4466
589.583	4585.25	0	4585.25
589.707	4625.5	0	4625.5
589.83	4832.5	0	4832.5
589.954	4884	0	4884
590.077	4626.5	0	4626.5
590.2	4506	0	4506
590.324	4386.25	0	4386.25
590.447	4370.25	0	4370.25
590.57	4431	0	4431
590.694	4413.75	0	4413.75
590.817	4543.5	0	4543.5
590.94	4596.5	0	4596.5
591.063	4597.5	0	4597.5
591.187	4811	0	4811
591.31	4751.75	0	4751.75
591.433	4838.75	0	4838.75
591.556	4522.75	0	4522.75
591.679	4343.25	0	4343.25
591.803	4258	0	4258
591.926	4164.75	0	4164.75
592.049	4174.25	0	4174.25
592.172	4191.75	0	4191.75
592.295	4105.5	0	4105.5
592.418	4211	0	4211
592.541	4321.25	0	4321.25
592.664	4390.5	0	4390.5
592.787	4388.75	0	4388.75
592.91	4493.25	0	4493.25
593.033	4619.5	0	4619.5
593.156	4654	0	4654
593.279	4650.75	0	4650.75
593.402	4629.25	0	4629.25
593.525	4790	0	4790
593.648	4782.25	0	4782.25
593.771	4690.5	0	4690.5
593.894	4672.25	0	4672.25
594.016	4697.5	0	4697.5
594.139	4756.5	0	4756.5
594.262	4807	0	4807
594.385	4801.25	0	4801.25
594.508	4768	0	4768
594.63	4823.75	0	4823.75
594.753	4714.75	0	4714.75
594.876	4572	0	4572
594.999	4446.5	0	4446.5
595.121	4387.5	0	4387.5
595.244	4288.25	0	4288.25
595.367	4192.75	0	4192.75
595.489	4199	0	4199
595.612	4049.75	0	4049.75
595.735	4017.75	0	4017.75
595.857	4010	0	4010
595.98	3972.25	0	3972.25
596.102	3907	0	3907
596.225	3880.75	0	3880.75
596.347	3870.25	0	3870.25
596.47	3846	0	3846
596.592	3845.5	0	3845.5
596.715	3766	0	3766
596.837	3809.75	0	3809.75
596.96	3760.5	0	3760.5
597.082	3754	0	3754
597.205	3735.25	0	3735.25
597.327	3769	0	3769
597.449	3770.25	0	3770.25
597.572	3748.75	0	3748.75
597.694	3807.5	0	3807.5
597.816	3835.5	0	3835.5
597.939	3792.5	0	3792.5
598.061	3855.5	0	3855.5
598.183	3906.25	0	3906.25
598.306	3956.25	0	3956.25
598.428	3989.75	0	3989.75
598.55	4010.75	0	4010.75
598.672	4014.25	0	4014.25
598.795	3974	0	3974
598.917	4060	0	4060
599.039	4070.75	0	4070.75
599.161	4094.75	0	4094.75
599.283	4092.5	0	4092.5
599.405	4189.5	0	4189.5
599.527	4316	0	4316
599.65	4402.75	0	4402.75
599.772	4537.75	0	4537.75
599.894	4677.25	0	4677.25
600.016	4810.25	0	4810.25
600.138	4949.5	0	4949.5
600.26	5294.25	0	5294.25
600.382	5668.25	0	5668.25
600.504	6148	0	6148
600.625	6724.5	0	6724.5
600.747	7559.75	0	7559.75
600.869	8113	0	8113
600.991	7885	0	7885
601.113	6769.5	0	6769.5
601.235	5846.25	0	5846.25
601.357	5243.75	0	5243.75
601.479	4938	0	4938
601.6	4571	0	4571
601.722	4509.25	0	4509.25
601.844	4343	0	4343
601.966	4174.25	0	4174.25
602.087	4139.5	0	4139.5
602.209	3918	0	3918
602.331	3848.5	0	3848.5
602.453	3884.5	0	3884.5
602.574	3874.5	0	3874.5
602.696	3821.25	0	3821.25
602.818	3789.5	0	3789.5
602.939	3749.75	0	3749.75
603.061	3693.75	0	3693.75
603.182	3687.25	0	3687.25
603.304	3622	0	3622
603.426	3575.25	0	3575.25
603.547	3599.75	0	3599.75
603.669	3578.25	0	3578.25
603.79	3573.5	0	3573.5
603.912	3590.5	0	3590.5
604.033	3517	0	3517
604.154	3573.25	0	3573.25
604.276	3570.5	0	3570.5
604.397	3626.25	0	3626.25
604.519	3548.75	0	3548.75
604.64	3599.5	0	3599.5
604.761	3632	0	3632
604.883	3599.75	0	3599.75
605.004	3588	0	3588
605.125	3687.75	0	3687.75
605.247	3621.25	0	3621.25
605.368	3746	0	3746
605.489	3760.75	0	3760.75
605.611	3734.5	0	3734.5
605.732	3758.25	0	3758.25
605.853	3712	0	3712
605.974	3591	0	3591
606.095	3594.25	0	3594.25
606.216	3666.25	0	3666.25
606.338	3709.5	0	3709.5
606.459	3760	0	3760
606.58	3740.5	0	3740.5
606.701	3745.5	0	3745.5
606.822	3844	0	3844
606.943	3876.75	0	3876.75
607.064	3956.5	0	3956.5
607.185	4011.25	0	4011.25
607.306	3969.75	0	3969.75
607.427	4154.5	0	4154.5
607.548	4207.75	0	4207.75
607.669	4346.25	0	4346.25
607.79	4431	0	4431
607.911	4650.25	0	4650.25
608.032	4864.75	0	4864.75
608.153	5046.75	0	5046.75
608.274	5381	0	5381
608.394	5304.5	0	5304.5
608.515	4917	0	4917
608.636	4445.25	0	4445.25
608.757	4159.75	0	4159.75
608.878	4006.5	0	4006.5
608.998	3873.25	0	3873.25
609.119	3801.5	0	3801.5
609.24	3704	0	3704
609.361	3564.75	0	3564.75
609.481	3616.75	0	3616.75
609.602	3622.5	0	3622.5
609.723	3484.75	0	3484.75
609.843	3511.5	0	3511.5
609.964	3436.75	0	3436.75
610.085	3471.75	0	3471.75
610.205	3519.25	0	3519.25
610.326	3463.25	0	3463.25
610.446	3502.25	0	3502.25
610.567	3386.25	0	3386.25
610.687	3432.25	0	3432.25
610.808	3419	0	3419
610.928	3525.5	0	3525.5
611.049	3480.5	0	3480.5
611.169	3516	0	3516
611.29	3538.5	0	3538.5
611.41	3535.5	0	3535.5
611.531	3550.25	0	3550.25
611.651	3592.75	0	3592.75
611.771	3561.5	0	3561.5
611.892	3694.25	0	3694.25
612.012	3792.25	0	3792.25
612.132	3850.5	0	3850.5
612.253	3975.25	0	3975.25
612.373	4011.75	0	4011.75
612.493	4179.5	0	4179.5
612.613	4316.5	0	4316.5
612.734	4513.75	0	4513.75
612.854	4733	0	4733
612.974	5121.25	0	5121.25
613.094	5509.25	0	5509.25
613.214	6079.75	0	6079.75
613.335	6564.75	0	6564.75
613.455	6615.5	0	6615.5
613.575	5738	0	5738
613.695	4859	0	4859
613.815	4515.75	0	4515.75
613.935	4164.75	0	4164.75
614.055	3899.75	0	3899.75
614.175	3806.5	0	3806.5
614.295	3691.5	0	3691.5
614.415	3602.75	0	3602.75
614.535	3424.75	0	3424.75
614.655	3404.25	0	3404.25
614.775	3401.75	0	3401.75
614.895	3291.75	0	3291.75
615.015	3245.25	0	3245.25
615.135	3128.75	0	3128.75
615.254	3204	0	3204
615.374	3177.75	0	3177.75
615.494	3131.25	0	3131.25
615.614	3167	0	3167
615.734	3139.25	0	3139.25
615.854	3142	0	3142
615.973	3141.25	0	3141.25
616.093	3089	0	3089
616.213	3136	0	3136
616.332	3171	0	3171
616.452	3109.5	0	3109.5
616.572	3103	0	3103
616.691	3082	0	3082
616.811	3117.5	0	3117.5
616.931	3072.5	0	3072.5
617.05	3005.75	0	3005.75
617.17	2996.5	0	2996.5
617.289	3125	0	3125
617.409	3031.75	0	3031.75
617.529	2970.75	0	2970.75
617.648	2984.75	0	2984.75
617.768	2908.75	0	2908.75
617.887	2971	0	2971
618.006	2992.25	0	2992.25
618.126	2920.25	0	2920.25
618.245	2976.75	0	2976.75
618.365	2905.25	0	2905.25
618.484	2956.5	0	2956.5
618.604	2868.5	0	2868.5
618.723	2932.5	0	2932.5
618.842	2883.75	0	2883.75
618.962	2831.5	0	2831.5
619.081	2922.25	0	2922.25
619.2	2884.75	0	2884.75
619.319	2864.75	0	2864.75
619.439	2815.75	0	2815.75
619.558	2824.25	0	2824.25
619.677	2847	0	2847
619.796	2850.75	0	2850.75
619.916	2837.25	0	2837.25
620.035	2840.75	0	2840.75
620.154	2835.5	0	2835.5
620.273	2758	0	2758
620.392	2823.75	0	2823.75
620.511	2822	0	2822
620.63	2765.25	0	2765.25
620.749	2793.25	0	2793.25
620.868	2817	0	2817
620.987	2756.75	0	2756.75
621.106	2777	0	2777
621.225	2828.5	0	2828.5
621.344	2764	0	2764
621.463	2817.5	0	2817.5
621.582	2812.75	0	2812.75
621.701	2819	0	2819
621.82	2789.75	0	2789.75
621.939	2766.5	0	2766.5
622.058	2770.25	0	2770.25
622.177	2804.25	0	2804.25
622.295	2713	0	2713
622.414	2785.75	0	2785.75
622.533	2690.75	0	2690.75
622.652	2765	0	2765
622.771	2691.5	0	2691.5
622.889	2710.5	0	2710.5
623.008	2731.75	0	2731.75
623.127	2726.25	0	2726.25
623.245	2701.5	0	2701.5
623.364	2741.25	0	2741.25
623.483	2731.75	0	2731.75
623.601	2678.25	0	2678.25
623.72	2747.5	0	2747.5
623.839	2719.25	0	2719.25
623.957	2723	0	2723
624.076	2739.25	0	2739.25
624.194	2749.5	0	2749.5
624.313	2804.75	0	2804.75
624.431	2755.5	0	2755.5
624.55	2794.5	0	2794.5
624.668	2826.5	0	2826.5
624.787	2813.25	0	2813.25
624.905	2759.25	0	2759.25
625.024	2859.25	0	2859.25
625.142	2899.25	0	2899.25
625.26	2873.75	0	2873.75
625.379	2836.5	0	2836.5
625.497	2832.5	0	2832.5
625.615	2821	0	2821
625.734	2836	0	2836
625.852	2771.75	0	2771.75
625.97	2816.25	0	2816.25
626.089	2748.25	0	2748.25
626.207	2751	0	2751
626.325	2787	0	2787
626.443	2690.25	0	2690.25
626.561	2708.5	0	2708.5
626.68	2670	0	2670
626.798	2672	0	2672
626.916	2646	0	2646
627.034	2672	0	2672
627.152	2656.75	0	2656.75
627.27	2693.5	0	2693.5
627.388	2619	0	2619
627.506	2630	0	2630
627.624	2577	0	2577
627.742	2572.75	0	2572.75
627.86	2610.25	0	2610.25
627.978	2607	0	2607
628.096	2557	0	2557
628.214	2572	0	2572
628.332	2634.25	0	2634.25
628.45	2598.5	0	2598.5
628.568	2604.5	0	2604.5
628.686	2585.5	0	2585.5
628.804	2635	0	2635
628.921	2603.5	0	2603.5
629.039	2627.75	0	2627.75
629.157	2610.25	0	2610.25
629.275	2641.75	0	2641.75
629.393	2696.5	0	2696.5
629.51	2639.25	0	2639.25
629.628	2613.75	0	2613.75
629.746	2645	0	2645
629.864	2614.25	0	2614.25
629.981	2600.75	0	2600.75
630.099	2603	0	2603
630.216	2652.25	0	2652.25
630.334	2591	0	2591
630.452	2619.5	0	2619.5
630.569	2612.75	0	2612.75
630.687	2686	0	2686
630.804	2591.5	0	2591.5
630.922	2624.5	0	2624.5
631.039	2551.25	0	2551.25
631.157	2505.25	0	2505.25
631.274	2494	0	2494
631.392	2481.25	0	2481.25
631.509	2456.75	0	2456.75
631.627	2416.5	0	2416.5
631.744	2453.5	0	2453.5
631.861	2483.5	0	2483.5
631.979	2415.5	0	2415.5
632.096	2379.75	0	2379.75
632.213	2454.75	0	2454.75
632.331	2408.25	0	2408.25
632.448	2419.75	0	2419.75
632.565	2363.75	0	2363.75
632.683	2370.75	0	2370.75
632.8	2359.75	0	2359.75
632.917	2329	0	2329
633.034	2305.25	0	2305.25
633.151	2244.25	0	2244.25
633.269	2289.75	0	2289.75
633.386	2347.75	0	2347.75
633.503	2248.5	0	2248.5
633.62	2216.5	0	2216.5
633.737	2300	0	2300
633.854	2254.25	0	2254.25
633.971	2276.75	0	2276.75
634.088	2252.25	0	2252.25
634.205	2222.25	0	2222.25
634.322	2255	0	2255
634.439	2224.5	0	2224.5
634.556	2218.75	0	2218.75
634.673	2254.5	0	2254.5
634.79	2192.5	0	2192.5
634.907	2222	0	2222
635.024	2220.75	0	2220.75
635.141	2220.75	0	2220.75
635.258	2210.25	0	2210.25
635.375	2201.75	0	2201.75
635.491	2185	0	2185
635.608	2161.25	0	2161.25
635.725	2179.25	0	2179.25
635.842	2138	0	2138
635.958	2149.25	0	2149.25
636.075	2233	0	2233
636.192	2215.5	0	2215.5
636.309	2177	0	2177
636.425	2161	0	2161
636.542	2158.5	0	2158.5
636.659	2108.5	0	2108.5
636.775	2169.75	0	2169.75
636.892	2139	0	2139
637.008	2158	0	2158
637.125	2192.25	0	2192.25
637.241	2111.25	0	2111.25
637.358	2149.75	0	2149.75
637.475	2181	0	2181
637.591	2124.5	0	2124.5
637.707	2107.5	0	2107.5
637.824	2169.5	0	2169.5
637.94	2163.75	0	2163.75
638.057	2184	0	2184
638.173	2126.75	0	2126.75
638.29	2183.25	0	2183.25
638.406	2129.75	0	2129.75
638.522	2135.75	0	2135.75
638.639	2142.5	0	2142.5
638.755	2197.25	0	2197.25
638.871	2123.5	0	2123.5
638.987	2096.75	0	2096.75
639.104	2138.75	0	2138.75
639.22	2100.25	0	2100.25
639.336	2104	0	2104
639.452	2074.25	0	2074.25
639.569	2079.25	0	2079.25
639.685	2114.25	0	2114.25
639.801	2115.5	0	2115.5
639.917	2110	0	2110
640.033	2084.5	0	2084.5
640.149	2119	0	2119
640.265	2043.5	0	2043.5
640.381	2113.25	0	2113.25
640.497	2087.5	0	2087.5
640.613	2086.25	0	2086.25
640.729	2063.5	0	2063.5
640.845	2046.25	0	2046.25
640.961	2087	0	2087
641.077	2099.75	0	2099.75
641.193	2100	0	2100
641.309	2067.25	0	2067.25
641.425	2107.5	0	2107.5
641.541	2072.5	0	2072.5
641.657	2061.25	0	2061.25
641.773	2103	0	2103
641.888	2052	0	2052
642.004	2097.25	0	2097.25
642.12	2044.75	0	2044.75
642.236	2050.5	0	2050.5
642.352	2063	0	2063
642.467	2040.5	0	2040.5
642.583	2056	0	2056
642.699	2107.25	0	2107.25
642.814	2056.25	0	2056.25
642.93	2098	0	2098
643.046	2014.25	0	2014.25
643.161	2025	0	2025
643.277	2074	0	2074
643.392	2037	0	2037
643.508	2052.5	0	2052.5
643.623	2071.5	0	2071.5
643.739	2002.5	0	2002.5
643.854	2057.5	0	2057.5
643.97	2095.5	0	2095.5
644.085	2008.25	0	2008.25
644.201	2037.75	0	2037.75
644.316	2067.25	0	2067.25
644.432	2041.25	0	2041.25
644.547	2082.75	0	2082.75
644.663	2077	0	2077
644.778	2043.25	0	2043.25
644.893	2041.5	0	2041.5
645.008	2019.5	0	2019.5
645.124	2032.25	0	2032.25
645.239	2048.5	0	2048.5
645.354	2070	0	2070
645.47	2070.75	0	2070.75
645.585	2109.75	0	2109.75
645.7	2038.5	0	2038.5
645.815	2119.75	0	2119.75
645.93	2082.5	0	2082.5
646.046	2071.25	0	2071.25
646.161	2082.25	0	2082.25
646.276	2077.25	0	2077.25
646.391	2050.75	0	2050.75
646.506	2127.75	0	2127.75
646.621	2100	0	2100
646.736	2154.5	0	2154.5
646.851	2110	0	2110
646.966	2181.75	0	2181.75
647.081	2153.75	0	2153.75
647.196	2207.5	0	2207.5
647.311	2187.75	0	2187.75
647.426	2141.5	0	2141.5
647.541	2186.25	0	2186.25
647.656	2162.75	0	2162.75
647.771	2136.75	0	2136.75
647.885	2184.25	0	2184.25
648	2183.25	0	2183.25
648.115	2230.5	0	2230.5
648.23	2240.25	0	2240.25
648.345	2287.75	0	2287.75
648.459	2285.5	0	2285.5
648.574	2346	0	2346
648.689	2369.25	0	2369.25
648.804	2316	0	2316
648.918	2285.25	0	2285.25
649.033	2250.25	0	2250.25
649.148	2279.5	0	2279.5
649.262	2251.5	0	2251.5
649.377	2209	0	2209
649.491	2245	0	2245
649.606	2205.5	0	2205.5
649.721	2194.25	0	2194.25
649.835	2190.75	0	2190.75
649.95	2162.5	0	2162.5
650.064	2194	0	2194
650.179	2217.75	0	2217.75
650.293	2277.5	0	2277.5
650.408	2290.75	0	2290.75
650.522	2255.25	0	2255.25
650.636	2259.5	0	2259.5
650.751	2307.75	0	2307.75
650.865	2285.25	0	2285.25
650.979	2233.75	0	2233.75
651.094	2156.5	0	2156.5
651.208	2181.25	0	2181.25
651.322	2139.25	0	2139.25
651.437	2217.5	0	2217.5
651.551	2204.75	0	2204.75
651.665	2213.25	0	2213.25
651.779	2236	0	2236
651.894	2206.5	0	2206.5
652.008	2222.25	0	2222.25
652.122	2195.75	0	2195.75
652.236	2248.5	0	2248.5
652.35	2220	0	2220
652.464	2216.75	0	2216.75
652.578	2261.5	0	2261.5
652.693	2238.75	0	2238.75
652.807	2168.75	0	2168.75
652.921	2243	0	2243
653.035	2229.25	0	2229.25
653.149	2161.75	0	2161.75
653.263	2228.75	0	2228.75
653.376	2245.75	0	2245.75
653.49	2261.5	0	2261.5
653.604	2211.5	0	2211.5
653.718	2224.75	0	2224.75
653.832	2151.25	0	2151.25
653.946	2275.75	0	2275.75
654.06	2192.25	0	2192.25
654.174	2234.75	0	2234.75
654.287	2225.25	0	2225.25
654.401	2275.5	0	2275.5
654.515	2309.75	0	2309.75
654.629	2193	0	2193
654.743	2286.75	0	2286.75
654.856	2316.5	0	2316.5
654.97	2373.75	0	2373.75
655.084	2372.75	0	2372.75
655.197	2448	0	2448
655.311	2390.75	0	2390.75
655.424	2428.25	0	2428.25
655.538	2449.25	0	2449.25
655.652	2481.75	0	2481.75
655.765	2546	0	2546
655.879	2602.25	0	2602.25
655.992	2678.5	0	2678.5
656.106	2711.5	0	2711.5
656.219	2765.75	0	2765.75
656.333	2867	0	2867
656.446	2900.5	0	2900.5
656.56	2964.25	0	2964.25
656.673	3103.25	0	3103.25
656.786	3017.25	0	3017.25
656.9	2989	0	2989
657.013	2979.75	0	2979.75
657.127	2925.5	0	2925.5
657.24	2870.5	0	2870.5
657.353	2821.5	0	2821.5
657.466	2737	0	2737
657.58	2669.75	0	2669.75
657.693	2611.25	0	2611.25
657.806	2610.75	0	2610.75
657.919	2604.25	0	2604.25
658.032	2494.5	0	2494.5
658.146	2491.75	0	2491.75
658.259	2435.5	0	2435.5
658.372	2388.75	0	2388.75
658.485	2414.5	0	2414.5
658.598	2450.25	0	2450.25
658.711	2377.25	0	2377.25
658.824	2308.25	0	2308.25
658.937	2336.75	0	2336.75
659.05	2318.25	0	2318.25
659.163	2282.5	0	2282.5
659.276	2303	0	2303
659.389	2213.5	0	2213.5
659.502	2238.25	0	2238.25
659.615	2230	0	2230
659.728	2201.25	0	2201.25
659.841	2234.5	0	2234.5
659.954	2191.25	0	2191.25
660.067	2169.5	0	2169.5
660.179	2195	0	2195
660.292	2171	0	2171
660.405	2212.25	0	2212.25
660.518	2232	0	2232
660.63	2167.75	0	2167.75
660.743	2188	0	2188
660.856	2247.5	0	2247.5
660.969	2220.5	0	2220.5
661.081	2240	0	2240
661.194	2273.25	0	2273.25
661.307	2253	0	2253
661.419	2292.25	0	2292.25
661.532	2264.75	0	2264.75
661.644	2250	0	2250
661.757	2186	0	2186
661.869	2122	0	2122
661.982	2145	0	2145
662.094	2053.75	0	2053.75
662.207	2069	0	2069
662.319	1977	0	1977
662.432	2047.5	0	2047.5
662.544	1982	0	1982
662.656	1966.25	0	1966.25
662.769	1911.5	0	1911.5
662.881	1922	0	1922
662.994	1889.75	0	1889.75
663.106	1888	0	1888
663.218	1904.5	0	1904.5
663.331	1854.25	0	1854.25
663.443	1871.5	0	1871.5
663.555	1843.75	0	1843.75
663.667	1848	0	1848
663.779	1854.25	0	1854.25
663.892	1830.5	0	1830.5
664.004	1837.25	0	1837.25
664.116	1831.75	0	1831.75
664.228	1815.5	0	1815.5
664.34	1854	0	1854
664.452	1838.75	0	1838.75
664.564	1850	0	1850
664.676	1817.75	0	1817.75
664.788	1816.75	0	1816.75
664.901	1807.5	0	1807.5
665.012	1823.75	0	1823.75
665.125	1844.5	0	1844.5
665.236	1877.75	0	1877.75
665.348	1829.75	0	1829.75
665.46	1873.25	0	1873.25
665.572	1881.25	0	1881.25
665.684	1872.25	0	1872.25
665.796	1846.25	0	1846.25
665.908	1846.25	0	1846.25
666.02	1840.5	0	1840.5
666.131	1831.5	0	1831.5
666.243	1763	0	1763
666.355	1731.5	0	1731.5
666.467	1803.5	0	1803.5
666.578	1756.25	0	1756.25
666.69	1727.75	0	1727.75
666.802	1737.5	0	1737.5
666.914	1739.75	0	1739.75
667.025	1699.25	0	1699.25
667.137	1707	0	1707
667.248	1684.75	0	1684.75
667.36	1677.25	0	1677.25
667.472	1676.75	0	1676.75
667.583	1727.5	0	1727.5
667.695	1690.5	0	1690.5
667.806	1692.75	0	1692.75
667.918	1663	0	1663
668.029	1616.25	0	1616.25
668.141	1596.25	0	1596.25
668.252	1610.75	0	1610.75
668.363	1635.75	0	1635.75
668.475	1634	0	1634
668.586	1595	0	1595
668.698	1598.5	0	1598.5
668.809	1604.75	0	1604.75
668.92	1618.75	0	1618.75
669.032	1633.5	0	1633.5
669.143	1612.5	0	1612.5
669.254	1598.75	0	1598.75
669.365	1576.25	0	1576.25
669.477	1576.25	0	1576.25
669.588	1597.25	0	1597.25
669.699	1584.75	0	1584.75
669.81	1578.75	0	1578.75
669.921	1587	0	1587
670.032	1601.5	0	1601.5
670.143	1579	0	1579
670.255	1567.75	0	1567.75
670.366	1585.25	0	1585.25
670.477	1584	0	1584
670.588	1558.25	0	1558.25
670.699	1556	0	1556
670.81	1568.25	0	1568.25
670.921	1574.5	0	1574.5
671.032	1614	0	1614
671.143	1618.5	0	1618.5
671.253	1571	0	1571
671.364	1550	0	1550
671.475	1553.75	0	1553.75
671.586	1621.5	0	1621.5
671.697	1662.75	0	1662.75
671.808	1681	0	1681
671.919	1634	0	1634
672.029	1581.25	0	1581.25
672.14	1552.25	0	1552.25
672.251	1588.25	0	1588.25
672.362	1555.5	0	1555.5
672.472	1511.5	0	1511.5
672.583	1524	0	1524
672.694	1554	0	1554
672.804	1526	0	1526
672.915	1529.75	0	1529.75
673.025	1497.25	0	1497.25
673.136	1467.5	0	1467.5
673.247	1575.5	0	1575.5
673.357	1534	0	1534
673.468	1482.75	0	1482.75
673.578	1512	0	1512
673.689	1509.25	0	1509.25
673.799	1500.75	0	1500.75
673.91	1498.5	0	1498.5
674.02	1519.25	0	1519.25
674.13	1472	0	1472
674.241	1537	0	1537
674.351	1500.25	0	1500.25
674.461	1517.25	0	1517.25
674.572	1498.5	0	1498.5
674.682	1497.5	0	1497.5
674.792	1496	0	1496
674.903	1487	0	1487
675.013	1483.5	0	1483.5
675.123	1474.25	0	1474.25
675.233	1486.25	0	1486.25
675.344	1507	0	1507
675.454	1512.5	0	1512.5
675.564	1508.25	0	1508.25
675.674	1509.5	0	1509.5
675.784	1471.5	0	1471.5
675.894	1418.5	0	1418.5
676.004	1484.25	0	1484.25
676.114	1491.5	0	1491.5
676.224	1520.75	0	1520.75
676.334	1506.25	0	1506.25
676.444	1469.75	0	1469.75
676.554	1489	0	1489
676.664	1538.25	0	1538.25
676.774	1531.75	0	1531.75
676.884	1511.5	0	1511.5
676.994	1502.25	0	1502.25
677.104	1538	0	1538
677.214	1565.5	0	1565.5
677.324	1521.25	0	1521.25
677.433	1575.75	0	1575.75
677.543	1622.5	0	1622.5
677.653	1610.5	0	1610.5
677.763	1615.25	0	1615.25
677.872	1670	0	1670
677.982	1765.75	0	1765.75
678.092	1798.25	0	1798.25
678.202	1886.75	0	1886.75
678.311	1814	0	1814
678.421	1771	0	1771
678.53	1691.75	0	1691.75
678.64	1619.5	0	1619.5
678.75	1589.75	0	1589.75
678.859	1539.5	0	1539.5
678.969	1549	0	1549
679.078	1532.75	0	1532.75
679.188	1487.75	0	1487.75
679.297	1492.25	0	1492.25
679.407	1441.75	0	1441.75
679.516	1480	0	1480
679.625	1471.75	0	1471.75
679.735	1462.75	0	1462.75
679.844	1448	0	1448
679.954	1475.75	0	1475.75
680.063	1461	0	1461
680.172	1455.25	0	1455.25
680.282	1447.25	0	1447.25
680.391	1448.5	0	1448.5
680.5	1480.75	0	1480.75
680.609	1521	0	1521
680.719	1583	0	1583
680.828	1614.5	0	1614.5
680.937	1647.75	0	1647.75
681.046	1687.25	0	1687.25
681.155	1601	0	1601
681.264	1492.5	0	1492.5
681.374	1433.25	0	1433.25
681.483	1382.75	0	1382.75
681.592	1389.5	0	1389.5
681.701	1390.5	0	1390.5
681.81	1399.75	0	1399.75
681.919	1348	0	1348
682.028	1335.25	0	1335.25
682.137	1344.75	0	1344.75
682.246	1354.75	0	1354.75
682.355	1329.75	0	1329.75
682.463	1306	0	1306
682.572	1298.5	0	1298.5
682.681	1301.25	0	1301.25
682.79	1276.25	0	1276.25
682.899	1309.25	0	1309.25
683.008	1287.5	0	1287.5
683.117	1287.25	0	1287.25
683.225	1305.5	0	1305.5
683.334	1275	0	1275
683.443	1277.5	0	1277.5
683.551	1263.25	0	1263.25
683.66	1287.5	0	1287.5
683.769	1248.75	0	1248.75
683.877	1262	0	1262
683.986	1277.75	0	1277.75
684.095	1282	0	1282
684.203	1327.75	0	1327.75
684.312	1287.25	0	1287.25
684.42	1290	0	1290
684.529	1313.75	0	1313.75
684.637	1339	0	1339
684.746	1344.25	0	1344.25
684.854	1362	0	1362
684.963	1305.5	0	1305.5
685.071	1281.25	0	1281.25
685.18	1264.5	0	1264.5
685.288	1264	0	1264
685.396	1235	0	1235
685.505	1236.75	0	1236.75
685.613	1229	0	1229
685.721	1241.25	0	1241.25
685.83	1216	0	1216
685.938	1238	0	1238
686.046	1241.25	0	1241.25
686.154	1229.5	0	1229.5
686.263	1226.5	0	1226.5
686.371	1223.5	0	1223.5
686.479	1178	0	1178
686.587	1198	0	1198
686.695	1213.25	0	1213.25
686.803	1196.75	0	1196.75
686.911	1195.75	0	1195.75
687.019	1184.5	0	1184.5
687.127	1173.5	0	1173.5
687.235	1153	0	1153
687.343	1172.25	0	1172.25
687.451	1148.75	0	1148.75
687.559	1158.25	0	1158.25
687.667	1137.25	0	1137.25
687.775	1134.5	0	1134.5
687.883	1205.5	0	1205.5
687.991	1166.75	0	1166.75
688.099	1144.5	0	1144.5
688.207	1163	0	1163
688.315	1160.75	0	1160.75
688.422	1143.75	0	1143.75
688.53	1138.25	0	1138.25
688.638	1122.25	0	1122.25
688.746	1141	0	1141
688.853	1147.25	0	1147.25
688.961	1104.25	0	1104.25
689.069	1113	0	1113
689.176	1120	0	1120
689.284	1111	0	1111
689.392	1120	0	1120
689.499	1134.5	0	1134.5
689.607	1100	0	1100
689.714	1146	0	1146
689.822	1098.5	0	1098.5
689.93	1093.5	0	1093.5
690.037	1108.75	0	1108.75
690.144	1071.5	0	1071.5
690.252	1091	0	1091
690.359	1085.25	0	1085.25
690.467	1120.75	0	1120.75
690.574	1111.25	0	1111.25
690.682	1075.75	0	1075.75
690.789	1079.5	0	1079.5
690.896	1098.5	0	1098.5
691.004	1085.25	0	1085.25
691.111	1112	0	1112
691.218	1060.75	0	1060.75
691.325	1073.75	0	1073.75
691.433	1078.75	0	1078.75
691.54	1084.5	0	1084.5
691.647	1084.5	0	1084.5
691.754	1079.75	0	1079.75
691.861	1069.25	0	1069.25
691.969	1048.75	0	1048.75
692.076	1070.75	0	1070.75
692.183	1094.75	0	1094.75
692.29	1090.25	0	1090.25
692.397	1076	0	1076
692.504	1100.75	0	1100.75
692.611	1078.25	0	1078.25
692.718	1108.25	0	1108.25
692.825	1095.5	0	1095.5
692.932	1057.5	0	1057.5
693.039	1045.25	0	1045.25
693.146	1093.5	0	1093.5
693.253	1040	0	1040
693.359	1087.25	0	1087.25
693.466	1071.25	0	1071.25
693.573	1048.5	0	1048.5
693.68	1080.25	0	1080.25
693.787	1085	0	1085
693.894	1054.5	0	1054.5
694	1085.5	0	1085.5
694.107	1039.75	0	1039.75
694.214	1063	0	1063
694.32	1071.5	0	1071.5
694.427	1022.75	0	1022.75
694.534	1028.25	0	1028.25
694.64	1056.25	0	1056.25
694.747	1052	0	1052
694.853	1035.75	0	1035.75
694.96	1040.75	0	1040.75
695.067	1048.5	0	1048.5
695.173	1054.5	0	1054.5
695.28	1039	0	1039
695.386	1034.75	0	1034.75
695.493	1066.75	0	1066.75
695.599	1051.25	0	1051.25
695.705	1038.75	0	1038.75
695.812	1042	0	1042
695.918	1051.25	0	1051.25
696.025	1033.75	0	1033.75
696.131	1066.5	0	1066.5
696.237	1034.75	0	1034.75
696.344	1020	0	1020
696.45	1004	0	1004
696.556	1044.25	0	1044.25
696.662	1039.75	0	1039.75
696.768	1005.75	0	1005.75
696.875	1055.5	0	1055.5
696.981	1026	0	1026
697.087	1053	0	1053
697.193	1087.25	0	1087.25
697.299	1037.25	0	1037.25
697.405	1063.25	0	1063.25
697.512	1063.5	0	1063.5
697.618	1047	0	1047
697.724	1063.5	0	1063.5
697.83	1090.5	0	1090.5
697.936	1086.5	0	1086.5
698.042	1047.75	0	1047.75
698.148	1081	0	1081
698.253	1083.75	0	1083.75
698.359	1070.75	0	1070.75
698.465	1060.25	0	1060.25
698.571	1094.25	0	1094.25
698.677	1105	0	1105
698.783	1103.25	0	1103.25
698.889	1135.25	0	1135.25
698.994	1128	0	1128
699.1	1166	0	1166
699.206	1176	0	1176
699.312	1198	0	1198
699.417	1271	0	1271
699.523	1287	0	1287
699.629	1330.5	0	1330.5
699.734	1344.5	0	1344.5
699.84	1484	0	1484
699.946	1584.5	0	1584.5
700.051	1587	0	1587
700.157	1441.75	0	1441.75
700.262	1257.25	0	1257.25
700.368	1210.5	0	1210.5
700.473	1179.25	0	1179.25
700.579	1128.5	0	1128.5
700.684	1113.75	0	1113.75
700.79	1074.5	0	1074.5
700.895	1054.25	0	1054.25
701	1048	0	1048
701.106	1015.75	0	1015.75
701.211	1056.75	0	1056.75
701.316	1035.75	0	1035.75
701.422	1015.5	0	1015.5
701.527	971.5	0	971.5
701.632	972.75	0	972.75
701.738	981.75	0	981.75
701.843	964.75	0	964.75
701.948	972.25	0	972.25
702.053	963.25	0	963.25
702.158	975.75	0	975.75
702.264	977.75	0	977.75
702.369	974.25	0	974.25
702.474	942	0	942
702.579	954	0	954
702.684	915.25	0	915.25
702.789	953.25	0	953.25
702.894	936	0	936
702.999	938.5	0	938.5
703.104	958	0	958
703.209	950	0	950
703.314	940	0	940
703.419	921.5	0	921.5
703.524	927.25	0	927.25
703.629	897	0	897
703.733	922.5	0	922.5
703.838	901.5	0	901.5
703.943	912.75	0	912.75
704.048	903.5	0	903.5
704.153	917.5	0	917.5
704.257	920.25	0	920.25
704.362	873.25	0	873.25
704.467	895.75	0	895.75
704.572	888.25	0	888.25
704.676	895.75	0	895.75
704.781	877	0	877
704.886	904	0	904
704.99	872.75	0	872.75
705.095	887.5	0	887.5
705.199	912.75	0	912.75
705.304	868	0	868
705.408	896.5	0	896.5
705.513	895.75	0	895.75
705.617	869.25	0	869.25
705.722	888.25	0	888.25
705.826	853.5	0	853.5
705.931	858.75	0	858.75
706.035	872.75	0	872.75
706.139	848	0	848
706.244	850	0	850
706.348	876.75	0	876.75
706.452	873.75	0	873.75
706.557	821.25	0	821.25
706.661	861	0	861
706.765	857.5	0	857.5
706.87	849.75	0	849.75
706.974	865.25	0	865.25
707.078	847	0	847
707.182	866.5	0	866.5
707.286	884.75	0	884.75
707.39	866.25	0	866.25
707.495	827	0	827
707.599	820	0	820
707.703	826.75	0	826.75
707.807	875.75	0	875.75
707.911	830.5	0	830.5
708.015	843	0	843
708.119	864.5	0	864.5
708.223	839.25	0	839.25
708.327	854.25	0	854.25
708.431	840.25	0	840.25
708.534	880	0	880
708.638	849.75	0	849.75
708.742	827	0	827
708.846	830.5	0	830.5
708.95	824	0	824
709.054	816.5	0	816.5
709.157	838.25	0	838.25
709.261	831.5	0	831.5
709.365	814.25	0	814.25
709.469	819.5	0	819.5
709.572	821.25	0	821.25
709.676	843.5	0	843.5
709.78	821.25	0	821.25
709.883	804	0	804
709.987	823.25	0	823.25
710.09	822	0	822
710.194	835.25	0	835.25
710.298	862	0	862
710.401	830.5	0	830.5
710.505	821	0	821
710.608	834.5	0	834.5
710.711	814	0	814
710.815	830.5	0	830.5
710.918	832.25	0	832.25
711.022	830.5	0	830.5
711.125	813.25	0	813.25
711.228	813	0	813
711.332	807.25	0	807.25
711.435	795	0	795
711.538	862.25	0	862.25
711.642	823	0	823
711.745	828	0	828
711.848	811	0	811
711.951	835	0	835
712.055	812	0	812
712.158	794.5	0	794.5
712.261	831	0	831
712.364	806.5	0	806.5
712.467	836.5	0	836.5
712.57	815.5	0	815.5
712.673	810.25	0	810.25
712.776	823.5	0	823.5
712.879	808.25	0	808.25
712.982	822.25	0	822.25
713.085	784.25	0	784.25
713.188	810	0	810
713.291	796.25	0	796.25
713.394	793	0	793
713.497	794.5	0	794.5
713.6	809	0	809
713.703	832.5	0	832.5
713.805	802.5	0	802.5
713.908	809.5	0	809.5
714.011	808.75	0	808.75
714.114	791.5	0	791.5
714.216	813.75	0	813.75
714.319	788.75	0	788.75
714.422	809.25	0	809.25
714.525	811.75	0	811.75
714.627	825.25	0	825.25
714.73	835.75	0	835.75
714.833	845.25	0	845.25
714.935	840	0	840
715.038	838.75	0	838.75
715.14	804	0	804
715.243	821.75	0	821.75
715.345	804	0	804
715.448	838.5	0	838.5
715.55	818.75	0	818.75
715.653	830.5	0	830.5
715.755	827.25	0	827.25
715.857	864.5	0	864.5
715.96	876.25	0	876.25
716.062	909.75	0	909.75
716.164	950.25	0	950.25
716.267	961.5	0	961.5
716.369	973.75	0	973.75
716.471	961.5	0	961.5
716.574	931.75	0	931.75
716.676	916	0	916
716.778	911.75	0	911.75
716.88	905.25	0	905.25
716.982	911.25	0	911.25
717.085	876.25	0	876.25
717.187	852.5	0	852.5
717.289	841.75	0	841.75
717.391	835.5	0	835.5
717.493	822	0	822
717.595	794	0	794
717.697	831.25	0	831.25
717.799	802.75	0	802.75
717.901	813.25	0	813.25
718.003	811	0	811
718.105	787.5	0	787.5
718.207	771	0	771
718.309	754.25	0	754.25
718.411	803	0	803
718.512	808	0	808
718.614	773.75	0	773.75
718.716	779	0	779
718.818	778.5	0	778.5
718.92	795	0	795
719.021	766.5	0	766.5
719.123	765.25	0	765.25
719.225	763.5	0	763.5
719.326	757.25	0	757.25
719.428	780	0	780
719.53	761.25	0	761.25
719.631	758	0	758
719.733	767.25	0	767.25
719.834	751	0	751
719.936	727	0	727
720.038	728	0	728
720.139	736.5	0	736.5
720.241	755.5	0	755.5
720.342	752.5	0	752.5
720.443	749.5	0	749.5
720.545	726.5	0	726.5
720.646	747.25	0	747.25
720.748	734.75	0	734.75
720.849	753.25	0	753.25
720.95	718.75	0	718.75
721.052	758.25	0	758.25
721.153	737	0	737
721.254	715.25	0	715.25
721.355	708	0	708
721.457	750.25	0	750.25
721.558	722	0	722
721.659	761.5	0	761.5
721.76	742	0	742
721.861	752.5	0	752.5
721.963	760.5	0	760.5
722.064	758.5	0	758.5
722.165	725.75	0	725.75
722.266	732.5	0	732.5
722.367	731.25	0	731.25
722.468	713.25	0	713.25
722.569	725.25	0	725.25
722.67	731.75	0	731.75
722.771	717.75	0	717.75
722.872	717	0	717
722.973	726.5	0	726.5
723.073	716	0	716
723.174	719.25	0	719.25
723.275	712.25	0	712.25
723.376	704.5	0	704.5
723.477	711.25	0	711.25
723.577	717.5	0	717.5
723.678	696.5	0	696.5
723.779	705.5	0	705.5
723.88	698.25	0	698.25
723.98	733.5	0	733.5
724.081	709.25	0	709.25
724.182	708.75	0	708.75
724.282	701.25	0	701.25
724.383	725.5	0	725.5
724.483	703.75	0	703.75
724.584	727	0	727
724.685	730.25	0	730.25
724.785	717	0	717
724.886	702.25	0	702.25
724.986	740.25	0	740.25
725.086	730.5	0	730.5
725.187	718.5	0	718.5
725.287	716	0	716
725.388	715.5	0	715.5
725.488	702	0	702
725.588	722.25	0	722.25
725.689	714.75	0	714.75
725.789	709	0	709
725.889	688.75	0	688.75
725.99	707	0	707
726.09	703	0	703
726.19	669.75	0	669.75
726.29	667	0	667
726.39	685.25	0	685.25
726.49	694	0	694
726.591	700	0	700
726.691	676.75	0	676.75
726.791	681.5	0	681.5
726.891	662	0	662
726.991	678	0	678
727.091	673.5	0	673.5
727.191	679.75	0	679.75
727.291	706.25	0	706.25
727.391	695	0	695
727.491	675.5	0	675.5
727.591	665.75	0	665.75
727.691	675.25	0	675.25
727.79	670.5	0	670.5
727.89	692.5	0	692.5
727.99	677.75	0	677.75
728.09	678.25	0	678.25
728.19	663	0	663
728.289	677.75	0	677.75
728.389	672.75	0	672.75
728.489	684.75	0	684.75
728.589	689.5	0	689.5
728.688	673	0	673
728.788	677.75	0	677.75
728.888	669.25	0	669.25
728.987	665.25	0	665.25
729.087	651.75	0	651.75
729.186	670	0	670
729.286	632.75	0	632.75
729.385	657	0	657
729.485	672.5	0	672.5
729.584	662.25	0	662.25
729.684	675.5	0	675.5
729.783	672.25	0	672.25
729.883	657.5	0	657.5
729.982	666.75	0	666.75
730.081	666.5	0	666.5
730.181	653.25	0	653.25
730.28	660	0	660
730.379	667.25	0	667.25
730.479	672.75	0	672.75
730.578	663.25	0	663.25
730.677	674	0	674
730.776	655.5	0	655.5
730.875	632	0	632
730.975	666.75	0	666.75
731.074	647	0	647
731.173	632.5	0	632.5
731.272	639.75	0	639.75
731.371	646.5	0	646.5
731.47	670.25	0	670.25
731.569	634	0	634
731.668	640.25	0	640.25
731.767	664.25	0	664.25
731.866	683.25	0	683.25
731.965	654	0	654
732.064	663	0	663
732.163	661.5	0	661.5
732.262	674	0	674
732.361	662	0	662
732.46	671	0	671
732.558	649	0	649
732.657	636.25	0	636.25
732.756	626.5	0	626.5
732.855	628.5	0	628.5
732.953	641.5	0	641.5
733.052	636.5	0	636.5
733.151	660	0	660
733.25	641.25	0	641.25
733.348	625.25	0	625.25
733.447	633.75	0	633.75
733.545	667.25	0	667.25
733.644	644	0	644
733.742	620	0	620
733.841	663	0	663
733.939	658.75	0	658.75
734.038	620.5	0	620.5
734.136	638.5	0	638.5
734.235	641.5	0	641.5
734.333	631	0	631
734.432	634.75	0	634.75
734.53	628.75	0	628.75
734.628	615.25	0	615.25
734.727	639.75	0	639.75
734.825	644.5	0	644.5
734.923	629.25	0	629.25
735.022	630.25	0	630.25
735.12	643	0	643
735.218	630.75	0	630.75
735.316	617.25	0	617.25
735.414	612	0	612
735.513	643	0	643
735.611	622	0	622
735.709	643.75	0	643.75
735.807	622.5	0	622.5
735.905	595	0	595
736.003	613.5	0	613.5
736.101	619	0	619
736.199	619.25	0	619.25
736.297	629.25	0	629.25
736.395	622.5	0	622.5
736.493	626.25	0	626.25
736.591	603.5	0	603.5
736.689	627.5	0	627.5
736.787	642.5	0	642.5
736.884	629.75	0	629.75
736.982	612.5	0	612.5
737.08	616.75	0	616.75
737.178	605.25	0	605.25
737.276	611.25	0	611.25
737.373	619.25	0	619.25
737.471	636.75	0	636.75
737.569	623.75	0	623.75
737.667	638	0	638
737.764	616.5	0	616.5
737.862	616	0	616
737.959	612.25	0	612.25
738.057	614.75	0	614.75
738.154	616.5	0	616.5
738.252	651.25	0	651.25
738.35	611.5	0	611.5
738.447	624	0	624
738.544	626.25	0	626.25
738.642	638.75	0	638.75
738.739	633	0	633
738.837	635.75	0	635.75
738.934	614	0	614
739.031	630.5	0	630.5
739.129	621.75	0	621.75
739.226	627.5	0	627.5
739.323	615.25	0	615.25
739.421	619	0	619
739.518	606.25	0	606.25
739.615	626.25	0	626.25