Lambda	Spectrum	Dark	SpecMinusDark
500.031	9188	0	9188
500.165	9894.25	0	9894.25
500.299	10916	0	10916
500.433	11696.5	0	11696.5
500.567	12327	0	12327
500.701	12697.5	0	12697.5
500.835	12668.5	0	12668.5
500.968	12413	0	12413
501.102	12009.8	0	12009.8
501.236	11501	0	11501
501.37	11097.8	0	11097.8
501.504	10494.2	0	10494.2
501.637	10074	0	10074
501.771	9505.75	0	9505.75
501.905	9307.5	0	9307.5
502.039	9069.25	0	9069.25
502.172	8789	0	8789
502.306	8728	0	8728
502.44	8590.25	0	8590.25
502.573	8539.75	0	8539.75
502.707	8450.5	0	8450.5
502.841	8366	0	8366
502.974	8451.5	0	8451.5
503.108	8362.5	0	8362.5
503.242	8289.75	0	8289.75
503.375	8416.25	0	8416.25
503.509	8407.5	0	8407.5
503.642	8529.25	0	8529.25
503.776	8540.75	0	8540.75
503.909	8680.75	0	8680.75
504.043	9072.5	0	9072.5
504.176	9279.25	0	9279.25
504.31	9462	0	9462
504.443	10103.2	0	10103.2
504.577	10474.8	0	10474.8
504.71	10981.8	0	10981.8
504.844	11301	0	11301
504.977	11314.5	0	11314.5
505.111	11387	0	11387
505.244	11295.2	0	11295.2
505.377	11301.8	0	11301.8
505.511	11357	0	11357
505.644	11544.2	0	11544.2
505.777	11871.5	0	11871.5
505.911	12089.5	0	12089.5
506.044	12738.8	0	12738.8
506.177	13021	0	13021
506.311	13222	0	13222
506.444	13187.8	0	13187.8
506.577	12911.2	0	12911.2
506.71	12795.2	0	12795.2
506.844	12543.5	0	12543.5
506.977	12343	0	12343
507.11	12078.2	0	12078.2
507.243	11956	0	11956
507.376	11674	0	11674
507.51	11514.2	0	11514.2
507.643	11234	0	11234
507.776	11146.5	0	11146.5
507.909	10901.5	0	10901.5
508.042	10708	0	10708
508.175	10541.5	0	10541.5
508.308	10473.5	0	10473.5
508.441	10301.8	0	10301.8
508.574	9950.75	0	9950.75
508.707	9898.5	0	9898.5
508.84	9737.25	0	9737.25
508.973	9789.25	0	9789.25
509.106	9625.25	0	9625.25
509.239	9449.25	0	9449.25
509.372	9481.75	0	9481.75
509.505	9250.5	0	9250.5
509.638	9259.5	0	9259.5
509.771	9153.5	0	9153.5
509.904	9071.5	0	9071.5
510.037	9001.75	0	9001.75
510.17	8936.25	0	8936.25
510.303	8974.75	0	8974.75
510.436	8805.75	0	8805.75
510.568	8713.75	0	8713.75
510.701	8682.25	0	8682.25
510.834	8663	0	8663
510.967	8558.75	0	8558.75
511.1	8594.75	0	8594.75
511.232	8662.75	0	8662.75
511.365	8503	0	8503
511.498	8526.5	0	8526.5
511.631	8471.75	0	8471.75
511.763	8541.25	0	8541.25
511.896	8511.25	0	8511.25
512.029	8359	0	8359
512.161	8451.75	0	8451.75
512.294	8240.25	0	8240.25
512.427	8369	0	8369
512.559	8329	0	8329
512.692	8289.5	0	8289.5
512.825	8293.75	0	8293.75
512.957	8327.5	0	8327.5
513.09	8293	0	8293
513.222	8225.5	0	8225.5
513.355	8272.75	0	8272.75
513.487	8257.25	0	8257.25
513.62	8333.25	0	8333.25
513.752	8358	0	8358
513.885	8303.75	0	8303.75
514.017	8415.25	0	8415.25
514.15	8243	0	8243
514.282	8278	0	8278
514.415	8259.5	0	8259.5
514.547	8295.75	0	8295.75
514.68	8360.5	0	8360.5
514.812	8446	0	8446
514.944	8452	0	8452
515.077	8246.25	0	8246.25
515.209	8365.75	0	8365.75
515.341	8366.75	0	8366.75
515.474	8481	0	8481
515.606	8519	0	8519
515.738	8522	0	8522
515.871	8570.25	0	8570.25
516.003	8648.25	0	8648.25
516.135	8742.5	0	8742.5
516.267	8749.5	0	8749.5
516.4	8867.5	0	8867.5
516.532	8969	0	8969
516.664	9110	0	9110
516.796	9192.25	0	9192.25
516.928	9405.75	0	9405.75
517.06	9559.75	0	9559.75
517.193	9900	0	9900
517.325	10149	0	10149
517.457	10360	0	10360
517.589	10753.2	0	10753.2
517.721	10815.2	0	10815.2
517.853	10962	0	10962
517.985	11018	0	11018
518.117	11103	0	11103
518.249	11081	0	11081
518.381	11116.5	0	11116.5
518.513	10853	0	10853
518.645	10460	0	10460
518.777	10304.5	0	10304.5
518.909	10179.5	0	10179.5
519.041	9964.25	0	9964.25
519.173	9892	0	9892
519.305	9773	0	9773
519.437	9603.25	0	9603.25
519.569	9584.25	0	9584.25
519.701	9527	0	9527
519.832	9307	0	9307
519.964	9319	0	9319
520.096	9129.5	0	9129.5
520.228	9279	0	9279
520.36	9324	0	9324
520.491	9259.5	0	9259.5
520.623	9003.5	0	9003.5
520.755	9046.75	0	9046.75
520.887	9041.5	0	9041.5
521.018	8903.5	0	8903.5
521.15	9069.75	0	9069.75
521.282	8944.25	0	8944.25
521.414	8955.75	0	8955.75
521.545	8752.75	0	8752.75
521.677	8876.75	0	8876.75
521.808	8786.25	0	8786.25
521.94	8637.5	0	8637.5
522.072	8551.25	0	8551.25
522.203	8533.25	0	8533.25
522.335	8379.75	0	8379.75
522.466	8386.5	0	8386.5
522.598	8297.75	0	8297.75
522.729	8320.5	0	8320.5
522.861	8203.5	0	8203.5
522.993	8193.25	0	8193.25
523.124	8156.75	0	8156.75
523.256	7962.75	0	7962.75
523.387	8092.75	0	8092.75
523.518	7972.25	0	7972.25
523.65	7892	0	7892
523.781	7878.75	0	7878.75
523.913	7841.75	0	7841.75
524.044	7907.75	0	7907.75
524.176	7790	0	7790
524.307	7754.5	0	7754.5
524.438	7609.75	0	7609.75
524.57	7679.25	0	7679.25
524.701	7606.25	0	7606.25
524.832	7593.5	0	7593.5
524.964	7577.25	0	7577.25
525.095	7496.75	0	7496.75
525.226	7470.5	0	7470.5
525.357	7448	0	7448
525.489	7422.25	0	7422.25
525.62	7393.5	0	7393.5
525.751	7364.75	0	7364.75
525.882	7308.25	0	7308.25
526.013	7305.5	0	7305.5
526.145	7281.5	0	7281.5
526.276	7216.25	0	7216.25
526.407	7241.25	0	7241.25
526.538	7236	0	7236
526.669	7191.75	0	7191.75
526.8	7202.25	0	7202.25
526.931	7142	0	7142
527.062	7085	0	7085
527.193	7158.5	0	7158.5
527.324	7165.75	0	7165.75
527.455	7173.5	0	7173.5
527.586	7088	0	7088
527.717	6979.5	0	6979.5
527.848	7035.75	0	7035.75
527.979	7034.25	0	7034.25
528.11	7032.75	0	7032.75
528.241	7015.5	0	7015.5
528.372	7003.25	0	7003.25
528.503	6946.75	0	6946.75
528.634	6799	0	6799
528.765	6996.75	0	6996.75
528.896	7008.75	0	7008.75
529.026	6784.5	0	6784.5
529.157	6790.75	0	6790.75
529.288	6893	0	6893
529.419	6893.25	0	6893.25
529.55	6856.25	0	6856.25
529.681	6853.75	0	6853.75
529.811	6795.75	0	6795.75
529.942	6762	0	6762
530.073	6825	0	6825
530.203	6717	0	6717
530.334	6798.25	0	6798.25
530.465	6752.25	0	6752.25
530.596	6620.5	0	6620.5
530.726	6782.5	0	6782.5
530.857	6836.5	0	6836.5
530.987	6785.5	0	6785.5
531.118	6628.5	0	6628.5
531.249	6703.75	0	6703.75
531.379	6678.75	0	6678.75
531.51	6755.25	0	6755.25
531.64	6672.25	0	6672.25
531.771	6771.75	0	6771.75
531.901	6632.25	0	6632.25
532.032	6740.75	0	6740.75
532.163	6780	0	6780
532.293	6733	0	6733
532.423	6704.25	0	6704.25
532.554	6692	0	6692
532.684	6675.25	0	6675.25
532.815	6599.5	0	6599.5
532.945	6662	0	6662
533.076	6590	0	6590
533.206	6611.5	0	6611.5
533.336	6554.5	0	6554.5
533.467	6557.25	0	6557.25
533.597	6560	0	6560
533.727	6490	0	6490
533.858	6461.75	0	6461.75
533.988	6567.75	0	6567.75
534.118	6467.5	0	6467.5
534.248	6521.5	0	6521.5
534.379	6475	0	6475
534.509	6388.25	0	6388.25
534.639	6434.75	0	6434.75
534.769	6516.75	0	6516.75
534.9	6464.25	0	6464.25
535.03	6425	0	6425
535.16	6425.5	0	6425.5
535.29	6323.25	0	6323.25
535.42	6293.75	0	6293.75
535.55	6381.5	0	6381.5
535.68	6344	0	6344
535.81	6307.75	0	6307.75
535.94	6319.5	0	6319.5
536.071	6263.75	0	6263.75
536.201	6209.25	0	6209.25
536.331	6158.5	0	6158.5
536.461	6119.25	0	6119.25
536.591	6193.25	0	6193.25
536.721	6171.25	0	6171.25
536.851	6170	0	6170
536.981	6110.25	0	6110.25
537.11	6141.5	0	6141.5
537.24	6027	0	6027
537.37	6125	0	6125
537.5	6139.5	0	6139.5
537.63	6170	0	6170
537.76	6065.75	0	6065.75
537.89	6140	0	6140
538.02	6085.5	0	6085.5
538.149	5986.75	0	5986.75
538.279	6018	0	6018
538.409	5996.75	0	5996.75
538.539	5956.5	0	5956.5
538.669	6013.75	0	6013.75
538.798	5993.75	0	5993.75
538.928	6124	0	6124
539.058	6028.25	0	6028.25
539.187	6023.75	0	6023.75
539.317	5998.25	0	5998.25
539.447	5948.75	0	5948.75
539.576	6039	0	6039
539.706	5989.5	0	5989.5
539.836	5959.75	0	5959.75
539.965	5991	0	5991
540.095	5972.75	0	5972.75
540.225	5964.5	0	5964.5
540.354	6004.75	0	6004.75
540.484	5931.75	0	5931.75
540.613	5973	0	5973
540.743	5975.25	0	5975.25
540.872	5945.25	0	5945.25
541.002	5941.75	0	5941.75
541.131	5855.75	0	5855.75
541.261	5966.5	0	5966.5
541.39	5985.5	0	5985.5
541.52	6065	0	6065
541.649	5916.75	0	5916.75
541.778	6036.25	0	6036.25
541.908	5975.25	0	5975.25
542.037	6006.75	0	6006.75
542.167	5991.5	0	5991.5
542.296	6014.25	0	6014.25
542.425	6024	0	6024
542.554	6042	0	6042
542.684	5966.75	0	5966.75
542.813	6012.75	0	6012.75
542.942	5961.5	0	5961.5
543.072	6012.5	0	6012.5
543.201	6030	0	6030
543.33	6022.75	0	6022.75
543.459	6061.25	0	6061.25
543.588	6052.25	0	6052.25
543.718	6088.25	0	6088.25
543.847	6020	0	6020
543.976	6073.25	0	6073.25
544.105	6100	0	6100
544.234	6071.5	0	6071.5
544.363	6152	0	6152
544.492	6120.5	0	6120.5
544.621	6154	0	6154
544.75	6241.5	0	6241.5
544.88	6141.75	0	6141.75
545.009	6142	0	6142
545.138	6214.75	0	6214.75
545.266	6143	0	6143
545.396	6323.25	0	6323.25
545.525	6286.25	0	6286.25
545.653	6357	0	6357
545.782	6372.25	0	6372.25
545.911	6402.5	0	6402.5
546.04	6428	0	6428
546.169	6343.5	0	6343.5
546.298	6344	0	6344
546.427	6424.5	0	6424.5
546.556	6324.25	0	6324.25
546.685	6328.5	0	6328.5
546.813	6389.75	0	6389.75
546.942	6339.5	0	6339.5
547.071	6343.25	0	6343.25
547.2	6324.5	0	6324.5
547.328	6330.25	0	6330.25
547.457	6317.25	0	6317.25
547.586	6357.25	0	6357.25
547.715	6370.5	0	6370.5
547.843	6333.75	0	6333.75
547.972	6329.5	0	6329.5
548.101	6431	0	6431
548.229	6402.5	0	6402.5
548.358	6384.25	0	6384.25
548.487	6490.75	0	6490.75
548.615	6444.75	0	6444.75
548.744	6453	0	6453
548.872	6333.75	0	6333.75
549.001	6375	0	6375
549.129	6332.25	0	6332.25
549.258	6411.25	0	6411.25
549.387	6426	0	6426
549.515	6401.25	0	6401.25
549.643	6484.5	0	6484.5
549.772	6563	0	6563
549.9	6665	0	6665
550.029	6548.5	0	6548.5
550.157	6520	0	6520
550.286	6434.75	0	6434.75
550.414	6393	0	6393
550.542	6402	0	6402
550.671	6295.25	0	6295.25
550.799	6267	0	6267
550.927	6371.25	0	6371.25
551.056	6251.5	0	6251.5
551.184	6261	0	6261
551.312	6233	0	6233
551.441	6171.5	0	6171.5
551.569	6236.5	0	6236.5
551.697	6191.75	0	6191.75
551.825	6239	0	6239
551.953	6259.5	0	6259.5
552.082	6393.25	0	6393.25
552.21	6338.75	0	6338.75
552.338	6484.75	0	6484.75
552.466	6416	0	6416
552.594	6418.75	0	6418.75
552.722	6444.5	0	6444.5
552.851	6644.75	0	6644.75
552.979	6638.75	0	6638.75
553.107	6782	0	6782
553.235	6821.25	0	6821.25
553.363	6953.75	0	6953.75
553.491	6950.25	0	6950.25
553.619	7000.75	0	7000.75
553.747	7004.5	0	7004.5
553.875	6966	0	6966
554.003	6904.75	0	6904.75
554.131	6894.5	0	6894.5
554.259	6662.75	0	6662.75
554.387	6586.25	0	6586.25
554.514	6524	0	6524
554.642	6521.25	0	6521.25
554.77	6371.75	0	6371.75
554.898	6344.25	0	6344.25
555.026	6276	0	6276
555.154	6122.5	0	6122.5
555.281	6166.5	0	6166.5
555.409	6084.75	0	6084.75
555.537	6062.5	0	6062.5
555.665	6022	0	6022
555.793	6040.75	0	6040.75
555.92	5958.25	0	5958.25
556.048	5828.25	0	5828.25
556.176	5820.75	0	5820.75
556.303	5795.5	0	5795.5
556.431	5749.25	0	5749.25
556.559	5773.5	0	5773.5
556.686	5765.5	0	5765.5
556.814	5755.75	0	5755.75
556.942	5715.75	0	5715.75
557.069	5670	0	5670
557.197	5725.25	0	5725.25
557.324	5732.25	0	5732.25
557.452	5697.25	0	5697.25
557.579	5724.25	0	5724.25
557.707	5687.5	0	5687.5
557.835	5551.5	0	5551.5
557.962	5640.5	0	5640.5
558.089	5619	0	5619
558.217	5581	0	5581
558.344	5632.75	0	5632.75
558.472	5569.25	0	5569.25
558.599	5523.75	0	5523.75
558.727	5578	0	5578
558.854	5552.5	0	5552.5
558.981	5514.75	0	5514.75
559.109	5495	0	5495
559.236	5505.75	0	5505.75
559.363	5433.5	0	5433.5
559.491	5537.75	0	5537.75
559.618	5459.25	0	5459.25
559.745	5501.5	0	5501.5
559.872	5471.25	0	5471.25
560	5557.25	0	5557.25
560.127	5505.25	0	5505.25
560.254	5488.5	0	5488.5
560.381	5436.75	0	5436.75
560.508	5460	0	5460
560.636	5466	0	5466
560.763	5443	0	5443
560.89	5532.25	0	5532.25
561.017	5546.25	0	5546.25
561.144	5473.5	0	5473.5
561.271	5480.5	0	5480.5
561.398	5401	0	5401
561.525	5465	0	5465
561.652	5456	0	5456
561.779	5490.75	0	5490.75
561.906	5460.75	0	5460.75
562.033	5407.5	0	5407.5
562.16	5437.5	0	5437.5
562.287	5547	0	5547
562.414	5498.25	0	5498.25
562.541	5634.75	0	5634.75
562.668	5536.25	0	5536.25
562.795	5591.75	0	5591.75
562.922	5489	0	5489
563.049	5532	0	5532
563.175	5599.25	0	5599.25
563.302	5801.5	0	5801.5
563.429	5778.25	0	5778.25
563.556	5651	0	5651
563.683	5772.5	0	5772.5
563.809	5763.5	0	5763.5
563.936	5974.25	0	5974.25
564.063	5920	0	5920
564.19	5917.5	0	5917.5
564.316	5980.25	0	5980.25
564.443	6052.25	0	6052.25
564.57	5994	0	5994
564.696	5981	0	5981
564.823	5940.25	0	5940.25
564.95	5978.5	0	5978.5
565.076	6059	0	6059
565.203	6098	0	6098
565.33	6187.5	0	6187.5
565.456	6220.5	0	6220.5
565.583	6266.25	0	6266.25
565.709	6382	0	6382
565.836	6427.5	0	6427.5
565.962	6656.25	0	6656.25
566.089	6818.25	0	6818.25
566.215	7050.5	0	7050.5
566.341	7231.5	0	7231.5
566.468	7505.75	0	7505.75
566.594	7929	0	7929
566.721	8193.5	0	8193.5
566.847	8697.25	0	8697.25
566.974	8942.75	0	8942.75
567.1	9144.75	0	9144.75
567.226	9260.5	0	9260.5
567.353	9340.25	0	9340.25
567.479	9451.5	0	9451.5
567.605	9599.75	0	9599.75
567.732	9944.25	0	9944.25
567.858	10011.8	0	10011.8
567.984	10341.5	0	10341.5
568.11	10623.8	0	10623.8
568.236	10698.2	0	10698.2
568.363	10556.5	0	10556.5
568.489	9978.25	0	9978.25
568.615	9455.75	0	9455.75
568.741	8845.75	0	8845.75
568.867	8603.5	0	8603.5
568.993	8250.75	0	8250.75
569.12	7900	0	7900
569.246	7673.25	0	7673.25
569.372	7319.25	0	7319.25
569.498	7134.75	0	7134.75
569.624	6968.25	0	6968.25
569.75	6717	0	6717
569.876	6507.5	0	6507.5
570.002	6408	0	6408
570.128	6354.25	0	6354.25
570.254	6204.5	0	6204.5
570.38	6191.5	0	6191.5
570.506	6265.75	0	6265.75
570.632	6240.5	0	6240.5
570.758	6173.5	0	6173.5
570.883	6273.25	0	6273.25
571.009	6188.25	0	6188.25
571.135	6252.75	0	6252.75
571.261	6168.25	0	6168.25
571.387	6151.25	0	6151.25
571.513	6128.5	0	6128.5
571.638	5910	0	5910
571.764	5738.75	0	5738.75
571.89	5644	0	5644
572.016	5441	0	5441
572.141	5390.25	0	5390.25
572.267	5358	0	5358
572.393	5325.75	0	5325.75
572.518	5300.5	0	5300.5
572.644	5296.5	0	5296.5
572.77	5215.5	0	5215.5
572.895	5108.5	0	5108.5
573.021	5064.75	0	5064.75
573.147	5085.25	0	5085.25
573.272	5095.25	0	5095.25
573.398	5015.75	0	5015.75
573.523	5069.75	0	5069.75
573.649	5060.25	0	5060.25
573.774	5005	0	5005
573.9	5058.5	0	5058.5
574.025	5040.75	0	5040.75
574.151	4939.75	0	4939.75
574.276	4978.5	0	4978.5
574.402	5064.5	0	5064.5
574.527	4863.25	0	4863.25
574.652	4869.25	0	4869.25
574.778	4867.75	0	4867.75
574.903	4850.25	0	4850.25
575.029	4798.75	0	4798.75
575.154	4800	0	4800
575.279	4781	0	4781
575.405	4710.25	0	4710.25
575.53	4647.5	0	4647.5
575.655	4624.75	0	4624.75
575.78	4625.5	0	4625.5
575.906	4567	0	4567
576.031	4487	0	4487
576.156	4477.75	0	4477.75
576.281	4501.25	0	4501.25
576.406	4508.75	0	4508.75
576.532	4416	0	4416
576.657	4480.5	0	4480.5
576.782	4462.25	0	4462.25
576.907	4420	0	4420
577.032	4397.75	0	4397.75
577.157	4440.5	0	4440.5
577.282	4345.25	0	4345.25
577.407	4427	0	4427
577.532	4369.5	0	4369.5
577.657	4349.75	0	4349.75
577.782	4329.25	0	4329.25
577.907	4299	0	4299
578.032	4302.5	0	4302.5
578.157	4287.25	0	4287.25
578.282	4282.25	0	4282.25
578.407	4276	0	4276
578.532	4318	0	4318
578.657	4326.25	0	4326.25
578.782	4293	0	4293
578.907	4288.5	0	4288.5
579.031	4328.5	0	4328.5
579.156	4338	0	4338
579.281	4337	0	4337
579.406	4369	0	4369
579.531	4372.25	0	4372.25
579.655	4352.75	0	4352.75
579.78	4443.5	0	4443.5
579.905	4419	0	4419
580.03	4473.5	0	4473.5
580.154	4488	0	4488
580.279	4438.75	0	4438.75
580.404	4526.25	0	4526.25
580.528	4501.5	0	4501.5
580.653	4391.25	0	4391.25
580.778	4467.5	0	4467.5
580.902	4445.75	0	4445.75
581.027	4349.5	0	4349.5
581.151	4321.25	0	4321.25
581.276	4374.5	0	4374.5
581.4	4276.75	0	4276.75
581.525	4226.75	0	4226.75
581.649	4192.25	0	4192.25
581.774	4161	0	4161
581.898	4185.75	0	4185.75
582.023	4088.25	0	4088.25
582.147	4051.25	0	4051.25
582.272	4062.5	0	4062.5
582.396	4080	0	4080
582.52	4023.25	0	4023.25
582.645	4055.5	0	4055.5
582.769	3990.5	0	3990.5
582.893	4024.25	0	4024.25
583.018	3978	0	3978
583.142	4024	0	4024
583.266	4009.25	0	4009.25
583.391	4012.25	0	4012.25
583.515	3993	0	3993
583.639	3963.5	0	3963.5
583.763	3998	0	3998
583.888	3952	0	3952
584.012	3970.5	0	3970.5
584.136	3965.5	0	3965.5
584.26	4052.25	0	4052.25
584.384	3899	0	3899
584.508	3939	0	3939
584.632	3951.75	0	3951.75
584.757	4016.75	0	4016.75
584.881	4050.5	0	4050.5
585.005	3992.5	0	3992.5
585.129	4006.5	0	4006.5
585.253	4011.75	0	4011.75
585.377	4130.75	0	4130.75
585.501	3992.25	0	3992.25
585.625	4043.75	0	4043.75
585.749	3966.25	0	3966.25
585.873	3922.25	0	3922.25
585.997	3998.75	0	3998.75
586.12	4006.5	0	4006.5
586.244	4038.75	0	4038.75
586.368	4021	0	4021
586.492	4119.5	0	4119.5
586.616	4164.75	0	4164.75
586.74	4327.75	0	4327.75
586.864	4375.25	0	4375.25
586.987	4455.5	0	4455.5
587.111	4520.25	0	4520.25
587.235	4383.25	0	4383.25
587.359	4406.25	0	4406.25
587.482	4150	0	4150
587.606	4158.25	0	4158.25
587.73	4098.5	0	4098.5
587.854	4105.5	0	4105.5
587.977	4030.5	0	4030.5
588.101	3939.5	0	3939.5
588.224	3867	0	3867
588.348	3852.75	0	3852.75
588.472	3841.25	0	3841.25
588.595	3834.75	0	3834.75
588.719	3864.75	0	3864.75
588.842	3862	0	3862
588.966	3863.25	0	3863.25
589.089	3802	0	3802
589.213	3852.75	0	3852.75
589.336	3819.75	0	3819.75
589.46	3856	0	3856
589.583	3866	0	3866
589.707	3777.5	0	3777.5
589.83	3784.25	0	3784.25
589.954	3826.75	0	3826.75
590.077	3826	0	3826
590.2	3832.5	0	3832.5
590.324	3837.75	0	3837.75
590.447	3802	0	3802
590.57	3889.25	0	3889.25
590.694	3948	0	3948
590.817	3921.75	0	3921.75
590.94	3939.25	0	3939.25
591.063	3878.5	0	3878.5
591.187	4017	0	4017
591.31	3982	0	3982
591.433	4012.75	0	4012.75
591.556	4093.5	0	4093.5
591.679	4097.25	0	4097.25
591.803	4185	0	4185
591.926	4105	0	4105
592.049	4197.25	0	4197.25
592.172	4224.75	0	4224.75
592.295	4232	0	4232
592.418	4259.5	0	4259.5
592.541	4314.5	0	4314.5
592.664	4278	0	4278
592.787	4412.25	0	4412.25
592.91	4592	0	4592
593.033	4623.75	0	4623.75
593.156	4683.75	0	4683.75
593.279	4821	0	4821
593.402	4829	0	4829
593.525	4865	0	4865
593.648	4981.75	0	4981.75
593.771	4887.25	0	4887.25
593.894	4846	0	4846
594.016	4987.5	0	4987.5
594.139	4999.5	0	4999.5
594.262	5074.25	0	5074.25
594.385	5119.5	0	5119.5
594.508	5163	0	5163
594.63	5057.25	0	5057.25
594.753	4955.75	0	4955.75
594.876	4893	0	4893
594.999	4762.75	0	4762.75
595.121	4663	0	4663
595.244	4582.5	0	4582.5
595.367	4581.75	0	4581.75
595.489	4421	0	4421
595.612	4434.25	0	4434.25
595.735	4306	0	4306
595.857	4317.25	0	4317.25
595.98	4274.75	0	4274.75
596.102	4280	0	4280
596.225	4231	0	4231
596.347	4219	0	4219
596.47	4261.5	0	4261.5
596.592	4317.75	0	4317.75
596.715	4219.5	0	4219.5
596.837	4142	0	4142
596.96	4142.5	0	4142.5
597.082	4184.75	0	4184.75
597.205	4154.25	0	4154.25
597.327	4093.75	0	4093.75
597.449	4114.5	0	4114.5
597.572	4076.75	0	4076.75
597.694	4095.25	0	4095.25
597.816	4076	0	4076
597.939	4065.25	0	4065.25
598.061	4169.75	0	4169.75
598.183	4166.75	0	4166.75
598.306	4138	0	4138
598.428	4267	0	4267
598.55	4278.5	0	4278.5
598.672	4279.25	0	4279.25
598.795	4275.75	0	4275.75
598.917	4266.5	0	4266.5
599.039	4304	0	4304
599.161	4156.25	0	4156.25
599.283	4220	0	4220
599.405	4126.25	0	4126.25
599.527	4232.25	0	4232.25
599.65	4097.5	0	4097.5
599.772	4109.5	0	4109.5
599.894	4085.5	0	4085.5
600.016	4019.5	0	4019.5
600.138	3939.5	0	3939.5
600.26	3938.25	0	3938.25
600.382	3924.25	0	3924.25
600.504	3926.25	0	3926.25
600.625	3861.25	0	3861.25
600.747	3786.25	0	3786.25
600.869	3794	0	3794
600.991	3836.5	0	3836.5
601.113	3764	0	3764
601.235	3735.5	0	3735.5
601.357	3705.5	0	3705.5
601.479	3662	0	3662
601.6	3598.75	0	3598.75
601.722	3636.5	0	3636.5
601.844	3618.25	0	3618.25
601.966	3645.25	0	3645.25
602.087	3633.5	0	3633.5
602.209	3468.75	0	3468.75
602.331	3524.25	0	3524.25
602.453	3526	0	3526
602.574	3587	0	3587
602.696	3550.75	0	3550.75
602.818	3517.75	0	3517.75
602.939	3501	0	3501
603.061	3537	0	3537
603.182	3420	0	3420
603.304	3460.75	0	3460.75
603.426	3410.75	0	3410.75
603.547	3379.5	0	3379.5
603.669	3416	0	3416
603.79	3381.5	0	3381.5
603.912	3389.25	0	3389.25
604.033	3330.75	0	3330.75
604.154	3394.75	0	3394.75
604.276	3375.5	0	3375.5
604.397	3311.75	0	3311.75
604.519	3362.5	0	3362.5
604.64	3364.25	0	3364.25
604.761	3278.75	0	3278.75
604.883	3303.25	0	3303.25
605.004	3272.75	0	3272.75
605.125	3302.25	0	3302.25
605.247	3284	0	3284
605.368	3238.25	0	3238.25
605.489	3310	0	3310
605.611	3237.75	0	3237.75
605.732	3255	0	3255
605.853	3256	0	3256
605.974	3234	0	3234
606.095	3169	0	3169
606.216	3200.25	0	3200.25
606.338	3194	0	3194
606.459	3222.5	0	3222.5
606.58	3168	0	3168
606.701	3204	0	3204
606.822	3156.5	0	3156.5
606.943	3167	0	3167
607.064	3138.75	0	3138.75
607.185	3145.5	0	3145.5
607.306	3149	0	3149
607.427	3141.75	0	3141.75
607.548	3139	0	3139
607.669	3134.25	0	3134.25
607.79	3125.25	0	3125.25
607.911	3134.5	0	3134.5
608.032	3136.25	0	3136.25
608.153	3128.5	0	3128.5
608.274	3139	0	3139
608.394	3108.5	0	3108.5
608.515	3083.75	0	3083.75
608.636	3147	0	3147
608.757	3123.75	0	3123.75
608.878	3135.5	0	3135.5
608.998	3100.75	0	3100.75
609.119	3125.25	0	3125.25
609.24	3089.5	0	3089.5
609.361	3162.75	0	3162.75
609.481	3105.75	0	3105.75
609.602	3127.75	0	3127.75
609.723	3075	0	3075
609.843	3127.75	0	3127.75
609.964	3084.75	0	3084.75
610.085	3075.75	0	3075.75
610.205	3040.25	0	3040.25
610.326	3105.5	0	3105.5
610.446	3021.25	0	3021.25
610.567	3021.25	0	3021.25
610.687	3106.75	0	3106.75
610.808	3111	0	3111
610.928	3049.25	0	3049.25
611.049	3061	0	3061
611.169	3020.5	0	3020.5
611.29	3006.75	0	3006.75
611.41	3045.5	0	3045.5
611.531	3057.5	0	3057.5
611.651	2986	0	2986
611.771	3035.25	0	3035.25
611.892	3062.75	0	3062.75
612.012	3099.75	0	3099.75
612.132	3072.25	0	3072.25
612.253	3019.5	0	3019.5
612.373	3071	0	3071
612.493	3009.75	0	3009.75
612.613	2979.75	0	2979.75
612.734	3032	0	3032
612.854	2964.25	0	2964.25
612.974	3001.5	0	3001.5
613.094	3002.25	0	3002.25
613.214	2903.75	0	2903.75
613.335	2933.5	0	2933.5
613.455	2939.5	0	2939.5
613.575	3000.75	0	3000.75
613.695	2977	0	2977
613.815	2905.25	0	2905.25
613.935	2928.25	0	2928.25
614.055	2883.25	0	2883.25
614.175	2925.75	0	2925.75
614.295	2939	0	2939
614.415	2911	0	2911
614.535	2881.5	0	2881.5
614.655	2931	0	2931
614.775	2908.75	0	2908.75
614.895	2990.5	0	2990.5
615.015	2921	0	2921
615.135	2926.25	0	2926.25
615.254	2899.5	0	2899.5
615.374	2876.75	0	2876.75
615.494	2881.25	0	2881.25
615.614	2987.5	0	2987.5
615.734	2915.5	0	2915.5
615.854	2976.25	0	2976.25
615.973	2832.75	0	2832.75
616.093	2928	0	2928
616.213	2970.75	0	2970.75
616.332	2953.25	0	2953.25
616.452	2973	0	2973
616.572	2880.25	0	2880.25
616.691	2897.5	0	2897.5
616.811	2941.25	0	2941.25
616.931	2933.5	0	2933.5
617.05	2908.5	0	2908.5
617.17	2924.5	0	2924.5
617.289	2902.75	0	2902.75
617.409	2972	0	2972
617.529	2963.75	0	2963.75
617.648	2878.75	0	2878.75
617.768	2952.25	0	2952.25
617.887	2918.75	0	2918.75
618.006	2872	0	2872
618.126	2931.75	0	2931.75
618.245	2875.75	0	2875.75
618.365	2912.5	0	2912.5
618.484	2872.75	0	2872.75
618.604	2926.5	0	2926.5
618.723	2858.25	0	2858.25
618.842	2890.25	0	2890.25
618.962	2828.25	0	2828.25
619.081	2935.75	0	2935.75
619.2	2898.25	0	2898.25
619.319	2884	0	2884
619.439	2841.5	0	2841.5
619.558	2789	0	2789
619.677	2840.75	0	2840.75
619.796	2801	0	2801
619.916	2806.5	0	2806.5
620.035	2853.25	0	2853.25
620.154	2832.5	0	2832.5
620.273	2724.75	0	2724.75
620.392	2720.5	0	2720.5
620.511	2770.75	0	2770.75
620.63	2797	0	2797
620.749	2755.25	0	2755.25
620.868	2732.75	0	2732.75
620.987	2771.25	0	2771.25
621.106	2736.75	0	2736.75
621.225	2698.5	0	2698.5
621.344	2739	0	2739
621.463	2735.25	0	2735.25
621.582	2735	0	2735
621.701	2698.25	0	2698.25
621.82	2742.75	0	2742.75
621.939	2696.5	0	2696.5
622.058	2688.5	0	2688.5
622.177	2714.5	0	2714.5
622.295	2721	0	2721
622.414	2705.25	0	2705.25
622.533	2686.25	0	2686.25
622.652	2677.25	0	2677.25
622.771	2623.25	0	2623.25
622.889	2690.5	0	2690.5
623.008	2666	0	2666
623.127	2683.5	0	2683.5
623.245	2653	0	2653
623.364	2613	0	2613
623.483	2637.75	0	2637.75
623.601	2611.5	0	2611.5
623.72	2636.25	0	2636.25
623.839	2592.5	0	2592.5
623.957	2638.5	0	2638.5
624.076	2635.25	0	2635.25
624.194	2594.25	0	2594.25
624.313	2642.5	0	2642.5
624.431	2624.25	0	2624.25
624.55	2691.25	0	2691.25
624.668	2627	0	2627
624.787	2656.5	0	2656.5
624.905	2625.25	0	2625.25
625.024	2648	0	2648
625.142	2582	0	2582
625.26	2666.5	0	2666.5
625.379	2583.75	0	2583.75
625.497	2612	0	2612
625.615	2568.5	0	2568.5
625.734	2575	0	2575
625.852	2609.25	0	2609.25
625.97	2556.75	0	2556.75
626.089	2547.5	0	2547.5
626.207	2569.25	0	2569.25
626.325	2536.5	0	2536.5
626.443	2546.5	0	2546.5
626.561	2610.75	0	2610.75
626.68	2590.75	0	2590.75
626.798	2586	0	2586
626.916	2591.75	0	2591.75
627.034	2658.75	0	2658.75
627.152	2543.75	0	2543.75
627.27	2614.25	0	2614.25
627.388	2535	0	2535
627.506	2553.75	0	2553.75
627.624	2529.75	0	2529.75
627.742	2549.25	0	2549.25
627.86	2579	0	2579
627.978	2557	0	2557
628.096	2544.75	0	2544.75
628.214	2569.75	0	2569.75
628.332	2595	0	2595
628.45	2582.5	0	2582.5
628.568	2575.5	0	2575.5
628.686	2564.25	0	2564.25
628.804	2591.75	0	2591.75
628.921	2553.5	0	2553.5
629.039	2555.75	0	2555.75
629.157	2574.25	0	2574.25
629.275	2578.5	0	2578.5
629.393	2599.25	0	2599.25
629.51	2628.75	0	2628.75
629.628	2607.75	0	2607.75
629.746	2670	0	2670
629.864	2636.25	0	2636.25
629.981	2644	0	2644
630.099	2635.75	0	2635.75
630.216	2603.25	0	2603.25
630.334	2677.5	0	2677.5
630.452	2673	0	2673
630.569	2685	0	2685
630.687	2729.25	0	2729.25
630.804	2701	0	2701
630.922	2688.75	0	2688.75
631.039	2728.5	0	2728.5
631.157	2769.5	0	2769.5
631.274	2785.5	0	2785.5
631.392	2771.5	0	2771.5
631.509	2837.75	0	2837.75
631.627	2824.25	0	2824.25
631.744	2900.25	0	2900.25
631.861	2936.75	0	2936.75
631.979	2953.25	0	2953.25
632.096	2945.25	0	2945.25
632.213	3061.5	0	3061.5
632.331	3065.5	0	3065.5
632.448	3052.25	0	3052.25
632.565	3180	0	3180
632.683	3214	0	3214
632.8	3230.75	0	3230.75
632.917	3317.25	0	3317.25
633.034	3391	0	3391
633.151	3468.5	0	3468.5
633.269	3567	0	3567
633.386	3669.75	0	3669.75
633.503	3777	0	3777
633.62	3927	0	3927
633.737	4158.25	0	4158.25
633.854	4284.5	0	4284.5
633.971	4509.75	0	4509.75
634.088	4792.5	0	4792.5
634.205	5082	0	5082
634.322	5478	0	5478
634.439	5861.75	0	5861.75
634.556	6338.75	0	6338.75
634.673	6902.75	0	6902.75
634.79	7651.5	0	7651.5
634.907	8461	0	8461
635.024	9011.75	0	9011.75
635.141	8737.25	0	8737.25
635.258	7349.25	0	7349.25
635.375	6226.25	0	6226.25
635.491	5527.5	0	5527.5
635.608	4996.75	0	4996.75
635.725	4663.5	0	4663.5
635.842	4437.5	0	4437.5
635.958	4264	0	4264
636.075	4131.25	0	4131.25
636.192	4038.75	0	4038.75
636.309	4022.25	0	4022.25
636.425	4027.25	0	4027.25
636.542	4155	0	4155
636.659	4099	0	4099
636.775	4240.25	0	4240.25
636.892	4465	0	4465
637.008	4657.5	0	4657.5
637.125	4922	0	4922
637.241	5236	0	5236
637.358	5606.5	0	5606.5
637.475	5719	0	5719
637.591	5524.75	0	5524.75
637.707	4729	0	4729
637.824	4146.5	0	4146.5
637.94	3788.25	0	3788.25
638.057	3543	0	3543
638.173	3332.25	0	3332.25
638.29	3146	0	3146
638.406	2977.75	0	2977.75
638.522	2933	0	2933
638.639	2891	0	2891
638.755	2817.5	0	2817.5
638.871	2723.5	0	2723.5
638.987	2674.75	0	2674.75
639.104	2577	0	2577
639.22	2571.5	0	2571.5
639.336	2479.75	0	2479.75
639.452	2466.75	0	2466.75
639.569	2494.25	0	2494.25
639.685	2433.5	0	2433.5
639.801	2406.75	0	2406.75
639.917	2372.75	0	2372.75
640.033	2307.75	0	2307.75
640.149	2320	0	2320
640.265	2312.25	0	2312.25
640.381	2268.25	0	2268.25
640.497	2278.25	0	2278.25
640.613	2264.75	0	2264.75
640.729	2238	0	2238
640.845	2207.5	0	2207.5
640.961	2235	0	2235
641.077	2137.5	0	2137.5
641.193	2139.75	0	2139.75
641.309	2136.5	0	2136.5
641.425	2178.25	0	2178.25
641.541	2181	0	2181
641.657	2125.25	0	2125.25
641.773	2132.75	0	2132.75
641.888	2096.75	0	2096.75
642.004	2106	0	2106
642.12	2134	0	2134
642.236	2050.5	0	2050.5
642.352	2034.75	0	2034.75
642.467	2038.25	0	2038.25
642.583	2033.5	0	2033.5
642.699	2080	0	2080
642.814	2074.25	0	2074.25
642.93	2048.25	0	2048.25
643.046	2026.5	0	2026.5
643.161	2044.25	0	2044.25
643.277	2051.5	0	2051.5
643.392	2012	0	2012
643.508	2019	0	2019
643.623	2034.25	0	2034.25
643.739	2012.5	0	2012.5
643.854	2027.25	0	2027.25
643.97	2018	0	2018
644.085	2023	0	2023
644.201	2013	0	2013
644.316	2058.25	0	2058.25
644.432	2005	0	2005
644.547	2001.5	0	2001.5
644.663	2025	0	2025
644.778	1967.5	0	1967.5
644.893	1970	0	1970
645.008	1989.5	0	1989.5
645.124	1998.75	0	1998.75
645.239	1995	0	1995
645.354	2017.75	0	2017.75
645.47	1956	0	1956
645.585	1991.25	0	1991.25
645.7	1985.75	0	1985.75
645.815	2007	0	2007
645.93	2012.25	0	2012.25
646.046	2032.5	0	2032.5
646.161	1998	0	1998
646.276	2025.25	0	2025.25
646.391	2009.5	0	2009.5
646.506	2049.5	0	2049.5
646.621	2020.25	0	2020.25
646.736	1993.5	0	1993.5
646.851	2039.5	0	2039.5
646.966	2059.75	0	2059.75
647.081	2029.25	0	2029.25
647.196	2032.5	0	2032.5
647.311	2063.25	0	2063.25
647.426	2039.25	0	2039.25
647.541	2079.25	0	2079.25
647.656	2034.5	0	2034.5
647.771	2056.75	0	2056.75
647.885	2117.5	0	2117.5
648	2194	0	2194
648.115	2143.5	0	2143.5
648.23	2165.75	0	2165.75
648.345	2193.75	0	2193.75
648.459	2143.75	0	2143.75
648.574	2220.5	0	2220.5
648.689	2233.75	0	2233.75
648.804	2258.75	0	2258.75
648.918	2190.75	0	2190.75
649.033	2192.25	0	2192.25
649.148	2128.75	0	2128.75
649.262	2138.75	0	2138.75
649.377	2105.75	0	2105.75
649.491	2072.25	0	2072.25
649.606	2091	0	2091
649.721	2071.75	0	2071.75
649.835	2068.25	0	2068.25
649.95	2041.75	0	2041.75
650.064	2068	0	2068
650.179	2030	0	2030
650.293	2034.25	0	2034.25
650.408	2035	0	2035
650.522	2030.25	0	2030.25
650.636	2055.5	0	2055.5
650.751	1986.5	0	1986.5
650.865	2022	0	2022
650.979	2042.5	0	2042.5
651.094	2016.5	0	2016.5
651.208	2008.75	0	2008.75
651.322	1992.75	0	1992.75
651.437	2020.5	0	2020.5
651.551	2083.25	0	2083.25
651.665	2042.75	0	2042.75
651.779	2034.75	0	2034.75
651.894	2015.25	0	2015.25
652.008	2039.25	0	2039.25
652.122	2036	0	2036
652.236	2019.75	0	2019.75
652.35	2006.75	0	2006.75
652.464	2059	0	2059
652.578	2034	0	2034
652.693	2013.5	0	2013.5
652.807	2048.25	0	2048.25
652.921	2106.75	0	2106.75
653.035	2081.5	0	2081.5
653.149	2067	0	2067
653.263	2117.25	0	2117.25
653.376	2130.5	0	2130.5
653.49	2108.75	0	2108.75
653.604	2089.75	0	2089.75
653.718	2137	0	2137
653.832	2156.5	0	2156.5
653.946	2172.75	0	2172.75
654.06	2202.25	0	2202.25
654.174	2256.75	0	2256.75
654.287	2273.5	0	2273.5
654.401	2281.75	0	2281.75
654.515	2280.25	0	2280.25
654.629	2319	0	2319
654.743	2327.25	0	2327.25
654.856	2342.25	0	2342.25
654.97	2373.75	0	2373.75
655.084	2439	0	2439
655.197	2470.5	0	2470.5
655.311	2532.5	0	2532.5
655.424	2618	0	2618
655.538	2613.75	0	2613.75
655.652	2738.5	0	2738.5
655.765	2760.25	0	2760.25
655.879	2846.75	0	2846.75
655.992	2949	0	2949
656.106	3066.25	0	3066.25
656.219	3212.25	0	3212.25
656.333	3353.5	0	3353.5
656.446	3513.75	0	3513.75
656.56	3665.5	0	3665.5
656.673	3806.5	0	3806.5
656.786	3813.5	0	3813.5
656.9	3787.25	0	3787.25
657.013	3620.25	0	3620.25
657.127	3555.25	0	3555.25
657.24	3411.25	0	3411.25
657.353	3251.75	0	3251.75
657.466	3181	0	3181
657.58	3066.5	0	3066.5
657.693	2984	0	2984
657.806	2906.5	0	2906.5
657.919	2900.75	0	2900.75
658.032	2787.5	0	2787.5
658.146	2724.75	0	2724.75
658.259	2668.5	0	2668.5
658.372	2557.75	0	2557.75
658.485	2594.25	0	2594.25
658.598	2453.75	0	2453.75
658.711	2490.25	0	2490.25
658.824	2442.25	0	2442.25
658.937	2439.25	0	2439.25
659.05	2395	0	2395
659.163	2366.75	0	2366.75
659.276	2346.5	0	2346.5
659.389	2313	0	2313
659.502	2281	0	2281
659.615	2312	0	2312
659.728	2246.75	0	2246.75
659.841	2261.25	0	2261.25
659.954	2194.5	0	2194.5
660.067	2209	0	2209
660.179	2258	0	2258
660.292	2226.25	0	2226.25
660.405	2186.5	0	2186.5
660.518	2242.25	0	2242.25
660.63	2192.5	0	2192.5
660.743	2203.5	0	2203.5
660.856	2238.5	0	2238.5
660.969	2226.25	0	2226.25
661.081	2188.5	0	2188.5
661.194	2229.25	0	2229.25
661.307	2170.75	0	2170.75
661.419	2176.25	0	2176.25
661.532	2173.5	0	2173.5
661.644	2111.25	0	2111.25
661.757	2108	0	2108
661.869	2108.75	0	2108.75
661.982	2070	0	2070
662.094	2044.25	0	2044.25
662.207	1979	0	1979
662.319	1977.5	0	1977.5
662.432	1954.25	0	1954.25
662.544	1924	0	1924
662.656	1907.5	0	1907.5
662.769	1881	0	1881
662.881	1867.25	0	1867.25
662.994	1843.5	0	1843.5
663.106	1871	0	1871
663.218	1815.75	0	1815.75
663.331	1828	0	1828
663.443	1777	0	1777
663.555	1755.75	0	1755.75
663.667	1762	0	1762
663.779	1773.25	0	1773.25
663.892	1803	0	1803
664.004	1813	0	1813
664.116	1758.25	0	1758.25
664.228	1742.5	0	1742.5
664.34	1785.5	0	1785.5
664.452	1742.5	0	1742.5
664.564	1742.5	0	1742.5
664.676	1747	0	1747
664.788	1742.25	0	1742.25
664.901	1722.75	0	1722.75
665.012	1776.75	0	1776.75
665.125	1737.75	0	1737.75
665.236	1731.5	0	1731.5
665.348	1734.5	0	1734.5
665.46	1722.75	0	1722.75
665.572	1762.75	0	1762.75
665.684	1765.25	0	1765.25
665.796	1740.25	0	1740.25
665.908	1743.75	0	1743.75
666.02	1828.75	0	1828.75
666.131	1825.75	0	1825.75
666.243	1828.5	0	1828.5
666.355	1816	0	1816
666.467	1839.75	0	1839.75
666.578	1846.75	0	1846.75
666.69	1861.25	0	1861.25
666.802	1820.25	0	1820.25
666.914	1809	0	1809
667.025	1799.75	0	1799.75
667.137	1753.25	0	1753.25
667.248	1806	0	1806
667.36	1817.5	0	1817.5
667.472	1822	0	1822
667.583	1821.25	0	1821.25
667.695	1755.5	0	1755.5
667.806	1738.5	0	1738.5
667.918	1642.75	0	1642.75
668.029	1617.5	0	1617.5
668.141	1609	0	1609
668.252	1571.25	0	1571.25
668.363	1584.75	0	1584.75
668.475	1560.25	0	1560.25
668.586	1558.25	0	1558.25
668.698	1509.5	0	1509.5
668.809	1519	0	1519
668.92	1511.75	0	1511.75
669.032	1538.5	0	1538.5
669.143	1490.5	0	1490.5
669.254	1531.25	0	1531.25
669.365	1525	0	1525
669.477	1508.25	0	1508.25
669.588	1495.75	0	1495.75
669.699	1460.75	0	1460.75
669.81	1484.5	0	1484.5
669.921	1465.5	0	1465.5
670.032	1490.5	0	1490.5
670.143	1476.75	0	1476.75
670.255	1506.25	0	1506.25
670.366	1484.25	0	1484.25
670.477	1442.75	0	1442.75
670.588	1445.25	0	1445.25
670.699	1406.25	0	1406.25
670.81	1423.5	0	1423.5
670.921	1426.5	0	1426.5
671.032	1430.75	0	1430.75
671.143	1417.5	0	1417.5
671.253	1442.5	0	1442.5
671.364	1424.25	0	1424.25
671.475	1436.75	0	1436.75
671.586	1409.25	0	1409.25
671.697	1391.25	0	1391.25
671.808	1427.25	0	1427.25
671.919	1404	0	1404
672.029	1413.25	0	1413.25
672.14	1450	0	1450
672.251	1428	0	1428
672.362	1379.5	0	1379.5
672.472	1366.5	0	1366.5
672.583	1399.5	0	1399.5
672.694	1367	0	1367
672.804	1361	0	1361
672.915	1333.75	0	1333.75
673.025	1379.75	0	1379.75
673.136	1315.75	0	1315.75
673.247	1311.5	0	1311.5
673.357	1355	0	1355
673.468	1363.25	0	1363.25
673.578	1328.75	0	1328.75
673.689	1351.75	0	1351.75
673.799	1301.25	0	1301.25
673.91	1285.5	0	1285.5
674.02	1280	0	1280
674.13	1296.75	0	1296.75
674.241	1274.25	0	1274.25
674.351	1295.5	0	1295.5
674.461	1294.75	0	1294.75
674.572	1339.5	0	1339.5
674.682	1280.75	0	1280.75
674.792	1291	0	1291
674.903	1315.25	0	1315.25
675.013	1277.25	0	1277.25
675.123	1323.25	0	1323.25
675.233	1292.25	0	1292.25
675.344	1299.5	0	1299.5
675.454	1297	0	1297
675.564	1291	0	1291
675.674	1266.5	0	1266.5
675.784	1274	0	1274
675.894	1271.25	0	1271.25
676.004	1234.5	0	1234.5
676.114	1209	0	1209
676.224	1226.75	0	1226.75
676.334	1224.5	0	1224.5
676.444	1209	0	1209
676.554	1202.25	0	1202.25
676.664	1182	0	1182
676.774	1219.25	0	1219.25
676.884	1177.75	0	1177.75
676.994	1197	0	1197
677.104	1197.5	0	1197.5
677.214	1144	0	1144
677.324	1201	0	1201
677.433	1187.25	0	1187.25
677.543	1191.5	0	1191.5
677.653	1164.75	0	1164.75
677.763	1146	0	1146
677.872	1191.5	0	1191.5
677.982	1143.5	0	1143.5
678.092	1156.75	0	1156.75
678.202	1166.75	0	1166.75
678.311	1153.5	0	1153.5
678.421	1156.75	0	1156.75
678.53	1134.75	0	1134.75
678.64	1103.25	0	1103.25
678.75	1143.75	0	1143.75
678.859	1142.75	0	1142.75
678.969	1123.25	0	1123.25
679.078	1163.25	0	1163.25
679.188	1139.5	0	1139.5
679.297	1168.25	0	1168.25
679.407	1106.75	0	1106.75
679.516	1109	0	1109
679.625	1128	0	1128
679.735	1153.75	0	1153.75
679.844	1142	0	1142
679.954	1129.25	0	1129.25
680.063	1110	0	1110
680.172	1108.5	0	1108.5
680.282	1090.75	0	1090.75
680.391	1084.5	0	1084.5
680.5	1088	0	1088
680.609	1093.5	0	1093.5
680.719	1095.75	0	1095.75
680.828	1090.75	0	1090.75
680.937	1069.75	0	1069.75
681.046	1074	0	1074
681.155	1086.75	0	1086.75
681.264	1079.75	0	1079.75
681.374	1077.75	0	1077.75
681.483	1062.25	0	1062.25
681.592	1076.5	0	1076.5
681.701	1065.75	0	1065.75
681.81	1075.25	0	1075.25
681.919	1069.25	0	1069.25
682.028	1075.5	0	1075.5
682.137	1071.75	0	1071.75
682.246	1089.75	0	1089.75
682.355	1064.5	0	1064.5
682.463	1043	0	1043
682.572	1056.25	0	1056.25
682.681	1058.25	0	1058.25
682.79	1028.25	0	1028.25
682.899	1054.25	0	1054.25
683.008	1069.5	0	1069.5
683.117	1093.5	0	1093.5
683.225	1030	0	1030
683.334	1057.5	0	1057.5
683.443	1036	0	1036
683.551	1065.75	0	1065.75
683.66	1017.75	0	1017.75
683.769	1074	0	1074
683.877	1031.25	0	1031.25
683.986	1039.5	0	1039.5
684.095	1027.75	0	1027.75
684.203	1036.75	0	1036.75
684.312	1039	0	1039
684.42	1031.5	0	1031.5
684.529	1012.25	0	1012.25
684.637	1047.25	0	1047.25
684.746	1034.75	0	1034.75
684.854	1015	0	1015
684.963	1012.25	0	1012.25
685.071	1022	0	1022
685.18	998.5	0	998.5
685.288	1009.75	0	1009.75
685.396	995	0	995
685.505	993	0	993
685.613	1023.5	0	1023.5
685.721	969.75	0	969.75
685.83	968.25	0	968.25
685.938	978	0	978
686.046	1025.5	0	1025.5
686.154	962.75	0	962.75
686.263	997.25	0	997.25
686.371	982.5	0	982.5
686.479	958	0	958
686.587	1000.25	0	1000.25
686.695	969.25	0	969.25
686.803	980.5	0	980.5
686.911	972.25	0	972.25
687.019	1003.5	0	1003.5
687.127	957.5	0	957.5
687.235	940.5	0	940.5
687.343	960.75	0	960.75
687.451	972	0	972
687.559	973.25	0	973.25
687.667	943.25	0	943.25
687.775	957.75	0	957.75
687.883	952.25	0	952.25
687.991	943.5	0	943.5
688.099	957	0	957
688.207	967.5	0	967.5
688.315	940.25	0	940.25
688.422	941.5	0	941.5
688.53	969.25	0	969.25
688.638	958.5	0	958.5
688.746	940.75	0	940.75
688.853	949	0	949
688.961	951.75	0	951.75
689.069	944	0	944
689.176	912.25	0	912.25
689.284	920.75	0	920.75
689.392	916	0	916
689.499	927.75	0	927.75
689.607	951	0	951
689.714	918.5	0	918.5
689.822	907.25	0	907.25
689.93	915	0	915
690.037	914.25	0	914.25
690.144	907	0	907
690.252	905.75	0	905.75
690.359	900	0	900
690.467	907	0	907
690.574	914	0	914
690.682	883	0	883
690.789	930.25	0	930.25
690.896	898	0	898
691.004	868	0	868
691.111	892.5	0	892.5
691.218	889.5	0	889.5
691.325	887.5	0	887.5
691.433	882	0	882
691.54	895.5	0	895.5
691.647	885.75	0	885.75
691.754	902.75	0	902.75
691.861	880.25	0	880.25
691.969	896	0	896
692.076	883.25	0	883.25
692.183	877.25	0	877.25
692.29	867.75	0	867.75
692.397	873	0	873
692.504	866.5	0	866.5
692.611	904	0	904
692.718	885.5	0	885.5
692.825	880.75	0	880.75
692.932	875	0	875
693.039	899.75	0	899.75
693.146	848.5	0	848.5
693.253	853.75	0	853.75
693.359	877.75	0	877.75
693.466	850	0	850
693.573	851.25	0	851.25
693.68	864.25	0	864.25
693.787	862.25	0	862.25
693.894	833.75	0	833.75
694	866.5	0	866.5
694.107	840	0	840
694.214	859	0	859
694.32	853	0	853
694.427	824.25	0	824.25
694.534	846.75	0	846.75
694.64	820	0	820
694.747	820.5	0	820.5
694.853	854	0	854
694.96	862	0	862
695.067	824.25	0	824.25
695.173	829.5	0	829.5
695.28	825.75	0	825.75
695.386	852.5	0	852.5
695.493	847.5	0	847.5
695.599	827	0	827
695.705	841.75	0	841.75
695.812	852.25	0	852.25
695.918	814.25	0	814.25
696.025	835.25	0	835.25
696.131	811.5	0	811.5
696.237	819.25	0	819.25
696.344	835	0	835
696.45	819.5	0	819.5
696.556	838	0	838
696.662	814.25	0	814.25
696.768	806.5	0	806.5
696.875	809	0	809
696.981	814.75	0	814.75
697.087	823	0	823
697.193	796	0	796
697.299	782.75	0	782.75
697.405	812	0	812
697.512	805.25	0	805.25
697.618	801	0	801
697.724	798	0	798
697.83	788.75	0	788.75
697.936	819	0	819
698.042	755.5	0	755.5
698.148	776	0	776
698.253	784.5	0	784.5
698.359	764.25	0	764.25
698.465	793	0	793
698.571	776.75	0	776.75
698.677	809.5	0	809.5
698.783	809.75	0	809.75
698.889	810.5	0	810.5
698.994	778.5	0	778.5
699.1	791.75	0	791.75
699.206	800.75	0	800.75
699.312	778.25	0	778.25
699.417	764.25	0	764.25
699.523	776.75	0	776.75
699.629	767.75	0	767.75
699.734	775.75	0	775.75
699.84	787.5	0	787.5
699.946	767	0	767
700.051	784.75	0	784.75
700.157	749.25	0	749.25
700.262	789.75	0	789.75
700.368	756.25	0	756.25
700.473	749	0	749
700.579	758.25	0	758.25
700.684	750	0	750
700.79	751.75	0	751.75
700.895	748.5	0	748.5
701	760	0	760
701.106	730	0	730
701.211	768.5	0	768.5
701.316	762.75	0	762.75
701.422	757.75	0	757.75
701.527	740.5	0	740.5
701.632	756	0	756
701.738	756.25	0	756.25
701.843	733.75	0	733.75
701.948	749.25	0	749.25
702.053	731.25	0	731.25
702.158	748.5	0	748.5
702.264	748	0	748
702.369	741.75	0	741.75
702.474	711	0	711
702.579	764	0	764
702.684	737.25	0	737.25
702.789	731.5	0	731.5
702.894	719.25	0	719.25
702.999	722.5	0	722.5
703.104	727	0	727
703.209	732	0	732
703.314	703.75	0	703.75
703.419	717	0	717
703.524	716.75	0	716.75
703.629	734	0	734
703.733	718	0	718
703.838	734.75	0	734.75
703.943	696	0	696
704.048	724.25	0	724.25
704.153	743.5	0	743.5
704.257	708.5	0	708.5
704.362	691.75	0	691.75
704.467	697.5	0	697.5
704.572	718.5	0	718.5
704.676	700.25	0	700.25
704.781	707.25	0	707.25
704.886	695.75	0	695.75
704.99	703.25	0	703.25
705.095	735.25	0	735.25
705.199	705.5	0	705.5
705.304	696	0	696
705.408	676.25	0	676.25
705.513	692.5	0	692.5
705.617	673.5	0	673.5
705.722	695.75	0	695.75
705.826	695	0	695
705.931	680	0	680
706.035	691.75	0	691.75
706.139	701.75	0	701.75
706.244	701.75	0	701.75
706.348	702.5	0	702.5
706.452	706.5	0	706.5
706.557	713.25	0	713.25
706.661	708.25	0	708.25
706.765	688.75	0	688.75
706.87	714.75	0	714.75
706.974	684.25	0	684.25
707.078	690	0	690
707.182	707.5	0	707.5
707.286	691.75	0	691.75
707.39	675.75	0	675.75
707.495	705.5	0	705.5
707.599	668.5	0	668.5
707.703	682.75	0	682.75
707.807	697.75	0	697.75
707.911	667.25	0	667.25
708.015	683.25	0	683.25
708.119	662.25	0	662.25
708.223	654.25	0	654.25
708.327	654.75	0	654.75
708.431	661	0	661
708.534	658	0	658
708.638	646.5	0	646.5
708.742	663.5	0	663.5
708.846	672.25	0	672.25
708.95	658	0	658
709.054	659.5	0	659.5
709.157	665.25	0	665.25
709.261	662.75	0	662.75
709.365	664	0	664
709.469	680.5	0	680.5
709.572	674.25	0	674.25
709.676	641	0	641
709.78	669.75	0	669.75
709.883	656.5	0	656.5
709.987	657.75	0	657.75
710.09	615.5	0	615.5
710.194	654	0	654
710.298	639.25	0	639.25
710.401	662.25	0	662.25
710.505	663.75	0	663.75
710.608	654.25	0	654.25
710.711	625.5	0	625.5
710.815	636.5	0	636.5
710.918	648.5	0	648.5
711.022	641.25	0	641.25
711.125	650.5	0	650.5
711.228	645.25	0	645.25
711.332	652.75	0	652.75
711.435	617.75	0	617.75
711.538	628	0	628
711.642	650.25	0	650.25
711.745	635	0	635
711.848	644.25	0	644.25
711.951	639.75	0	639.75
712.055	628.5	0	628.5
712.158	663	0	663
712.261	660	0	660
712.364	654.5	0	654.5
712.467	631.25	0	631.25
712.57	648.25	0	648.25
712.673	656	0	656
712.776	665	0	665
712.879	638.75	0	638.75
712.982	609	0	609
713.085	641.5	0	641.5
713.188	628	0	628
713.291	657	0	657
713.394	618.75	0	618.75
713.497	650	0	650
713.6	642.25	0	642.25
713.703	633.5	0	633.5
713.805	649.5	0	649.5
713.908	638.25	0	638.25
714.011	640	0	640
714.114	628.5	0	628.5
714.216	632.25	0	632.25
714.319	639.25	0	639.25
714.422	633.5	0	633.5
714.525	645	0	645
714.627	623.75	0	623.75
714.73	627.5	0	627.5
714.833	623.5	0	623.5
714.935	647.25	0	647.25
715.038	607.5	0	607.5
715.14	638.25	0	638.25
715.243	632.75	0	632.75
715.345	626.25	0	626.25
715.448	628	0	628
715.55	650.75	0	650.75
715.653	658.5	0	658.5
715.755	664.75	0	664.75
715.857	678.5	0	678.5
715.96	674.5	0	674.5
716.062	709.25	0	709.25
716.164	741.75	0	741.75
716.267	743.25	0	743.25
716.369	739.75	0	739.75
716.471	718.75	0	718.75
716.574	697.5	0	697.5
716.676	703.75	0	703.75
716.778	675.5	0	675.5
716.88	690.25	0	690.25
716.982	656.75	0	656.75
717.085	662.25	0	662.25
717.187	657.25	0	657.25
717.289	642.75	0	642.75
717.391	650	0	650
717.493	645.25	0	645.25
717.595	621	0	621
717.697	630.5	0	630.5
717.799	645.75	0	645.75
717.901	616	0	616
718.003	615	0	615
718.105	629.5	0	629.5
718.207	607.75	0	607.75
718.309	610.25	0	610.25
718.411	604.5	0	604.5
718.512	622	0	622
718.614	606.25	0	606.25
718.716	629.75	0	629.75
718.818	630	0	630
718.92	641.75	0	641.75
719.021	606.5	0	606.5
719.123	611	0	611
719.225	619.75	0	619.75
719.326	611	0	611
719.428	604.75	0	604.75
719.53	596.75	0	596.75
719.631	603.5	0	603.5
719.733	604.75	0	604.75
719.834	597	0	597
719.936	577.25	0	577.25
720.038	616.25	0	616.25
720.139	596.75	0	596.75
720.241	585.25	0	585.25
720.342	596.5	0	596.5
720.443	571	0	571
720.545	606.5	0	606.5
720.646	570.75	0	570.75
720.748	572	0	572
720.849	580.75	0	580.75
720.95	568.5	0	568.5
721.052	588.75	0	588.75
721.153	579.25	0	579.25
721.254	582.5	0	582.5
721.355	567.75	0	567.75
721.457	579.75	0	579.75
721.558	563.25	0	563.25
721.659	553	0	553
721.76	590.75	0	590.75
721.861	576.25	0	576.25
721.963	579.75	0	579.75
722.064	591	0	591
722.165	573	0	573
722.266	576.25	0	576.25
722.367	572	0	572
722.468	562.75	0	562.75
722.569	550	0	550
722.67	552	0	552
722.771	574	0	574
722.872	566.5	0	566.5
722.973	583.75	0	583.75
723.073	526.5	0	526.5
723.174	578.5	0	578.5
723.275	548	0	548
723.376	559.25	0	559.25
723.477	574.75	0	574.75
723.577	558.75	0	558.75
723.678	582.25	0	582.25
723.779	558	0	558
723.88	559	0	559
723.98	561.75	0	561.75
724.081	558.75	0	558.75
724.182	559	0	559
724.282	550	0	550
724.383	557.5	0	557.5
724.483	565.25	0	565.25
724.584	553.75	0	553.75
724.685	559	0	559
724.785	561.5	0	561.5
724.886	534.75	0	534.75
724.986	560	0	560
725.086	544.25	0	544.25
725.187	561	0	561
725.287	570.25	0	570.25
725.388	542.75	0	542.75
725.488	558	0	558
725.588	548	0	548
725.689	559.5	0	559.5
725.789	570	0	570
725.889	538.75	0	538.75
725.99	558	0	558
726.09	548	0	548
726.19	541.25	0	541.25
726.29	554	0	554
726.39	521.75	0	521.75
726.49	545	0	545
726.591	543.5	0	543.5
726.691	545.5	0	545.5
726.791	573	0	573
726.891	546.25	0	546.25
726.991	542	0	542
727.091	531.75	0	531.75
727.191	527.75	0	527.75
727.291	525	0	525
727.391	513	0	513
727.491	534.5	0	534.5
727.591	540.25	0	540.25
727.691	521.75	0	521.75
727.79	546.5	0	546.5
727.89	527.5	0	527.5
727.99	556.75	0	556.75
728.09	530	0	530
728.19	535.25	0	535.25
728.289	536.75	0	536.75
728.389	517.25	0	517.25
728.489	532.75	0	532.75
728.589	529	0	529
728.688	530.5	0	530.5
728.788	538.25	0	538.25
728.888	533.5	0	533.5
728.987	526.75	0	526.75
729.087	542	0	542
729.186	522.25	0	522.25
729.286	543	0	543
729.385	542.25	0	542.25
729.485	536.75	0	536.75
729.584	536	0	536
729.684	516.5	0	516.5
729.783	531.5	0	531.5
729.883	524	0	524
729.982	515.75	0	515.75
730.081	501	0	501
730.181	518.75	0	518.75
730.28	510.25	0	510.25
730.379	505	0	505
730.479	518.75	0	518.75
730.578	510.5	0	510.5
730.677	508.25	0	508.25
730.776	500	0	500
730.875	521	0	521
730.975	510.25	0	510.25
731.074	514.25	0	514.25
731.173	531.5	0	531.5
731.272	531.5	0	531.5
731.371	519	0	519
731.47	525	0	525
731.569	494.5	0	494.5
731.668	508.25	0	508.25
731.767	527.75	0	527.75
731.866	503	0	503
731.965	517.5	0	517.5
732.064	493.75	0	493.75
732.163	497.5	0	497.5
732.262	495.25	0	495.25
732.361	510	0	510
732.46	501.25	0	501.25
732.558	491.75	0	491.75
732.657	510.75	0	510.75
732.756	489	0	489
732.855	491.5	0	491.5
732.953	507	0	507
733.052	519.25	0	519.25
733.151	485.75	0	485.75
733.25	510.5	0	510.5
733.348	503.25	0	503.25
733.447	510	0	510
733.545	499.5	0	499.5
733.644	494.25	0	494.25
733.742	483.75	0	483.75
733.841	494.5	0	494.5
733.939	509	0	509
734.038	520.25	0	520.25
734.136	470	0	470
734.235	482.75	0	482.75
734.333	496.25	0	496.25
734.432	472	0	472
734.53	493	0	493
734.628	482	0	482
734.727	484.25	0	484.25
734.825	491	0	491
734.923	476.5	0	476.5
735.022	490.5	0	490.5
735.12	480	0	480
735.218	488.5	0	488.5
735.316	486.5	0	486.5
735.414	500.25	0	500.25
735.513	479.75	0	479.75
735.611	501	0	501
735.709	492.75	0	492.75
735.807	501.75	0	501.75
735.905	485	0	485
736.003	488.75	0	488.75
736.101	501.5	0	501.5
736.199	491.25	0	491.25
736.297	478.25	0	478.25
736.395	473	0	473
736.493	470.75	0	470.75
736.591	488.75	0	488.75
736.689	477	0	477
736.787	495.5	0	495.5
736.884	484.5	0	484.5
736.982	470.75	0	470.75
737.08	486.25	0	486.25
737.178	481	0	481
737.276	464.75	0	464.75
737.373	477.75	0	477.75
737.471	456.75	0	456.75
737.569	464.5	0	464.5
737.667	468.5	0	468.5
737.764	486.25	0	486.25
737.862	480.25	0	480.25
737.959	467.75	0	467.75
738.057	472.75	0	472.75
738.154	488.75	0	488.75
738.252	495.5	0	495.5
738.35	471.5	0	471.5
738.447	479.25	0	479.25
738.544	484.25	0	484.25
738.642	495.25	0	495.25
738.739	483.25	0	483.25
738.837	470.75	0	470.75
738.934	494.5	0	494.5
739.031	465.5	0	465.5
739.129	493	0	493
739.226	485	0	485
739.323	495.25	0	495.25
739.421	464.75	0	464.75
739.518	493.25	0	493.25
739.615	463	0	463