Lambda	Spectrum	Dark	SpecMinusDark
500.031	10750.5	0	10750.5
500.165	11757.8	0	11757.8
500.299	13026.5	0	13026.5
500.433	14037.8	0	14037.8
500.567	14861.5	0	14861.5
500.701	15116.8	0	15116.8
500.835	15218.2	0	15218.2
500.968	14870.2	0	14870.2
501.102	14128.2	0	14128.2
501.236	13476.8	0	13476.8
501.37	12865.8	0	12865.8
501.504	12050.5	0	12050.5
501.637	11338	0	11338
501.771	10579	0	10579
501.905	10298.8	0	10298.8
502.039	9904.25	0	9904.25
502.172	9644.75	0	9644.75
502.306	9454	0	9454
502.44	9170	0	9170
502.573	9107.25	0	9107.25
502.707	9072	0	9072
502.841	8907.25	0	8907.25
502.974	8789	0	8789
503.108	8609.5	0	8609.5
503.242	8543	0	8543
503.375	8456.5	0	8456.5
503.509	8348.5	0	8348.5
503.642	8367.5	0	8367.5
503.776	8177.25	0	8177.25
503.909	8273	0	8273
504.043	8404.25	0	8404.25
504.176	8418.25	0	8418.25
504.31	8494.25	0	8494.25
504.443	8835	0	8835
504.577	9052	0	9052
504.71	9324	0	9324
504.844	9695.5	0	9695.5
504.977	9547.5	0	9547.5
505.111	9338	0	9338
505.244	8850	0	8850
505.377	8834.5	0	8834.5
505.511	8510.25	0	8510.25
505.644	8569.75	0	8569.75
505.777	8441.5	0	8441.5
505.911	8428.5	0	8428.5
506.044	8501.25	0	8501.25
506.177	8340.5	0	8340.5
506.311	8466.25	0	8466.25
506.444	8383.75	0	8383.75
506.577	8370.25	0	8370.25
506.71	8323	0	8323
506.844	8259.25	0	8259.25
506.977	8286	0	8286
507.11	8139.75	0	8139.75
507.243	8289.5	0	8289.5
507.376	8182.5	0	8182.5
507.51	8238.5	0	8238.5
507.643	8273.5	0	8273.5
507.776	8365.25	0	8365.25
507.909	8444.25	0	8444.25
508.042	8329.75	0	8329.75
508.175	8352.25	0	8352.25
508.308	8238.75	0	8238.75
508.441	8258.5	0	8258.5
508.574	8259	0	8259
508.707	8335.75	0	8335.75
508.84	8243	0	8243
508.973	8342.25	0	8342.25
509.106	8293.75	0	8293.75
509.239	8399	0	8399
509.372	8522.25	0	8522.25
509.505	8407	0	8407
509.638	8493.5	0	8493.5
509.771	8509.25	0	8509.25
509.904	8447.5	0	8447.5
510.037	8707	0	8707
510.17	8815	0	8815
510.303	8972.25	0	8972.25
510.436	8898.5	0	8898.5
510.568	8894.75	0	8894.75
510.701	8946	0	8946
510.834	8773	0	8773
510.967	8765.5	0	8765.5
511.1	8756.75	0	8756.75
511.232	8726.25	0	8726.25
511.365	8706.5	0	8706.5
511.498	8685.5	0	8685.5
511.631	8783.75	0	8783.75
511.763	8670.25	0	8670.25
511.896	8611.5	0	8611.5
512.029	8727.75	0	8727.75
512.161	8674.75	0	8674.75
512.294	8572.75	0	8572.75
512.427	8432	0	8432
512.559	8511.25	0	8511.25
512.692	8461.75	0	8461.75
512.825	8522.25	0	8522.25
512.957	8443.25	0	8443.25
513.09	8559.5	0	8559.5
513.222	8457	0	8457
513.355	8557.25	0	8557.25
513.487	8513	0	8513
513.62	8511.5	0	8511.5
513.752	8551.25	0	8551.25
513.885	8598.5	0	8598.5
514.017	8643	0	8643
514.15	8552.5	0	8552.5
514.282	8587.75	0	8587.75
514.415	8740.5	0	8740.5
514.547	8730.25	0	8730.25
514.68	8703	0	8703
514.812	8645.75	0	8645.75
514.944	8756.75	0	8756.75
515.077	8717.25	0	8717.25
515.209	8830.5	0	8830.5
515.341	8844	0	8844
515.474	8789.25	0	8789.25
515.606	9038.75	0	9038.75
515.738	8972.5	0	8972.5
515.871	9024.75	0	9024.75
516.003	9046.5	0	9046.5
516.135	9285.5	0	9285.5
516.267	9238.75	0	9238.75
516.4	9351.25	0	9351.25
516.532	9508.25	0	9508.25
516.664	9704.75	0	9704.75
516.796	10017.2	0	10017.2
516.928	10076.2	0	10076.2
517.06	10283	0	10283
517.193	10669.5	0	10669.5
517.325	11086.2	0	11086.2
517.457	11326	0	11326
517.589	11691	0	11691
517.721	11905.5	0	11905.5
517.853	12211.2	0	12211.2
517.985	12256.5	0	12256.5
518.117	12341.5	0	12341.5
518.249	12332	0	12332
518.381	12198.8	0	12198.8
518.513	11786.5	0	11786.5
518.645	11402.2	0	11402.2
518.777	11101.2	0	11101.2
518.909	10893.5	0	10893.5
519.041	10539.8	0	10539.8
519.173	10365.8	0	10365.8
519.305	10170	0	10170
519.437	9942	0	9942
519.569	9924.75	0	9924.75
519.701	9834.75	0	9834.75
519.832	9618.75	0	9618.75
519.964	9481	0	9481
520.096	9347	0	9347
520.228	9443.75	0	9443.75
520.36	9378.75	0	9378.75
520.491	9157.25	0	9157.25
520.623	9141	0	9141
520.755	9238.5	0	9238.5
520.887	9136.25	0	9136.25
521.018	8998.75	0	8998.75
521.15	9058.5	0	9058.5
521.282	9204.5	0	9204.5
521.414	9047.75	0	9047.75
521.545	9065.5	0	9065.5
521.677	9077.25	0	9077.25
521.808	9105.75	0	9105.75
521.94	9001.25	0	9001.25
522.072	8854.25	0	8854.25
522.203	9011.25	0	9011.25
522.335	8811	0	8811
522.466	8901.75	0	8901.75
522.598	8804	0	8804
522.729	8797	0	8797
522.861	8785	0	8785
522.993	8738	0	8738
523.124	8713.75	0	8713.75
523.256	8630	0	8630
523.387	8671.5	0	8671.5
523.518	8569	0	8569
523.65	8474.5	0	8474.5
523.781	8470.75	0	8470.75
523.913	8427	0	8427
524.044	8322.75	0	8322.75
524.176	8300	0	8300
524.307	8319.75	0	8319.75
524.438	8317.75	0	8317.75
524.57	8253	0	8253
524.701	8263.75	0	8263.75
524.832	8220	0	8220
524.964	8149.75	0	8149.75
525.095	8144.25	0	8144.25
525.226	8177.5	0	8177.5
525.357	8125.25	0	8125.25
525.489	7921.5	0	7921.5
525.62	8103.75	0	8103.75
525.751	8063	0	8063
525.882	7976.75	0	7976.75
526.013	8024	0	8024
526.145	7886.75	0	7886.75
526.276	7929.25	0	7929.25
526.407	7871	0	7871
526.538	7908.25	0	7908.25
526.669	7941.5	0	7941.5
526.8	7960.75	0	7960.75
526.931	7917.5	0	7917.5
527.062	7897	0	7897
527.193	8000	0	8000
527.324	7940.75	0	7940.75
527.455	7911.75	0	7911.75
527.586	7916.75	0	7916.75
527.717	7905	0	7905
527.848	7906	0	7906
527.979	7845.25	0	7845.25
528.11	7843.25	0	7843.25
528.241	7918.25	0	7918.25
528.372	7859	0	7859
528.503	7906.5	0	7906.5
528.634	7860.5	0	7860.5
528.765	7850.5	0	7850.5
528.896	7909	0	7909
529.026	7740	0	7740
529.157	7882.25	0	7882.25
529.288	7890.75	0	7890.75
529.419	7911.25	0	7911.25
529.55	7845	0	7845
529.681	7923	0	7923
529.811	7855	0	7855
529.942	7942.25	0	7942.25
530.073	7880	0	7880
530.203	7924.5	0	7924.5
530.334	7897	0	7897
530.465	7952	0	7952
530.596	7818	0	7818
530.726	7838	0	7838
530.857	7864.25	0	7864.25
530.987	7876.5	0	7876.5
531.118	7891.5	0	7891.5
531.249	7964.5	0	7964.5
531.379	7928	0	7928
531.51	8063	0	8063
531.64	8098.25	0	8098.25
531.771	8010.25	0	8010.25
531.901	8083.25	0	8083.25
532.032	8106	0	8106
532.163	8134	0	8134
532.293	8023.5	0	8023.5
532.423	8017.5	0	8017.5
532.554	8192	0	8192
532.684	8218.5	0	8218.5
532.815	8241.5	0	8241.5
532.945	8379.75	0	8379.75
533.076	8367.25	0	8367.25
533.206	8447.5	0	8447.5
533.336	8485.75	0	8485.75
533.467	8531.25	0	8531.25
533.597	8803.75	0	8803.75
533.727	8841.5	0	8841.5
533.858	8872.25	0	8872.25
533.988	8838.25	0	8838.25
534.118	8789	0	8789
534.248	8862.25	0	8862.25
534.379	8750.25	0	8750.25
534.509	8662	0	8662
534.639	8540.5	0	8540.5
534.769	8553.5	0	8553.5
534.9	8454.5	0	8454.5
535.03	8497.5	0	8497.5
535.16	8496	0	8496
535.29	8374.25	0	8374.25
535.42	8379.75	0	8379.75
535.55	8363.75	0	8363.75
535.68	8332.75	0	8332.75
535.81	8339	0	8339
535.94	8201	0	8201
536.071	8095.75	0	8095.75
536.201	8045.75	0	8045.75
536.331	7871.75	0	7871.75
536.461	7809.5	0	7809.5
536.591	7868.5	0	7868.5
536.721	7735.75	0	7735.75
536.851	7836.25	0	7836.25
536.981	7810.25	0	7810.25
537.11	7694.75	0	7694.75
537.24	7675.75	0	7675.75
537.37	7603.75	0	7603.75
537.5	7571	0	7571
537.63	7585	0	7585
537.76	7377.25	0	7377.25
537.89	7486.75	0	7486.75
538.02	7471.25	0	7471.25
538.149	7375	0	7375
538.279	7465.5	0	7465.5
538.409	7447	0	7447
538.539	7421.25	0	7421.25
538.669	7228	0	7228
538.798	7192	0	7192
538.928	7224.75	0	7224.75
539.058	7142	0	7142
539.187	7155	0	7155
539.317	7220.5	0	7220.5
539.447	7116.5	0	7116.5
539.576	7149.75	0	7149.75
539.706	7212	0	7212
539.836	7108	0	7108
539.965	7040.75	0	7040.75
540.095	7172.25	0	7172.25
540.225	7147.25	0	7147.25
540.354	6930	0	6930
540.484	7083	0	7083
540.613	6979.25	0	6979.25
540.743	7045	0	7045
540.872	6993.5	0	6993.5
541.002	6999.5	0	6999.5
541.131	6996.5	0	6996.5
541.261	7171.5	0	7171.5
541.39	6996.5	0	6996.5
541.52	6953.25	0	6953.25
541.649	6879.75	0	6879.75
541.778	6892.25	0	6892.25
541.908	6871.75	0	6871.75
542.037	6899.75	0	6899.75
542.167	6972.5	0	6972.5
542.296	6857.25	0	6857.25
542.425	6880	0	6880
542.554	6795.25	0	6795.25
542.684	6758.25	0	6758.25
542.813	6863.75	0	6863.75
542.942	6805.5	0	6805.5
543.072	6747.5	0	6747.5
543.201	6824	0	6824
543.33	6793.5	0	6793.5
543.459	6788.75	0	6788.75
543.588	6838.75	0	6838.75
543.718	6913.25	0	6913.25
543.847	6875	0	6875
543.976	6820.25	0	6820.25
544.105	6877.75	0	6877.75
544.234	6878.75	0	6878.75
544.363	6903	0	6903
544.492	6851.5	0	6851.5
544.621	6975	0	6975
544.75	6916.25	0	6916.25
544.88	6970.75	0	6970.75
545.009	6880	0	6880
545.138	7005.25	0	7005.25
545.266	6936	0	6936
545.396	7055	0	7055
545.525	6958.75	0	6958.75
545.653	7018	0	7018
545.782	7068	0	7068
545.911	7112	0	7112
546.04	7074	0	7074
546.169	6995.75	0	6995.75
546.298	7228.5	0	7228.5
546.427	7059	0	7059
546.556	7077	0	7077
546.685	7143	0	7143
546.813	7071.25	0	7071.25
546.942	6998.25	0	6998.25
547.071	7018	0	7018
547.2	6982.5	0	6982.5
547.328	7067.5	0	7067.5
547.457	6967	0	6967
547.586	6990.5	0	6990.5
547.715	7046.5	0	7046.5
547.843	6968.75	0	6968.75
547.972	7148.75	0	7148.75
548.101	7235	0	7235
548.229	7108.75	0	7108.75
548.358	7166.25	0	7166.25
548.487	7239.75	0	7239.75
548.615	7301.75	0	7301.75
548.744	7190	0	7190
548.872	7265.75	0	7265.75
549.001	7217	0	7217
549.129	7219.25	0	7219.25
549.258	7143.75	0	7143.75
549.387	7228	0	7228
549.515	7281.25	0	7281.25
549.643	7415.5	0	7415.5
549.772	7476.5	0	7476.5
549.9	7467.75	0	7467.75
550.029	7442	0	7442
550.157	7568	0	7568
550.286	7417.75	0	7417.75
550.414	7361.75	0	7361.75
550.542	7208.75	0	7208.75
550.671	7264	0	7264
550.799	7163.5	0	7163.5
550.927	7124.25	0	7124.25
551.056	7158.75	0	7158.75
551.184	7141.25	0	7141.25
551.312	7183	0	7183
551.441	7190.75	0	7190.75
551.569	7180.5	0	7180.5
551.697	7276.75	0	7276.75
551.825	7226	0	7226
551.953	7224.5	0	7224.5
552.082	7321.75	0	7321.75
552.21	7421.75	0	7421.75
552.338	7460.75	0	7460.75
552.466	7439.5	0	7439.5
552.594	7602.25	0	7602.25
552.722	7752.25	0	7752.25
552.851	7802.25	0	7802.25
552.979	7819.25	0	7819.25
553.107	8008.75	0	8008.75
553.235	8103	0	8103
553.363	8234	0	8234
553.491	8405	0	8405
553.619	8426.5	0	8426.5
553.747	8603.25	0	8603.25
553.875	8599	0	8599
554.003	8475	0	8475
554.131	8446.5	0	8446.5
554.259	8248.75	0	8248.75
554.387	8054	0	8054
554.514	8107	0	8107
554.642	8205	0	8205
554.77	8018.75	0	8018.75
554.898	7984.75	0	7984.75
555.026	7963	0	7963
555.154	8026.5	0	8026.5
555.281	7926.5	0	7926.5
555.409	8085.25	0	8085.25
555.537	8112.25	0	8112.25
555.665	8072	0	8072
555.793	8218.75	0	8218.75
555.92	8309.25	0	8309.25
556.048	8338.5	0	8338.5
556.176	8381.5	0	8381.5
556.303	8843	0	8843
556.431	8971.25	0	8971.25
556.559	9208.5	0	9208.5
556.686	9499.75	0	9499.75
556.814	9344.25	0	9344.25
556.942	9370	0	9370
557.069	9201	0	9201
557.197	9184.75	0	9184.75
557.324	8985.25	0	8985.25
557.452	8890	0	8890
557.579	8797	0	8797
557.707	8731	0	8731
557.835	8691.75	0	8691.75
557.962	8763.5	0	8763.5
558.089	8750.5	0	8750.5
558.217	8699.5	0	8699.5
558.344	8699	0	8699
558.472	8719.25	0	8719.25
558.599	8918.25	0	8918.25
558.727	8950.75	0	8950.75
558.854	9166.25	0	9166.25
558.981	9295.5	0	9295.5
559.109	9509.5	0	9509.5
559.236	9894	0	9894
559.363	10273.8	0	10273.8
559.491	10148	0	10148
559.618	9924.75	0	9924.75
559.745	9525.25	0	9525.25
559.872	9355	0	9355
560	9113.25	0	9113.25
560.127	8995.5	0	8995.5
560.254	8901.75	0	8901.75
560.381	8637	0	8637
560.508	8478.5	0	8478.5
560.636	8282	0	8282
560.763	8131.25	0	8131.25
560.89	8226.25	0	8226.25
561.017	8040.5	0	8040.5
561.144	7765.25	0	7765.25
561.271	7729	0	7729
561.398	7742	0	7742
561.525	7626	0	7626
561.652	7587.75	0	7587.75
561.779	7572	0	7572
561.906	7544.5	0	7544.5
562.033	7449.5	0	7449.5
562.16	7374.5	0	7374.5
562.287	7376.25	0	7376.25
562.414	7296	0	7296
562.541	7198.25	0	7198.25
562.668	7195.75	0	7195.75
562.795	7166.25	0	7166.25
562.922	7102	0	7102
563.049	7080	0	7080
563.175	7162.5	0	7162.5
563.302	7116.75	0	7116.75
563.429	7401	0	7401
563.556	7479.5	0	7479.5
563.683	7670	0	7670
563.809	7087.25	0	7087.25
563.936	7165.75	0	7165.75
564.063	7001.5	0	7001.5
564.19	6976.25	0	6976.25
564.316	6984.5	0	6984.5
564.443	6978	0	6978
564.57	6935.75	0	6935.75
564.696	6956.25	0	6956.25
564.823	6919.5	0	6919.5
564.95	6997.25	0	6997.25
565.076	6967	0	6967
565.203	7095.25	0	7095.25
565.33	7172	0	7172
565.456	7170.25	0	7170.25
565.583	7080.5	0	7080.5
565.709	7228.5	0	7228.5
565.836	7326	0	7326
565.962	7459	0	7459
566.089	7619	0	7619
566.215	7749.75	0	7749.75
566.341	7881.75	0	7881.75
566.468	8258	0	8258
566.594	8652.5	0	8652.5
566.721	9029.5	0	9029.5
566.847	9385.25	0	9385.25
566.974	9774.75	0	9774.75
567.1	9935.5	0	9935.5
567.226	9812.25	0	9812.25
567.353	9700.25	0	9700.25
567.479	9820	0	9820
567.605	10035.2	0	10035.2
567.732	10364.2	0	10364.2
567.858	10727.5	0	10727.5
567.984	11448	0	11448
568.11	11497.5	0	11497.5
568.236	11845.5	0	11845.5
568.363	11724	0	11724
568.489	11044.2	0	11044.2
568.615	10243.5	0	10243.5
568.741	9563.25	0	9563.25
568.867	9114.25	0	9114.25
568.993	8627	0	8627
569.12	8172	0	8172
569.246	7862.75	0	7862.75
569.372	7390.5	0	7390.5
569.498	7150.5	0	7150.5
569.624	7018.5	0	7018.5
569.75	6756.5	0	6756.5
569.876	6613.75	0	6613.75
570.002	6512.75	0	6512.75
570.128	6484.25	0	6484.25
570.254	6303.25	0	6303.25
570.38	6354.75	0	6354.75
570.506	6303.75	0	6303.75
570.632	6414.25	0	6414.25
570.758	6263.5	0	6263.5
570.883	6198	0	6198
571.009	6262.75	0	6262.75
571.135	6349.75	0	6349.75
571.261	6406	0	6406
571.387	6406.75	0	6406.75
571.513	6342.5	0	6342.5
571.638	6148.75	0	6148.75
571.764	6082.25	0	6082.25
571.89	5904.5	0	5904.5
572.016	5800.25	0	5800.25
572.141	5755.25	0	5755.25
572.267	5638.25	0	5638.25
572.393	5560.5	0	5560.5
572.518	5617.75	0	5617.75
572.644	5487.5	0	5487.5
572.77	5472.5	0	5472.5
572.895	5440	0	5440
573.021	5401.25	0	5401.25
573.147	5381.75	0	5381.75
573.272	5363.25	0	5363.25
573.398	5236.75	0	5236.75
573.523	5364.5	0	5364.5
573.649	5258	0	5258
573.774	5281.25	0	5281.25
573.9	5285.5	0	5285.5
574.025	5142.75	0	5142.75
574.151	5155.75	0	5155.75
574.276	5227.5	0	5227.5
574.402	5212	0	5212
574.527	5165.25	0	5165.25
574.652	5157.75	0	5157.75
574.778	5179.25	0	5179.25
574.903	5170.75	0	5170.75
575.029	5273	0	5273
575.154	5198	0	5198
575.279	5191.25	0	5191.25
575.405	5141	0	5141
575.53	5165.75	0	5165.75
575.655	5119	0	5119
575.78	5038	0	5038
575.906	4971.5	0	4971.5
576.031	5050.5	0	5050.5
576.156	4990.25	0	4990.25
576.281	4997.5	0	4997.5
576.406	4990.5	0	4990.5
576.532	4977.25	0	4977.25
576.657	4975.75	0	4975.75
576.782	4952	0	4952
576.907	4997.25	0	4997.25
577.032	4984.75	0	4984.75
577.157	5144	0	5144
577.282	4994.25	0	4994.25
577.407	5059.5	0	5059.5
577.532	4962.5	0	4962.5
577.657	4912.25	0	4912.25
577.782	4916	0	4916
577.907	4939.5	0	4939.5
578.032	4971.25	0	4971.25
578.157	4970.75	0	4970.75
578.282	5074	0	5074
578.407	4977.5	0	4977.5
578.532	5074.75	0	5074.75
578.657	5154.5	0	5154.5
578.782	5064.25	0	5064.25
578.907	5194.5	0	5194.5
579.031	5107.75	0	5107.75
579.156	5175.75	0	5175.75
579.281	5303.75	0	5303.75
579.406	5421.5	0	5421.5
579.531	5403.25	0	5403.25
579.655	5547.75	0	5547.75
579.78	5681.75	0	5681.75
579.905	5991.75	0	5991.75
580.03	6232.75	0	6232.75
580.154	6626.5	0	6626.5
580.279	6930.25	0	6930.25
580.404	7181.75	0	7181.75
580.528	7239.25	0	7239.25
580.653	6882.75	0	6882.75
580.778	6634.75	0	6634.75
580.902	6515	0	6515
581.027	6223.25	0	6223.25
581.151	6117	0	6117
581.276	5900.75	0	5900.75
581.4	5816.25	0	5816.25
581.525	5692	0	5692
581.649	5570.5	0	5570.5
581.774	5423.5	0	5423.5
581.898	5332.25	0	5332.25
582.023	5196.5	0	5196.5
582.147	5161.5	0	5161.5
582.272	5070.25	0	5070.25
582.396	4998.75	0	4998.75
582.52	4945.5	0	4945.5
582.645	4906.25	0	4906.25
582.769	4835.75	0	4835.75
582.893	4765.5	0	4765.5
583.018	4722.25	0	4722.25
583.142	4749.75	0	4749.75
583.266	4702	0	4702
583.391	4603.25	0	4603.25
583.515	4541.75	0	4541.75
583.639	4554.5	0	4554.5
583.763	4502.25	0	4502.25
583.888	4463	0	4463
584.012	4391	0	4391
584.136	4383.75	0	4383.75
584.26	4407.75	0	4407.75
584.384	4354.5	0	4354.5
584.508	4359	0	4359
584.632	4262.5	0	4262.5
584.757	4314.75	0	4314.75
584.881	4222.75	0	4222.75
585.005	4245.75	0	4245.75
585.129	4161.5	0	4161.5
585.253	4165.75	0	4165.75
585.377	4216.75	0	4216.75
585.501	4151.75	0	4151.75
585.625	4138.75	0	4138.75
585.749	4097.75	0	4097.75
585.873	4110.75	0	4110.75
585.997	4080.25	0	4080.25
586.12	4079.75	0	4079.75
586.244	4097.75	0	4097.75
586.368	4042.25	0	4042.25
586.492	4005.75	0	4005.75
586.616	3981	0	3981
586.74	4105.25	0	4105.25
586.864	3965.25	0	3965.25
586.987	3978	0	3978
587.111	3962.25	0	3962.25
587.235	3948	0	3948
587.359	3954.5	0	3954.5
587.482	3942.5	0	3942.5
587.606	3913	0	3913
587.73	3878.5	0	3878.5
587.854	3890.5	0	3890.5
587.977	3876.75	0	3876.75
588.101	3845.75	0	3845.75
588.224	3842.5	0	3842.5
588.348	3851.75	0	3851.75
588.472	3796.75	0	3796.75
588.595	3766.75	0	3766.75
588.719	3826.25	0	3826.25
588.842	3899.75	0	3899.75
588.966	3788.75	0	3788.75
589.089	3780.75	0	3780.75
589.213	3768.75	0	3768.75
589.336	3945	0	3945
589.46	3933.75	0	3933.75
589.583	3846.25	0	3846.25
589.707	3726.75	0	3726.75
589.83	3780.75	0	3780.75
589.954	3840.5	0	3840.5
590.077	3856.25	0	3856.25
590.2	3876	0	3876
590.324	3799.75	0	3799.75
590.447	3843.75	0	3843.75
590.57	3852.75	0	3852.75
590.694	3781	0	3781
590.817	3792.5	0	3792.5
590.94	3789.75	0	3789.75
591.063	3838.75	0	3838.75
591.187	3861.75	0	3861.75
591.31	3882.5	0	3882.5
591.433	3829.25	0	3829.25
591.556	3880.75	0	3880.75
591.679	3872.75	0	3872.75
591.803	3948.25	0	3948.25
591.926	3956.75	0	3956.75
592.049	3989	0	3989
592.172	3989.75	0	3989.75
592.295	3972.25	0	3972.25
592.418	4121	0	4121
592.541	4147.75	0	4147.75
592.664	4246	0	4246
592.787	4228.25	0	4228.25
592.91	4364	0	4364
593.033	4534.5	0	4534.5
593.156	4557.25	0	4557.25
593.279	4633	0	4633
593.402	4691	0	4691
593.525	4820.5	0	4820.5
593.648	4812.75	0	4812.75
593.771	4770	0	4770
593.894	4738.5	0	4738.5
594.016	4848.5	0	4848.5
594.139	4857.25	0	4857.25
594.262	4886.75	0	4886.75
594.385	4887.5	0	4887.5
594.508	4953.75	0	4953.75
594.63	4873.75	0	4873.75
594.753	4814	0	4814
594.876	4736.25	0	4736.25
594.999	4514.25	0	4514.25
595.121	4471.75	0	4471.75
595.244	4297.75	0	4297.75
595.367	4261.5	0	4261.5
595.489	4194.5	0	4194.5
595.612	4026	0	4026
595.735	3991.25	0	3991.25
595.857	3911.75	0	3911.75
595.98	3860.75	0	3860.75
596.102	3832.25	0	3832.25
596.225	3807	0	3807
596.347	3733	0	3733
596.47	3659.75	0	3659.75
596.592	3644.75	0	3644.75
596.715	3633.5	0	3633.5
596.837	3550.5	0	3550.5
596.96	3541.5	0	3541.5
597.082	3518.75	0	3518.75
597.205	3558.25	0	3558.25
597.327	3461.75	0	3461.75
597.449	3431.25	0	3431.25
597.572	3446.25	0	3446.25
597.694	3503.25	0	3503.25
597.816	3422	0	3422
597.939	3376.25	0	3376.25
598.061	3357	0	3357
598.183	3343.5	0	3343.5
598.306	3350	0	3350
598.428	3418	0	3418
598.55	3381.5	0	3381.5
598.672	3332	0	3332
598.795	3371.75	0	3371.75
598.917	3280	0	3280
599.039	3279	0	3279
599.161	3280.25	0	3280.25
599.283	3279	0	3279
599.405	3274.25	0	3274.25
599.527	3268.5	0	3268.5
599.65	3279.5	0	3279.5
599.772	3335.5	0	3335.5
599.894	3258	0	3258
600.016	3220.5	0	3220.5
600.138	3231.25	0	3231.25
600.26	3229.75	0	3229.75
600.382	3270.25	0	3270.25
600.504	3248.5	0	3248.5
600.625	3240.75	0	3240.75
600.747	3192.5	0	3192.5
600.869	3231.25	0	3231.25
600.991	3217.5	0	3217.5
601.113	3219.75	0	3219.75
601.235	3170.75	0	3170.75
601.357	3149.75	0	3149.75
601.479	3138	0	3138
601.6	3119.25	0	3119.25
601.722	3167.75	0	3167.75
601.844	3139.25	0	3139.25
601.966	3187.75	0	3187.75
602.087	3197.5	0	3197.5
602.209	3152	0	3152
602.331	3179.25	0	3179.25
602.453	3120	0	3120
602.574	3074.25	0	3074.25
602.696	3179.75	0	3179.75
602.818	3165	0	3165
602.939	3146	0	3146
603.061	3148	0	3148
603.182	3123	0	3123
603.304	3162.75	0	3162.75
603.426	3147	0	3147
603.547	3190	0	3190
603.669	3132.5	0	3132.5
603.79	3115.5	0	3115.5
603.912	3051.25	0	3051.25
604.033	3097.5	0	3097.5
604.154	3128	0	3128
604.276	3091.25	0	3091.25
604.397	3085.75	0	3085.75
604.519	3094.5	0	3094.5
604.64	3059.25	0	3059.25
604.761	3086.5	0	3086.5
604.883	3073.5	0	3073.5
605.004	3028.25	0	3028.25
605.125	3045.25	0	3045.25
605.247	3041.5	0	3041.5
605.368	3043.25	0	3043.25
605.489	3037.75	0	3037.75
605.611	3030.5	0	3030.5
605.732	3052	0	3052
605.853	2996.75	0	2996.75
605.974	3038	0	3038
606.095	3041.75	0	3041.75
606.216	3000.75	0	3000.75
606.338	3088.5	0	3088.5
606.459	3105.25	0	3105.25
606.58	3073.5	0	3073.5
606.701	3046.75	0	3046.75
606.822	3016.25	0	3016.25
606.943	3034.75	0	3034.75
607.064	3043.5	0	3043.5
607.185	3021.25	0	3021.25
607.306	3024.75	0	3024.75
607.427	3069.5	0	3069.5
607.548	3025.75	0	3025.75
607.669	2983.75	0	2983.75
607.79	3035	0	3035
607.911	2969.75	0	2969.75
608.032	2979.75	0	2979.75
608.153	2976.25	0	2976.25
608.274	2977.75	0	2977.75
608.394	2996.5	0	2996.5
608.515	2928.75	0	2928.75
608.636	2981.25	0	2981.25
608.757	2898	0	2898
608.878	2942.75	0	2942.75
608.998	2957.25	0	2957.25
609.119	2960.25	0	2960.25
609.24	2922.5	0	2922.5
609.361	2895.5	0	2895.5
609.481	2895.75	0	2895.75
609.602	2932.5	0	2932.5
609.723	2872.5	0	2872.5
609.843	2916.75	0	2916.75
609.964	2904.75	0	2904.75
610.085	2868.75	0	2868.75
610.205	2901.25	0	2901.25
610.326	2934.75	0	2934.75
610.446	2925.25	0	2925.25
610.567	2879.75	0	2879.75
610.687	2910.75	0	2910.75
610.808	2927.5	0	2927.5
610.928	2880.75	0	2880.75
611.049	2844.5	0	2844.5
611.169	2838.25	0	2838.25
611.29	2852.25	0	2852.25
611.41	2817.25	0	2817.25
611.531	2847.75	0	2847.75
611.651	2851.75	0	2851.75
611.771	2919.5	0	2919.5
611.892	2847.5	0	2847.5
612.012	2881	0	2881
612.132	2780.25	0	2780.25
612.253	2865.75	0	2865.75
612.373	2872.75	0	2872.75
612.493	2832.75	0	2832.75
612.613	2828.5	0	2828.5
612.734	2771.5	0	2771.5
612.854	2811.25	0	2811.25
612.974	2792.75	0	2792.75
613.094	2769.25	0	2769.25
613.214	2806.25	0	2806.25
613.335	2804.75	0	2804.75
613.455	2802	0	2802
613.575	2860.75	0	2860.75
613.695	2860.5	0	2860.5
613.815	2802	0	2802
613.935	2821.25	0	2821.25
614.055	2776	0	2776
614.175	2829.25	0	2829.25
614.295	2798.25	0	2798.25
614.415	2767	0	2767
614.535	2811.5	0	2811.5
614.655	2877	0	2877
614.775	2833	0	2833
614.895	2836.5	0	2836.5
615.015	2799	0	2799
615.135	2835.25	0	2835.25
615.254	2885.5	0	2885.5
615.374	2871.5	0	2871.5
615.494	2793.25	0	2793.25
615.614	2858.5	0	2858.5
615.734	2811	0	2811
615.854	2889.75	0	2889.75
615.973	2886.75	0	2886.75
616.093	2827.5	0	2827.5
616.213	2862.25	0	2862.25
616.332	2819.5	0	2819.5
616.452	2872.75	0	2872.75
616.572	2881.25	0	2881.25
616.691	2829.25	0	2829.25
616.811	2844.5	0	2844.5
616.931	2864.75	0	2864.75
617.05	2808.75	0	2808.75
617.17	2856	0	2856
617.289	2850.5	0	2850.5
617.409	2845.75	0	2845.75
617.529	2826.75	0	2826.75
617.648	2830.75	0	2830.75
617.768	2878.5	0	2878.5
617.887	2821.75	0	2821.75
618.006	2823.25	0	2823.25
618.126	2819.75	0	2819.75
618.245	2815.75	0	2815.75
618.365	2859.25	0	2859.25
618.484	2843.25	0	2843.25
618.604	2859.5	0	2859.5
618.723	2735.25	0	2735.25
618.842	2834.25	0	2834.25
618.962	2760.5	0	2760.5
619.081	2808.5	0	2808.5
619.2	2744.75	0	2744.75
619.319	2783	0	2783
619.439	2758.5	0	2758.5
619.558	2735.25	0	2735.25
619.677	2765.25	0	2765.25
619.796	2752.25	0	2752.25
619.916	2770.5	0	2770.5
620.035	2735.75	0	2735.75
620.154	2748	0	2748
620.273	2679.5	0	2679.5
620.392	2710.5	0	2710.5
620.511	2636.75	0	2636.75
620.63	2664.25	0	2664.25
620.749	2681.5	0	2681.5
620.868	2680.75	0	2680.75
620.987	2678.75	0	2678.75
621.106	2682.25	0	2682.25
621.225	2713.5	0	2713.5
621.344	2664.75	0	2664.75
621.463	2643.75	0	2643.75
621.582	2618.75	0	2618.75
621.701	2640	0	2640
621.82	2632.25	0	2632.25
621.939	2625.25	0	2625.25
622.058	2634.75	0	2634.75
622.177	2659.25	0	2659.25
622.295	2601.5	0	2601.5
622.414	2570	0	2570
622.533	2621	0	2621
622.652	2574.25	0	2574.25
622.771	2577.5	0	2577.5
622.889	2578.75	0	2578.75
623.008	2563.5	0	2563.5
623.127	2633	0	2633
623.245	2578	0	2578
623.364	2562.75	0	2562.75
623.483	2597.75	0	2597.75
623.601	2537.25	0	2537.25
623.72	2541	0	2541
623.839	2531.5	0	2531.5
623.957	2537.75	0	2537.75
624.076	2572.25	0	2572.25
624.194	2556.5	0	2556.5
624.313	2562	0	2562
624.431	2533.25	0	2533.25
624.55	2526.25	0	2526.25
624.668	2495	0	2495
624.787	2515.75	0	2515.75
624.905	2531	0	2531
625.024	2497	0	2497
625.142	2507.5	0	2507.5
625.26	2547	0	2547
625.379	2507.25	0	2507.25
625.497	2529	0	2529
625.615	2558	0	2558
625.734	2495.25	0	2495.25
625.852	2463	0	2463
625.97	2464.5	0	2464.5
626.089	2478	0	2478
626.207	2518.5	0	2518.5
626.325	2442	0	2442
626.443	2423.5	0	2423.5
626.561	2434.25	0	2434.25
626.68	2458.5	0	2458.5
626.798	2454.75	0	2454.75
626.916	2438	0	2438
627.034	2492.75	0	2492.75
627.152	2440	0	2440
627.27	2437.75	0	2437.75
627.388	2427.25	0	2427.25
627.506	2360.5	0	2360.5
627.624	2442.75	0	2442.75
627.742	2469.5	0	2469.5
627.86	2475.75	0	2475.75
627.978	2427.5	0	2427.5
628.096	2415.25	0	2415.25
628.214	2397.75	0	2397.75
628.332	2475.75	0	2475.75
628.45	2395.75	0	2395.75
628.568	2467.25	0	2467.25
628.686	2398.5	0	2398.5
628.804	2401.25	0	2401.25
628.921	2458.25	0	2458.25
629.039	2399.25	0	2399.25
629.157	2410	0	2410
629.275	2358.25	0	2358.25
629.393	2447.5	0	2447.5
629.51	2408.5	0	2408.5
629.628	2357.5	0	2357.5
629.746	2355	0	2355
629.864	2395	0	2395
629.981	2376.25	0	2376.25
630.099	2379.25	0	2379.25
630.216	2336.75	0	2336.75
630.334	2415	0	2415
630.452	2364.5	0	2364.5
630.569	2351.5	0	2351.5
630.687	2315	0	2315
630.804	2352.75	0	2352.75
630.922	2385.5	0	2385.5
631.039	2372.25	0	2372.25
631.157	2339.25	0	2339.25
631.274	2368.5	0	2368.5
631.392	2352.25	0	2352.25
631.509	2370.75	0	2370.75
631.627	2354	0	2354
631.744	2349.5	0	2349.5
631.861	2319.75	0	2319.75
631.979	2386	0	2386
632.096	2333.25	0	2333.25
632.213	2348	0	2348
632.331	2319.25	0	2319.25
632.448	2345.25	0	2345.25
632.565	2355	0	2355
632.683	2295.5	0	2295.5
632.8	2309	0	2309
632.917	2333.5	0	2333.5
633.034	2340	0	2340
633.151	2361.5	0	2361.5
633.269	2367.75	0	2367.75
633.386	2342.5	0	2342.5
633.503	2350.75	0	2350.75
633.62	2353.5	0	2353.5
633.737	2343.25	0	2343.25
633.854	2337.75	0	2337.75
633.971	2386.75	0	2386.75
634.088	2323.25	0	2323.25
634.205	2332.25	0	2332.25
634.322	2347	0	2347
634.439	2360.75	0	2360.75
634.556	2373.75	0	2373.75
634.673	2329	0	2329
634.79	2387	0	2387
634.907	2354.5	0	2354.5
635.024	2398.75	0	2398.75
635.141	2349.75	0	2349.75
635.258	2359	0	2359
635.375	2337.5	0	2337.5
635.491	2353.25	0	2353.25
635.608	2367.25	0	2367.25
635.725	2362.25	0	2362.25
635.842	2309.5	0	2309.5
635.958	2345.25	0	2345.25
636.075	2382.5	0	2382.5
636.192	2410.5	0	2410.5
636.309	2361	0	2361
636.425	2314.75	0	2314.75
636.542	2371.5	0	2371.5
636.659	2364.75	0	2364.75
636.775	2353.25	0	2353.25
636.892	2382	0	2382
637.008	2406.25	0	2406.25
637.125	2323.25	0	2323.25
637.241	2379.75	0	2379.75
637.358	2368	0	2368
637.475	2397.5	0	2397.5
637.591	2397	0	2397
637.707	2349	0	2349
637.824	2439.25	0	2439.25
637.94	2445.5	0	2445.5
638.057	2418.25	0	2418.25
638.173	2425.5	0	2425.5
638.29	2395	0	2395
638.406	2431	0	2431
638.522	2389.75	0	2389.75
638.639	2454	0	2454
638.755	2471.75	0	2471.75
638.871	2446.5	0	2446.5
638.987	2435.5	0	2435.5
639.104	2461.75	0	2461.75
639.22	2494	0	2494
639.336	2420.25	0	2420.25
639.452	2417.25	0	2417.25
639.569	2443.25	0	2443.25
639.685	2505.75	0	2505.75
639.801	2488	0	2488
639.917	2487.5	0	2487.5
640.033	2463	0	2463
640.149	2438	0	2438
640.265	2485.75	0	2485.75
640.381	2475	0	2475
640.497	2525.25	0	2525.25
640.613	2543.5	0	2543.5
640.729	2580	0	2580
640.845	2524.25	0	2524.25
640.961	2525.5	0	2525.5
641.077	2551.5	0	2551.5
641.193	2543.75	0	2543.75
641.309	2550	0	2550
641.425	2591.5	0	2591.5
641.541	2554.25	0	2554.25
641.657	2604.75	0	2604.75
641.773	2612.25	0	2612.25
641.888	2675	0	2675
642.004	2634.25	0	2634.25
642.12	2679.5	0	2679.5
642.236	2637.25	0	2637.25
642.352	2736.5	0	2736.5
642.467	2714	0	2714
642.583	2711	0	2711
642.699	2768.75	0	2768.75
642.814	2808.5	0	2808.5
642.93	2891.75	0	2891.75
643.046	2818.5	0	2818.5
643.161	2881.5	0	2881.5
643.277	2950.75	0	2950.75
643.392	2956.75	0	2956.75
643.508	3008.75	0	3008.75
643.623	3100.25	0	3100.25
643.739	3172.25	0	3172.25
643.854	3174.25	0	3174.25
643.97	3350.75	0	3350.75
644.085	3347.25	0	3347.25
644.201	3393	0	3393
644.316	3592	0	3592
644.432	3623.5	0	3623.5
644.547	3772.25	0	3772.25
644.663	3972	0	3972
644.778	4117.5	0	4117.5
644.893	4237	0	4237
645.008	4554.25	0	4554.25
645.124	4750.5	0	4750.5
645.239	5126.5	0	5126.5
645.354	5628.25	0	5628.25
645.47	6240	0	6240
645.585	6901.5	0	6901.5
645.7	7435.75	0	7435.75
645.815	7025.75	0	7025.75
645.93	5754.5	0	5754.5
646.046	4960.5	0	4960.5
646.161	4384.25	0	4384.25
646.276	4034.25	0	4034.25
646.391	3750.25	0	3750.25
646.506	3583.25	0	3583.25
646.621	3427.75	0	3427.75
646.736	3228.5	0	3228.5
646.851	3111	0	3111
646.966	3084	0	3084
647.081	2961.5	0	2961.5
647.196	2876.75	0	2876.75
647.311	2963.75	0	2963.75
647.426	2835.5	0	2835.5
647.541	2831.5	0	2831.5
647.656	2727.75	0	2727.75
647.771	2805.25	0	2805.25
647.885	2712.75	0	2712.75
648	2759.25	0	2759.25
648.115	2726.75	0	2726.75
648.23	2759.25	0	2759.25
648.345	2728	0	2728
648.459	2780.75	0	2780.75
648.574	2780.5	0	2780.5
648.689	2830.25	0	2830.25
648.804	2737	0	2737
648.918	2720	0	2720
649.033	2696.75	0	2696.75
649.148	2639.25	0	2639.25
649.262	2585	0	2585
649.377	2546.5	0	2546.5
649.491	2571	0	2571
649.606	2472.75	0	2472.75
649.721	2465	0	2465
649.835	2509	0	2509
649.95	2470.75	0	2470.75
650.064	2459.5	0	2459.5
650.179	2430.75	0	2430.75
650.293	2410	0	2410
650.408	2452.5	0	2452.5
650.522	2416.25	0	2416.25
650.636	2358.25	0	2358.25
650.751	2416.25	0	2416.25
650.865	2387.5	0	2387.5
650.979	2370.75	0	2370.75
651.094	2362	0	2362
651.208	2323.5	0	2323.5
651.322	2334	0	2334
651.437	2363.25	0	2363.25
651.551	2360.25	0	2360.25
651.665	2339.5	0	2339.5
651.779	2394.75	0	2394.75
651.894	2340.5	0	2340.5
652.008	2385.5	0	2385.5
652.122	2357	0	2357
652.236	2418.25	0	2418.25
652.35	2352.75	0	2352.75
652.464	2338.75	0	2338.75
652.578	2368.25	0	2368.25
652.693	2350	0	2350
652.807	2279	0	2279
652.921	2350.75	0	2350.75
653.035	2387.25	0	2387.25
653.149	2371.5	0	2371.5
653.263	2366	0	2366
653.376	2350	0	2350
653.49	2392.25	0	2392.25
653.604	2388.5	0	2388.5
653.718	2488.75	0	2488.75
653.832	2414	0	2414
653.946	2477.5	0	2477.5
654.06	2414	0	2414
654.174	2519.25	0	2519.25
654.287	2497.25	0	2497.25
654.401	2515	0	2515
654.515	2528.75	0	2528.75
654.629	2538	0	2538
654.743	2572	0	2572
654.856	2604.5	0	2604.5
654.97	2585	0	2585
655.084	2672.75	0	2672.75
655.197	2710	0	2710
655.311	2737	0	2737
655.424	2798.25	0	2798.25
655.538	2841.5	0	2841.5
655.652	2886.25	0	2886.25
655.765	2948	0	2948
655.879	2951.5	0	2951.5
655.992	3061	0	3061
656.106	3173.25	0	3173.25
656.219	3247	0	3247
656.333	3314.5	0	3314.5
656.446	3454.75	0	3454.75
656.56	3613	0	3613
656.673	3710.5	0	3710.5
656.786	3692	0	3692
656.9	3715.75	0	3715.75
657.013	3596.25	0	3596.25
657.127	3511.5	0	3511.5
657.24	3470.75	0	3470.75
657.353	3376.5	0	3376.5
657.466	3363.75	0	3363.75
657.58	3281	0	3281
657.693	3194.25	0	3194.25
657.806	3149.75	0	3149.75
657.919	3079.25	0	3079.25
658.032	3162.25	0	3162.25
658.146	3021.5	0	3021.5
658.259	3002.5	0	3002.5
658.372	2943.75	0	2943.75
658.485	2890.5	0	2890.5
658.598	2825.5	0	2825.5
658.711	2774.25	0	2774.25
658.824	2736.25	0	2736.25
658.937	2747.25	0	2747.25
659.05	2717.75	0	2717.75
659.163	2727.75	0	2727.75
659.276	2661	0	2661
659.389	2631	0	2631
659.502	2653	0	2653
659.615	2566.25	0	2566.25
659.728	2595.75	0	2595.75
659.841	2548	0	2548
659.954	2599.5	0	2599.5
660.067	2537	0	2537
660.179	2548	0	2548
660.292	2580.75	0	2580.75
660.405	2536.5	0	2536.5
660.518	2488.75	0	2488.75
660.63	2540.5	0	2540.5
660.743	2594	0	2594
660.856	2565.25	0	2565.25
660.969	2611.75	0	2611.75
661.081	2571.75	0	2571.75
661.194	2595.25	0	2595.25
661.307	2634	0	2634
661.419	2612	0	2612
661.532	2591.25	0	2591.25
661.644	2523.25	0	2523.25
661.757	2472.5	0	2472.5
661.869	2435	0	2435
661.982	2385	0	2385
662.094	2403.5	0	2403.5
662.207	2307	0	2307
662.319	2327.75	0	2327.75
662.432	2289	0	2289
662.544	2191	0	2191
662.656	2199.75	0	2199.75
662.769	2217.5	0	2217.5
662.881	2133.25	0	2133.25
662.994	2193	0	2193
663.106	2182.5	0	2182.5
663.218	2155.25	0	2155.25
663.331	2114.25	0	2114.25
663.443	2113.5	0	2113.5
663.555	2095	0	2095
663.667	2049.75	0	2049.75
663.779	2092	0	2092
663.892	2042	0	2042
664.004	2051.75	0	2051.75
664.116	2036.5	0	2036.5
664.228	2092.25	0	2092.25
664.34	1987.5	0	1987.5
664.452	2025.5	0	2025.5
664.564	2005.75	0	2005.75
664.676	1980.75	0	1980.75
664.788	2001	0	2001
664.901	1987.25	0	1987.25
665.012	1950.75	0	1950.75
665.125	2004.75	0	2004.75
665.236	1988.25	0	1988.25
665.348	1976.5	0	1976.5
665.46	1931	0	1931
665.572	1938.75	0	1938.75
665.684	1997.75	0	1997.75
665.796	1949.5	0	1949.5
665.908	1954.75	0	1954.75
666.02	1943.5	0	1943.5
666.131	1932.25	0	1932.25
666.243	1907.25	0	1907.25
666.355	1881.75	0	1881.75
666.467	1898.75	0	1898.75
666.578	1941.25	0	1941.25
666.69	1882.5	0	1882.5
666.802	1898.5	0	1898.5
666.914	1891.75	0	1891.75
667.025	1862.25	0	1862.25
667.137	1846.5	0	1846.5
667.248	1867.25	0	1867.25
667.36	1841.25	0	1841.25
667.472	1825.75	0	1825.75
667.583	1840	0	1840
667.695	1816.75	0	1816.75
667.806	1821.5	0	1821.5
667.918	1844	0	1844
668.029	1808.25	0	1808.25
668.141	1778.5	0	1778.5
668.252	1793.25	0	1793.25
668.363	1828.75	0	1828.75
668.475	1762.5	0	1762.5
668.586	1774	0	1774
668.698	1768.25	0	1768.25
668.809	1732.5	0	1732.5
668.92	1775.25	0	1775.25
669.032	1750.75	0	1750.75
669.143	1766.5	0	1766.5
669.254	1732.5	0	1732.5
669.365	1737.25	0	1737.25
669.477	1699	0	1699
669.588	1730.75	0	1730.75
669.699	1752.25	0	1752.25
669.81	1728.75	0	1728.75
669.921	1732.5	0	1732.5
670.032	1735.5	0	1735.5
670.143	1777.25	0	1777.25
670.255	1729.5	0	1729.5
670.366	1762.75	0	1762.75
670.477	1699.25	0	1699.25
670.588	1716.75	0	1716.75
670.699	1680.5	0	1680.5
670.81	1654.25	0	1654.25
670.921	1706.75	0	1706.75
671.032	1636.5	0	1636.5
671.143	1711.25	0	1711.25
671.253	1706.75	0	1706.75
671.364	1666.5	0	1666.5
671.475	1695.25	0	1695.25
671.586	1678.75	0	1678.75
671.697	1688	0	1688
671.808	1689.25	0	1689.25
671.919	1699.25	0	1699.25
672.029	1655.5	0	1655.5
672.14	1678.75	0	1678.75
672.251	1683	0	1683
672.362	1677.5	0	1677.5
672.472	1695	0	1695
672.583	1683.25	0	1683.25
672.694	1671.75	0	1671.75
672.804	1669.5	0	1669.5
672.915	1661.75	0	1661.75
673.025	1595.5	0	1595.5
673.136	1675.5	0	1675.5
673.247	1644.75	0	1644.75
673.357	1649.75	0	1649.75
673.468	1691.75	0	1691.75
673.578	1675.75	0	1675.75
673.689	1639.75	0	1639.75
673.799	1684.75	0	1684.75
673.91	1636.75	0	1636.75
674.02	1640.75	0	1640.75
674.13	1604.25	0	1604.25
674.241	1611.75	0	1611.75
674.351	1590.25	0	1590.25
674.461	1652.25	0	1652.25
674.572	1606.25	0	1606.25
674.682	1623.5	0	1623.5
674.792	1633.75	0	1633.75
674.903	1577	0	1577
675.013	1602.5	0	1602.5
675.123	1597.5	0	1597.5
675.233	1572.25	0	1572.25
675.344	1600.25	0	1600.25
675.454	1621.5	0	1621.5
675.564	1611.75	0	1611.75
675.674	1571.75	0	1571.75
675.784	1610.5	0	1610.5
675.894	1612.5	0	1612.5
676.004	1647.75	0	1647.75
676.114	1590.75	0	1590.75
676.224	1602.75	0	1602.75
676.334	1611.75	0	1611.75
676.444	1608.75	0	1608.75
676.554	1649.25	0	1649.25
676.664	1642.75	0	1642.75
676.774	1630.25	0	1630.25
676.884	1677.75	0	1677.75
676.994	1616.25	0	1616.25
677.104	1624	0	1624
677.214	1651.25	0	1651.25
677.324	1609.5	0	1609.5
677.433	1589.75	0	1589.75
677.543	1587.5	0	1587.5
677.653	1588.5	0	1588.5
677.763	1583	0	1583
677.872	1556.75	0	1556.75
677.982	1584.25	0	1584.25
678.092	1592.25	0	1592.25
678.202	1570.75	0	1570.75
678.311	1585.5	0	1585.5
678.421	1564.75	0	1564.75
678.53	1595.5	0	1595.5
678.64	1566.5	0	1566.5
678.75	1544.75	0	1544.75
678.859	1543.75	0	1543.75
678.969	1519.25	0	1519.25
679.078	1596.75	0	1596.75
679.188	1572.25	0	1572.25
679.297	1530.25	0	1530.25
679.407	1556.25	0	1556.25
679.516	1571.5	0	1571.5
679.625	1577.25	0	1577.25
679.735	1515	0	1515
679.844	1507	0	1507
679.954	1586	0	1586
680.063	1550.75	0	1550.75
680.172	1543	0	1543
680.282	1525.5	0	1525.5
680.391	1517	0	1517
680.5	1598.5	0	1598.5
680.609	1600.75	0	1600.75
680.719	1582	0	1582
680.828	1572.25	0	1572.25
680.937	1591.5	0	1591.5
681.046	1560.75	0	1560.75
681.155	1575.75	0	1575.75
681.264	1564.5	0	1564.5
681.374	1569	0	1569
681.483	1558.75	0	1558.75
681.592	1587.25	0	1587.25
681.701	1598.75	0	1598.75
681.81	1537.25	0	1537.25
681.919	1576	0	1576
682.028	1578.75	0	1578.75
682.137	1644.5	0	1644.5
682.246	1567.25	0	1567.25
682.355	1615.5	0	1615.5
682.463	1648	0	1648
682.572	1656.75	0	1656.75
682.681	1684.25	0	1684.25
682.79	1651	0	1651
682.899	1666.25	0	1666.25
683.008	1695.5	0	1695.5
683.117	1706.75	0	1706.75
683.225	1729	0	1729
683.334	1751.5	0	1751.5
683.443	1733	0	1733
683.551	1785.25	0	1785.25
683.66	1781.75	0	1781.75
683.769	1853	0	1853
683.877	1928.75	0	1928.75
683.986	1920	0	1920
684.095	2018	0	2018
684.203	2043.25	0	2043.25
684.312	2119.5	0	2119.5
684.42	2245.75	0	2245.75
684.529	2289	0	2289
684.637	2481.5	0	2481.5
684.746	2558.5	0	2558.5
684.854	2461.25	0	2461.25
684.963	2167.25	0	2167.25
685.071	1906	0	1906
685.18	1737.75	0	1737.75
685.288	1669.25	0	1669.25
685.396	1671	0	1671
685.505	1583	0	1583
685.613	1514.5	0	1514.5
685.721	1499.75	0	1499.75
685.83	1464	0	1464
685.938	1451.5	0	1451.5
686.046	1456.5	0	1456.5
686.154	1386.75	0	1386.75
686.263	1383.25	0	1383.25
686.371	1400	0	1400
686.479	1328.75	0	1328.75
686.587	1370.25	0	1370.25
686.695	1375.25	0	1375.25
686.803	1373	0	1373
686.911	1326.5	0	1326.5
687.019	1317.75	0	1317.75
687.127	1329.5	0	1329.5
687.235	1288.5	0	1288.5
687.343	1333	0	1333
687.451	1288.25	0	1288.25
687.559	1303.25	0	1303.25
687.667	1320.75	0	1320.75
687.775	1293.75	0	1293.75
687.883	1302	0	1302
687.991	1305	0	1305
688.099	1315	0	1315
688.207	1287.75	0	1287.75
688.315	1309.75	0	1309.75
688.422	1290.5	0	1290.5
688.53	1288	0	1288
688.638	1311	0	1311
688.746	1281.25	0	1281.25
688.853	1307.75	0	1307.75
688.961	1291.75	0	1291.75
689.069	1292.5	0	1292.5
689.176	1313	0	1313
689.284	1301	0	1301
689.392	1295.25	0	1295.25
689.499	1281.25	0	1281.25
689.607	1297.75	0	1297.75
689.714	1274	0	1274
689.822	1296	0	1296
689.93	1268	0	1268
690.037	1266	0	1266
690.144	1255.25	0	1255.25
690.252	1292.5	0	1292.5
690.359	1287	0	1287
690.467	1254	0	1254
690.574	1279	0	1279
690.682	1270	0	1270
690.789	1244.25	0	1244.25
690.896	1259	0	1259
691.004	1259	0	1259
691.111	1213	0	1213
691.218	1243	0	1243
691.325	1205	0	1205
691.433	1202	0	1202
691.54	1231	0	1231
691.647	1203	0	1203
691.754	1215	0	1215
691.861	1212.5	0	1212.5
691.969	1172	0	1172
692.076	1211.5	0	1211.5
692.183	1193.5	0	1193.5
692.29	1205	0	1205
692.397	1174.75	0	1174.75
692.504	1182.5	0	1182.5
692.611	1171.25	0	1171.25
692.718	1165.75	0	1165.75
692.825	1199.5	0	1199.5
692.932	1181.25	0	1181.25
693.039	1156.75	0	1156.75
693.146	1137.5	0	1137.5
693.253	1156.75	0	1156.75
693.359	1150.75	0	1150.75
693.466	1148.5	0	1148.5
693.573	1168.75	0	1168.75
693.68	1134.75	0	1134.75
693.787	1148.75	0	1148.75
693.894	1164.75	0	1164.75
694	1136.75	0	1136.75
694.107	1109.75	0	1109.75
694.214	1136.25	0	1136.25
694.32	1126.75	0	1126.75
694.427	1152.25	0	1152.25
694.534	1129.75	0	1129.75
694.64	1126.75	0	1126.75
694.747	1069.5	0	1069.5
694.853	1106.75	0	1106.75
694.96	1135.5	0	1135.5
695.067	1124.75	0	1124.75
695.173	1126.75	0	1126.75
695.28	1094.75	0	1094.75
695.386	1113.75	0	1113.75
695.493	1090.75	0	1090.75
695.599	1108.25	0	1108.25
695.705	1078.75	0	1078.75
695.812	1082.75	0	1082.75
695.918	1134.75	0	1134.75
696.025	1106.75	0	1106.75
696.131	1082.5	0	1082.5
696.237	1069.75	0	1069.75
696.344	1098.75	0	1098.75
696.45	1085.75	0	1085.75
696.556	1100.25	0	1100.25
696.662	1104.75	0	1104.75
696.768	1070.25	0	1070.25
696.875	1094.25	0	1094.25
696.981	1067.75	0	1067.75
697.087	1042	0	1042
697.193	1070.75	0	1070.75
697.299	1070.5	0	1070.5
697.405	1077.5	0	1077.5
697.512	1100.75	0	1100.75
697.618	1042.5	0	1042.5
697.724	1049.75	0	1049.75
697.83	1044.75	0	1044.75
697.936	1046.25	0	1046.25
698.042	1017.75	0	1017.75
698.148	1059.75	0	1059.75
698.253	1035.25	0	1035.25
698.359	1039.75	0	1039.75
698.465	1048.5	0	1048.5
698.571	1042.75	0	1042.75
698.677	1014.75	0	1014.75
698.783	1027.5	0	1027.5
698.889	1069.25	0	1069.25
698.994	1037.75	0	1037.75
699.1	1031.25	0	1031.25
699.206	1031.75	0	1031.75
699.312	1030.75	0	1030.75
699.417	999.5	0	999.5
699.523	1002.25	0	1002.25
699.629	1012.5	0	1012.5
699.734	985.25	0	985.25
699.84	1007.75	0	1007.75
699.946	1002.75	0	1002.75
700.051	1016.5	0	1016.5
700.157	1012.75	0	1012.75
700.262	993	0	993
700.368	979.75	0	979.75
700.473	1011.75	0	1011.75
700.579	999.75	0	999.75
700.684	982.75	0	982.75
700.79	1012.5	0	1012.5
700.895	968.25	0	968.25
701	1006.75	0	1006.75
701.106	975.75	0	975.75
701.211	973.25	0	973.25
701.316	983.75	0	983.75
701.422	995	0	995
701.527	990.25	0	990.25
701.632	982.75	0	982.75
701.738	979	0	979
701.843	965.25	0	965.25
701.948	979.5	0	979.5
702.053	969	0	969
702.158	995.25	0	995.25
702.264	973.5	0	973.5
702.369	974	0	974
702.474	988.75	0	988.75
702.579	958	0	958
702.684	960.5	0	960.5
702.789	960.75	0	960.75
702.894	958	0	958
702.999	973.75	0	973.75
703.104	970.5	0	970.5
703.209	977.25	0	977.25
703.314	956.75	0	956.75
703.419	958.5	0	958.5
703.524	952.75	0	952.75
703.629	953.75	0	953.75
703.733	958	0	958
703.838	939.75	0	939.75
703.943	950.75	0	950.75
704.048	929.75	0	929.75
704.153	927.75	0	927.75
704.257	955.5	0	955.5
704.362	923.75	0	923.75
704.467	955.75	0	955.75
704.572	920.75	0	920.75
704.676	941.75	0	941.75
704.781	963.25	0	963.25
704.886	921.25	0	921.25
704.99	946.25	0	946.25
705.095	925.75	0	925.75
705.199	926.75	0	926.75
705.304	932.5	0	932.5
705.408	935.5	0	935.5
705.513	933.5	0	933.5
705.617	911.75	0	911.75
705.722	913.75	0	913.75
705.826	915.25	0	915.25
705.931	901.75	0	901.75
706.035	906.25	0	906.25
706.139	898.75	0	898.75
706.244	899.75	0	899.75
706.348	909	0	909
706.452	889.75	0	889.75
706.557	909.5	0	909.5
706.661	918.75	0	918.75
706.765	878.75	0	878.75
706.87	916.5	0	916.5
706.974	902.75	0	902.75
707.078	891.25	0	891.25
707.182	902.25	0	902.25
707.286	913.25	0	913.25
707.39	925.25	0	925.25
707.495	874.25	0	874.25
707.599	855	0	855
707.703	879.5	0	879.5
707.807	885.5	0	885.5
707.911	865.5	0	865.5
708.015	902.5	0	902.5
708.119	890	0	890
708.223	885.75	0	885.75
708.327	863.25	0	863.25
708.431	903.25	0	903.25
708.534	884.75	0	884.75
708.638	884.5	0	884.5
708.742	883.75	0	883.75
708.846	877.5	0	877.5
708.95	868	0	868
709.054	887.75	0	887.75
709.157	865.75	0	865.75
709.261	866.75	0	866.75
709.365	882.25	0	882.25
709.469	870	0	870
709.572	869.25	0	869.25
709.676	877.75	0	877.75
709.78	852.75	0	852.75
709.883	867.5	0	867.5
709.987	864	0	864
710.09	865	0	865
710.194	860.25	0	860.25
710.298	858.75	0	858.75
710.401	857.25	0	857.25
710.505	890.5	0	890.5
710.608	892	0	892
710.711	864.5	0	864.5
710.815	854.75	0	854.75
710.918	841	0	841
711.022	874.25	0	874.25
711.125	866.5	0	866.5
711.228	838.25	0	838.25
711.332	867.75	0	867.75
711.435	883.5	0	883.5
711.538	847	0	847
711.642	837.25	0	837.25
711.745	841	0	841
711.848	835.25	0	835.25
711.951	862.25	0	862.25
712.055	839	0	839
712.158	850	0	850
712.261	832	0	832
712.364	865	0	865
712.467	827	0	827
712.57	849	0	849
712.673	852.5	0	852.5
712.776	861	0	861
712.879	837	0	837
712.982	836	0	836
713.085	805.5	0	805.5
713.188	818.75	0	818.75
713.291	820	0	820
713.394	827.5	0	827.5
713.497	832.5	0	832.5
713.6	841.25	0	841.25
713.703	819.75	0	819.75
713.805	840.5	0	840.5
713.908	811.25	0	811.25
714.011	805.25	0	805.25
714.114	864.5	0	864.5
714.216	849.75	0	849.75
714.319	870.75	0	870.75
714.422	879.5	0	879.5
714.525	816.5	0	816.5
714.627	839.75	0	839.75
714.73	837.75	0	837.75
714.833	818.75	0	818.75
714.935	816.25	0	816.25
715.038	827.75	0	827.75
715.14	835.75	0	835.75
715.243	836.25	0	836.25
715.345	834.25	0	834.25
715.448	863	0	863
715.55	851.75	0	851.75
715.653	863.75	0	863.75
715.755	875.5	0	875.5
715.857	896.5	0	896.5
715.96	913.5	0	913.5
716.062	963.75	0	963.75
716.164	1039.75	0	1039.75
716.267	1012.25	0	1012.25
716.369	974.75	0	974.75
716.471	992.25	0	992.25
716.574	952.25	0	952.25
716.676	935.75	0	935.75
716.778	886.5	0	886.5
716.88	917.75	0	917.75
716.982	903.5	0	903.5
717.085	879.5	0	879.5
717.187	836.25	0	836.25
717.289	857.75	0	857.75
717.391	860.75	0	860.75
717.493	866.75	0	866.75
717.595	865.25	0	865.25
717.697	842	0	842
717.799	869.25	0	869.25
717.901	851.25	0	851.25
718.003	837.25	0	837.25
718.105	836.5	0	836.5
718.207	854.5	0	854.5
718.309	840.5	0	840.5
718.411	842.5	0	842.5
718.512	813	0	813
718.614	861.75	0	861.75
718.716	820.25	0	820.25
718.818	821.75	0	821.75
718.92	831.75	0	831.75
719.021	832	0	832
719.123	841.25	0	841.25
719.225	812.5	0	812.5
719.326	862.75	0	862.75
719.428	857.25	0	857.25
719.53	867.5	0	867.5
719.631	899.5	0	899.5
719.733	901.25	0	901.25
719.834	895.25	0	895.25
719.936	879	0	879
720.038	865.25	0	865.25
720.139	864.75	0	864.75
720.241	885.5	0	885.5
720.342	861	0	861
720.443	830	0	830
720.545	879	0	879
720.646	864.75	0	864.75
720.748	864.25	0	864.25
720.849	870.5	0	870.5
720.95	823	0	823
721.052	838	0	838
721.153	832.75	0	832.75
721.254	836.5	0	836.5
721.355	823.25	0	823.25
721.457	817.5	0	817.5
721.558	834	0	834
721.659	833.75	0	833.75
721.76	816.75	0	816.75
721.861	785.5	0	785.5
721.963	796.75	0	796.75
722.064	809	0	809
722.165	814.25	0	814.25
722.266	786.75	0	786.75
722.367	782.25	0	782.25
722.468	779.25	0	779.25
722.569	741.5	0	741.5
722.67	793	0	793
722.771	822.25	0	822.25
722.872	801	0	801
722.973	762.5	0	762.5
723.073	789.25	0	789.25
723.174	812	0	812
723.275	773.5	0	773.5
723.376	802.5	0	802.5
723.477	785.25	0	785.25
723.577	790.5	0	790.5
723.678	759.5	0	759.5
723.779	771.25	0	771.25
723.88	734.25	0	734.25
723.98	760.5	0	760.5
724.081	770.25	0	770.25
724.182	759.75	0	759.75
724.282	784	0	784
724.383	758	0	758
724.483	780.75	0	780.75
724.584	756.5	0	756.5
724.685	745.75	0	745.75
724.785	749.5	0	749.5
724.886	765.5	0	765.5
724.986	758.75	0	758.75
725.086	749.25	0	749.25
725.187	744.25	0	744.25
725.287	749.75	0	749.75
725.388	767.75	0	767.75
725.488	751.75	0	751.75
725.588	722	0	722
725.689	759.5	0	759.5
725.789	749.75	0	749.75
725.889	750.75	0	750.75
725.99	755.75	0	755.75
726.09	738	0	738
726.19	749.75	0	749.75
726.29	737.75	0	737.75
726.39	726.25	0	726.25
726.49	728.25	0	728.25
726.591	731.5	0	731.5
726.691	720.75	0	720.75
726.791	751.25	0	751.25
726.891	746	0	746
726.991	732.5	0	732.5
727.091	742.75	0	742.75
727.191	716.75	0	716.75
727.291	699	0	699
727.391	707	0	707
727.491	728.75	0	728.75
727.591	717.25	0	717.25
727.691	725.25	0	725.25
727.79	718	0	718
727.89	730.5	0	730.5
727.99	727.75	0	727.75
728.09	708	0	708
728.19	729.5	0	729.5
728.289	721	0	721
728.389	724.75	0	724.75
728.489	706.75	0	706.75
728.589	713.5	0	713.5
728.688	709.25	0	709.25
728.788	678.5	0	678.5
728.888	670.25	0	670.25
728.987	707.75	0	707.75
729.087	678.25	0	678.25
729.186	682.5	0	682.5
729.286	717.25	0	717.25
729.385	682	0	682
729.485	681.25	0	681.25
729.584	702	0	702
729.684	687.75	0	687.75
729.783	699.5	0	699.5
729.883	695.5	0	695.5
729.982	682	0	682
730.081	689	0	689
730.181	689.25	0	689.25
730.28	709.75	0	709.75
730.379	694.75	0	694.75
730.479	664	0	664
730.578	684	0	684
730.677	688.5	0	688.5
730.776	679.25	0	679.25
730.875	676.25	0	676.25
730.975	671.5	0	671.5
731.074	683	0	683
731.173	686.25	0	686.25
731.272	674	0	674
731.371	700	0	700
731.47	688.25	0	688.25
731.569	680.5	0	680.5
731.668	689	0	689
731.767	694.5	0	694.5
731.866	661	0	661
731.965	657	0	657
732.064	654.25	0	654.25
732.163	666	0	666
732.262	671.25	0	671.25
732.361	673	0	673
732.46	701	0	701
732.558	681	0	681
732.657	680.5	0	680.5
732.756	662	0	662
732.855	671.5	0	671.5
732.953	673.5	0	673.5
733.052	664.5	0	664.5
733.151	661.75	0	661.75
733.25	667.5	0	667.5
733.348	681.75	0	681.75
733.447	665.25	0	665.25
733.545	666.75	0	666.75
733.644	670.75	0	670.75
733.742	657.25	0	657.25
733.841	672.75	0	672.75
733.939	662	0	662
734.038	654.25	0	654.25
734.136	672.75	0	672.75
734.235	669	0	669
734.333	660.75	0	660.75
734.432	654.5	0	654.5
734.53	666.5	0	666.5
734.628	664.75	0	664.75
734.727	636.5	0	636.5
734.825	646.25	0	646.25
734.923	682.75	0	682.75
735.022	665.25	0	665.25
735.12	677.75	0	677.75
735.218	660.25	0	660.25
735.316	642.5	0	642.5
735.414	652.75	0	652.75
735.513	635.5	0	635.5
735.611	651.25	0	651.25
735.709	648.5	0	648.5
735.807	645.75	0	645.75
735.905	668.75	0	668.75
736.003	642.75	0	642.75
736.101	658	0	658
736.199	656.75	0	656.75
736.297	632.75	0	632.75
736.395	663.75	0	663.75
736.493	652.25	0	652.25
736.591	661.5	0	661.5
736.689	654.25	0	654.25
736.787	659.75	0	659.75
736.884	671.75	0	671.75
736.982	639	0	639
737.08	640.75	0	640.75
737.178	667	0	667
737.276	654.25	0	654.25
737.373	637.25	0	637.25
737.471	644	0	644
737.569	651.75	0	651.75
737.667	662	0	662
737.764	640	0	640
737.862	674.5	0	674.5
737.959	666.5	0	666.5
738.057	642.25	0	642.25
738.154	619.5	0	619.5
738.252	654	0	654
738.35	646.75	0	646.75
738.447	676.75	0	676.75
738.544	656	0	656
738.642	671.25	0	671.25
738.739	686.5	0	686.5
738.837	670.25	0	670.25
738.934	682.25	0	682.25
739.031	697.5	0	697.5
739.129	697.5	0	697.5
739.226	691.75	0	691.75
739.323	709	0	709
739.421	686.5	0	686.5
739.518	675.25	0	675.25
739.615	663.75	0	663.75