Lambda	Spectrum	Dark	SpecMinusDark
500.031	3984.5	0	3984.5
500.165	4339	0	4339
500.299	4779	0	4779
500.433	5143.75	0	5143.75
500.567	5315.5	0	5315.5
500.701	5419.75	0	5419.75
500.835	5519	0	5519
500.968	5333.5	0	5333.5
501.102	5204.25	0	5204.25
501.236	4893.25	0	4893.25
501.37	4749.25	0	4749.25
501.504	4500	0	4500
501.637	4433.25	0	4433.25
501.771	4146	0	4146
501.905	3875.5	0	3875.5
502.039	3773	0	3773
502.172	3718.5	0	3718.5
502.306	3533	0	3533
502.44	3516.5	0	3516.5
502.573	3535.25	0	3535.25
502.707	3494	0	3494
502.841	3424.75	0	3424.75
502.974	3410	0	3410
503.108	3382.25	0	3382.25
503.242	3400.5	0	3400.5
503.375	3412.5	0	3412.5
503.509	3398.25	0	3398.25
503.642	3361	0	3361
503.776	3406	0	3406
503.909	3580.75	0	3580.75
504.043	3695.25	0	3695.25
504.176	3998.5	0	3998.5
504.31	3683	0	3683
504.443	3595.5	0	3595.5
504.577	3777.75	0	3777.75
504.71	3936.5	0	3936.5
504.844	3967.25	0	3967.25
504.977	3857.5	0	3857.5
505.111	3709.25	0	3709.25
505.244	3591.25	0	3591.25
505.377	3520.25	0	3520.25
505.511	3455	0	3455
505.644	3527.75	0	3527.75
505.777	3497.5	0	3497.5
505.911	3560.5	0	3560.5
506.044	3662.5	0	3662.5
506.177	3636.5	0	3636.5
506.311	3511.25	0	3511.25
506.444	3474.75	0	3474.75
506.577	3471.25	0	3471.25
506.71	3516.25	0	3516.25
506.844	3519.25	0	3519.25
506.977	3558.5	0	3558.5
507.11	3550.25	0	3550.25
507.243	3743	0	3743
507.376	3550	0	3550
507.51	3474.5	0	3474.5
507.643	3453.25	0	3453.25
507.776	3476	0	3476
507.909	3593.5	0	3593.5
508.042	3511	0	3511
508.175	3554.75	0	3554.75
508.308	3508	0	3508
508.441	3483.5	0	3483.5
508.574	3441.25	0	3441.25
508.707	3387	0	3387
508.84	3467.25	0	3467.25
508.973	3527.5	0	3527.5
509.106	3536.75	0	3536.75
509.239	3654	0	3654
509.372	3545.5	0	3545.5
509.505	3652	0	3652
509.638	3515.75	0	3515.75
509.771	3387.25	0	3387.25
509.904	3517	0	3517
510.037	3538.75	0	3538.75
510.17	3595.5	0	3595.5
510.303	3627.25	0	3627.25
510.436	3540	0	3540
510.568	3445.5	0	3445.5
510.701	3568.75	0	3568.75
510.834	3492.75	0	3492.75
510.967	3514.5	0	3514.5
511.1	3554	0	3554
511.232	3735.25	0	3735.25
511.365	3886.25	0	3886.25
511.498	3763.25	0	3763.25
511.631	3558.75	0	3558.75
511.763	3592	0	3592
511.896	3791	0	3791
512.029	4054	0	4054
512.161	3913.5	0	3913.5
512.294	3627.75	0	3627.75
512.427	3554	0	3554
512.559	3505	0	3505
512.692	3527	0	3527
512.825	3527.75	0	3527.75
512.957	3496.75	0	3496.75
513.09	3497	0	3497
513.222	3534.5	0	3534.5
513.355	3602	0	3602
513.487	3667.75	0	3667.75
513.62	3657.25	0	3657.25
513.752	3806	0	3806
513.885	3781.75	0	3781.75
514.017	4002	0	4002
514.15	4141.25	0	4141.25
514.282	3663	0	3663
514.415	3728.5	0	3728.5
514.547	3897.25	0	3897.25
514.68	4021.5	0	4021.5
514.812	3894.5	0	3894.5
514.944	3756	0	3756
515.077	3682.25	0	3682.25
515.209	3895	0	3895
515.341	3753.75	0	3753.75
515.474	3774.25	0	3774.25
515.606	3843	0	3843
515.738	3886	0	3886
515.871	4094	0	4094
516.003	4068.75	0	4068.75
516.135	4362.5	0	4362.5
516.267	3817	0	3817
516.4	3919	0	3919
516.532	4090	0	4090
516.664	4122.75	0	4122.75
516.796	4199.75	0	4199.75
516.928	4241.5	0	4241.5
517.06	4241.5	0	4241.5
517.193	4341	0	4341
517.325	4396.25	0	4396.25
517.457	4625.75	0	4625.75
517.589	4768.25	0	4768.25
517.721	4728.75	0	4728.75
517.853	4704.5	0	4704.5
517.985	4754	0	4754
518.117	4768.25	0	4768.25
518.249	4706	0	4706
518.381	4661.75	0	4661.75
518.513	4622.75	0	4622.75
518.645	4534	0	4534
518.777	4342.5	0	4342.5
518.909	4360	0	4360
519.041	4222.25	0	4222.25
519.173	4274.75	0	4274.75
519.305	4118	0	4118
519.437	4057.25	0	4057.25
519.569	4063	0	4063
519.701	4032	0	4032
519.832	4005.25	0	4005.25
519.964	3877.5	0	3877.5
520.096	3881	0	3881
520.228	3801	0	3801
520.36	3778.5	0	3778.5
520.491	3844.5	0	3844.5
520.623	3814.25	0	3814.25
520.755	3814.5	0	3814.5
520.887	3931.5	0	3931.5
521.018	3805.25	0	3805.25
521.15	3749.25	0	3749.25
521.282	3691	0	3691
521.414	3703.25	0	3703.25
521.545	3830.75	0	3830.75
521.677	3866.5	0	3866.5
521.808	3968	0	3968
521.94	3669.5	0	3669.5
522.072	3647.5	0	3647.5
522.203	3806.75	0	3806.75
522.335	3886.75	0	3886.75
522.466	3578	0	3578
522.598	3550.75	0	3550.75
522.729	3544.75	0	3544.75
522.861	3597.25	0	3597.25
522.993	3512.75	0	3512.75
523.124	3538.5	0	3538.5
523.256	3497.75	0	3497.75
523.387	3620.25	0	3620.25
523.518	3696.5	0	3696.5
523.65	3594.75	0	3594.75
523.781	3561.75	0	3561.75
523.913	3684.75	0	3684.75
524.044	3802	0	3802
524.176	3946.25	0	3946.25
524.307	3854.75	0	3854.75
524.438	3466.25	0	3466.25
524.57	3439.25	0	3439.25
524.701	3406.5	0	3406.5
524.832	3478.5	0	3478.5
524.964	3417.75	0	3417.75
525.095	3478	0	3478
525.226	3508.5	0	3508.5
525.357	3454.25	0	3454.25
525.489	3413.75	0	3413.75
525.62	3439.75	0	3439.75
525.751	3472.5	0	3472.5
525.882	3369.75	0	3369.75
526.013	3385.5	0	3385.5
526.145	3401.25	0	3401.25
526.276	3349.25	0	3349.25
526.407	3411.75	0	3411.75
526.538	3440.75	0	3440.75
526.669	3450.25	0	3450.25
526.8	3417.5	0	3417.5
526.931	3267	0	3267
527.062	3310.25	0	3310.25
527.193	3325.75	0	3325.75
527.324	3228.5	0	3228.5
527.455	3239.75	0	3239.75
527.586	3240.5	0	3240.5
527.717	3234	0	3234
527.848	3242.25	0	3242.25
527.979	3274.25	0	3274.25
528.11	3174.75	0	3174.75
528.241	3207.25	0	3207.25
528.372	3232	0	3232
528.503	3325.5	0	3325.5
528.634	3208	0	3208
528.765	3135.75	0	3135.75
528.896	3170.5	0	3170.5
529.026	3180	0	3180
529.157	3145.25	0	3145.25
529.288	3159.5	0	3159.5
529.419	3115.25	0	3115.25
529.55	3151.75	0	3151.75
529.681	3299.5	0	3299.5
529.811	3304	0	3304
529.942	3372.75	0	3372.75
530.073	3232.5	0	3232.5
530.203	3097.25	0	3097.25
530.334	3071.25	0	3071.25
530.465	3094.5	0	3094.5
530.596	3152.25	0	3152.25
530.726	3124.25	0	3124.25
530.857	3113	0	3113
530.987	3157	0	3157
531.118	3120.75	0	3120.75
531.249	3161.5	0	3161.5
531.379	3080.5	0	3080.5
531.51	3118.5	0	3118.5
531.64	3130	0	3130
531.771	3118.75	0	3118.75
531.901	3102.75	0	3102.75
532.032	3192.25	0	3192.25
532.163	3307.75	0	3307.75
532.293	3334.5	0	3334.5
532.423	3297.25	0	3297.25
532.554	3176.75	0	3176.75
532.684	3199.5	0	3199.5
532.815	3171.75	0	3171.75
532.945	3198.75	0	3198.75
533.076	3208.5	0	3208.5
533.206	3318.25	0	3318.25
533.336	3293.75	0	3293.75
533.467	3085.75	0	3085.75
533.597	3111.75	0	3111.75
533.727	3110.25	0	3110.25
533.858	3125.5	0	3125.5
533.988	3179.25	0	3179.25
534.118	3145.25	0	3145.25
534.248	3154.25	0	3154.25
534.379	3330.5	0	3330.5
534.509	3367.25	0	3367.25
534.639	3407.5	0	3407.5
534.769	3126.5	0	3126.5
534.9	3092.5	0	3092.5
535.03	3061.75	0	3061.75
535.16	3134.5	0	3134.5
535.29	3266.75	0	3266.75
535.42	3370.75	0	3370.75
535.55	3080.75	0	3080.75
535.68	3187.25	0	3187.25
535.81	3141.75	0	3141.75
535.94	3238.75	0	3238.75
536.071	3018.25	0	3018.25
536.201	2975.75	0	2975.75
536.331	3010.5	0	3010.5
536.461	2969.25	0	2969.25
536.591	2887.25	0	2887.25
536.721	2877.5	0	2877.5
536.851	2893.25	0	2893.25
536.981	2952.75	0	2952.75
537.11	2919	0	2919
537.24	2904	0	2904
537.37	2922.75	0	2922.75
537.5	2946	0	2946
537.63	2869.75	0	2869.75
537.76	2992	0	2992
537.89	2925.5	0	2925.5
538.02	2900.75	0	2900.75
538.149	2901.5	0	2901.5
538.279	2870.75	0	2870.75
538.409	2909.5	0	2909.5
538.539	2903.25	0	2903.25
538.669	2873.75	0	2873.75
538.798	2826.75	0	2826.75
538.928	2968.75	0	2968.75
539.058	2919.75	0	2919.75
539.187	3043.5	0	3043.5
539.317	3137.75	0	3137.75
539.447	3130.25	0	3130.25
539.576	2913.75	0	2913.75
539.706	2881.75	0	2881.75
539.836	2883.25	0	2883.25
539.965	2950.25	0	2950.25
540.095	2986.5	0	2986.5
540.225	3037.75	0	3037.75
540.354	2951.75	0	2951.75
540.484	3154	0	3154
540.613	3413	0	3413
540.743	3789.25	0	3789.25
540.872	3158.75	0	3158.75
541.002	3074.25	0	3074.25
541.131	2950.5	0	2950.5
541.261	2983.5	0	2983.5
541.39	2942	0	2942
541.52	2873.75	0	2873.75
541.649	2807.5	0	2807.5
541.778	2835.25	0	2835.25
541.908	2801.75	0	2801.75
542.037	2815.5	0	2815.5
542.167	2892.75	0	2892.75
542.296	2982.25	0	2982.25
542.425	2974.5	0	2974.5
542.554	2801.75	0	2801.75
542.684	2814.75	0	2814.75
542.813	2829.25	0	2829.25
542.942	2794.5	0	2794.5
543.072	2859.25	0	2859.25
543.201	2780.25	0	2780.25
543.33	2756.25	0	2756.25
543.459	2764	0	2764
543.588	2862.25	0	2862.25
543.718	2944	0	2944
543.847	2973.5	0	2973.5
543.976	3104	0	3104
544.105	2928.5	0	2928.5
544.234	2845.5	0	2845.5
544.363	2888.5	0	2888.5
544.492	2919.75	0	2919.75
544.621	2844.5	0	2844.5
544.75	2830.75	0	2830.75
544.88	2852.75	0	2852.75
545.009	2823.25	0	2823.25
545.138	2891.25	0	2891.25
545.266	2843.75	0	2843.75
545.396	2949.75	0	2949.75
545.525	2847.25	0	2847.25
545.653	2971	0	2971
545.782	2904.5	0	2904.5
545.911	2921.25	0	2921.25
546.04	2926.75	0	2926.75
546.169	2997	0	2997
546.298	3136.5	0	3136.5
546.427	3162.75	0	3162.75
546.556	3152.5	0	3152.5
546.685	3085.25	0	3085.25
546.813	2949.5	0	2949.5
546.942	2918.25	0	2918.25
547.071	2914.75	0	2914.75
547.2	2818.25	0	2818.25
547.328	2872.5	0	2872.5
547.457	2874.75	0	2874.75
547.586	2954.5	0	2954.5
547.715	3056.75	0	3056.75
547.843	2930	0	2930
547.972	3064.25	0	3064.25
548.101	3044.75	0	3044.75
548.229	3007.25	0	3007.25
548.358	3042.75	0	3042.75
548.487	3008	0	3008
548.615	3006.5	0	3006.5
548.744	3083.75	0	3083.75
548.872	3066	0	3066
549.001	2969.25	0	2969.25
549.129	2953	0	2953
549.258	3017.75	0	3017.75
549.387	3075.25	0	3075.25
549.515	3139	0	3139
549.643	3104.5	0	3104.5
549.772	3019	0	3019
549.9	3098.25	0	3098.25
550.029	3037	0	3037
550.157	3023	0	3023
550.286	3065.75	0	3065.75
550.414	3142	0	3142
550.542	3009.5	0	3009.5
550.671	2947	0	2947
550.799	2941	0	2941
550.927	3002.75	0	3002.75
551.056	2976.5	0	2976.5
551.184	2914.25	0	2914.25
551.312	2897	0	2897
551.441	2857	0	2857
551.569	2863.75	0	2863.75
551.697	2898.75	0	2898.75
551.825	2970	0	2970
551.953	2989	0	2989
552.082	3160	0	3160
552.21	3308.75	0	3308.75
552.338	3448.75	0	3448.75
552.466	3254.5	0	3254.5
552.594	3093.5	0	3093.5
552.722	3065.5	0	3065.5
552.851	3114.25	0	3114.25
552.979	3077.75	0	3077.75
553.107	3109.25	0	3109.25
553.235	3112.75	0	3112.75
553.363	3194.25	0	3194.25
553.491	3128	0	3128
553.619	3148.75	0	3148.75
553.747	3198.5	0	3198.5
553.875	3220.25	0	3220.25
554.003	3191.5	0	3191.5
554.131	3167	0	3167
554.259	3035.25	0	3035.25
554.387	2988.25	0	2988.25
554.514	3049	0	3049
554.642	3012.75	0	3012.75
554.77	2973	0	2973
554.898	2966	0	2966
555.026	2968	0	2968
555.154	2904	0	2904
555.281	2903.25	0	2903.25
555.409	2916.5	0	2916.5
555.537	2891.5	0	2891.5
555.665	2964	0	2964
555.793	2940.5	0	2940.5
555.92	2860	0	2860
556.048	2862.25	0	2862.25
556.176	2877.25	0	2877.25
556.303	2800.5	0	2800.5
556.431	2768.75	0	2768.75
556.559	2787	0	2787
556.686	2756.5	0	2756.5
556.814	2742.5	0	2742.5
556.942	2757.25	0	2757.25
557.069	2749.75	0	2749.75
557.197	2787	0	2787
557.324	2783.75	0	2783.75
557.452	2763.25	0	2763.25
557.579	2714.5	0	2714.5
557.707	2736.75	0	2736.75
557.835	2755	0	2755
557.962	2751.75	0	2751.75
558.089	2724.5	0	2724.5
558.217	2721.25	0	2721.25
558.344	2679.25	0	2679.25
558.472	2747.5	0	2747.5
558.599	2692.75	0	2692.75
558.727	2726.25	0	2726.25
558.854	2862.5	0	2862.5
558.981	2726	0	2726
559.109	2748.25	0	2748.25
559.236	2701.25	0	2701.25
559.363	2670.5	0	2670.5
559.491	2613.75	0	2613.75
559.618	2655.5	0	2655.5
559.745	2681.5	0	2681.5
559.872	2713.5	0	2713.5
560	2732.25	0	2732.25
560.127	2778.25	0	2778.25
560.254	2890.25	0	2890.25
560.381	2998.25	0	2998.25
560.508	2931.75	0	2931.75
560.636	2739.5	0	2739.5
560.763	2726.5	0	2726.5
560.89	2685.5	0	2685.5
561.017	2723.5	0	2723.5
561.144	2670.25	0	2670.25
561.271	2623.75	0	2623.75
561.398	2643.25	0	2643.25
561.525	2666.75	0	2666.75
561.652	2585.75	0	2585.75
561.779	2584	0	2584
561.906	2642.75	0	2642.75
562.033	2597	0	2597
562.16	2647.25	0	2647.25
562.287	2713.25	0	2713.25
562.414	2761	0	2761
562.541	2823.75	0	2823.75
562.668	2648.5	0	2648.5
562.795	2564	0	2564
562.922	2612	0	2612
563.049	2584	0	2584
563.175	2643.75	0	2643.75
563.302	2646.25	0	2646.25
563.429	2671	0	2671
563.556	2617	0	2617
563.683	2620.5	0	2620.5
563.809	2680.75	0	2680.75
563.936	2783	0	2783
564.063	2777.5	0	2777.5
564.19	2741	0	2741
564.316	2742.25	0	2742.25
564.443	2857.75	0	2857.75
564.57	2704.5	0	2704.5
564.696	2804.75	0	2804.75
564.823	2931	0	2931
564.95	3207.5	0	3207.5
565.076	3388.25	0	3388.25
565.203	2886.75	0	2886.75
565.33	2784.25	0	2784.25
565.456	2793	0	2793
565.583	2752.75	0	2752.75
565.709	2929	0	2929
565.836	2950.25	0	2950.25
565.962	2967	0	2967
566.089	3003.5	0	3003.5
566.215	3076.75	0	3076.75
566.341	3161	0	3161
566.468	3249	0	3249
566.594	3418	0	3418
566.721	3675.75	0	3675.75
566.847	3984.75	0	3984.75
566.974	4362	0	4362
567.1	3869.5	0	3869.5
567.226	3775.5	0	3775.5
567.353	3807.25	0	3807.25
567.479	3757.25	0	3757.25
567.605	3869	0	3869
567.732	4012.75	0	4012.75
567.858	4094.25	0	4094.25
567.984	4304	0	4304
568.11	4329	0	4329
568.236	4457.5	0	4457.5
568.363	4381.75	0	4381.75
568.489	4189.5	0	4189.5
568.615	3894.5	0	3894.5
568.741	3760	0	3760
568.867	3584.25	0	3584.25
568.993	3454.25	0	3454.25
569.12	3378.75	0	3378.75
569.246	3326.25	0	3326.25
569.372	3124	0	3124
569.498	2988	0	2988
569.624	2875	0	2875
569.75	2834.75	0	2834.75
569.876	2786.5	0	2786.5
570.002	2740.5	0	2740.5
570.128	2757.5	0	2757.5
570.254	2717	0	2717
570.38	2926.25	0	2926.25
570.506	2659.25	0	2659.25
570.632	2658.75	0	2658.75
570.758	2806.75	0	2806.75
570.883	2875	0	2875
571.009	2788	0	2788
571.135	2775	0	2775
571.261	2751.25	0	2751.25
571.387	2663.75	0	2663.75
571.513	2682	0	2682
571.638	2602	0	2602
571.764	2620	0	2620
571.89	2666	0	2666
572.016	2708.75	0	2708.75
572.141	2572.5	0	2572.5
572.267	2532	0	2532
572.393	2435.5	0	2435.5
572.518	2432	0	2432
572.644	2394.25	0	2394.25
572.77	2461.25	0	2461.25
572.895	2359.5	0	2359.5
573.021	2356.25	0	2356.25
573.147	2414	0	2414
573.272	2432	0	2432
573.398	2365	0	2365
573.523	2381.25	0	2381.25
573.649	2404.5	0	2404.5
573.774	2407	0	2407
573.9	2358	0	2358
574.025	2348.5	0	2348.5
574.151	2288	0	2288
574.276	2330.75	0	2330.75
574.402	2348.5	0	2348.5
574.527	2297	0	2297
574.652	2263.75	0	2263.75
574.778	2312	0	2312
574.903	2337.25	0	2337.25
575.029	2390.75	0	2390.75
575.154	2358.5	0	2358.5
575.279	2312.25	0	2312.25
575.405	2338.5	0	2338.5
575.53	2279	0	2279
575.655	2386.25	0	2386.25
575.78	2332.75	0	2332.75
575.906	2303.5	0	2303.5
576.031	2343.25	0	2343.25
576.156	2255.5	0	2255.5
576.281	2177.5	0	2177.5
576.406	2158.25	0	2158.25
576.532	2189.75	0	2189.75
576.657	2214.5	0	2214.5
576.782	2142.75	0	2142.75
576.907	2202.75	0	2202.75
577.032	2240	0	2240
577.157	2287.75	0	2287.75
577.282	2282.75	0	2282.75
577.407	2178.75	0	2178.75
577.532	2169.25	0	2169.25
577.657	2182.5	0	2182.5
577.782	2153.75	0	2153.75
577.907	2173.25	0	2173.25
578.032	2334.75	0	2334.75
578.157	2464.5	0	2464.5
578.282	2315.25	0	2315.25
578.407	2418.75	0	2418.75
578.532	2475.5	0	2475.5
578.657	2216.25	0	2216.25
578.782	2075.75	0	2075.75
578.907	2114.5	0	2114.5
579.031	2063.75	0	2063.75
579.156	2032.75	0	2032.75
579.281	2104.5	0	2104.5
579.406	2036.75	0	2036.75
579.531	2103.25	0	2103.25
579.655	2087.75	0	2087.75
579.78	2023.25	0	2023.25
579.905	2075.75	0	2075.75
580.03	2056.75	0	2056.75
580.154	2051	0	2051
580.279	2051.25	0	2051.25
580.404	2026.5	0	2026.5
580.528	2012.75	0	2012.75
580.653	1987.75	0	1987.75
580.778	1987.5	0	1987.5
580.902	1971.5	0	1971.5
581.027	1990.75	0	1990.75
581.151	1932.75	0	1932.75
581.276	2080.75	0	2080.75
581.4	2260.75	0	2260.75
581.525	2523.75	0	2523.75
581.649	2286.75	0	2286.75
581.774	1984.25	0	1984.25
581.898	1998.75	0	1998.75
582.023	1992.75	0	1992.75
582.147	2023.75	0	2023.75
582.272	1951.25	0	1951.25
582.396	1944.5	0	1944.5
582.52	1934.25	0	1934.25
582.645	1922.25	0	1922.25
582.769	1922.75	0	1922.75
582.893	1950.5	0	1950.5
583.018	1895.25	0	1895.25
583.142	1936.5	0	1936.5
583.266	1941	0	1941
583.391	1895.25	0	1895.25
583.515	1834.75	0	1834.75
583.639	1902.5	0	1902.5
583.763	1854.75	0	1854.75
583.888	1920.5	0	1920.5
584.012	1880.5	0	1880.5
584.136	1891.75	0	1891.75
584.26	1903.75	0	1903.75
584.384	1879.75	0	1879.75
584.508	1923.25	0	1923.25
584.632	1987.75	0	1987.75
584.757	2038.75	0	2038.75
584.881	1994.25	0	1994.25
585.005	1896.25	0	1896.25
585.129	1870.5	0	1870.5
585.253	1966.25	0	1966.25
585.377	2027.75	0	2027.75
585.501	1920.5	0	1920.5
585.625	1852	0	1852
585.749	1834.75	0	1834.75
585.873	1873.5	0	1873.5
585.997	1850.25	0	1850.25
586.12	1878.75	0	1878.75
586.244	1861.5	0	1861.5
586.368	1832.25	0	1832.25
586.492	1846.25	0	1846.25
586.616	1900.5	0	1900.5
586.74	1867.75	0	1867.75
586.864	1847.75	0	1847.75
586.987	1887.5	0	1887.5
587.111	1895.5	0	1895.5
587.235	1861.25	0	1861.25
587.359	1806.75	0	1806.75
587.482	1885.75	0	1885.75
587.606	1811.75	0	1811.75
587.73	1838.25	0	1838.25
587.854	1921.5	0	1921.5
587.977	2089.75	0	2089.75
588.101	2367.25	0	2367.25
588.224	2605.75	0	2605.75
588.348	2073.5	0	2073.5
588.472	2037.75	0	2037.75
588.595	2246.75	0	2246.75
588.719	2342.5	0	2342.5
588.842	1981.75	0	1981.75
588.966	1862.75	0	1862.75
589.089	1829.75	0	1829.75
589.213	1822.25	0	1822.25
589.336	1814.75	0	1814.75
589.46	1837.25	0	1837.25
589.583	1802.25	0	1802.25
589.707	1824.75	0	1824.75
589.83	1856.5	0	1856.5
589.954	1908.25	0	1908.25
590.077	1849.5	0	1849.5
590.2	1853.5	0	1853.5
590.324	1905.25	0	1905.25
590.447	1889.25	0	1889.25
590.57	2014.5	0	2014.5
590.694	2026.75	0	2026.75
590.817	1888.75	0	1888.75
590.94	1880.5	0	1880.5
591.063	1842.5	0	1842.5
591.187	1855.25	0	1855.25
591.31	1844.75	0	1844.75
591.433	1885.75	0	1885.75
591.556	1906.75	0	1906.75
591.679	1902.75	0	1902.75
591.803	1980.5	0	1980.5
591.926	1985.25	0	1985.25
592.049	1999.75	0	1999.75
592.172	2107.25	0	2107.25
592.295	2205.75	0	2205.75
592.418	2136.75	0	2136.75
592.541	1958	0	1958
592.664	1995.75	0	1995.75
592.787	2059.5	0	2059.5
592.91	2099.75	0	2099.75
593.033	2180.75	0	2180.75
593.156	2173	0	2173
593.279	2255.75	0	2255.75
593.402	2275.25	0	2275.25
593.525	2424.25	0	2424.25
593.648	2388.75	0	2388.75
593.771	2314.5	0	2314.5
593.894	2288.25	0	2288.25
594.016	2397.5	0	2397.5
594.139	2346.5	0	2346.5
594.262	2503.25	0	2503.25
594.385	2677.75	0	2677.75
594.508	2644.5	0	2644.5
594.63	2522.25	0	2522.25
594.753	2664.75	0	2664.75
594.876	3001	0	3001
594.999	2359.25	0	2359.25
595.121	2128.75	0	2128.75
595.244	2052.5	0	2052.5
595.367	2104.75	0	2104.75
595.489	2061.5	0	2061.5
595.612	2157	0	2157
595.735	2092.75	0	2092.75
595.857	1981.25	0	1981.25
595.98	1971.75	0	1971.75
596.102	1938.25	0	1938.25
596.225	1929.5	0	1929.5
596.347	1924.75	0	1924.75
596.47	1923	0	1923
596.592	1915.75	0	1915.75
596.715	1831.5	0	1831.5
596.837	1848.75	0	1848.75
596.96	1851.75	0	1851.75
597.082	1819.5	0	1819.5
597.205	1760.75	0	1760.75
597.327	1778.75	0	1778.75
597.449	1813.75	0	1813.75
597.572	1722.25	0	1722.25
597.694	1760.75	0	1760.75
597.816	1768.75	0	1768.75
597.939	1775.25	0	1775.25
598.061	1742.25	0	1742.25
598.183	1740.5	0	1740.5
598.306	1713.25	0	1713.25
598.428	1725.75	0	1725.75
598.55	1728	0	1728
598.672	1750	0	1750
598.795	1679.25	0	1679.25
598.917	1671	0	1671
599.039	1645.75	0	1645.75
599.161	1700.5	0	1700.5
599.283	1693.5	0	1693.5
599.405	1691.5	0	1691.5
599.527	1734	0	1734
599.65	1664.75	0	1664.75
599.772	1708.75	0	1708.75
599.894	1776.75	0	1776.75
600.016	2036.75	0	2036.75
600.138	2304.5	0	2304.5
600.26	2184.25	0	2184.25
600.382	1777.75	0	1777.75
600.504	1698.75	0	1698.75
600.625	1679.75	0	1679.75
600.747	1664.25	0	1664.25
600.869	1685.5	0	1685.5
600.991	1674.75	0	1674.75
601.113	1686.25	0	1686.25
601.235	1699.25	0	1699.25
601.357	1688.5	0	1688.5
601.479	1708.25	0	1708.25
601.6	1679.75	0	1679.75
601.722	1658	0	1658
601.844	1673	0	1673
601.966	1711.25	0	1711.25
602.087	1667.5	0	1667.5
602.209	1649.25	0	1649.25
602.331	1711.5	0	1711.5
602.453	1876.5	0	1876.5
602.574	1876	0	1876
602.696	1644.75	0	1644.75
602.818	1619.5	0	1619.5
602.939	1614.25	0	1614.25
603.061	1598.75	0	1598.75
603.182	1610.5	0	1610.5
603.304	1519.25	0	1519.25
603.426	1604.25	0	1604.25
603.547	1621.5	0	1621.5
603.669	1629.75	0	1629.75
603.79	1576.75	0	1576.75
603.912	1563	0	1563
604.033	1575.5	0	1575.5
604.154	1604.75	0	1604.75
604.276	1598.25	0	1598.25
604.397	1568.25	0	1568.25
604.519	1630.5	0	1630.5
604.64	1644.25	0	1644.25
604.761	1754.25	0	1754.25
604.883	2207.5	0	2207.5
605.004	2601	0	2601
605.125	2104.75	0	2104.75
605.247	1845.5	0	1845.5
605.368	1636.5	0	1636.5
605.489	1579.75	0	1579.75
605.611	1595.5	0	1595.5
605.732	1613.75	0	1613.75
605.853	1594.75	0	1594.75
605.974	1606.75	0	1606.75
606.095	1556.25	0	1556.25
606.216	1588.75	0	1588.75
606.338	1577.25	0	1577.25
606.459	1550.25	0	1550.25
606.58	1552.25	0	1552.25
606.701	1546.5	0	1546.5
606.822	1543.75	0	1543.75
606.943	1555.5	0	1555.5
607.064	1548	0	1548
607.185	1516.5	0	1516.5
607.306	1530.75	0	1530.75
607.427	1565.75	0	1565.75
607.548	1524.75	0	1524.75
607.669	1497.5	0	1497.5
607.79	1515.25	0	1515.25
607.911	1490.75	0	1490.75
608.032	1524.25	0	1524.25
608.153	1459.75	0	1459.75
608.274	1494.75	0	1494.75
608.394	1537.5	0	1537.5
608.515	1479.75	0	1479.75
608.636	1526.5	0	1526.5
608.757	1479.25	0	1479.25
608.878	1487.75	0	1487.75
608.998	1519.25	0	1519.25
609.119	1493.75	0	1493.75
609.24	1543.25	0	1543.25
609.361	1475	0	1475
609.481	1591.25	0	1591.25
609.602	1609	0	1609
609.723	1562.25	0	1562.25
609.843	1554.5	0	1554.5
609.964	1484.5	0	1484.5
610.085	1481	0	1481
610.205	1476.5	0	1476.5
610.326	1503.5	0	1503.5
610.446	1618.25	0	1618.25
610.567	1744.75	0	1744.75
610.687	1723	0	1723
610.808	1450.25	0	1450.25
610.928	1447.75	0	1447.75
611.049	1455	0	1455
611.169	1437.75	0	1437.75
611.29	1439.5	0	1439.5
611.41	1437	0	1437
611.531	1433.75	0	1433.75
611.651	1420	0	1420
611.771	1436.25	0	1436.25
611.892	1408.25	0	1408.25
612.012	1430.5	0	1430.5
612.132	1425.25	0	1425.25
612.253	1406.5	0	1406.5
612.373	1406.5	0	1406.5
612.493	1460	0	1460
612.613	1447.25	0	1447.25
612.734	1428.5	0	1428.5
612.854	1401.75	0	1401.75
612.974	1384.75	0	1384.75
613.094	1409.5	0	1409.5
613.214	1381.5	0	1381.5
613.335	1375.25	0	1375.25
613.455	1414.75	0	1414.75
613.575	1373.75	0	1373.75
613.695	1385.75	0	1385.75
613.815	1405.25	0	1405.25
613.935	1386.5	0	1386.5
614.055	1441.75	0	1441.75
614.175	1402.75	0	1402.75
614.295	1418.25	0	1418.25
614.415	1422.5	0	1422.5
614.535	1445.25	0	1445.25
614.655	1452.25	0	1452.25
614.775	1484.75	0	1484.75
614.895	1603	0	1603
615.015	1551.75	0	1551.75
615.135	1480.5	0	1480.5
615.254	1437	0	1437
615.374	1403.75	0	1403.75
615.494	1384	0	1384
615.614	1495.25	0	1495.25
615.734	1596.75	0	1596.75
615.854	1657.5	0	1657.5
615.973	1586.25	0	1586.25
616.093	1410.5	0	1410.5
616.213	1465.5	0	1465.5
616.332	1520.25	0	1520.25
616.452	1459.25	0	1459.25
616.572	1408.5	0	1408.5
616.691	1397.75	0	1397.75
616.811	1370.25	0	1370.25
616.931	1364	0	1364
617.05	1358.5	0	1358.5
617.17	1371.25	0	1371.25
617.289	1388.75	0	1388.75
617.409	1407.5	0	1407.5
617.529	1426.5	0	1426.5
617.648	1386.25	0	1386.25
617.768	1355.5	0	1355.5
617.887	1384.75	0	1384.75
618.006	1330.75	0	1330.75
618.126	1368.25	0	1368.25
618.245	1366.5	0	1366.5
618.365	1341.75	0	1341.75
618.484	1348.25	0	1348.25
618.604	1328.75	0	1328.75
618.723	1317.5	0	1317.5
618.842	1342.75	0	1342.75
618.962	1308.75	0	1308.75
619.081	1323	0	1323
619.2	1343.75	0	1343.75
619.319	1323.25	0	1323.25
619.439	1399.75	0	1399.75
619.558	1316.25	0	1316.25
619.677	1302.5	0	1302.5
619.796	1336.75	0	1336.75
619.916	1322	0	1322
620.035	1234.75	0	1234.75
620.154	1260	0	1260
620.273	1245.25	0	1245.25
620.392	1273.75	0	1273.75
620.511	1294.5	0	1294.5
620.63	1228.25	0	1228.25
620.749	1287	0	1287
620.868	1234.5	0	1234.5
620.987	1244.75	0	1244.75
621.106	1222.75	0	1222.75
621.225	1240.5	0	1240.5
621.344	1276.5	0	1276.5
621.463	1244.25	0	1244.25
621.582	1207.75	0	1207.75
621.701	1193.25	0	1193.25
621.82	1201.75	0	1201.75
621.939	1207.25	0	1207.25
622.058	1244	0	1244
622.177	1258.25	0	1258.25
622.295	1216	0	1216
622.414	1222.75	0	1222.75
622.533	1190.5	0	1190.5
622.652	1199.5	0	1199.5
622.771	1201	0	1201
622.889	1198.5	0	1198.5
623.008	1175.75	0	1175.75
623.127	1206.25	0	1206.25
623.245	1182.75	0	1182.75
623.364	1179	0	1179
623.483	1184.75	0	1184.75
623.601	1173.25	0	1173.25
623.72	1212	0	1212
623.839	1184.75	0	1184.75
623.957	1167.5	0	1167.5
624.076	1143.25	0	1143.25
624.194	1139.5	0	1139.5
624.313	1197	0	1197
624.431	1190.25	0	1190.25
624.55	1177.25	0	1177.25
624.668	1181.5	0	1181.5
624.787	1213.25	0	1213.25
624.905	1210.5	0	1210.5
625.024	1229	0	1229
625.142	1195	0	1195
625.26	1198.25	0	1198.25
625.379	1243	0	1243
625.497	1225.75	0	1225.75
625.615	1153.5	0	1153.5
625.734	1202.5	0	1202.5
625.852	1260.5	0	1260.5
625.97	1346	0	1346
626.089	1652.25	0	1652.25
626.207	1447.25	0	1447.25
626.325	1181.75	0	1181.75
626.443	1125.75	0	1125.75
626.561	1115	0	1115
626.68	1168.5	0	1168.5
626.798	1167.5	0	1167.5
626.916	1155.25	0	1155.25
627.034	1222.75	0	1222.75
627.152	1303	0	1303
627.27	1582.25	0	1582.25
627.388	1463.75	0	1463.75
627.506	1167	0	1167
627.624	1125.25	0	1125.25
627.742	1108.5	0	1108.5
627.86	1137	0	1137
627.978	1124.75	0	1124.75
628.096	1150	0	1150
628.214	1223	0	1223
628.332	1258.25	0	1258.25
628.45	1211.5	0	1211.5
628.568	1286.25	0	1286.25
628.686	1217	0	1217
628.804	1111	0	1111
628.921	1144	0	1144
629.039	1122.25	0	1122.25
629.157	1177.5	0	1177.5
629.275	1214.5	0	1214.5
629.393	1144.5	0	1144.5
629.51	1067.5	0	1067.5
629.628	1078.5	0	1078.5
629.746	1082.25	0	1082.25
629.864	1051.75	0	1051.75
629.981	1071.75	0	1071.75
630.099	1036.75	0	1036.75
630.216	1056.75	0	1056.75
630.334	1085.5	0	1085.5
630.452	1063.75	0	1063.75
630.569	1033.25	0	1033.25
630.687	1094.25	0	1094.25
630.804	1042.75	0	1042.75
630.922	1066.25	0	1066.25
631.039	1081.25	0	1081.25
631.157	1124.5	0	1124.5
631.274	1389.5	0	1389.5
631.392	1772.25	0	1772.25
631.509	1325.5	0	1325.5
631.627	1120.5	0	1120.5
631.744	1085.25	0	1085.25
631.861	1040.25	0	1040.25
631.979	1048	0	1048
632.096	1027.75	0	1027.75
632.213	1039.75	0	1039.75
632.331	1033	0	1033
632.448	1024.5	0	1024.5
632.565	1036.5	0	1036.5
632.683	1089.25	0	1089.25
632.8	1065.75	0	1065.75
632.917	1178.5	0	1178.5
633.034	1154.75	0	1154.75
633.151	1069.25	0	1069.25
633.269	1018	0	1018
633.386	1040.75	0	1040.75
633.503	1016.75	0	1016.75
633.62	1048.75	0	1048.75
633.737	1098.5	0	1098.5
633.854	1056	0	1056
633.971	984.75	0	984.75
634.088	999.75	0	999.75
634.205	1018.75	0	1018.75
634.322	1036.75	0	1036.75
634.439	1071	0	1071
634.556	1151.25	0	1151.25
634.673	1060.25	0	1060.25
634.79	1023.25	0	1023.25
634.907	1020.75	0	1020.75
635.024	1053.5	0	1053.5
635.141	1017.5	0	1017.5
635.258	991.5	0	991.5
635.375	994.5	0	994.5
635.491	1005.75	0	1005.75
635.608	1035.25	0	1035.25
635.725	1024.25	0	1024.25
635.842	1018.25	0	1018.25
635.958	1118.75	0	1118.75
636.075	1211.25	0	1211.25
636.192	1015	0	1015
636.309	1027.5	0	1027.5
636.425	1080	0	1080
636.542	1190.75	0	1190.75
636.659	1037.5	0	1037.5
636.775	998	0	998
636.892	1032.75	0	1032.75
637.008	1021	0	1021
637.125	1003.25	0	1003.25
637.241	995.25	0	995.25
637.358	1035.5	0	1035.5
637.475	1009.25	0	1009.25
637.591	1016	0	1016
637.707	1088	0	1088
637.824	1076.5	0	1076.5
637.94	986.75	0	986.75
638.057	975.5	0	975.5
638.173	1006	0	1006
638.29	1001	0	1001
638.406	1009.25	0	1009.25
638.522	973.25	0	973.25
638.639	965.75	0	965.75
638.755	983.5	0	983.5
638.871	956.5	0	956.5
638.987	967.5	0	967.5
639.104	969	0	969
639.22	1100.75	0	1100.75
639.336	1279.75	0	1279.75
639.452	1277.75	0	1277.75
639.569	1027.25	0	1027.25
639.685	1042.5	0	1042.5
639.801	963.25	0	963.25
639.917	927.25	0	927.25
640.033	950.75	0	950.75
640.149	968.5	0	968.5
640.265	932.25	0	932.25
640.381	937	0	937
640.497	953	0	953
640.613	953.25	0	953.25
640.729	959.25	0	959.25
640.845	934	0	934
640.961	964	0	964
641.077	976.5	0	976.5
641.193	928	0	928
641.309	914	0	914
641.425	945	0	945
641.541	942.5	0	942.5
641.657	931.25	0	931.25
641.773	950.5	0	950.5
641.888	942.5	0	942.5
642.004	928	0	928
642.12	897.25	0	897.25
642.236	956.5	0	956.5
642.352	945.25	0	945.25
642.467	929.75	0	929.75
642.583	935.5	0	935.5
642.699	939	0	939
642.814	938.75	0	938.75
642.93	955	0	955
643.046	978.25	0	978.25
643.161	1033.75	0	1033.75
643.277	1174.5	0	1174.5
643.392	1279.75	0	1279.75
643.508	1705.5	0	1705.5
643.623	1313	0	1313
643.739	954.75	0	954.75
643.854	958.75	0	958.75
643.97	962.25	0	962.25
644.085	940.25	0	940.25
644.201	957.5	0	957.5
644.316	920.25	0	920.25
644.432	958.75	0	958.75
644.547	944.5	0	944.5
644.663	948	0	948
644.778	1030.75	0	1030.75
644.893	1157.5	0	1157.5
645.008	1099.25	0	1099.25
645.124	992.75	0	992.75
645.239	1015.5	0	1015.5
645.354	1239.75	0	1239.75
645.47	1673.25	0	1673.25
645.585	1238.5	0	1238.5
645.7	949.75	0	949.75
645.815	948.25	0	948.25
645.93	936.25	0	936.25
646.046	967.5	0	967.5
646.161	939.25	0	939.25
646.276	956.75	0	956.75
646.391	997.5	0	997.5
646.506	975.5	0	975.5
646.621	930.25	0	930.25
646.736	914.5	0	914.5
646.851	947.75	0	947.75
646.966	912.25	0	912.25
647.081	933.75	0	933.75
647.196	944.5	0	944.5
647.311	946.75	0	946.75
647.426	938.75	0	938.75
647.541	947.5	0	947.5
647.656	946.75	0	946.75
647.771	952.75	0	952.75
647.885	961.25	0	961.25
648	992.25	0	992.25
648.115	984.75	0	984.75
648.23	993.75	0	993.75
648.345	996.75	0	996.75
648.459	1017	0	1017
648.574	1022.5	0	1022.5
648.689	1065.75	0	1065.75
648.804	1316.25	0	1316.25
648.918	2118.75	0	2118.75
649.033	2305	0	2305
649.148	1168.25	0	1168.25
649.262	1010.75	0	1010.75
649.377	981.5	0	981.5
649.491	920.75	0	920.75
649.606	951.5	0	951.5
649.721	917.5	0	917.5
649.835	955.25	0	955.25
649.95	941.75	0	941.75
650.064	986.75	0	986.75
650.179	953.75	0	953.75
650.293	949.75	0	949.75
650.408	939	0	939
650.522	961.25	0	961.25
650.636	982.75	0	982.75
650.751	983.25	0	983.25
650.865	999.25	0	999.25
650.979	1152	0	1152
651.094	1058.5	0	1058.5
651.208	954.75	0	954.75
651.322	921.5	0	921.5
651.437	945.5	0	945.5
651.551	931	0	931
651.665	960.75	0	960.75
651.779	1119.75	0	1119.75
651.894	1438.25	0	1438.25
652.008	1382.25	0	1382.25
652.122	1261.5	0	1261.5
652.236	974.75	0	974.75
652.35	949.25	0	949.25
652.464	913.5	0	913.5
652.578	905.5	0	905.5
652.693	908.25	0	908.25
652.807	914.75	0	914.75
652.921	947	0	947
653.035	939.25	0	939.25
653.149	926.75	0	926.75
653.263	921.5	0	921.5
653.376	959.75	0	959.75
653.49	926	0	926
653.604	942	0	942
653.718	948.25	0	948.25
653.832	949.25	0	949.25
653.946	964.75	0	964.75
654.06	929	0	929
654.174	950.5	0	950.5
654.287	962.5	0	962.5
654.401	945.5	0	945.5
654.515	965.25	0	965.25
654.629	963.5	0	963.5
654.743	962.25	0	962.25
654.856	948.75	0	948.75
654.97	1011.75	0	1011.75
655.084	1012.5	0	1012.5
655.197	1003.75	0	1003.75
655.311	1012.5	0	1012.5
655.424	1008.25	0	1008.25
655.538	982.75	0	982.75
655.652	1026.75	0	1026.75
655.765	1059.25	0	1059.25
655.879	1066.25	0	1066.25
655.992	1075	0	1075
656.106	1121.25	0	1121.25
656.219	1154.25	0	1154.25
656.333	1191.5	0	1191.5
656.446	1187	0	1187
656.56	1255.5	0	1255.5
656.673	1285	0	1285
656.786	1322.5	0	1322.5
656.9	1298.25	0	1298.25
657.013	1200	0	1200
657.127	1201.75	0	1201.75
657.24	1210	0	1210
657.353	1159.25	0	1159.25
657.466	1148.5	0	1148.5
657.58	1133	0	1133
657.693	1122.75	0	1122.75
657.806	1212.5	0	1212.5
657.919	1396	0	1396
658.032	1199.75	0	1199.75
658.146	1115.5	0	1115.5
658.259	1074.75	0	1074.75
658.372	1038.25	0	1038.25
658.485	1034	0	1034
658.598	1006.75	0	1006.75
658.711	980.75	0	980.75
658.824	1004.25	0	1004.25
658.937	1025.5	0	1025.5
659.05	1012	0	1012
659.163	1003.25	0	1003.25
659.276	1000.25	0	1000.25
659.389	985	0	985
659.502	982.75	0	982.75
659.615	965.5	0	965.5
659.728	968.5	0	968.5
659.841	960.5	0	960.5
659.954	955.5	0	955.5
660.067	958.75	0	958.75
660.179	974.25	0	974.25
660.292	971.75	0	971.75
660.405	963.75	0	963.75
660.518	968.75	0	968.75
660.63	966.75	0	966.75
660.743	966	0	966
660.856	997.25	0	997.25
660.969	966.25	0	966.25
661.081	1006.75	0	1006.75
661.194	976.25	0	976.25
661.307	982.5	0	982.5
661.419	1032.5	0	1032.5
661.532	1180	0	1180
661.644	1398.75	0	1398.75
661.757	1050	0	1050
661.869	984.75	0	984.75
661.982	925.25	0	925.25
662.094	905	0	905
662.207	917.25	0	917.25
662.319	906.5	0	906.5
662.432	953.75	0	953.75
662.544	1113.5	0	1113.5
662.656	1008	0	1008
662.769	870.5	0	870.5
662.881	882.75	0	882.75
662.994	842.25	0	842.25
663.106	864.75	0	864.75
663.218	853	0	853
663.331	815.25	0	815.25
663.443	832.25	0	832.25
663.555	814	0	814
663.667	824.75	0	824.75
663.779	786	0	786
663.892	819.5	0	819.5
664.004	818.5	0	818.5
664.116	776.5	0	776.5
664.228	797.25	0	797.25
664.34	790	0	790
664.452	805.25	0	805.25
664.564	789.75	0	789.75
664.676	816.25	0	816.25
664.788	784	0	784
664.901	773	0	773
665.012	792	0	792
665.125	793.25	0	793.25
665.236	768.5	0	768.5
665.348	790.5	0	790.5
665.46	775.5	0	775.5
665.572	797.5	0	797.5
665.684	753	0	753
665.796	760.75	0	760.75
665.908	759.25	0	759.25
666.02	781.75	0	781.75
666.131	757.25	0	757.25
666.243	751.5	0	751.5
666.355	750.25	0	750.25
666.467	795.5	0	795.5
666.578	819.25	0	819.25
666.69	831	0	831
666.802	793.25	0	793.25
666.914	765	0	765
667.025	767.25	0	767.25
667.137	734.5	0	734.5
667.248	769.5	0	769.5
667.36	757	0	757
667.472	763.5	0	763.5
667.583	772.5	0	772.5
667.695	850.25	0	850.25
667.806	1094.25	0	1094.25
667.918	1145	0	1145
668.029	1237.75	0	1237.75
668.141	819.25	0	819.25
668.252	728.5	0	728.5
668.363	740	0	740
668.475	730	0	730
668.586	749.25	0	749.25
668.698	735	0	735
668.809	811.25	0	811.25
668.92	748	0	748
669.032	701	0	701
669.143	720.5	0	720.5
669.254	743	0	743
669.365	702.5	0	702.5
669.477	692.5	0	692.5
669.588	701	0	701
669.699	725.25	0	725.25
669.81	734.5	0	734.5
669.921	712.75	0	712.75
670.032	705.75	0	705.75
670.143	701.5	0	701.5
670.255	701	0	701
670.366	682.25	0	682.25
670.477	672.25	0	672.25
670.588	689.75	0	689.75
670.699	690.25	0	690.25
670.81	702	0	702
670.921	699.5	0	699.5
671.032	702	0	702
671.143	718.75	0	718.75
671.253	714.5	0	714.5
671.364	731.5	0	731.5
671.475	726.75	0	726.75
671.586	686	0	686
671.697	678.75	0	678.75
671.808	699.25	0	699.25
671.919	689.75	0	689.75
672.029	666.75	0	666.75
672.14	694	0	694
672.251	684.75	0	684.75
672.362	661	0	661
672.472	674.25	0	674.25
672.583	676.75	0	676.75
672.694	677	0	677
672.804	673.25	0	673.25
672.915	670	0	670
673.025	691	0	691
673.136	680.75	0	680.75
673.247	658.5	0	658.5
673.357	633.5	0	633.5
673.468	663.5	0	663.5
673.578	682	0	682
673.689	647.75	0	647.75
673.799	669.25	0	669.25
673.91	663.75	0	663.75
674.02	659.25	0	659.25
674.13	641.5	0	641.5
674.241	652.25	0	652.25
674.351	693	0	693
674.461	764.75	0	764.75
674.572	793.5	0	793.5
674.682	676.75	0	676.75
674.792	662	0	662
674.903	651.5	0	651.5
675.013	658.75	0	658.75
675.123	643.75	0	643.75
675.233	624.75	0	624.75
675.344	616	0	616
675.454	633.75	0	633.75
675.564	656.25	0	656.25
675.674	639.25	0	639.25
675.784	647.25	0	647.25
675.894	720.5	0	720.5
676.004	719.25	0	719.25
676.114	666.5	0	666.5
676.224	628	0	628
676.334	631	0	631
676.444	600.25	0	600.25
676.554	633	0	633
676.664	639.25	0	639.25
676.774	653.5	0	653.5
676.884	636.5	0	636.5
676.994	622	0	622
677.104	608	0	608
677.214	641	0	641
677.324	648.75	0	648.75
677.433	638.75	0	638.75
677.543	749	0	749
677.653	743.5	0	743.5
677.763	675	0	675
677.872	712.75	0	712.75
677.982	652.25	0	652.25
678.092	597.5	0	597.5
678.202	616.25	0	616.25
678.311	609	0	609
678.421	612.75	0	612.75
678.53	616	0	616
678.64	596.25	0	596.25
678.75	602.5	0	602.5
678.859	585	0	585
678.969	609.75	0	609.75
679.078	576.5	0	576.5
679.188	616	0	616
679.297	637.25	0	637.25
679.407	673.5	0	673.5
679.516	625.25	0	625.25
679.625	572.25	0	572.25
679.735	584	0	584
679.844	583	0	583
679.954	566.75	0	566.75
680.063	571.5	0	571.5
680.172	578	0	578
680.282	581	0	581
680.391	589	0	589
680.5	581.25	0	581.25
680.609	589.25	0	589.25
680.719	587.5	0	587.5
680.828	583.5	0	583.5
680.937	578.5	0	578.5
681.046	582.5	0	582.5
681.155	569.5	0	569.5
681.264	577.75	0	577.75
681.374	598.25	0	598.25
681.483	653.75	0	653.75
681.592	664.75	0	664.75
681.701	798.25	0	798.25
681.81	891.75	0	891.75
681.919	587.5	0	587.5
682.028	574.75	0	574.75
682.137	581.25	0	581.25
682.246	579.5	0	579.5
682.355	588.25	0	588.25
682.463	570.25	0	570.25
682.572	559.75	0	559.75
682.681	567	0	567
682.79	567.25	0	567.25
682.899	588.5	0	588.5
683.008	567.5	0	567.5
683.117	549.25	0	549.25
683.225	560	0	560
683.334	559	0	559
683.443	552.75	0	552.75
683.551	560.75	0	560.75
683.66	606.5	0	606.5
683.769	605	0	605
683.877	578.5	0	578.5
683.986	566.75	0	566.75
684.095	536.75	0	536.75
684.203	548.75	0	548.75
684.312	543.5	0	543.5
684.42	537.25	0	537.25
684.529	510.25	0	510.25
684.637	540.75	0	540.75
684.746	538.25	0	538.25
684.854	533.75	0	533.75
684.963	549.5	0	549.5
685.071	524.5	0	524.5
685.18	533.75	0	533.75
685.288	547.5	0	547.5
685.396	551.25	0	551.25
685.505	535.75	0	535.75
685.613	547.25	0	547.25
685.721	552.25	0	552.25
685.83	535.25	0	535.25
685.938	522	0	522
686.046	519.25	0	519.25
686.154	516	0	516
686.263	522.5	0	522.5
686.371	541.5	0	541.5
686.479	534	0	534
686.587	551.5	0	551.5
686.695	520.5	0	520.5
686.803	547.25	0	547.25
686.911	613.25	0	613.25
687.019	949.5	0	949.5
687.127	893.75	0	893.75
687.235	582.25	0	582.25
687.343	514.5	0	514.5
687.451	539	0	539
687.559	507.75	0	507.75
687.667	544.75	0	544.75
687.775	573	0	573
687.883	706.75	0	706.75
687.991	973	0	973
688.099	608.75	0	608.75
688.207	612.25	0	612.25
688.315	527.5	0	527.5
688.422	522.75	0	522.75
688.53	514.5	0	514.5
688.638	523.25	0	523.25
688.746	517	0	517
688.853	502.75	0	502.75
688.961	498.75	0	498.75
689.069	499.75	0	499.75
689.176	502.5	0	502.5
689.284	499	0	499
689.392	499.75	0	499.75
689.499	497.25	0	497.25
689.607	512.75	0	512.75
689.714	528.75	0	528.75
689.822	500	0	500
689.93	501.25	0	501.25
690.037	514.5	0	514.5
690.144	530.75	0	530.75
690.252	502.75	0	502.75
690.359	526	0	526
690.467	643	0	643
690.574	693.25	0	693.25
690.682	774.25	0	774.25
690.789	493.75	0	493.75
690.896	497	0	497
691.004	506	0	506
691.111	487	0	487
691.218	485.5	0	485.5
691.325	489.25	0	489.25
691.433	468	0	468
691.54	467.5	0	467.5
691.647	487	0	487
691.754	497.75	0	497.75
691.861	483	0	483
691.969	487	0	487
692.076	468.75	0	468.75
692.183	485.5	0	485.5
692.29	479.25	0	479.25
692.397	478.5	0	478.5
692.504	487	0	487
692.611	474.25	0	474.25
692.718	490.25	0	490.25
692.825	476	0	476
692.932	494.25	0	494.25
693.039	551.5	0	551.5
693.146	825	0	825
693.253	923.5	0	923.5
693.359	707.5	0	707.5
693.466	490	0	490
693.573	491.25	0	491.25
693.68	473.5	0	473.5
693.787	476.75	0	476.75
693.894	466.75	0	466.75
694	469.5	0	469.5
694.107	470	0	470
694.214	475.25	0	475.25
694.32	489.75	0	489.75
694.427	472.75	0	472.75
694.534	503.25	0	503.25
694.64	456.5	0	456.5
694.747	457.5	0	457.5
694.853	461.25	0	461.25
694.96	459.75	0	459.75
695.067	510	0	510
695.173	509.75	0	509.75
695.28	480.75	0	480.75
695.386	478	0	478
695.493	529.75	0	529.75
695.599	576	0	576
695.705	479.75	0	479.75
695.812	537.75	0	537.75
695.918	485	0	485
696.025	484.75	0	484.75
696.131	466	0	466
696.237	457.25	0	457.25
696.344	446.75	0	446.75
696.45	440	0	440
696.556	446.25	0	446.25
696.662	479.5	0	479.5
696.768	462	0	462
696.875	486.75	0	486.75
696.981	621.5	0	621.5
697.087	738.5	0	738.5
697.193	501.75	0	501.75
697.299	453.5	0	453.5
697.405	479.25	0	479.25
697.512	483.25	0	483.25
697.618	496.75	0	496.75
697.724	462.75	0	462.75
697.83	442.75	0	442.75
697.936	460	0	460
698.042	458	0	458
698.148	460.75	0	460.75
698.253	452.75	0	452.75
698.359	461.75	0	461.75
698.465	435	0	435
698.571	456.5	0	456.5
698.677	458.75	0	458.75
698.783	474.75	0	474.75
698.889	452.75	0	452.75
698.994	447.5	0	447.5
699.1	423.75	0	423.75
699.206	454.25	0	454.25
699.312	438.75	0	438.75
699.417	439.25	0	439.25
699.523	443.75	0	443.75
699.629	447.75	0	447.75
699.734	436	0	436
699.84	466.25	0	466.25
699.946	530.5	0	530.5
700.051	481.25	0	481.25
700.157	436.25	0	436.25
700.262	447	0	447
700.368	432	0	432
700.473	460.75	0	460.75
700.579	452	0	452
700.684	464	0	464
700.79	461	0	461
700.895	481.5	0	481.5
701	515.75	0	515.75
701.106	590	0	590
701.211	508.5	0	508.5
701.316	448.5	0	448.5
701.422	420.75	0	420.75
701.527	433.25	0	433.25
701.632	431.5	0	431.5
701.738	428.25	0	428.25
701.843	417.25	0	417.25
701.948	425.75	0	425.75
702.053	416.5	0	416.5
702.158	416.25	0	416.25
702.264	427.5	0	427.5
702.369	426.5	0	426.5
702.474	444.75	0	444.75
702.579	439.25	0	439.25
702.684	439.5	0	439.5
702.789	430.25	0	430.25
702.894	492.75	0	492.75
702.999	474.75	0	474.75
703.104	411	0	411
703.209	415.25	0	415.25
703.314	416	0	416
703.419	425.75	0	425.75
703.524	438.75	0	438.75
703.629	443.5	0	443.5
703.733	403	0	403
703.838	419	0	419
703.943	429.75	0	429.75
704.048	418.25	0	418.25
704.153	427.75	0	427.75
704.257	435.5	0	435.5
704.362	491	0	491
704.467	411.75	0	411.75
704.572	424.5	0	424.5
704.676	409.75	0	409.75
704.781	403.25	0	403.25
704.886	420	0	420
704.99	404.75	0	404.75
705.095	409.25	0	409.25
705.199	410.25	0	410.25
705.304	395.5	0	395.5
705.408	427.5	0	427.5
705.513	412.25	0	412.25
705.617	404	0	404
705.722	381	0	381
705.826	395.25	0	395.25
705.931	391.25	0	391.25
706.035	406	0	406
706.139	397	0	397
706.244	414.5	0	414.5
706.348	387.5	0	387.5
706.452	419	0	419
706.557	401.5	0	401.5
706.661	387.5	0	387.5
706.765	395.75	0	395.75
706.87	394.75	0	394.75
706.974	406	0	406
707.078	396.25	0	396.25
707.182	420.25	0	420.25
707.286	396.75	0	396.75
707.39	409.75	0	409.75
707.495	398.5	0	398.5
707.599	383.5	0	383.5
707.703	393	0	393
707.807	415.75	0	415.75
707.911	404.25	0	404.25
708.015	391.25	0	391.25
708.119	397.75	0	397.75
708.223	391.5	0	391.5
708.327	400.75	0	400.75
708.431	407.5	0	407.5
708.534	407	0	407
708.638	395.25	0	395.25
708.742	391.75	0	391.75
708.846	385.75	0	385.75
708.95	414.75	0	414.75
709.054	401	0	401
709.157	384.5	0	384.5
709.261	386.25	0	386.25
709.365	402.25	0	402.25
709.469	391.25	0	391.25
709.572	404	0	404
709.676	405.25	0	405.25
709.78	434	0	434
709.883	409.5	0	409.5
709.987	405	0	405
710.09	378.5	0	378.5
710.194	387	0	387
710.298	388.5	0	388.5
710.401	406.75	0	406.75
710.505	382	0	382
710.608	379.25	0	379.25
710.711	382.5	0	382.5
710.815	380.25	0	380.25
710.918	385.25	0	385.25
711.022	395.5	0	395.5
711.125	386	0	386
711.228	385.25	0	385.25
711.332	377	0	377
711.435	394.5	0	394.5
711.538	373.25	0	373.25
711.642	366.5	0	366.5
711.745	374	0	374
711.848	374.5	0	374.5
711.951	390.75	0	390.75
712.055	396.5	0	396.5
712.158	429.25	0	429.25
712.261	389.5	0	389.5
712.364	385.25	0	385.25
712.467	403.25	0	403.25
712.57	401.25	0	401.25
712.673	387.5	0	387.5
712.776	398.75	0	398.75
712.879	382	0	382
712.982	432.5	0	432.5
713.085	410.5	0	410.5
713.188	385.75	0	385.75
713.291	360.75	0	360.75
713.394	377.5	0	377.5
713.497	378.75	0	378.75
713.6	376.25	0	376.25
713.703	368.25	0	368.25
713.805	361.75	0	361.75
713.908	381.25	0	381.25
714.011	377.25	0	377.25
714.114	383	0	383
714.216	390.5	0	390.5
714.319	383.25	0	383.25
714.422	376	0	376
714.525	387.5	0	387.5
714.627	370	0	370
714.73	381.75	0	381.75
714.833	386	0	386
714.935	366	0	366
715.038	390.25	0	390.25
715.14	413.5	0	413.5
715.243	541.75	0	541.75
715.345	616.5	0	616.5
715.448	391	0	391
715.55	378.5	0	378.5
715.653	364.75	0	364.75
715.755	382.75	0	382.75
715.857	390.25	0	390.25
715.96	382	0	382
716.062	382.75	0	382.75
716.164	415.75	0	415.75
716.267	426.75	0	426.75
716.369	414	0	414
716.471	400	0	400
716.574	401.75	0	401.75
716.676	386.75	0	386.75
716.778	395.75	0	395.75
716.88	386.5	0	386.5
716.982	389	0	389
717.085	379.25	0	379.25
717.187	397.75	0	397.75
717.289	371.25	0	371.25
717.391	364.25	0	364.25
717.493	389	0	389
717.595	385	0	385
717.697	519.25	0	519.25
717.799	481.5	0	481.5
717.901	396.5	0	396.5
718.003	393	0	393
718.105	374	0	374
718.207	380	0	380
718.309	368.75	0	368.75
718.411	376.25	0	376.25
718.512	356	0	356
718.614	361	0	361
718.716	342	0	342
718.818	373.75	0	373.75
718.92	356	0	356
719.021	371	0	371
719.123	371.5	0	371.5
719.225	358	0	358
719.326	362.25	0	362.25
719.428	348.5	0	348.5
719.53	364.5	0	364.5
719.631	372.75	0	372.75
719.733	346	0	346
719.834	354.5	0	354.5
719.936	343.75	0	343.75
720.038	357.25	0	357.25
720.139	369.25	0	369.25
720.241	347.5	0	347.5
720.342	349.25	0	349.25
720.443	355.25	0	355.25
720.545	348	0	348
720.646	355.5	0	355.5
720.748	362.75	0	362.75
720.849	363	0	363
720.95	341.5	0	341.5
721.052	351	0	351
721.153	340.75	0	340.75
721.254	339.75	0	339.75
721.355	337.5	0	337.5
721.457	343.75	0	343.75
721.558	360.5	0	360.5
721.659	348.75	0	348.75
721.76	339.25	0	339.25
721.861	342.25	0	342.25
721.963	330.25	0	330.25
722.064	335.75	0	335.75
722.165	358.75	0	358.75
722.266	334.5	0	334.5
722.367	353	0	353
722.468	335.5	0	335.5
722.569	342.75	0	342.75
722.67	351.75	0	351.75
722.771	335.25	0	335.25
722.872	346	0	346
722.973	341.25	0	341.25
723.073	335.75	0	335.75
723.174	345.75	0	345.75
723.275	335	0	335
723.376	351	0	351
723.477	355.5	0	355.5
723.577	350.25	0	350.25
723.678	341.75	0	341.75
723.779	331.5	0	331.5
723.88	356.5	0	356.5
723.98	336.25	0	336.25
724.081	345	0	345
724.182	348.25	0	348.25
724.282	323.25	0	323.25
724.383	352.25	0	352.25
724.483	325	0	325
724.584	332	0	332
724.685	330.5	0	330.5
724.785	337.5	0	337.5
724.886	329	0	329
724.986	326	0	326
725.086	339	0	339
725.187	341.25	0	341.25
725.287	333.25	0	333.25
725.388	361	0	361
725.488	374.5	0	374.5
725.588	340	0	340
725.689	342.5	0	342.5
725.789	329.5	0	329.5
725.889	330	0	330
725.99	323.75	0	323.75
726.09	330	0	330
726.19	322.25	0	322.25
726.29	348.25	0	348.25
726.39	323	0	323
726.49	325.75	0	325.75
726.591	331.5	0	331.5
726.691	333.5	0	333.5
726.791	324.5	0	324.5
726.891	356	0	356
726.991	343.25	0	343.25
727.091	330.75	0	330.75
727.191	329.25	0	329.25
727.291	338.25	0	338.25
727.391	316.5	0	316.5
727.491	324.5	0	324.5
727.591	342.75	0	342.75
727.691	346	0	346
727.79	326.5	0	326.5
727.89	333.25	0	333.25
727.99	338.75	0	338.75
728.09	359.75	0	359.75
728.19	373.5	0	373.5
728.289	348.25	0	348.25
728.389	314.5	0	314.5
728.489	343.25	0	343.25
728.589	347.75	0	347.75
728.688	340.25	0	340.25
728.788	336	0	336
728.888	344.25	0	344.25
728.987	336.5	0	336.5
729.087	350.25	0	350.25
729.186	324	0	324
729.286	337.5	0	337.5
729.385	311.5	0	311.5
729.485	319.75	0	319.75
729.584	335.5	0	335.5
729.684	345	0	345
729.783	329.25	0	329.25
729.883	327.25	0	327.25
729.982	351.75	0	351.75
730.081	363.25	0	363.25
730.181	330	0	330
730.28	333.5	0	333.5
730.379	345	0	345
730.479	350.25	0	350.25
730.578	511.5	0	511.5
730.677	476	0	476
730.776	345.25	0	345.25
730.875	339	0	339
730.975	326.5	0	326.5
731.074	332.25	0	332.25
731.173	350	0	350
731.272	330.5	0	330.5
731.371	338.5	0	338.5
731.47	328.75	0	328.75
731.569	340	0	340
731.668	328	0	328
731.767	337.75	0	337.75
731.866	329.25	0	329.25
731.965	313.25	0	313.25
732.064	319	0	319
732.163	325	0	325
732.262	322.75	0	322.75
732.361	332.5	0	332.5
732.46	349.5	0	349.5
732.558	322.5	0	322.5
732.657	325.5	0	325.5
732.756	352.75	0	352.75
732.855	323.75	0	323.75
732.953	338.75	0	338.75
733.052	324.25	0	324.25
733.151	334.25	0	334.25
733.25	326.75	0	326.75
733.348	325.75	0	325.75
733.447	323.75	0	323.75
733.545	327	0	327
733.644	317	0	317
733.742	337.25	0	337.25
733.841	329.25	0	329.25
733.939	320.75	0	320.75
734.038	324.5	0	324.5
734.136	330.5	0	330.5
734.235	328	0	328
734.333	317.5	0	317.5
734.432	336.25	0	336.25
734.53	324.25	0	324.25
734.628	331.25	0	331.25
734.727	334.5	0	334.5
734.825	339.75	0	339.75
734.923	334.5	0	334.5
735.022	441.5	0	441.5
735.12	510.5	0	510.5
735.218	367.25	0	367.25
735.316	323.25	0	323.25
735.414	325.75	0	325.75
735.513	312.25	0	312.25
735.611	350.25	0	350.25
735.709	472	0	472
735.807	423	0	423
735.905	339.25	0	339.25
736.003	336.5	0	336.5
736.101	429	0	429
736.199	417	0	417
736.297	306	0	306
736.395	313	0	313
736.493	312.75	0	312.75
736.591	320	0	320
736.689	305.5	0	305.5
736.787	302	0	302
736.884	317	0	317
736.982	310.25	0	310.25
737.08	312	0	312
737.178	325.75	0	325.75
737.276	366.5	0	366.5
737.373	426	0	426
737.471	345	0	345
737.569	310.5	0	310.5
737.667	302.75	0	302.75
737.764	313.75	0	313.75
737.862	303	0	303
737.959	314.5	0	314.5
738.057	328.75	0	328.75
738.154	303.25	0	303.25
738.252	306.75	0	306.75
738.35	298.5	0	298.5
738.447	303.25	0	303.25
738.544	321.75	0	321.75
738.642	314	0	314
738.739	317.75	0	317.75
738.837	309.25	0	309.25
738.934	308	0	308
739.031	315.75	0	315.75
739.129	301	0	301
739.226	312.75	0	312.75
739.323	319	0	319
739.421	305	0	305
739.518	301.75	0	301.75
739.615	305	0	305