Lambda	Spectrum	Dark	SpecMinusDark
500.031	5677	0	5677
500.165	6989.5	0	6989.5
500.299	8080.75	0	8080.75
500.433	6956.5	0	6956.5
500.567	5852.5	0	5852.5
500.701	5564	0	5564
500.835	6281.25	0	6281.25
500.968	7388.25	0	7388.25
501.102	8198.75	0	8198.75
501.236	6828.75	0	6828.75
501.37	6262.5	0	6262.5
501.504	6801.5	0	6801.5
501.637	8346.5	0	8346.5
501.771	9855.25	0	9855.25
501.905	9017.25	0	9017.25
502.039	8009.75	0	8009.75
502.172	6996.25	0	6996.25
502.306	7656.25	0	7656.25
502.44	8460.5	0	8460.5
502.573	8180.5	0	8180.5
502.707	9148.75	0	9148.75
502.841	8719.5	0	8719.5
502.974	8069	0	8069
503.108	6194.25	0	6194.25
503.242	5562.25	0	5562.25
503.375	5436.25	0	5436.25
503.509	5536.75	0	5536.75
503.642	6167	0	6167
503.776	7622	0	7622
503.909	9420	0	9420
504.043	11885	0	11885
504.176	10852.2	0	10852.2
504.31	10200	0	10200
504.443	9175.5	0	9175.5
504.577	7062.5	0	7062.5
504.71	6256	0	6256
504.844	6231	0	6231
504.977	5826.5	0	5826.5
505.111	5514.75	0	5514.75
505.244	5461.75	0	5461.75
505.377	5652.5	0	5652.5
505.511	5953	0	5953
505.644	6028.25	0	6028.25
505.777	6067.75	0	6067.75
505.911	5513.25	0	5513.25
506.044	5366.25	0	5366.25
506.177	5477	0	5477
506.311	5461.5	0	5461.5
506.444	5833.25	0	5833.25
506.577	6562.5	0	6562.5
506.71	7889.5	0	7889.5
506.844	8885	0	8885
506.977	8799.75	0	8799.75
507.11	6321.5	0	6321.5
507.243	5618.75	0	5618.75
507.376	5816.25	0	5816.25
507.51	5537	0	5537
507.643	5526.75	0	5526.75
507.776	4775.25	0	4775.25
507.909	4664.75	0	4664.75
508.042	4500	0	4500
508.175	4556	0	4556
508.308	4446.75	0	4446.75
508.441	4481	0	4481
508.574	4403.25	0	4403.25
508.707	4585.5	0	4585.5
508.84	4807.5	0	4807.5
508.973	5161.75	0	5161.75
509.106	5391	0	5391
509.239	5096	0	5096
509.372	4610.75	0	4610.75
509.505	4478.25	0	4478.25
509.638	4328.75	0	4328.75
509.771	4380.5	0	4380.5
509.904	4264.5	0	4264.5
510.037	4251.75	0	4251.75
510.17	4282	0	4282
510.303	4401.25	0	4401.25
510.436	4214.25	0	4214.25
510.568	4282.75	0	4282.75
510.701	4277.75	0	4277.75
510.834	4221	0	4221
510.967	4134	0	4134
511.1	4273.5	0	4273.5
511.232	4229.75	0	4229.75
511.365	4532.75	0	4532.75
511.498	4747.5	0	4747.5
511.631	5024.5	0	5024.5
511.763	5471.25	0	5471.25
511.896	4898.25	0	4898.25
512.029	4522.25	0	4522.25
512.161	4649.25	0	4649.25
512.294	5134.75	0	5134.75
512.427	5616.5	0	5616.5
512.559	5521	0	5521
512.692	4499.5	0	4499.5
512.825	4193	0	4193
512.957	4207.75	0	4207.75
513.09	4173.25	0	4173.25
513.222	4082	0	4082
513.355	3970.25	0	3970.25
513.487	3940	0	3940
513.62	3879.25	0	3879.25
513.752	4012.5	0	4012.5
513.885	3975	0	3975
514.017	3901.5	0	3901.5
514.15	3953	0	3953
514.282	3995	0	3995
514.415	4064.75	0	4064.75
514.547	4185.5	0	4185.5
514.68	4521.25	0	4521.25
514.812	5159	0	5159
514.944	6311	0	6311
515.077	6438.75	0	6438.75
515.209	6127.25	0	6127.25
515.341	4796	0	4796
515.474	4912.5	0	4912.5
515.606	5384.5	0	5384.5
515.738	5277.25	0	5277.25
515.871	4039	0	4039
516.003	3878	0	3878
516.135	3824.75	0	3824.75
516.267	3837.25	0	3837.25
516.4	3850.5	0	3850.5
516.532	3839.5	0	3839.5
516.664	4007	0	4007
516.796	4228.75	0	4228.75
516.928	5183	0	5183
517.06	6960.25	0	6960.25
517.193	9504.75	0	9504.75
517.325	9966.5	0	9966.5
517.457	10935.2	0	10935.2
517.589	11651.5	0	11651.5
517.721	12600	0	12600
517.853	13739.2	0	13739.2
517.985	10445.2	0	10445.2
518.117	9454.5	0	9454.5
518.249	9154.75	0	9154.75
518.381	8956.5	0	8956.5
518.513	8802	0	8802
518.645	8660.5	0	8660.5
518.777	8793.25	0	8793.25
518.909	8801.25	0	8801.25
519.041	8859.25	0	8859.25
519.173	9114.5	0	9114.5
519.305	9351.25	0	9351.25
519.437	10116.5	0	10116.5
519.569	11302.5	0	11302.5
519.701	13120.5	0	13120.5
519.832	12409.2	0	12409.2
519.964	9222.5	0	9222.5
520.096	8300.75	0	8300.75
520.228	8160.25	0	8160.25
520.36	8172.75	0	8172.75
520.491	8241.5	0	8241.5
520.623	8279.25	0	8279.25
520.755	8312.75	0	8312.75
520.887	8424	0	8424
521.018	8795.25	0	8795.25
521.15	9756.25	0	9756.25
521.282	10809	0	10809
521.414	12537.2	0	12537.2
521.545	13369.5	0	13369.5
521.677	9384	0	9384
521.808	8047.5	0	8047.5
521.94	7605	0	7605
522.072	7522	0	7522
522.203	7875.75	0	7875.75
522.335	8176	0	8176
522.466	8744.75	0	8744.75
522.598	8514	0	8514
522.729	9627	0	9627
522.861	10879.8	0	10879.8
522.993	10266.5	0	10266.5
523.124	7901.75	0	7901.75
523.256	7325.5	0	7325.5
523.387	7117.5	0	7117.5
523.518	6920.75	0	6920.75
523.65	6690.75	0	6690.75
523.781	6667.25	0	6667.25
523.913	6569.75	0	6569.75
524.044	6716.25	0	6716.25
524.176	6994.75	0	6994.75
524.307	7635.75	0	7635.75
524.438	7719	0	7719
524.57	8102.75	0	8102.75
524.701	7537	0	7537
524.832	7483.25	0	7483.25
524.964	7771.75	0	7771.75
525.095	7948.5	0	7948.5
525.226	7923.75	0	7923.75
525.357	7607	0	7607
525.489	7524	0	7524
525.62	8062.75	0	8062.75
525.751	7541.75	0	7541.75
525.882	7088.25	0	7088.25
526.013	7101	0	7101
526.145	6992.5	0	6992.5
526.276	6816.75	0	6816.75
526.407	6945.75	0	6945.75
526.538	7016.5	0	7016.5
526.669	7035	0	7035
526.8	7443.75	0	7443.75
526.931	7681.25	0	7681.25
527.062	7903.25	0	7903.25
527.193	7279.75	0	7279.75
527.324	6779.5	0	6779.5
527.455	6613.75	0	6613.75
527.586	6501	0	6501
527.717	6350.5	0	6350.5
527.848	6295.75	0	6295.75
527.979	6220.25	0	6220.25
528.11	6142.25	0	6142.25
528.241	6204	0	6204
528.372	6363.25	0	6363.25
528.503	6795.75	0	6795.75
528.634	7033	0	7033
528.765	7499.5	0	7499.5
528.896	7018	0	7018
529.026	6307.5	0	6307.5
529.157	6179.25	0	6179.25
529.288	6194	0	6194
529.419	6079.75	0	6079.75
529.55	5911	0	5911
529.681	5944.75	0	5944.75
529.811	6122	0	6122
529.942	6449.5	0	6449.5
530.073	6968.75	0	6968.75
530.203	7066	0	7066
530.334	6500.25	0	6500.25
530.465	5975	0	5975
530.596	5591.75	0	5591.75
530.726	5574.75	0	5574.75
530.857	5463.5	0	5463.5
530.987	5558	0	5558
531.118	5615	0	5615
531.249	5903.75	0	5903.75
531.379	5833.25	0	5833.25
531.51	5814.75	0	5814.75
531.64	6050	0	6050
531.771	5908	0	5908
531.901	5808.25	0	5808.25
532.032	5707	0	5707
532.163	5677.75	0	5677.75
532.293	5568.5	0	5568.5
532.423	5578.5	0	5578.5
532.554	5570	0	5570
532.684	5529	0	5529
532.815	5577.25	0	5577.25
532.945	5566.75	0	5566.75
533.076	5486.75	0	5486.75
533.206	5672	0	5672
533.336	5633	0	5633
533.467	5475	0	5475
533.597	5609.25	0	5609.25
533.727	5520.25	0	5520.25
533.858	5416	0	5416
533.988	5555	0	5555
534.118	5520.5	0	5520.5
534.248	5530.5	0	5530.5
534.379	5547	0	5547
534.509	5449	0	5449
534.639	5477.5	0	5477.5
534.769	5328.25	0	5328.25
534.9	5305.75	0	5305.75
535.03	5213	0	5213
535.16	5272	0	5272
535.29	5279.25	0	5279.25
535.42	5168	0	5168
535.55	5448.25	0	5448.25
535.68	5236	0	5236
535.81	5219	0	5219
535.94	5324	0	5324
536.071	5458.5	0	5458.5
536.201	5744	0	5744
536.331	5938	0	5938
536.461	5980.5	0	5980.5
536.591	5862.5	0	5862.5
536.721	5769.75	0	5769.75
536.851	5940.5	0	5940.5
536.981	5938	0	5938
537.11	6123.25	0	6123.25
537.24	5986.75	0	5986.75
537.37	6201.25	0	6201.25
537.5	6014.75	0	6014.75
537.63	5728.5	0	5728.5
537.76	5644	0	5644
537.89	5584.25	0	5584.25
538.02	5554.5	0	5554.5
538.149	5484.25	0	5484.25
538.279	5400.75	0	5400.75
538.409	5351.5	0	5351.5
538.539	5376.5	0	5376.5
538.669	5236.75	0	5236.75
538.798	5363.5	0	5363.5
538.928	5284.25	0	5284.25
539.058	5326.75	0	5326.75
539.187	5493.75	0	5493.75
539.317	5792.75	0	5792.75
539.447	6116.25	0	6116.25
539.576	5926	0	5926
539.706	5561.75	0	5561.75
539.836	5583.25	0	5583.25
539.965	5776.25	0	5776.25
540.095	5989.5	0	5989.5
540.225	5882.5	0	5882.5
540.354	5370.25	0	5370.25
540.484	5318.5	0	5318.5
540.613	5329.5	0	5329.5
540.743	5350.25	0	5350.25
540.872	5523.75	0	5523.75
541.002	5494.5	0	5494.5
541.131	5690.25	0	5690.25
541.261	5900.75	0	5900.75
541.39	6183	0	6183
541.52	5856.75	0	5856.75
541.649	5622.75	0	5622.75
541.778	5617	0	5617
541.908	5432.75	0	5432.75
542.037	5439.5	0	5439.5
542.167	5366.25	0	5366.25
542.296	5348.25	0	5348.25
542.425	5268	0	5268
542.554	5366.75	0	5366.75
542.684	5449.75	0	5449.75
542.813	5810.5	0	5810.5
542.942	5718.5	0	5718.5
543.072	5886	0	5886
543.201	5754.75	0	5754.75
543.33	5859.75	0	5859.75
543.459	5714.75	0	5714.75
543.588	5450.75	0	5450.75
543.718	5451.5	0	5451.5
543.847	5330.75	0	5330.75
543.976	5414.75	0	5414.75
544.105	5507.75	0	5507.75
544.234	5373.25	0	5373.25
544.363	5303.25	0	5303.25
544.492	5212.75	0	5212.75
544.621	5075.75	0	5075.75
544.75	5069.75	0	5069.75
544.88	5316.5	0	5316.5
545.009	5740.5	0	5740.5
545.138	6804.25	0	6804.25
545.266	7971.25	0	7971.25
545.396	9323.25	0	9323.25
545.525	9206.25	0	9206.25
545.653	9327.25	0	9327.25
545.782	9176.5	0	9176.5
545.911	9105	0	9105
546.04	9018.5	0	9018.5
546.169	9154.5	0	9154.5
546.298	9289	0	9289
546.427	9283.75	0	9283.75
546.556	9231.5	0	9231.5
546.685	8676.75	0	8676.75
546.813	8645.75	0	8645.75
546.942	8427.5	0	8427.5
547.071	8487.25	0	8487.25
547.2	8267.25	0	8267.25
547.328	8471.75	0	8471.75
547.457	8621.25	0	8621.25
547.586	9023.25	0	9023.25
547.715	8935.5	0	8935.5
547.843	9080.5	0	9080.5
547.972	8651.25	0	8651.25
548.101	8399	0	8399
548.229	8613	0	8613
548.358	8502.75	0	8502.75
548.487	8599.75	0	8599.75
548.615	8932	0	8932
548.744	8365.5	0	8365.5
548.872	7882	0	7882
549.001	7847.75	0	7847.75
549.129	8013.75	0	8013.75
549.258	8560.5	0	8560.5
549.387	8832.75	0	8832.75
549.515	9004	0	9004
549.643	7938.75	0	7938.75
549.772	7550.75	0	7550.75
549.9	7751.25	0	7751.25
550.029	8064.25	0	8064.25
550.157	8543.5	0	8543.5
550.286	8932.75	0	8932.75
550.414	8868.75	0	8868.75
550.542	9064.5	0	9064.5
550.671	9261	0	9261
550.799	9414.75	0	9414.75
550.927	9324.25	0	9324.25
551.056	8840.25	0	8840.25
551.184	8849.25	0	8849.25
551.312	9039	0	9039
551.441	9764.75	0	9764.75
551.569	11213.5	0	11213.5
551.697	13137	0	13137
551.825	12775	0	12775
551.953	11987.5	0	11987.5
552.082	9320.25	0	9320.25
552.21	8501.75	0	8501.75
552.338	8266	0	8266
552.466	8168.5	0	8168.5
552.594	8034.75	0	8034.75
552.722	7866.5	0	7866.5
552.851	7956.25	0	7956.25
552.979	8025.5	0	8025.5
553.107	8043.25	0	8043.25
553.235	8129.25	0	8129.25
553.363	7977.75	0	7977.75
553.491	8001	0	8001
553.619	8060.75	0	8060.75
553.747	8377	0	8377
553.875	8174.5	0	8174.5
554.003	7933.25	0	7933.25
554.131	7753.5	0	7753.5
554.259	7750.25	0	7750.25
554.387	7684	0	7684
554.514	7531.75	0	7531.75
554.642	7483	0	7483
554.77	7388.75	0	7388.75
554.898	7499.5	0	7499.5
555.026	7421	0	7421
555.154	7415.25	0	7415.25
555.281	7573	0	7573
555.409	7431.75	0	7431.75
555.537	7485.25	0	7485.25
555.665	7543	0	7543
555.793	7440.5	0	7440.5
555.92	7343	0	7343
556.048	7323.75	0	7323.75
556.176	7344.5	0	7344.5
556.303	7400.5	0	7400.5
556.431	7542.25	0	7542.25
556.559	7598	0	7598
556.686	7794.25	0	7794.25
556.814	8079.25	0	8079.25
556.942	8434.25	0	8434.25
557.069	8323	0	8323
557.197	7688.5	0	7688.5
557.324	7629.5	0	7629.5
557.452	7539.5	0	7539.5
557.579	7705	0	7705
557.707	7759.5	0	7759.5
557.835	7931.75	0	7931.75
557.962	7826.25	0	7826.25
558.089	7680.25	0	7680.25
558.217	7585	0	7585
558.344	7575.75	0	7575.75
558.472	7334.75	0	7334.75
558.599	7444.5	0	7444.5
558.727	7362.5	0	7362.5
558.854	7372	0	7372
558.981	7230.75	0	7230.75
559.109	7174.25	0	7174.25
559.236	6965.25	0	6965.25
559.363	7104.25	0	7104.25
559.491	6964	0	6964
559.618	7038.75	0	7038.75
559.745	7087.5	0	7087.5
559.872	7533.5	0	7533.5
560	8490	0	8490
560.127	10254	0	10254
560.254	12539.2	0	12539.2
560.381	11508.2	0	11508.2
560.508	10290.8	0	10290.8
560.636	9788.5	0	9788.5
560.763	9918.5	0	9918.5
560.89	10480	0	10480
561.017	10687	0	10687
561.144	10590.2	0	10590.2
561.271	10338.2	0	10338.2
561.398	10175.2	0	10175.2
561.525	10019.5	0	10019.5
561.652	9924	0	9924
561.779	9896.5	0	9896.5
561.906	10119	0	10119
562.033	10064.5	0	10064.5
562.16	10237.2	0	10237.2
562.287	10022.5	0	10022.5
562.414	9893.25	0	9893.25
562.541	9810	0	9810
562.668	9753.25	0	9753.25
562.795	9577	0	9577
562.922	9303.25	0	9303.25
563.049	9447	0	9447
563.175	10182.5	0	10182.5
563.302	11158	0	11158
563.429	12207	0	12207
563.556	11327	0	11327
563.683	10541	0	10541
563.809	10032.2	0	10032.2
563.936	10202	0	10202
564.063	10715.5	0	10715.5
564.19	10651.5	0	10651.5
564.316	10709	0	10709
564.443	10690.5	0	10690.5
564.57	10891	0	10891
564.696	11324.2	0	11324.2
564.823	11648.2	0	11648.2
564.95	11200	0	11200
565.076	10433.2	0	10433.2
565.203	10088	0	10088
565.33	10161.5	0	10161.5
565.456	9708	0	9708
565.583	9332.5	0	9332.5
565.709	9377.5	0	9377.5
565.836	9189.5	0	9189.5
565.962	9169.25	0	9169.25
566.089	8942.5	0	8942.5
566.215	9039.75	0	9039.75
566.341	9088.25	0	9088.25
566.468	9871.75	0	9871.75
566.594	11272.5	0	11272.5
566.721	11544.8	0	11544.8
566.847	10355.2	0	10355.2
566.974	9982	0	9982
567.1	9737.75	0	9737.75
567.226	9904.75	0	9904.75
567.353	10098.2	0	10098.2
567.479	10016.5	0	10016.5
567.605	10028	0	10028
567.732	10040.8	0	10040.8
567.858	9955.75	0	9955.75
567.984	10259.5	0	10259.5
568.11	9725.25	0	9725.25
568.236	9439.5	0	9439.5
568.363	9279.25	0	9279.25
568.489	9167.75	0	9167.75
568.615	8761.25	0	8761.25
568.741	8649	0	8649
568.867	8460.75	0	8460.75
568.993	8534.5	0	8534.5
569.12	8533.75	0	8533.75
569.246	8683.5	0	8683.5
569.372	8760.5	0	8760.5
569.498	8715.25	0	8715.25
569.624	8554.25	0	8554.25
569.75	8532.25	0	8532.25
569.876	8862.75	0	8862.75
570.002	8919.25	0	8919.25
570.128	8428.5	0	8428.5
570.254	8242.5	0	8242.5
570.38	8328	0	8328
570.506	8421.25	0	8421.25
570.632	8560.5	0	8560.5
570.758	8678.25	0	8678.25
570.883	8267.25	0	8267.25
571.009	8103.5	0	8103.5
571.135	7982	0	7982
571.261	7965.25	0	7965.25
571.387	7876	0	7876
571.513	8157.5	0	8157.5
571.638	8270.75	0	8270.75
571.764	8535	0	8535
571.89	8787	0	8787
572.016	8811.5	0	8811.5
572.141	8499.75	0	8499.75
572.267	8239.25	0	8239.25
572.393	8287	0	8287
572.518	8072	0	8072
572.644	7873.25	0	7873.25
572.77	7751.75	0	7751.75
572.895	7699	0	7699
573.021	7740.5	0	7740.5
573.147	7825.5	0	7825.5
573.272	7971	0	7971
573.398	7702.75	0	7702.75
573.523	7575.5	0	7575.5
573.649	7350.75	0	7350.75
573.774	7406.75	0	7406.75
573.9	7394.5	0	7394.5
574.025	7521.75	0	7521.75
574.151	7694.25	0	7694.25
574.276	7880.25	0	7880.25
574.402	8100.25	0	8100.25
574.527	7688.75	0	7688.75
574.652	7332.25	0	7332.25
574.778	7086.5	0	7086.5
574.903	6969	0	6969
575.029	6842.5	0	6842.5
575.154	6829.25	0	6829.25
575.279	6677	0	6677
575.405	6695.75	0	6695.75
575.53	6650	0	6650
575.655	6716.75	0	6716.75
575.78	6590	0	6590
575.906	6643.5	0	6643.5
576.031	6737.75	0	6737.75
576.156	6894.5	0	6894.5
576.281	7052.75	0	7052.75
576.406	7662	0	7662
576.532	7973.75	0	7973.75
576.657	8288.75	0	8288.75
576.782	8272.75	0	8272.75
576.907	8195.25	0	8195.25
577.032	8099	0	8099
577.157	8257.25	0	8257.25
577.282	8069.25	0	8069.25
577.407	7990.75	0	7990.75
577.532	7867	0	7867
577.657	7873	0	7873
577.782	7871	0	7871
577.907	7763	0	7763
578.032	7690.75	0	7690.75
578.157	7500.5	0	7500.5
578.282	7397.5	0	7397.5
578.407	7390	0	7390
578.532	7379	0	7379
578.657	7115.25	0	7115.25
578.782	7326.75	0	7326.75
578.907	7328.25	0	7328.25
579.031	7467.5	0	7467.5
579.156	7241	0	7241
579.281	7090.5	0	7090.5
579.406	7013.75	0	7013.75
579.531	6998	0	6998
579.655	6810.25	0	6810.25
579.78	6762	0	6762
579.905	6717.25	0	6717.25
580.03	6661.75	0	6661.75
580.154	6563	0	6563
580.279	6566.5	0	6566.5
580.404	6494.5	0	6494.5
580.528	6479	0	6479
580.653	6257.75	0	6257.75
580.778	6497	0	6497
580.902	6560.25	0	6560.25
581.027	6507.25	0	6507.25
581.151	6468	0	6468
581.276	6623.25	0	6623.25
581.4	6974	0	6974
581.525	7457	0	7457
581.649	7719.5	0	7719.5
581.774	8013	0	8013
581.898	8321	0	8321
582.023	8532	0	8532
582.147	8261.5	0	8261.5
582.272	8372.75	0	8372.75
582.396	8373	0	8373
582.52	8334	0	8334
582.645	8345.5	0	8345.5
582.769	8177.25	0	8177.25
582.893	8115.75	0	8115.75
583.018	7975	0	7975
583.142	8015.5	0	8015.5
583.266	7955.75	0	7955.75
583.391	7886.5	0	7886.5
583.515	7753.25	0	7753.25
583.639	7679.5	0	7679.5
583.763	7598.25	0	7598.25
583.888	7583.75	0	7583.75
584.012	7501.75	0	7501.75
584.136	7589.5	0	7589.5
584.26	7575.75	0	7575.75
584.384	7679	0	7679
584.508	7505.75	0	7505.75
584.632	7435.75	0	7435.75
584.757	7247.25	0	7247.25
584.881	7284.25	0	7284.25
585.005	7463	0	7463
585.129	7702.75	0	7702.75
585.253	8003.25	0	8003.25
585.377	8117.5	0	8117.5
585.501	8339.5	0	8339.5
585.625	8341	0	8341
585.749	8346.25	0	8346.25
585.873	8219	0	8219
585.997	8256.75	0	8256.75
586.12	8093.25	0	8093.25
586.244	8095	0	8095
586.368	8150.5	0	8150.5
586.492	8352	0	8352
586.616	8855.25	0	8855.25
586.74	9352.5	0	9352.5
586.864	9761	0	9761
586.987	10429.8	0	10429.8
587.111	11169	0	11169
587.235	9658.5	0	9658.5
587.359	9130.75	0	9130.75
587.482	9072.5	0	9072.5
587.606	9305.25	0	9305.25
587.73	9260	0	9260
587.854	9298.25	0	9298.25
587.977	9311.75	0	9311.75
588.101	9483.25	0	9483.25
588.224	9372.5	0	9372.5
588.348	9349.5	0	9349.5
588.472	9249	0	9249
588.595	8982.25	0	8982.25
588.719	8662	0	8662
588.842	8717.75	0	8717.75
588.966	8666.75	0	8666.75
589.089	8595.5	0	8595.5
589.213	8684.5	0	8684.5
589.336	8809.5	0	8809.5
589.46	8630.75	0	8630.75
589.583	8582.75	0	8582.75
589.707	8360.25	0	8360.25
589.83	8474.25	0	8474.25
589.954	8673.25	0	8673.25
590.077	8948.75	0	8948.75
590.2	10044.2	0	10044.2
590.324	11235	0	11235
590.447	11313	0	11313
590.57	10087	0	10087
590.694	9945.25	0	9945.25
590.817	10209.5	0	10209.5
590.94	10231	0	10231
591.063	10199.5	0	10199.5
591.187	10135.5	0	10135.5
591.31	10013	0	10013
591.433	9934.25	0	9934.25
591.556	9883	0	9883
591.679	9975.25	0	9975.25
591.803	10312.2	0	10312.2
591.926	9933.5	0	9933.5
592.049	9993.5	0	9993.5
592.172	10182.5	0	10182.5
592.295	10351.5	0	10351.5
592.418	10364	0	10364
592.541	10678.2	0	10678.2
592.664	11148.2	0	11148.2
592.787	10705.2	0	10705.2
592.91	10153.8	0	10153.8
593.033	10352.5	0	10352.5
593.156	10074	0	10074
593.279	9913.5	0	9913.5
593.402	9893.5	0	9893.5
593.525	9866.25	0	9866.25
593.648	9798.75	0	9798.75
593.771	9623	0	9623
593.894	9540.75	0	9540.75
594.016	9590.75	0	9590.75
594.139	9411	0	9411
594.262	9763.25	0	9763.25
594.385	9572.5	0	9572.5
594.508	9676.75	0	9676.75
594.63	9908.25	0	9908.25
594.753	9231	0	9231
594.876	9078	0	9078
594.999	8989.75	0	8989.75
595.121	9243.25	0	9243.25
595.244	9643	0	9643
595.367	10175	0	10175
595.489	10380.5	0	10380.5
595.612	10649.2	0	10649.2
595.735	10868	0	10868
595.857	10588.5	0	10588.5
595.98	10340.5	0	10340.5
596.102	10400.8	0	10400.8
596.225	10046.5	0	10046.5
596.347	9879.5	0	9879.5
596.47	9895.25	0	9895.25
596.592	9842.25	0	9842.25
596.715	10109.8	0	10109.8
596.837	10397.8	0	10397.8
596.96	10791.2	0	10791.2
597.082	10501.5	0	10501.5
597.205	9680	0	9680
597.327	9527.75	0	9527.75
597.449	9487.25	0	9487.25
597.572	9395	0	9395
597.694	9646.25	0	9646.25
597.816	9709.5	0	9709.5
597.939	9379.75	0	9379.75
598.061	9970	0	9970
598.183	10172	0	10172
598.306	10528.5	0	10528.5
598.428	9871.75	0	9871.75
598.55	9387.75	0	9387.75
598.672	8997	0	8997
598.795	9086	0	9086
598.917	8926.75	0	8926.75
599.039	8777.75	0	8777.75
599.161	8774.25	0	8774.25
599.283	8713	0	8713
599.405	8453.5	0	8453.5
599.527	8393.25	0	8393.25
599.65	8326.75	0	8326.75
599.772	8230.5	0	8230.5
599.894	8244	0	8244
600.016	8396.25	0	8396.25
600.138	8552	0	8552
600.26	8783.75	0	8783.75
600.382	9142.25	0	9142.25
600.504	9171	0	9171
600.625	9013	0	9013
600.747	8570.5	0	8570.5
600.869	8419.25	0	8419.25
600.991	8739.5	0	8739.5
601.113	8871	0	8871
601.235	8785	0	8785
601.357	8725.25	0	8725.25
601.479	8523	0	8523
601.6	8434.75	0	8434.75
601.722	8504	0	8504
601.844	8434.5	0	8434.5
601.966	8267	0	8267
602.087	7940.5	0	7940.5
602.209	8026.75	0	8026.75
602.331	7886	0	7886
602.453	7792.75	0	7792.75
602.574	7599.5	0	7599.5
602.696	7860.25	0	7860.25
602.818	7771.25	0	7771.25
602.939	7810	0	7810
603.061	7681.75	0	7681.75
603.182	7793.75	0	7793.75
603.304	7719	0	7719
603.426	7635	0	7635
603.547	7788.5	0	7788.5
603.669	7581.25	0	7581.25
603.79	7428.25	0	7428.25
603.912	7340.5	0	7340.5
604.033	7200	0	7200
604.154	7145.75	0	7145.75
604.276	7119	0	7119
604.397	7069.5	0	7069.5
604.519	7049.25	0	7049.25
604.64	6968	0	6968
604.761	6825.25	0	6825.25
604.883	6795.5	0	6795.5
605.004	6755.75	0	6755.75
605.125	6708.5	0	6708.5
605.247	6677.5	0	6677.5
605.368	6712.5	0	6712.5
605.489	6621.25	0	6621.25
605.611	6911.25	0	6911.25
605.732	6810.25	0	6810.25
605.853	6683.25	0	6683.25
605.974	6639.75	0	6639.75
606.095	6663	0	6663
606.216	6849.5	0	6849.5
606.338	6821.5	0	6821.5
606.459	6886.5	0	6886.5
606.58	6681.75	0	6681.75
606.701	6634.5	0	6634.5
606.822	6851.25	0	6851.25
606.943	6951.25	0	6951.25
607.064	6588.25	0	6588.25
607.185	6337.25	0	6337.25
607.306	6258.75	0	6258.75
607.427	6274	0	6274
607.548	6237	0	6237
607.669	6254	0	6254
607.79	6070	0	6070
607.911	6130.75	0	6130.75
608.032	6092.5	0	6092.5
608.153	6034	0	6034
608.274	6145	0	6145
608.394	6037	0	6037
608.515	6017.75	0	6017.75
608.636	5850.25	0	5850.25
608.757	6067.5	0	6067.5
608.878	6349	0	6349
608.998	6483.5	0	6483.5
609.119	5825.25	0	5825.25
609.24	5767.5	0	5767.5
609.361	5808.75	0	5808.75
609.481	6085	0	6085
609.602	6380.25	0	6380.25
609.723	5871	0	5871
609.843	5578.75	0	5578.75
609.964	5477.25	0	5477.25
610.085	5440.5	0	5440.5
610.205	5345.5	0	5345.5
610.326	5543	0	5543
610.446	5510.75	0	5510.75
610.567	5401	0	5401
610.687	5491.25	0	5491.25
610.808	5553.75	0	5553.75
610.928	5577	0	5577
611.049	5445.25	0	5445.25
611.169	5438	0	5438
611.29	5427.5	0	5427.5
611.41	5502.25	0	5502.25
611.531	5414	0	5414
611.651	5360	0	5360
611.771	5194	0	5194
611.892	5222.25	0	5222.25
612.012	5286.5	0	5286.5
612.132	5190.5	0	5190.5
612.253	5087	0	5087
612.373	4983	0	4983
612.493	5157	0	5157
612.613	5218.75	0	5218.75
612.734	5077.25	0	5077.25
612.854	5144.5	0	5144.5
612.974	5647.5	0	5647.5
613.094	5817.5	0	5817.5
613.214	5100.25	0	5100.25
613.335	4900.5	0	4900.5
613.455	4826.75	0	4826.75
613.575	4793.75	0	4793.75
613.695	4658.75	0	4658.75
613.815	4824	0	4824
613.935	4735.25	0	4735.25
614.055	4674.75	0	4674.75
614.175	4752.75	0	4752.75
614.295	4692.25	0	4692.25
614.415	4653.5	0	4653.5
614.535	4495.5	0	4495.5
614.655	4460.25	0	4460.25
614.775	4349.25	0	4349.25
614.895	4463.5	0	4463.5
615.015	4493.25	0	4493.25
615.135	4714.25	0	4714.25
615.254	5082	0	5082
615.374	5537.5	0	5537.5
615.494	5191.25	0	5191.25
615.614	4914.5	0	4914.5
615.734	4948	0	4948
615.854	5036	0	5036
615.973	5073.75	0	5073.75
616.093	5430.5	0	5430.5
616.213	6309.25	0	6309.25
616.332	7533.5	0	7533.5
616.452	7734	0	7734
616.572	7746.25	0	7746.25
616.691	8311.75	0	8311.75
616.811	8026	0	8026
616.931	8012.75	0	8012.75
617.05	7769.5	0	7769.5
617.17	7711.5	0	7711.5
617.289	7710.75	0	7710.75
617.409	7704	0	7704
617.529	7605.75	0	7605.75
617.648	7601.75	0	7601.75
617.768	8032.75	0	8032.75
617.887	8853.25	0	8853.25
618.006	8324	0	8324
618.126	8005.75	0	8005.75
618.245	7815.25	0	7815.25
618.365	7573.25	0	7573.25
618.484	7487.5	0	7487.5
618.604	7438.5	0	7438.5
618.723	7870.25	0	7870.25
618.842	8330.5	0	8330.5
618.962	8717.5	0	8717.5
619.081	9491.25	0	9491.25
619.2	9515.75	0	9515.75
619.319	9015.5	0	9015.5
619.439	9276.75	0	9276.75
619.558	9632.25	0	9632.25
619.677	9536.5	0	9536.5
619.796	9446.25	0	9446.25
619.916	9317.75	0	9317.75
620.035	9177.25	0	9177.25
620.154	9052.5	0	9052.5
620.273	8788.75	0	8788.75
620.392	8857	0	8857
620.511	8837.25	0	8837.25
620.63	8781	0	8781
620.749	8530.75	0	8530.75
620.868	8457.75	0	8457.75
620.987	8382.5	0	8382.5
621.106	8318.5	0	8318.5
621.225	8161	0	8161
621.344	8366.75	0	8366.75
621.463	8526.75	0	8526.75
621.582	8817.75	0	8817.75
621.701	8973.75	0	8973.75
621.82	10042.5	0	10042.5
621.939	11523.8	0	11523.8
622.058	11492.2	0	11492.2
622.177	10650.2	0	10650.2
622.295	10318.8	0	10318.8
622.414	10272.2	0	10272.2
622.533	10458.2	0	10458.2
622.652	11287	0	11287
622.771	11775	0	11775
622.889	11556.8	0	11556.8
623.008	11377.5	0	11377.5
623.127	11481	0	11481
623.245	11055	0	11055
623.364	10752	0	10752
623.483	10539.2	0	10539.2
623.601	10477.2	0	10477.2
623.72	10280.5	0	10280.5
623.839	10158	0	10158
623.957	10220.5	0	10220.5
624.076	10113.5	0	10113.5
624.194	10007	0	10007
624.313	10234.8	0	10234.8
624.431	10070.5	0	10070.5
624.55	9829.75	0	9829.75
624.668	9796.25	0	9796.25
624.787	9806	0	9806
624.905	9694.75	0	9694.75
625.024	9590.75	0	9590.75
625.142	9470.75	0	9470.75
625.26	9337	0	9337
625.379	9341.5	0	9341.5
625.497	9083.25	0	9083.25
625.615	9165.25	0	9165.25
625.734	9071.75	0	9071.75
625.852	9032	0	9032
625.97	9230.25	0	9230.25
626.089	10108.5	0	10108.5
626.207	11744.5	0	11744.5
626.325	12392.2	0	12392.2
626.443	10550.5	0	10550.5
626.561	10375	0	10375
626.68	9023.75	0	9023.75
626.798	8408.75	0	8408.75
626.916	8326.5	0	8326.5
627.034	8120.75	0	8120.75
627.152	8252	0	8252
627.27	8836.25	0	8836.25
627.388	8555.25	0	8555.25
627.506	8091.75	0	8091.75
627.624	7937.25	0	7937.25
627.742	7910	0	7910
627.86	7941	0	7941
627.978	8164.5	0	8164.5
628.096	8269.25	0	8269.25
628.214	8160.5	0	8160.5
628.332	8104.5	0	8104.5
628.45	7928.5	0	7928.5
628.568	7934.75	0	7934.75
628.686	7720.5	0	7720.5
628.804	7566.25	0	7566.25
628.921	7583.75	0	7583.75
629.039	7339.75	0	7339.75
629.157	7212.25	0	7212.25
629.275	7179.25	0	7179.25
629.393	7138.5	0	7138.5
629.51	7022.25	0	7022.25
629.628	6985.75	0	6985.75
629.746	7098	0	7098
629.864	6923	0	6923
629.981	7103.25	0	7103.25
630.099	7039	0	7039
630.216	6935.75	0	6935.75
630.334	6739.5	0	6739.5
630.452	6695	0	6695
630.569	6618	0	6618
630.687	6568.5	0	6568.5
630.804	6682.25	0	6682.25
630.922	6391.75	0	6391.75
631.039	6387	0	6387
631.157	6161.5	0	6161.5
631.274	6174.75	0	6174.75
631.392	6029	0	6029
631.509	6214.75	0	6214.75
631.627	6201.5	0	6201.5
631.744	6057.75	0	6057.75
631.861	5777.25	0	5777.25
631.979	5688.5	0	5688.5
632.096	5778.75	0	5778.75
632.213	5738.25	0	5738.25
632.331	5739.25	0	5739.25
632.448	5592.5	0	5592.5
632.565	5716.25	0	5716.25
632.683	5754.75	0	5754.75
632.8	5582	0	5582
632.917	5708	0	5708
633.034	5517.75	0	5517.75
633.151	5404	0	5404
633.269	5381.75	0	5381.75
633.386	5505.5	0	5505.5
633.503	5433	0	5433
633.62	5317.25	0	5317.25
633.737	5391	0	5391
633.854	5281.75	0	5281.75
633.971	5362.75	0	5362.75
634.088	5306.5	0	5306.5
634.205	5183.5	0	5183.5
634.322	5072	0	5072
634.439	4963.25	0	4963.25
634.556	4810.75	0	4810.75
634.673	4903.75	0	4903.75
634.79	4834.75	0	4834.75
634.907	4806	0	4806
635.024	4750.5	0	4750.5
635.141	4693.75	0	4693.75
635.258	4764.25	0	4764.25
635.375	4615.25	0	4615.25
635.491	4766.5	0	4766.5
635.608	4738.75	0	4738.75
635.725	4725.75	0	4725.75
635.842	4633	0	4633
635.958	4635.5	0	4635.5
636.075	4720.75	0	4720.75
636.192	4861.25	0	4861.25
636.309	4769.25	0	4769.25
636.425	4779	0	4779
636.542	4775.25	0	4775.25
636.659	4604.25	0	4604.25
636.775	4684.5	0	4684.5
636.892	4510	0	4510
637.008	4633	0	4633
637.125	4710.5	0	4710.5
637.241	4426	0	4426
637.358	4345.25	0	4345.25
637.475	4330	0	4330
637.591	4368.5	0	4368.5
637.707	4258.75	0	4258.75
637.824	4189.5	0	4189.5
637.94	4159	0	4159
638.057	4123.5	0	4123.5
638.173	4109.25	0	4109.25
638.29	4054.25	0	4054.25
638.406	4044.25	0	4044.25
638.522	4072.5	0	4072.5
638.639	4091.75	0	4091.75
638.755	4226.5	0	4226.5
638.871	4304	0	4304
638.987	4281	0	4281
639.104	4187.75	0	4187.75
639.22	4159.75	0	4159.75
639.336	4183.25	0	4183.25
639.452	4053.5	0	4053.5
639.569	3983.5	0	3983.5
639.685	3952.75	0	3952.75
639.801	3918.75	0	3918.75
639.917	3919.5	0	3919.5
640.033	3949.25	0	3949.25
640.149	3834.25	0	3834.25
640.265	3772.25	0	3772.25
640.381	3747.25	0	3747.25
640.497	3776.25	0	3776.25
640.613	3751.5	0	3751.5
640.729	3753	0	3753
640.845	3834.5	0	3834.5
640.961	3648	0	3648
641.077	3627	0	3627
641.193	3672.25	0	3672.25
641.309	3640	0	3640
641.425	3688.25	0	3688.25
641.541	3611	0	3611
641.657	3571.5	0	3571.5
641.773	3682	0	3682
641.888	3788.5	0	3788.5
642.004	3890.5	0	3890.5
642.12	3740.5	0	3740.5
642.236	3775.25	0	3775.25
642.352	3816.5	0	3816.5
642.467	3972.75	0	3972.75
642.583	4018.25	0	4018.25
642.699	4018.25	0	4018.25
642.814	3885	0	3885
642.93	3867.75	0	3867.75
643.046	3861.75	0	3861.75
643.161	3810	0	3810
643.277	3812.5	0	3812.5
643.392	3752	0	3752
643.508	3692.25	0	3692.25
643.623	3702.75	0	3702.75
643.739	3688	0	3688
643.854	3597.75	0	3597.75
643.97	3619.5	0	3619.5
644.085	3570.5	0	3570.5
644.201	3527.25	0	3527.25
644.316	3634.5	0	3634.5
644.432	3473.25	0	3473.25
644.547	3530.75	0	3530.75
644.663	3495.25	0	3495.25
644.778	3381	0	3381
644.893	3447.75	0	3447.75
645.008	3502.5	0	3502.5
645.124	3528.75	0	3528.75
645.239	3713	0	3713
645.354	3637	0	3637
645.47	3648.25	0	3648.25
645.585	3590.25	0	3590.25
645.7	3486.75	0	3486.75
645.815	3579.5	0	3579.5
645.93	3551	0	3551
646.046	3456.5	0	3456.5
646.161	3460.5	0	3460.5
646.276	3369.75	0	3369.75
646.391	3374.25	0	3374.25
646.506	3360.5	0	3360.5
646.621	3265.25	0	3265.25
646.736	3323.25	0	3323.25
646.851	3315.75	0	3315.75
646.966	3235	0	3235
647.081	3377.25	0	3377.25
647.196	3179	0	3179
647.311	3230.5	0	3230.5
647.426	3227.75	0	3227.75
647.541	3247	0	3247
647.656	3108	0	3108
647.771	3190	0	3190
647.885	3200.25	0	3200.25
648	3212.25	0	3212.25
648.115	3217.5	0	3217.5
648.23	3275	0	3275
648.345	3432	0	3432
648.459	3541.5	0	3541.5
648.574	3430.5	0	3430.5
648.689	3410.75	0	3410.75
648.804	3526	0	3526
648.918	3715	0	3715
649.033	3598.75	0	3598.75
649.148	3555.25	0	3555.25
649.262	3517.75	0	3517.75
649.377	3448.5	0	3448.5
649.491	3440.5	0	3440.5
649.606	3459.75	0	3459.75
649.721	3390	0	3390
649.835	3415.25	0	3415.25
649.95	3382.25	0	3382.25
650.064	3388.75	0	3388.75
650.179	3384.25	0	3384.25
650.293	3427	0	3427
650.408	3294.5	0	3294.5
650.522	3287.5	0	3287.5
650.636	3274.25	0	3274.25
650.751	3181.5	0	3181.5
650.865	3152.5	0	3152.5
650.979	3259.75	0	3259.75
651.094	3186.25	0	3186.25
651.208	3268	0	3268
651.322	3172.25	0	3172.25
651.437	3188.25	0	3188.25
651.551	3210.75	0	3210.75
651.665	3292.5	0	3292.5
651.779	3352	0	3352
651.894	3241.5	0	3241.5
652.008	3185	0	3185
652.122	3186.75	0	3186.75
652.236	3224.25	0	3224.25
652.35	3111	0	3111
652.464	3126.25	0	3126.25
652.578	3189	0	3189
652.693	3095.75	0	3095.75
652.807	3059.5	0	3059.5
652.921	3115.5	0	3115.5
653.035	3009	0	3009
653.149	2996.5	0	2996.5
653.263	3007.75	0	3007.75
653.376	3001.75	0	3001.75
653.49	2943.25	0	2943.25
653.604	2922	0	2922
653.718	2987.25	0	2987.25
653.832	2931.25	0	2931.25
653.946	2956.75	0	2956.75
654.06	2882	0	2882
654.174	2937	0	2937
654.287	2876.5	0	2876.5
654.401	2923.5	0	2923.5
654.515	2922.25	0	2922.25
654.629	2994	0	2994
654.743	3004	0	3004
654.856	3312.75	0	3312.75
654.97	3465.25	0	3465.25
655.084	3578.5	0	3578.5
655.197	3315	0	3315
655.311	3300	0	3300
655.424	3520.25	0	3520.25
655.538	3472	0	3472
655.652	3495.75	0	3495.75
655.765	3694.5	0	3694.5
655.879	4114	0	4114
655.992	4125	0	4125
656.106	3771	0	3771
656.219	3398.25	0	3398.25
656.333	3253.75	0	3253.75
656.446	3169	0	3169
656.56	3247.5	0	3247.5
656.673	3298.5	0	3298.5
656.786	3352.5	0	3352.5
656.9	3402.25	0	3402.25
657.013	3381.5	0	3381.5
657.127	3467.25	0	3467.25
657.24	3356.25	0	3356.25
657.353	3343.25	0	3343.25
657.466	3308.5	0	3308.5
657.58	3295.25	0	3295.25
657.693	3293	0	3293
657.806	3326.5	0	3326.5
657.919	3294	0	3294
658.032	3300.75	0	3300.75
658.146	3398	0	3398
658.259	3496	0	3496
658.372	3526.75	0	3526.75
658.485	3463	0	3463
658.598	3398.25	0	3398.25
658.711	3303.5	0	3303.5
658.824	3326	0	3326
658.937	3333.75	0	3333.75
659.05	3163	0	3163
659.163	3146.5	0	3146.5
659.276	3141.25	0	3141.25
659.389	3275	0	3275
659.502	3204.75	0	3204.75
659.615	3251	0	3251
659.728	3238.75	0	3238.75
659.841	3424	0	3424
659.954	3374	0	3374
660.067	3330.75	0	3330.75
660.179	3384.5	0	3384.5
660.292	3550.75	0	3550.75
660.405	3680.5	0	3680.5
660.518	3410	0	3410
660.63	3241.25	0	3241.25
660.743	3342.75	0	3342.75
660.856	3298.75	0	3298.75
660.969	3361.75	0	3361.75
661.081	3397.5	0	3397.5
661.194	3382.5	0	3382.5
661.307	3322.75	0	3322.75
661.419	3508.25	0	3508.25
661.532	3474.25	0	3474.25
661.644	3410.25	0	3410.25
661.757	3405.25	0	3405.25
661.869	3395.75	0	3395.75
661.982	3603.5	0	3603.5
662.094	3501.5	0	3501.5
662.207	3584	0	3584
662.319	3669	0	3669
662.432	3698.75	0	3698.75
662.544	3569.75	0	3569.75
662.656	3697.25	0	3697.25
662.769	3678	0	3678
662.881	3712.5	0	3712.5
662.994	3924.25	0	3924.25
663.106	3975.25	0	3975.25
663.218	3844.5	0	3844.5
663.331	3820	0	3820
663.443	3641.25	0	3641.25
663.555	3635.5	0	3635.5
663.667	3568.5	0	3568.5
663.779	3521.75	0	3521.75
663.892	3832	0	3832
664.004	3993	0	3993
664.116	3879.25	0	3879.25
664.228	3863.75	0	3863.75
664.34	3818.25	0	3818.25
664.452	3770	0	3770
664.564	3690	0	3690
664.676	3661	0	3661
664.788	3744.25	0	3744.25
664.901	3735.5	0	3735.5
665.012	3762	0	3762
665.125	3698.5	0	3698.5
665.236	3772	0	3772
665.348	3915.5	0	3915.5
665.46	4260.75	0	4260.75
665.572	4704.5	0	4704.5
665.684	4565.75	0	4565.75
665.796	4347.5	0	4347.5
665.908	4365.75	0	4365.75
666.02	4298.75	0	4298.75
666.131	4304.25	0	4304.25
666.243	4393.25	0	4393.25
666.355	4308.25	0	4308.25
666.467	4271.25	0	4271.25
666.578	4347.25	0	4347.25
666.69	4256	0	4256
666.802	4279.5	0	4279.5
666.914	4159.5	0	4159.5
667.025	4222	0	4222
667.137	4153.5	0	4153.5
667.248	4310.5	0	4310.5
667.36	4122.25	0	4122.25
667.472	4059.75	0	4059.75
667.583	3946	0	3946
667.695	4083.25	0	4083.25
667.806	4099.25	0	4099.25
667.918	4080.5	0	4080.5
668.029	4065.25	0	4065.25
668.141	4193.5	0	4193.5
668.252	4181.5	0	4181.5
668.363	4395.5	0	4395.5
668.475	4753.75	0	4753.75
668.586	5300	0	5300
668.698	5153.25	0	5153.25
668.809	4886.25	0	4886.25
668.92	4806.75	0	4806.75
669.032	4794.75	0	4794.75
669.143	4739.5	0	4739.5
669.254	4700	0	4700
669.365	4667	0	4667
669.477	4710.75	0	4710.75
669.588	4756.75	0	4756.75
669.699	4712.75	0	4712.75
669.81	4683.5	0	4683.5
669.921	4721.5	0	4721.5
670.032	4572.25	0	4572.25
670.143	4612.75	0	4612.75
670.255	4487.25	0	4487.25
670.366	4459.25	0	4459.25
670.477	4378.75	0	4378.75
670.588	4431	0	4431
670.699	4409.75	0	4409.75
670.81	4307	0	4307
670.921	4299.5	0	4299.5
671.032	4329.25	0	4329.25
671.143	4353	0	4353
671.253	4248.25	0	4248.25
671.364	4209	0	4209
671.475	4312.25	0	4312.25
671.586	4366	0	4366
671.697	4389	0	4389
671.808	4748	0	4748
671.919	5127.5	0	5127.5
672.029	5152	0	5152
672.14	5269	0	5269
672.251	5541.5	0	5541.5
672.362	5277.5	0	5277.5
672.472	5226.25	0	5226.25
672.583	5126.5	0	5126.5
672.694	5081	0	5081
672.804	5200.75	0	5200.75
672.915	5090.75	0	5090.75
673.025	5002.5	0	5002.5
673.136	5015.25	0	5015.25
673.247	4909	0	4909
673.357	4851.25	0	4851.25
673.468	4946.25	0	4946.25
673.578	4718.75	0	4718.75
673.689	4771	0	4771
673.799	4726.5	0	4726.5
673.91	4690.5	0	4690.5
674.02	4673.5	0	4673.5
674.13	4722.75	0	4722.75
674.241	4569.5	0	4569.5
674.351	4812.25	0	4812.25
674.461	4666.75	0	4666.75
674.572	4751.75	0	4751.75
674.682	4876.75	0	4876.75
674.792	4970.25	0	4970.25
674.903	4660.5	0	4660.5
675.013	4644.75	0	4644.75
675.123	4895.25	0	4895.25
675.233	5170.25	0	5170.25
675.344	5256.5	0	5256.5
675.454	4937.25	0	4937.25
675.564	4807.25	0	4807.25
675.674	4895	0	4895
675.784	4939	0	4939
675.894	4821.75	0	4821.75
676.004	4621	0	4621
676.114	4701.5	0	4701.5
676.224	4683	0	4683
676.334	4575.5	0	4575.5
676.444	4552.25	0	4552.25
676.554	4435.5	0	4435.5
676.664	4509.75	0	4509.75
676.774	4369	0	4369
676.884	4351.75	0	4351.75
676.994	4328.5	0	4328.5
677.104	4367.25	0	4367.25
677.214	4280.25	0	4280.25
677.324	4137.5	0	4137.5
677.433	4215.75	0	4215.75
677.543	4041.75	0	4041.75
677.653	4074	0	4074
677.763	3981.5	0	3981.5
677.872	4024.75	0	4024.75
677.982	4010.75	0	4010.75
678.092	3843.25	0	3843.25
678.202	3966.5	0	3966.5
678.311	3870.25	0	3870.25
678.421	3927.75	0	3927.75
678.53	4193.25	0	4193.25
678.64	4505	0	4505
678.75	4571.25	0	4571.25
678.859	4630	0	4630
678.969	4667.25	0	4667.25
679.078	4592.5	0	4592.5
679.188	4503.5	0	4503.5
679.297	4523.5	0	4523.5
679.407	4505.5	0	4505.5
679.516	4434.5	0	4434.5
679.625	4412.25	0	4412.25
679.735	4233.75	0	4233.75
679.844	4429.25	0	4429.25
679.954	4273.25	0	4273.25
680.063	4385.25	0	4385.25
680.172	4188.5	0	4188.5
680.282	4333.75	0	4333.75
680.391	4004	0	4004
680.5	4112	0	4112
680.609	4070.5	0	4070.5
680.719	4021.25	0	4021.25
680.828	3958.25	0	3958.25
680.937	4023	0	4023
681.046	3915.5	0	3915.5
681.155	4015.25	0	4015.25
681.264	3893.5	0	3893.5
681.374	3760.5	0	3760.5
681.483	3822	0	3822
681.592	3699.25	0	3699.25
681.701	3789	0	3789
681.81	3864.75	0	3864.75
681.919	4065.75	0	4065.75
682.028	4177	0	4177
682.137	3989.5	0	3989.5
682.246	3887	0	3887
682.355	3735.75	0	3735.75
682.463	3845.25	0	3845.25
682.572	3858	0	3858
682.681	3778.25	0	3778.25
682.79	3769.5	0	3769.5
682.899	3790.25	0	3790.25
683.008	3690.5	0	3690.5
683.117	3591.5	0	3591.5
683.225	3629.5	0	3629.5
683.334	3411.25	0	3411.25
683.443	3504	0	3504
683.551	3537.75	0	3537.75
683.66	3385.25	0	3385.25
683.769	3489.75	0	3489.75
683.877	3396.5	0	3396.5
683.986	3326	0	3326
684.095	3289.25	0	3289.25
684.203	3270	0	3270
684.312	3238.25	0	3238.25
684.42	3163.75	0	3163.75
684.529	3210.5	0	3210.5
684.637	3193	0	3193
684.746	3081	0	3081
684.854	3102	0	3102
684.963	3108.75	0	3108.75
685.071	3059.25	0	3059.25
685.18	3042	0	3042
685.288	3128.5	0	3128.5
685.396	3454	0	3454
685.505	3482.75	0	3482.75
685.613	3300	0	3300
685.721	3625	0	3625
685.83	3390.25	0	3390.25
685.938	3312.5	0	3312.5
686.046	3434.75	0	3434.75
686.154	3267	0	3267
686.263	3411.5	0	3411.5
686.371	3355.5	0	3355.5
686.479	3342.25	0	3342.25
686.587	3421.25	0	3421.25
686.695	3356.5	0	3356.5
686.803	3219.25	0	3219.25
686.911	3118.25	0	3118.25
687.019	3121.5	0	3121.5
687.127	3087	0	3087
687.235	3069.25	0	3069.25
687.343	3042	0	3042
687.451	2959.5	0	2959.5
687.559	3092.75	0	3092.75
687.667	2955.5	0	2955.5
687.775	2836.5	0	2836.5
687.883	3048	0	3048
687.991	2803.25	0	2803.25
688.099	2770.75	0	2770.75
688.207	2853.25	0	2853.25
688.315	2761.25	0	2761.25
688.422	2665	0	2665
688.53	2795.5	0	2795.5
688.638	2784.75	0	2784.75
688.746	2805.5	0	2805.5
688.853	2995.5	0	2995.5
688.961	2813	0	2813
689.069	2729.75	0	2729.75
689.176	2667.75	0	2667.75
689.284	2779.75	0	2779.75
689.392	2605.75	0	2605.75
689.499	2668.5	0	2668.5
689.607	2746.75	0	2746.75
689.714	2508.25	0	2508.25
689.822	2603.25	0	2603.25
689.93	2637.25	0	2637.25
690.037	2425.25	0	2425.25
690.144	2486.75	0	2486.75
690.252	2541	0	2541
690.359	2452	0	2452
690.467	2410.5	0	2410.5
690.574	2479.5	0	2479.5
690.682	2410.75	0	2410.75
690.789	2335	0	2335
690.896	2394	0	2394
691.004	2330.25	0	2330.25
691.111	2264.25	0	2264.25
691.218	2389.75	0	2389.75
691.325	2318	0	2318
691.433	2250.5	0	2250.5
691.54	2259.5	0	2259.5
691.647	2332	0	2332
691.754	2272.75	0	2272.75
691.861	2156.5	0	2156.5
691.969	2181.75	0	2181.75
692.076	2231.25	0	2231.25
692.183	2201	0	2201
692.29	2317.25	0	2317.25
692.397	2452.75	0	2452.75
692.504	2409.25	0	2409.25
692.611	2364.5	0	2364.5
692.718	2282.5	0	2282.5
692.825	2356.5	0	2356.5
692.932	2215.25	0	2215.25
693.039	2309	0	2309
693.146	2279.25	0	2279.25
693.253	2238.25	0	2238.25
693.359	2161.25	0	2161.25
693.466	2275.5	0	2275.5
693.573	2180	0	2180
693.68	2156.5	0	2156.5
693.787	2127	0	2127
693.894	2166.5	0	2166.5
694	2016.75	0	2016.75
694.107	2122.5	0	2122.5
694.214	2005.75	0	2005.75
694.32	2076	0	2076
694.427	2020.25	0	2020.25
694.534	1854.25	0	1854.25
694.64	2077.25	0	2077.25
694.747	1922.25	0	1922.25
694.853	1904.5	0	1904.5
694.96	1884	0	1884
695.067	2008.5	0	2008.5
695.173	1836	0	1836
695.28	1761	0	1761
695.386	1918.25	0	1918.25
695.493	1778	0	1778
695.599	1892.75	0	1892.75
695.705	1920.5	0	1920.5
695.812	1924	0	1924
695.918	1846.5	0	1846.5
696.025	1751	0	1751
696.131	1818.25	0	1818.25
696.237	1779.25	0	1779.25
696.344	1861.5	0	1861.5
696.45	1693.25	0	1693.25
696.556	1667.5	0	1667.5
696.662	1855	0	1855
696.768	1711	0	1711
696.875	1662.25	0	1662.25
696.981	1661.5	0	1661.5
697.087	1745.75	0	1745.75
697.193	1637	0	1637
697.299	1646.5	0	1646.5
697.405	1682	0	1682
697.512	1643.25	0	1643.25
697.618	1620.75	0	1620.75
697.724	1666	0	1666
697.83	1577.75	0	1577.75
697.936	1533	0	1533
698.042	1610	0	1610
698.148	1551.75	0	1551.75
698.253	1515.5	0	1515.5
698.359	1525.25	0	1525.25
698.465	1541.5	0	1541.5
698.571	1561	0	1561
698.677	1455.25	0	1455.25
698.783	1525.75	0	1525.75
698.889	1520	0	1520
698.994	1427.25	0	1427.25
699.1	1488.5	0	1488.5
699.206	1488	0	1488
699.312	1632.25	0	1632.25
699.417	1575	0	1575
699.523	1589.5	0	1589.5
699.629	1527.75	0	1527.75
699.734	1565	0	1565
699.84	1471.5	0	1471.5
699.946	1532.5	0	1532.5
700.051	1549.75	0	1549.75
700.157	1496.25	0	1496.25
700.262	1437	0	1437
700.368	1506.75	0	1506.75
700.473	1407.75	0	1407.75
700.579	1444.25	0	1444.25
700.684	1502.5	0	1502.5
700.79	1442.5	0	1442.5
700.895	1407.25	0	1407.25
701	1449.75	0	1449.75
701.106	1417.5	0	1417.5
701.211	1399.75	0	1399.75
701.316	1395.75	0	1395.75
701.422	1333.5	0	1333.5
701.527	1460.75	0	1460.75
701.632	1311.75	0	1311.75
701.738	1248.25	0	1248.25
701.843	1301.25	0	1301.25
701.948	1364.25	0	1364.25
702.053	1281.75	0	1281.75
702.158	1218.75	0	1218.75
702.264	1314.5	0	1314.5
702.369	1271	0	1271
702.474	1306	0	1306
702.579	1258.25	0	1258.25
702.684	1361.75	0	1361.75
702.789	1312.25	0	1312.25
702.894	1259.5	0	1259.5
702.999	1257.5	0	1257.5
703.104	1276.5	0	1276.5
703.209	1309.75	0	1309.75
703.314	1229.5	0	1229.5
703.419	1187.75	0	1187.75
703.524	1321.25	0	1321.25
703.629	1227.75	0	1227.75
703.733	1259.75	0	1259.75
703.838	1184.75	0	1184.75
703.943	1254.75	0	1254.75
704.048	1307	0	1307
704.153	1222.25	0	1222.25
704.257	1384.25	0	1384.25
704.362	1380.25	0	1380.25
704.467	1245.25	0	1245.25
704.572	1265	0	1265
704.676	1193	0	1193
704.781	1153	0	1153
704.886	1191	0	1191
704.99	1155	0	1155
705.095	1141.5	0	1141.5
705.199	1169	0	1169
705.304	1137.5	0	1137.5
705.408	1198	0	1198
705.513	1223.5	0	1223.5
705.617	1183.75	0	1183.75
705.722	1350.5	0	1350.5
705.826	2293.25	0	2293.25
705.931	3032.5	0	3032.5
706.035	2423.75	0	2423.75
706.139	2057.25	0	2057.25
706.244	1836.75	0	1836.75
706.348	2020	0	2020
706.452	2169.25	0	2169.25
706.557	2213.25	0	2213.25
706.661	2168.5	0	2168.5
706.765	2096.75	0	2096.75
706.87	2114.5	0	2114.5
706.974	2197.5	0	2197.5
707.078	2105.5	0	2105.5
707.182	2041.75	0	2041.75
707.286	2057.75	0	2057.75
707.39	1959.25	0	1959.25
707.495	1953.75	0	1953.75
707.599	1997.25	0	1997.25
707.703	1923.25	0	1923.25
707.807	1917.25	0	1917.25
707.911	1927.5	0	1927.5
708.015	1983.25	0	1983.25
708.119	1891	0	1891
708.223	1934.5	0	1934.5
708.327	1852.5	0	1852.5
708.431	1836.75	0	1836.75
708.534	1878.5	0	1878.5
708.638	1842	0	1842
708.742	1823.75	0	1823.75
708.846	1858.25	0	1858.25
708.95	1881.25	0	1881.25
709.054	1961.25	0	1961.25
709.157	2719	0	2719
709.261	3458.75	0	3458.75
709.365	2939.5	0	2939.5
709.469	2631.5	0	2631.5
709.572	2477.5	0	2477.5
709.676	2471	0	2471
709.78	2645.75	0	2645.75
709.883	2696.25	0	2696.25
709.987	2613.75	0	2613.75
710.09	2609.25	0	2609.25
710.194	2590	0	2590
710.298	2513.75	0	2513.75
710.401	2547.5	0	2547.5
710.505	2543.75	0	2543.75
710.608	2499	0	2499
710.711	2519	0	2519
710.815	2363.75	0	2363.75
710.918	2407.25	0	2407.25
711.022	2460.75	0	2460.75
711.125	2340	0	2340
711.228	2369.5	0	2369.5
711.332	2268.25	0	2268.25
711.435	2373.5	0	2373.5
711.538	2317.25	0	2317.25
711.642	2293	0	2293
711.745	2266.25	0	2266.25
711.848	2250.5	0	2250.5
711.951	2323.25	0	2323.25
712.055	2208.5	0	2208.5
712.158	2249	0	2249
712.261	2151	0	2151
712.364	2197.25	0	2197.25
712.467	2108.5	0	2108.5
712.57	2161.75	0	2161.75
712.673	2164	0	2164
712.776	2208	0	2208
712.879	2526	0	2526
712.982	3891.25	0	3891.25
713.085	3866.75	0	3866.75
713.188	3208.5	0	3208.5
713.291	2976	0	2976
713.394	2918	0	2918
713.497	2991	0	2991
713.6	3262.25	0	3262.25
713.703	3180.25	0	3180.25
713.805	3237	0	3237
713.908	3061.5	0	3061.5
714.011	3144	0	3144
714.114	3108	0	3108
714.216	3129.5	0	3129.5
714.319	3149	0	3149
714.422	3022.25	0	3022.25
714.525	2918.5	0	2918.5
714.627	2927	0	2927
714.73	2867.25	0	2867.25
714.833	2915	0	2915
714.935	2894.5	0	2894.5
715.038	2798.25	0	2798.25
715.14	2791	0	2791
715.243	2703.5	0	2703.5
715.345	2789	0	2789
715.448	2696.25	0	2696.25
715.55	2661.5	0	2661.5
715.653	2603	0	2603
715.755	2602.25	0	2602.25
715.857	2541.5	0	2541.5
715.96	2524.5	0	2524.5
716.062	2455.75	0	2455.75
716.164	2548	0	2548
716.267	2640.5	0	2640.5
716.369	2934.75	0	2934.75
716.471	2712.75	0	2712.75
716.574	2668.75	0	2668.75
716.676	2583.5	0	2583.5
716.778	2557.75	0	2557.75
716.88	2587.75	0	2587.75
716.982	2601.75	0	2601.75
717.085	2499.25	0	2499.25
717.187	2563.25	0	2563.25
717.289	2477.75	0	2477.75
717.391	2576.75	0	2576.75
717.493	2396.75	0	2396.75
717.595	2492.5	0	2492.5
717.697	2403.5	0	2403.5
717.799	2367.75	0	2367.75
717.901	2424.75	0	2424.75
718.003	2383.75	0	2383.75
718.105	2380.75	0	2380.75
718.207	2399.25	0	2399.25
718.309	2252.25	0	2252.25
718.411	2219.25	0	2219.25
718.512	2406.75	0	2406.75
718.614	2089.75	0	2089.75
718.716	2253	0	2253
718.818	2119.5	0	2119.5
718.92	2154.5	0	2154.5
719.021	2255.75	0	2255.75
719.123	2118.75	0	2118.75
719.225	2157.5	0	2157.5
719.326	2198.25	0	2198.25
719.428	2213.25	0	2213.25
719.53	2042.75	0	2042.75
719.631	2115.25	0	2115.25
719.733	2048.25	0	2048.25
719.834	1911.5	0	1911.5
719.936	2001.5	0	2001.5
720.038	2084.75	0	2084.75
720.139	2262.5	0	2262.5
720.241	2534.5	0	2534.5
720.342	2216.75	0	2216.75
720.443	2204.25	0	2204.25
720.545	2156.25	0	2156.25
720.646	2060.25	0	2060.25
720.748	2088.25	0	2088.25
720.849	2190.25	0	2190.25
720.95	2072.5	0	2072.5
721.052	2248.5	0	2248.5
721.153	2124.5	0	2124.5
721.254	2417	0	2417
721.355	2873.5	0	2873.5
721.457	2590.75	0	2590.75
721.558	2126.25	0	2126.25
721.659	2049.25	0	2049.25
721.76	2077.5	0	2077.5
721.861	2152.75	0	2152.75
721.963	1985.75	0	1985.75
722.064	2241.5	0	2241.5
722.165	2038	0	2038
722.266	1843.25	0	1843.25
722.367	1930.75	0	1930.75
722.468	1897.75	0	1897.75
722.569	1874.75	0	1874.75
722.67	1810	0	1810
722.771	1920	0	1920
722.872	1759.25	0	1759.25
722.973	1764.75	0	1764.75
723.073	1835.75	0	1835.75
723.174	1705	0	1705
723.275	1790	0	1790
723.376	1753	0	1753
723.477	1704.25	0	1704.25
723.577	1863.75	0	1863.75
723.678	1674.5	0	1674.5
723.779	1797.5	0	1797.5
723.88	1686	0	1686
723.98	1658.5	0	1658.5
724.081	1709.25	0	1709.25
724.182	1626.25	0	1626.25
724.282	1727.75	0	1727.75
724.383	1630	0	1630
724.483	1679.25	0	1679.25
724.584	1698.5	0	1698.5
724.685	1614	0	1614
724.785	1761.25	0	1761.25
724.886	2195	0	2195
724.986	1947	0	1947
725.086	1652.25	0	1652.25
725.187	1589	0	1589
725.287	1515	0	1515
725.388	1583.5	0	1583.5
725.488	1659	0	1659
725.588	2001	0	2001
725.689	1794.5	0	1794.5
725.789	1575	0	1575
725.889	1532.25	0	1532.25
725.99	1395	0	1395
726.09	1474	0	1474
726.19	1451.75	0	1451.75
726.29	1351	0	1351
726.39	1382.5	0	1382.5
726.49	1441.5	0	1441.5
726.591	1360.5	0	1360.5
726.691	1322.75	0	1322.75
726.791	1445.5	0	1445.5
726.891	1239.75	0	1239.75
726.991	1319.75	0	1319.75
727.091	1474.25	0	1474.25
727.191	1312.75	0	1312.75
727.291	1271.75	0	1271.75
727.391	1408.75	0	1408.75
727.491	1419.75	0	1419.75
727.591	1391	0	1391
727.691	1395.75	0	1395.75
727.79	1322.75	0	1322.75
727.89	1338.75	0	1338.75
727.99	1334.75	0	1334.75
728.09	1266.5	0	1266.5
728.19	1377.25	0	1377.25
728.289	1313.75	0	1313.75
728.389	1197.25	0	1197.25
728.489	1219.75	0	1219.75
728.589	1396.25	0	1396.25
728.688	1230.5	0	1230.5
728.788	1180.25	0	1180.25
728.888	1312.5	0	1312.5
728.987	1230.75	0	1230.75
729.087	1158.5	0	1158.5
729.186	1193.75	0	1193.75
729.286	1247	0	1247
729.385	1109.75	0	1109.75
729.485	1205.75	0	1205.75
729.584	1238.25	0	1238.25
729.684	1184.75	0	1184.75
729.783	1149	0	1149
729.883	1171.75	0	1171.75
729.982	1157.75	0	1157.75
730.081	1112	0	1112
730.181	1159.75	0	1159.75
730.28	1114.5	0	1114.5
730.379	1154.25	0	1154.25
730.479	1175.75	0	1175.75
730.578	1064	0	1064
730.677	1077.25	0	1077.25
730.776	1123.25	0	1123.25
730.875	1080	0	1080
730.975	1092.25	0	1092.25
731.074	1070	0	1070
731.173	1103.5	0	1103.5
731.272	1076	0	1076
731.371	1033.5	0	1033.5
731.47	1036	0	1036
731.569	1074.5	0	1074.5
731.668	987.75	0	987.75
731.767	1007.5	0	1007.5
731.866	1037.75	0	1037.75
731.965	1080	0	1080
732.064	1051.25	0	1051.25
732.163	992.75	0	992.75
732.262	1123.75	0	1123.75
732.361	1039.75	0	1039.75
732.46	952.5	0	952.5
732.558	976.5	0	976.5
732.657	991.75	0	991.75
732.756	959.25	0	959.25
732.855	975.75	0	975.75
732.953	944.25	0	944.25
733.052	965.75	0	965.75
733.151	922.75	0	922.75
733.25	950.5	0	950.5
733.348	947.25	0	947.25
733.447	948.5	0	948.5
733.545	997.25	0	997.25
733.644	966.25	0	966.25
733.742	959.25	0	959.25
733.841	872.5	0	872.5
733.939	952.25	0	952.25
734.038	923.5	0	923.5
734.136	898	0	898
734.235	919	0	919
734.333	927.75	0	927.75
734.432	862	0	862
734.53	855.25	0	855.25
734.628	863.5	0	863.5
734.727	974.5	0	974.5
734.825	1065.75	0	1065.75
734.923	1282	0	1282
735.022	977.5	0	977.5
735.12	879.25	0	879.25
735.218	906.25	0	906.25
735.316	887.75	0	887.75
735.414	848	0	848
735.513	875.25	0	875.25
735.611	888.5	0	888.5
735.709	898	0	898
735.807	880.75	0	880.75
735.905	844	0	844
736.003	843	0	843
736.101	1015.75	0	1015.75
736.199	1178	0	1178
736.297	1022.25	0	1022.25
736.395	838.5	0	838.5
736.493	883.5	0	883.5
736.591	870.75	0	870.75
736.689	849.5	0	849.5
736.787	943.5	0	943.5
736.884	1090.25	0	1090.25
736.982	874.25	0	874.25
737.08	833.25	0	833.25
737.178	799.75	0	799.75
737.276	758.25	0	758.25
737.373	789.5	0	789.5
737.471	783.5	0	783.5
737.569	769.5	0	769.5
737.667	762.75	0	762.75
737.764	763.5	0	763.5
737.862	762.75	0	762.75
737.959	750.25	0	750.25
738.057	743.25	0	743.25
738.154	721.75	0	721.75
738.252	740.75	0	740.75
738.35	747.75	0	747.75
738.447	731.5	0	731.5
738.544	749.5	0	749.5
738.642	723.25	0	723.25
738.739	754.25	0	754.25
738.837	725.75	0	725.75
738.934	709.75	0	709.75
739.031	705.25	0	705.25
739.129	755	0	755
739.226	714	0	714
739.323	696.25	0	696.25
739.421	714.75	0	714.75
739.518	756	0	756
739.615	730.5	0	730.5