Lambda	Spectrum	Dark	SpecMinusDark
500.031	417.25	0	417.25
500.165	413	0	413
500.299	485.25	0	485.25
500.433	606.5	0	606.5
500.567	712.25	0	712.25
500.701	676.5	0	676.5
500.835	536.5	0	536.5
500.968	497.5	0	497.5
501.102	474.25	0	474.25
501.236	466.5	0	466.5
501.37	488.75	0	488.75
501.504	526.25	0	526.25
501.637	699.75	0	699.75
501.771	880	0	880
501.905	1028.25	0	1028.25
502.039	722.75	0	722.75
502.172	627	0	627
502.306	639.25	0	639.25
502.44	599	0	599
502.573	536.5	0	536.5
502.707	534.25	0	534.25
502.841	518	0	518
502.974	517	0	517
503.108	532.5	0	532.5
503.242	520.25	0	520.25
503.375	523	0	523
503.509	526.5	0	526.5
503.642	549	0	549
503.776	531.75	0	531.75
503.909	516	0	516
504.043	547	0	547
504.176	563.75	0	563.75
504.31	554.5	0	554.5
504.443	568.75	0	568.75
504.577	563.5	0	563.5
504.71	601	0	601
504.844	602.75	0	602.75
504.977	632.75	0	632.75
505.111	662.75	0	662.75
505.244	679.75	0	679.75
505.377	697	0	697
505.511	734.25	0	734.25
505.644	785.75	0	785.75
505.777	710.75	0	710.75
505.911	673.25	0	673.25
506.044	678	0	678
506.177	685.5	0	685.5
506.311	723.75	0	723.75
506.444	762.75	0	762.75
506.577	848.5	0	848.5
506.71	922	0	922
506.844	1005.25	0	1005.25
506.977	876.75	0	876.75
507.11	681.75	0	681.75
507.243	679.25	0	679.25
507.376	685	0	685
507.51	678.5	0	678.5
507.643	651.25	0	651.25
507.776	657.75	0	657.75
507.909	662.5	0	662.5
508.042	668	0	668
508.175	635.75	0	635.75
508.308	642	0	642
508.441	641.25	0	641.25
508.574	614.75	0	614.75
508.707	613	0	613
508.84	618.75	0	618.75
508.973	627	0	627
509.106	625.5	0	625.5
509.239	636.25	0	636.25
509.372	650	0	650
509.505	644.75	0	644.75
509.638	672	0	672
509.771	651.25	0	651.25
509.904	650.5	0	650.5
510.037	650	0	650
510.17	647.75	0	647.75
510.303	658	0	658
510.436	626.5	0	626.5
510.568	669.75	0	669.75
510.701	741	0	741
510.834	849.75	0	849.75
510.967	989.5	0	989.5
511.1	820.75	0	820.75
511.232	667.25	0	667.25
511.365	684.5	0	684.5
511.498	678.75	0	678.75
511.631	698.75	0	698.75
511.763	659.25	0	659.25
511.896	677	0	677
512.029	682.25	0	682.25
512.161	659.25	0	659.25
512.294	686.75	0	686.75
512.427	677.5	0	677.5
512.559	689.5	0	689.5
512.692	713.5	0	713.5
512.825	712.5	0	712.5
512.957	805.75	0	805.75
513.09	984.25	0	984.25
513.222	1257.25	0	1257.25
513.355	1579.25	0	1579.25
513.487	1150.75	0	1150.75
513.62	871.75	0	871.75
513.752	818.5	0	818.5
513.885	824.5	0	824.5
514.017	998	0	998
514.15	1231.25	0	1231.25
514.282	1644.75	0	1644.75
514.415	1717.75	0	1717.75
514.547	1110.25	0	1110.25
514.68	926	0	926
514.812	856	0	856
514.944	852.25	0	852.25
515.077	922.75	0	922.75
515.209	1092	0	1092
515.341	1321	0	1321
515.474	1098	0	1098
515.606	918.5	0	918.5
515.738	838.75	0	838.75
515.871	829.5	0	829.5
516.003	835	0	835
516.135	893	0	893
516.267	988.25	0	988.25
516.4	1049.25	0	1049.25
516.532	957.25	0	957.25
516.664	829	0	829
516.796	809.5	0	809.5
516.928	869	0	869
517.06	876	0	876
517.193	868.5	0	868.5
517.325	863	0	863
517.457	969.75	0	969.75
517.589	974	0	974
517.721	991	0	991
517.853	1030.75	0	1030.75
517.985	1245	0	1245
518.117	1538.75	0	1538.75
518.249	1436.5	0	1436.5
518.381	1127	0	1127
518.513	993.25	0	993.25
518.645	902	0	902
518.777	859.25	0	859.25
518.909	800.25	0	800.25
519.041	788	0	788
519.173	811	0	811
519.305	901.5	0	901.5
519.437	1109.5	0	1109.5
519.569	1577.5	0	1577.5
519.701	2303	0	2303
519.832	2923.5	0	2923.5
519.964	2860.75	0	2860.75
520.096	2193.75	0	2193.75
520.228	1432.75	0	1432.75
520.36	1170	0	1170
520.491	1040.25	0	1040.25
520.623	938.75	0	938.75
520.755	894.75	0	894.75
520.887	883.75	0	883.75
521.018	924	0	924
521.15	998.5	0	998.5
521.282	974.75	0	974.75
521.414	858.25	0	858.25
521.545	866.25	0	866.25
521.677	959.5	0	959.5
521.808	980.75	0	980.75
521.94	966.75	0	966.75
522.072	948.5	0	948.5
522.203	1006	0	1006
522.335	832.25	0	832.25
522.466	772.25	0	772.25
522.598	799.25	0	799.25
522.729	839.75	0	839.75
522.861	913.5	0	913.5
522.993	1054	0	1054
523.124	1110.5	0	1110.5
523.256	1010	0	1010
523.387	1015.25	0	1015.25
523.518	1136.75	0	1136.75
523.65	1439	0	1439
523.781	1864.25	0	1864.25
523.913	2238	0	2238
524.044	1371.5	0	1371.5
524.176	1221.75	0	1221.75
524.307	1466.5	0	1466.5
524.438	1824	0	1824
524.57	2328.5	0	2328.5
524.701	1477.25	0	1477.25
524.832	1000.25	0	1000.25
524.964	909.75	0	909.75
525.095	835	0	835
525.226	842.25	0	842.25
525.357	828	0	828
525.489	797.5	0	797.5
525.62	809.25	0	809.25
525.751	801	0	801
525.882	803.5	0	803.5
526.013	807.5	0	807.5
526.145	824.25	0	824.25
526.276	879.5	0	879.5
526.407	861.5	0	861.5
526.538	923.75	0	923.75
526.669	899.75	0	899.75
526.8	865	0	865
526.931	889.25	0	889.25
527.062	886.25	0	886.25
527.193	856.25	0	856.25
527.324	802.25	0	802.25
527.455	780.5	0	780.5
527.586	865	0	865
527.717	873.5	0	873.5
527.848	848.5	0	848.5
527.979	828.5	0	828.5
528.11	860.75	0	860.75
528.241	789	0	789
528.372	820.25	0	820.25
528.503	826.75	0	826.75
528.634	848.75	0	848.75
528.765	848.75	0	848.75
528.896	797	0	797
529.026	802.5	0	802.5
529.157	861.75	0	861.75
529.288	896.75	0	896.75
529.419	894.25	0	894.25
529.55	890.5	0	890.5
529.681	812.25	0	812.25
529.811	811.25	0	811.25
529.942	791.25	0	791.25
530.073	743.5	0	743.5
530.203	737.75	0	737.75
530.334	683	0	683
530.465	743.5	0	743.5
530.596	735	0	735
530.726	739.75	0	739.75
530.857	761.25	0	761.25
530.987	720.5	0	720.5
531.118	704.25	0	704.25
531.249	695	0	695
531.379	685.75	0	685.75
531.51	715	0	715
531.64	703.25	0	703.25
531.771	724	0	724
531.901	710.5	0	710.5
532.032	766.75	0	766.75
532.163	742	0	742
532.293	720	0	720
532.423	685.5	0	685.5
532.554	654.25	0	654.25
532.684	699.75	0	699.75
532.815	707	0	707
532.945	700	0	700
533.076	738.25	0	738.25
533.206	785.5	0	785.5
533.336	866.75	0	866.75
533.467	861	0	861
533.597	770	0	770
533.727	771	0	771
533.858	750.25	0	750.25
533.988	736.25	0	736.25
534.118	688.5	0	688.5
534.248	689.5	0	689.5
534.379	699.5	0	699.5
534.509	657.5	0	657.5
534.639	636	0	636
534.769	686.25	0	686.25
534.9	679.25	0	679.25
535.03	686.75	0	686.75
535.16	665.25	0	665.25
535.29	672.5	0	672.5
535.42	738.5	0	738.5
535.55	887	0	887
535.68	1022.25	0	1022.25
535.81	1249.5	0	1249.5
535.94	886.25	0	886.25
536.071	718.25	0	718.25
536.201	691	0	691
536.331	683.5	0	683.5
536.461	665.25	0	665.25
536.591	665	0	665
536.721	648.5	0	648.5
536.851	643.5	0	643.5
536.981	643.25	0	643.25
537.11	604	0	604
537.24	629	0	629
537.37	632.75	0	632.75
537.5	617.25	0	617.25
537.63	631	0	631
537.76	642	0	642
537.89	675	0	675
538.02	605.75	0	605.75
538.149	615	0	615
538.279	617.5	0	617.5
538.409	638.5	0	638.5
538.539	725	0	725
538.669	801.75	0	801.75
538.798	919.5	0	919.5
538.928	1035.75	0	1035.75
539.058	955.25	0	955.25
539.187	860	0	860
539.317	833.75	0	833.75
539.447	778.75	0	778.75
539.576	743.75	0	743.75
539.706	699	0	699
539.836	693.5	0	693.5
539.965	678.25	0	678.25
540.095	688.25	0	688.25
540.225	748.25	0	748.25
540.354	874.5	0	874.5
540.484	1075.75	0	1075.75
540.613	1394	0	1394
540.743	1251.5	0	1251.5
540.872	745	0	745
541.002	654.75	0	654.75
541.131	620.25	0	620.25
541.261	630.5	0	630.5
541.39	641.75	0	641.75
541.52	706.5	0	706.5
541.649	777.75	0	777.75
541.778	1064	0	1064
541.908	1466.25	0	1466.25
542.037	1684.25	0	1684.25
542.167	1038.75	0	1038.75
542.296	955.25	0	955.25
542.425	790	0	790
542.554	786	0	786
542.684	840.5	0	840.5
542.813	974.25	0	974.25
542.942	941.5	0	941.5
543.072	656	0	656
543.201	640	0	640
543.33	662.25	0	662.25
543.459	697.5	0	697.5
543.588	735.75	0	735.75
543.718	805	0	805
543.847	950	0	950
543.976	868	0	868
544.105	731.25	0	731.25
544.234	733.75	0	733.75
544.363	683	0	683
544.492	634.5	0	634.5
544.621	621	0	621
544.75	644	0	644
544.88	647.25	0	647.25
545.009	633	0	633
545.138	597.75	0	597.75
545.266	618.5	0	618.5
545.396	599	0	599
545.525	609	0	609
545.653	597.5	0	597.5
545.782	590.25	0	590.25
545.911	648.25	0	648.25
546.04	683.5	0	683.5
546.169	701	0	701
546.298	746.25	0	746.25
546.427	666	0	666
546.556	611.5	0	611.5
546.685	621.25	0	621.25
546.813	612	0	612
546.942	617.5	0	617.5
547.071	637	0	637
547.2	666.75	0	666.75
547.328	727	0	727
547.457	790	0	790
547.586	851.75	0	851.75
547.715	828	0	828
547.843	759.75	0	759.75
547.972	761	0	761
548.101	711	0	711
548.229	706.75	0	706.75
548.358	676	0	676
548.487	689.75	0	689.75
548.615	695.5	0	695.5
548.744	681.5	0	681.5
548.872	782.75	0	782.75
549.001	1000.5	0	1000.5
549.129	1246.75	0	1246.75
549.258	1624.25	0	1624.25
549.387	1102.25	0	1102.25
549.515	880.75	0	880.75
549.643	744.75	0	744.75
549.772	697.75	0	697.75
549.9	713.5	0	713.5
550.029	713	0	713
550.157	750.25	0	750.25
550.286	691.75	0	691.75
550.414	669.75	0	669.75
550.542	682.75	0	682.75
550.671	748	0	748
550.799	782	0	782
550.927	1032.75	0	1032.75
551.056	1164.75	0	1164.75
551.184	1318.75	0	1318.75
551.312	1247	0	1247
551.441	811.5	0	811.5
551.569	834.25	0	834.25
551.697	744.75	0	744.75
551.825	710.75	0	710.75
551.953	705.5	0	705.5
552.082	667.25	0	667.25
552.21	673	0	673
552.338	696.75	0	696.75
552.466	666.25	0	666.25
552.594	673.25	0	673.25
552.722	659.5	0	659.5
552.851	678	0	678
552.979	671.25	0	671.25
553.107	688.5	0	688.5
553.235	699	0	699
553.363	702.25	0	702.25
553.491	701	0	701
553.619	738	0	738
553.747	747.75	0	747.75
553.875	767	0	767
554.003	747	0	747
554.131	686	0	686
554.259	702.5	0	702.5
554.387	690.25	0	690.25
554.514	683	0	683
554.642	725.5	0	725.5
554.77	758	0	758
554.898	880.25	0	880.25
555.026	1094	0	1094
555.154	1190.5	0	1190.5
555.281	1008.75	0	1008.75
555.409	816.5	0	816.5
555.537	749.5	0	749.5
555.665	724.5	0	724.5
555.793	726.75	0	726.75
555.92	710.75	0	710.75
556.048	764.75	0	764.75
556.176	834.75	0	834.75
556.303	959.25	0	959.25
556.431	943.75	0	943.75
556.559	941.25	0	941.25
556.686	920.75	0	920.75
556.814	783.75	0	783.75
556.942	745	0	745
557.069	750.25	0	750.25
557.197	744.5	0	744.5
557.324	730.75	0	730.75
557.452	732.75	0	732.75
557.579	743.5	0	743.5
557.707	726.5	0	726.5
557.835	750.25	0	750.25
557.962	746.25	0	746.25
558.089	776.25	0	776.25
558.217	767.25	0	767.25
558.344	785.75	0	785.75
558.472	799.5	0	799.5
558.599	874.5	0	874.5
558.727	1105.5	0	1105.5
558.854	1378.5	0	1378.5
558.981	1455.75	0	1455.75
559.109	1053.25	0	1053.25
559.236	866.75	0	866.75
559.363	855.25	0	855.25
559.491	961.25	0	961.25
559.618	1162.75	0	1162.75
559.745	1315.5	0	1315.5
559.872	886.25	0	886.25
560	766.5	0	766.5
560.127	764	0	764
560.254	743.25	0	743.25
560.381	820.75	0	820.75
560.508	884.5	0	884.5
560.636	1018.25	0	1018.25
560.763	1101	0	1101
560.89	1311	0	1311
561.017	1245.75	0	1245.75
561.144	823.25	0	823.25
561.271	752	0	752
561.398	744	0	744
561.525	717.5	0	717.5
561.652	690.75	0	690.75
561.779	691.5	0	691.5
561.906	731	0	731
562.033	746.5	0	746.5
562.16	807.25	0	807.25
562.287	808.75	0	808.75
562.414	860.75	0	860.75
562.541	968	0	968
562.668	1374.75	0	1374.75
562.795	1991.5	0	1991.5
562.922	3112.25	0	3112.25
563.049	3002.75	0	3002.75
563.175	2749.5	0	2749.5
563.302	2343.25	0	2343.25
563.429	1133.75	0	1133.75
563.556	896	0	896
563.683	903.25	0	903.25
563.809	920.25	0	920.25
563.936	887.5	0	887.5
564.063	851.75	0	851.75
564.19	815	0	815
564.316	827	0	827
564.443	863	0	863
564.57	897.25	0	897.25
564.696	940.25	0	940.25
564.823	1043.5	0	1043.5
564.95	1156	0	1156
565.076	1342	0	1342
565.203	1033.5	0	1033.5
565.33	860.5	0	860.5
565.456	878.75	0	878.75
565.583	921.5	0	921.5
565.709	907.5	0	907.5
565.836	928.75	0	928.75
565.962	1071.75	0	1071.75
566.089	1375.75	0	1375.75
566.215	1635.75	0	1635.75
566.341	1112.25	0	1112.25
566.468	899.75	0	899.75
566.594	870.25	0	870.25
566.721	848.25	0	848.25
566.847	840.25	0	840.25
566.974	932.5	0	932.5
567.1	1127.25	0	1127.25
567.226	1549	0	1549
567.353	2095.5	0	2095.5
567.479	2194.5	0	2194.5
567.605	2153.25	0	2153.25
567.732	1089.5	0	1089.5
567.858	894.5	0	894.5
567.984	817.75	0	817.75
568.11	794.25	0	794.25
568.236	806	0	806
568.363	799.75	0	799.75
568.489	832.75	0	832.75
568.615	888.75	0	888.75
568.741	989.5	0	989.5
568.867	957.5	0	957.5
568.993	872.75	0	872.75
569.12	892.25	0	892.25
569.246	924.75	0	924.75
569.372	888.25	0	888.25
569.498	903.75	0	903.75
569.624	910.25	0	910.25
569.75	934	0	934
569.876	1058.75	0	1058.75
570.002	1343.5	0	1343.5
570.128	2085.75	0	2085.75
570.254	2888	0	2888
570.38	2932.5	0	2932.5
570.506	1781.75	0	1781.75
570.632	2014.75	0	2014.75
570.758	2863.25	0	2863.25
570.883	3108	0	3108
571.009	2398.25	0	2398.25
571.135	2663.75	0	2663.75
571.261	2140.25	0	2140.25
571.387	1265	0	1265
571.513	978.5	0	978.5
571.638	930.5	0	930.5
571.764	895.75	0	895.75
571.89	927	0	927
572.016	976.5	0	976.5
572.141	955.25	0	955.25
572.267	916.25	0	916.25
572.393	903.25	0	903.25
572.518	962.5	0	962.5
572.644	1053.75	0	1053.75
572.77	1235	0	1235
572.895	1965	0	1965
573.021	3187	0	3187
573.147	4118.75	0	4118.75
573.272	3257.75	0	3257.75
573.398	1991	0	1991
573.523	2057	0	2057
573.649	2110	0	2110
573.774	1709.25	0	1709.25
573.9	1717.25	0	1717.25
574.025	1657.5	0	1657.5
574.151	1947.5	0	1947.5
574.276	1602.5	0	1602.5
574.402	1136	0	1136
574.527	1173	0	1173
574.652	1337.25	0	1337.25
574.778	1546.75	0	1546.75
574.903	1407.25	0	1407.25
575.029	1165.5	0	1165.5
575.154	1343	0	1343
575.279	1568	0	1568
575.405	1424.25	0	1424.25
575.53	1171.5	0	1171.5
575.655	1082.25	0	1082.25
575.78	1078	0	1078
575.906	982	0	982
576.031	980	0	980
576.156	917.75	0	917.75
576.281	929	0	929
576.406	904	0	904
576.532	941.5	0	941.5
576.657	980.5	0	980.5
576.782	942.25	0	942.25
576.907	918	0	918
577.032	919	0	919
577.157	958.25	0	958.25
577.282	945.25	0	945.25
577.407	1051	0	1051
577.532	1174	0	1174
577.657	1307.5	0	1307.5
577.782	1221	0	1221
577.907	1030	0	1030
578.032	1077.5	0	1077.5
578.157	1158	0	1158
578.282	961.25	0	961.25
578.407	950.5	0	950.5
578.532	990.5	0	990.5
578.657	1160.25	0	1160.25
578.782	1314.5	0	1314.5
578.907	1421	0	1421
579.031	1428.75	0	1428.75
579.156	1392.75	0	1392.75
579.281	1217.5	0	1217.5
579.406	1134.25	0	1134.25
579.531	1027.5	0	1027.5
579.655	932.25	0	932.25
579.78	897.25	0	897.25
579.905	858.75	0	858.75
580.03	853.5	0	853.5
580.154	898.75	0	898.75
580.279	879.5	0	879.5
580.404	919	0	919
580.528	910.75	0	910.75
580.653	865.75	0	865.75
580.778	841.75	0	841.75
580.902	825.75	0	825.75
581.027	821.5	0	821.5
581.151	874.75	0	874.75
581.276	853.25	0	853.25
581.4	808.75	0	808.75
581.525	819.75	0	819.75
581.649	818.25	0	818.25
581.774	795.25	0	795.25
581.898	845.5	0	845.5
582.023	900.25	0	900.25
582.147	989.25	0	989.25
582.272	951.5	0	951.5
582.396	855	0	855
582.52	798.75	0	798.75
582.645	768.5	0	768.5
582.769	769	0	769
582.893	762.25	0	762.25
583.018	743.5	0	743.5
583.142	746.25	0	746.25
583.266	755.75	0	755.75
583.391	840.5	0	840.5
583.515	932	0	932
583.639	909.75	0	909.75
583.763	800.5	0	800.5
583.888	733.75	0	733.75
584.012	731.25	0	731.25
584.136	753.5	0	753.5
584.26	766.75	0	766.75
584.384	784.75	0	784.75
584.508	769.25	0	769.25
584.632	728.5	0	728.5
584.757	727.75	0	727.75
584.881	782.75	0	782.75
585.005	859.75	0	859.75
585.129	927.5	0	927.5
585.253	885.25	0	885.25
585.377	855.75	0	855.75
585.501	878.75	0	878.75
585.625	755.25	0	755.25
585.749	734.75	0	734.75
585.873	704.5	0	704.5
585.997	663.25	0	663.25
586.12	643.75	0	643.75
586.244	646.5	0	646.5
586.368	630.75	0	630.75
586.492	620.75	0	620.75
586.616	601	0	601
586.74	627.25	0	627.25
586.864	596.75	0	596.75
586.987	571.75	0	571.75
587.111	582.25	0	582.25
587.235	515	0	515
587.359	568.5	0	568.5
587.482	556.75	0	556.75
587.606	527.25	0	527.25
587.73	548.5	0	548.5
587.854	542.5	0	542.5
587.977	530.25	0	530.25
588.101	547.75	0	547.75
588.224	543.5	0	543.5
588.348	516.75	0	516.75
588.472	533.75	0	533.75
588.595	519.5	0	519.5
588.719	520.75	0	520.75
588.842	527.75	0	527.75
588.966	518.75	0	518.75
589.089	494.25	0	494.25
589.213	523.75	0	523.75
589.336	532.25	0	532.25
589.46	530.25	0	530.25
589.583	502.75	0	502.75
589.707	482	0	482
589.83	485.75	0	485.75
589.954	490	0	490
590.077	496.5	0	496.5
590.2	495.25	0	495.25
590.324	488.5	0	488.5
590.447	478.75	0	478.75
590.57	459.5	0	459.5
590.694	462.75	0	462.75
590.817	467.5	0	467.5
590.94	445.75	0	445.75
591.063	479.25	0	479.25
591.187	477.75	0	477.75
591.31	459.75	0	459.75
591.433	447.75	0	447.75
591.556	466.75	0	466.75
591.679	445.5	0	445.5
591.803	489.25	0	489.25
591.926	489.75	0	489.75
592.049	471.25	0	471.25
592.172	466.75	0	466.75
592.295	436.75	0	436.75
592.418	455.5	0	455.5
592.541	467.25	0	467.25
592.664	476	0	476
592.787	502.25	0	502.25
592.91	564.25	0	564.25
593.033	502.25	0	502.25
593.156	449.5	0	449.5
593.279	466	0	466
593.402	434.5	0	434.5
593.525	440.5	0	440.5
593.648	425.5	0	425.5
593.771	434.25	0	434.25
593.894	416.5	0	416.5
594.016	431.75	0	431.75
594.139	416.25	0	416.25
594.262	398.75	0	398.75
594.385	430.5	0	430.5
594.508	391.25	0	391.25
594.63	404.75	0	404.75
594.753	401	0	401
594.876	414.25	0	414.25
594.999	424.75	0	424.75
595.121	418	0	418
595.244	393.25	0	393.25
595.367	420	0	420
595.489	399	0	399
595.612	408.75	0	408.75
595.735	414.5	0	414.5
595.857	415	0	415
595.98	402.5	0	402.5
596.102	380	0	380
596.225	393.75	0	393.75
596.347	372.25	0	372.25
596.47	409	0	409
596.592	378.75	0	378.75
596.715	383.5	0	383.5
596.837	388.75	0	388.75
596.96	394.5	0	394.5
597.082	381.5	0	381.5
597.205	386.75	0	386.75
597.327	376.75	0	376.75
597.449	362.25	0	362.25
597.572	376.75	0	376.75
597.694	384.75	0	384.75
597.816	391.75	0	391.75
597.939	402.75	0	402.75
598.061	435	0	435
598.183	430.75	0	430.75
598.306	491.25	0	491.25
598.428	484.25	0	484.25
598.55	452.75	0	452.75
598.672	407.5	0	407.5
598.795	384.25	0	384.25
598.917	391	0	391
599.039	373	0	373
599.161	372.75	0	372.75
599.283	379.75	0	379.75
599.405	374	0	374
599.527	376	0	376
599.65	356.5	0	356.5
599.772	372.75	0	372.75
599.894	368.75	0	368.75
600.016	369.5	0	369.5
600.138	388	0	388
600.26	374.75	0	374.75
600.382	388.75	0	388.75
600.504	447.25	0	447.25
600.625	534.75	0	534.75
600.747	621	0	621
600.869	418.75	0	418.75
600.991	381.25	0	381.25
601.113	385.5	0	385.5
601.235	365.75	0	365.75
601.357	391	0	391
601.479	350.75	0	350.75
601.6	370	0	370
601.722	362.25	0	362.25
601.844	387.25	0	387.25
601.966	418	0	418
602.087	482.75	0	482.75
602.209	433	0	433
602.331	405.5	0	405.5
602.453	363	0	363
602.574	403	0	403
602.696	420.75	0	420.75
602.818	413	0	413
602.939	437.75	0	437.75
603.061	456.5	0	456.5
603.182	418.5	0	418.5
603.304	423.75	0	423.75
603.426	420	0	420
603.547	403.25	0	403.25
603.669	391.25	0	391.25
603.79	373.25	0	373.25
603.912	382.75	0	382.75
604.033	409.5	0	409.5
604.154	487.5	0	487.5
604.276	727	0	727
604.397	1066.5	0	1066.5
604.519	875.25	0	875.25
604.64	436.75	0	436.75
604.761	378.25	0	378.25
604.883	367.5	0	367.5
605.004	348.25	0	348.25
605.125	354	0	354
605.247	385.75	0	385.75
605.368	380.5	0	380.5
605.489	344.75	0	344.75
605.611	358	0	358
605.732	376.5	0	376.5
605.853	388.25	0	388.25
605.974	400.75	0	400.75
606.095	430.25	0	430.25
606.216	562	0	562
606.338	547.25	0	547.25
606.459	396.5	0	396.5
606.58	341.25	0	341.25
606.701	383	0	383
606.822	394	0	394
606.943	378	0	378
607.064	415.75	0	415.75
607.185	448	0	448
607.306	389	0	389
607.427	353	0	353
607.548	350	0	350
607.669	346.25	0	346.25
607.79	351.5	0	351.5
607.911	340.5	0	340.5
608.032	360	0	360
608.153	372	0	372
608.274	427	0	427
608.394	599.75	0	599.75
608.515	1001.25	0	1001.25
608.636	1204	0	1204
608.757	623	0	623
608.878	463.5	0	463.5
608.998	471.25	0	471.25
609.119	601	0	601
609.24	875.5	0	875.5
609.361	1502.5	0	1502.5
609.481	2081.25	0	2081.25
609.602	1239.5	0	1239.5
609.723	619	0	619
609.843	500.75	0	500.75
609.964	453.75	0	453.75
610.085	427	0	427
610.205	437.75	0	437.75
610.326	425.5	0	425.5
610.446	392.25	0	392.25
610.567	411.25	0	411.25
610.687	404.5	0	404.5
610.808	418.25	0	418.25
610.928	458.25	0	458.25
611.049	491	0	491
611.169	516.5	0	516.5
611.29	472.75	0	472.75
611.41	592	0	592
611.531	963	0	963
611.651	1145.5	0	1145.5
611.771	633.75	0	633.75
611.892	456.75	0	456.75
612.012	441	0	441
612.132	567.5	0	567.5
612.253	918.75	0	918.75
612.373	1506.25	0	1506.25
612.493	1245.25	0	1245.25
612.613	600.5	0	600.5
612.734	440.75	0	440.75
612.854	397.75	0	397.75
612.974	424.5	0	424.5
613.094	402.5	0	402.5
613.214	441.25	0	441.25
613.335	445.75	0	445.75
613.455	415.75	0	415.75
613.575	427.75	0	427.75
613.695	467.25	0	467.25
613.815	676	0	676
613.935	1049.25	0	1049.25
614.055	1001.75	0	1001.75
614.175	497.25	0	497.25
614.295	404.5	0	404.5
614.415	406	0	406
614.535	385	0	385
614.655	393.25	0	393.25
614.775	395.5	0	395.5
614.895	398.75	0	398.75
615.015	387.5	0	387.5
615.135	392	0	392
615.254	470.5	0	470.5
615.374	678.25	0	678.25
615.494	814.25	0	814.25
615.614	494.75	0	494.75
615.734	391.5	0	391.5
615.854	391.25	0	391.25
615.973	394.5	0	394.5
616.093	387.5	0	387.5
616.213	399.25	0	399.25
616.332	376.25	0	376.25
616.452	369	0	369
616.572	373.25	0	373.25
616.691	354.25	0	354.25
616.811	378.5	0	378.5
616.931	357	0	357
617.05	375	0	375
617.17	377.5	0	377.5
617.289	395	0	395
617.409	537.25	0	537.25
617.529	558	0	558
617.648	427	0	427
617.768	373.25	0	373.25
617.887	359.5	0	359.5
618.006	371	0	371
618.126	402.5	0	402.5
618.245	382.5	0	382.5
618.365	360	0	360
618.484	351.75	0	351.75
618.604	358.5	0	358.5
618.723	350.75	0	350.75
618.842	357.75	0	357.75
618.962	355	0	355
619.081	346.25	0	346.25
619.2	363.75	0	363.75
619.319	400.75	0	400.75
619.439	398.25	0	398.25
619.558	389.5	0	389.5
619.677	358.5	0	358.5
619.796	356.75	0	356.75
619.916	353.75	0	353.75
620.035	363.5	0	363.5
620.154	470.25	0	470.25
620.273	717.75	0	717.75
620.392	932.75	0	932.75
620.511	526.25	0	526.25
620.63	380.75	0	380.75
620.749	359	0	359
620.868	334.75	0	334.75
620.987	338.75	0	338.75
621.106	338.5	0	338.5
621.225	364.75	0	364.75
621.344	364	0	364
621.463	354.75	0	354.75
621.582	402.25	0	402.25
621.701	524.25	0	524.25
621.82	782.75	0	782.75
621.939	841	0	841
622.058	1046.75	0	1046.75
622.177	861.5	0	861.5
622.295	554.5	0	554.5
622.414	491.25	0	491.25
622.533	477.5	0	477.5
622.652	485.75	0	485.75
622.771	559.25	0	559.25
622.889	742.75	0	742.75
623.008	567.5	0	567.5
623.127	428.75	0	428.75
623.245	439.75	0	439.75
623.364	598	0	598
623.483	1005.25	0	1005.25
623.601	1008.75	0	1008.75
623.72	717.25	0	717.25
623.839	673.75	0	673.75
623.957	464	0	464
624.076	456.5	0	456.5
624.194	468.25	0	468.25
624.313	492.5	0	492.5
624.431	598.75	0	598.75
624.55	799.5	0	799.5
624.668	1327.25	0	1327.25
624.787	1691.5	0	1691.5
624.905	783.25	0	783.25
625.024	480.25	0	480.25
625.142	420.75	0	420.75
625.26	406.5	0	406.5
625.379	449.75	0	449.75
625.497	641.5	0	641.5
625.615	956.5	0	956.5
625.734	687.25	0	687.25
625.852	422.75	0	422.75
625.97	444.25	0	444.25
626.089	577.25	0	577.25
626.207	691.75	0	691.75
626.325	604.5	0	604.5
626.443	473.25	0	473.25
626.561	507	0	507
626.68	417	0	417
626.798	382.25	0	382.25
626.916	415.25	0	415.25
627.034	546.5	0	546.5
627.152	597	0	597
627.27	597	0	597
627.388	594.5	0	594.5
627.506	403	0	403
627.624	412.75	0	412.75
627.742	511.5	0	511.5
627.86	690	0	690
627.978	700.25	0	700.25
628.096	412.5	0	412.5
628.214	368.75	0	368.75
628.332	376.25	0	376.25
628.45	370.5	0	370.5
628.568	413	0	413
628.686	477.75	0	477.75
628.804	576.75	0	576.75
628.921	793	0	793
629.039	747.75	0	747.75
629.157	445	0	445
629.275	417.25	0	417.25
629.393	408.75	0	408.75
629.51	472.5	0	472.5
629.628	666.25	0	666.25
629.746	912.5	0	912.5
629.864	629.5	0	629.5
629.981	647.75	0	647.75
630.099	848.75	0	848.75
630.216	579	0	579
630.334	421.75	0	421.75
630.452	377.75	0	377.75
630.569	400.25	0	400.25
630.687	380.75	0	380.75
630.804	390	0	390
630.922	408.75	0	408.75
631.039	386.75	0	386.75
631.157	377	0	377
631.274	396.25	0	396.25
631.392	424.5	0	424.5
631.509	442.75	0	442.75
631.627	426.75	0	426.75
631.744	410	0	410
631.861	369.5	0	369.5
631.979	367.75	0	367.75
632.096	369.25	0	369.25
632.213	386.75	0	386.75
632.331	363.5	0	363.5
632.448	364.75	0	364.75
632.565	404.25	0	404.25
632.683	395.5	0	395.5
632.8	416.25	0	416.25
632.917	489.75	0	489.75
633.034	540.75	0	540.75
633.151	628.5	0	628.5
633.269	455.75	0	455.75
633.386	388	0	388
633.503	350.25	0	350.25
633.62	324.75	0	324.75
633.737	337.75	0	337.75
633.854	342.25	0	342.25
633.971	324.5	0	324.5
634.088	342	0	342
634.205	405.25	0	405.25
634.322	550.25	0	550.25
634.439	491.5	0	491.5
634.556	352.75	0	352.75
634.673	342.5	0	342.5
634.79	355.5	0	355.5
634.907	343.5	0	343.5
635.024	323.25	0	323.25
635.141	319.25	0	319.25
635.258	386.75	0	386.75
635.375	485.25	0	485.25
635.491	419.25	0	419.25
635.608	320.5	0	320.5
635.725	313	0	313
635.842	338.75	0	338.75
635.958	350	0	350
636.075	437	0	437
636.192	526.75	0	526.75
636.309	484	0	484
636.425	444.75	0	444.75
636.542	403.5	0	403.5
636.659	378	0	378
636.775	311.75	0	311.75
636.892	302	0	302
637.008	299.25	0	299.25
637.125	302.25	0	302.25
637.241	295	0	295
637.358	308.75	0	308.75
637.475	315.5	0	315.5
637.591	288	0	288
637.707	287	0	287
637.824	315.5	0	315.5
637.94	337.75	0	337.75
638.057	305.75	0	305.75
638.173	298.5	0	298.5
638.29	351.5	0	351.5
638.406	390.25	0	390.25
638.522	334.25	0	334.25
638.639	322.75	0	322.75
638.755	307.75	0	307.75
638.871	311.75	0	311.75
638.987	300	0	300
639.104	302.5	0	302.5
639.22	290.75	0	290.75
639.336	305.75	0	305.75
639.452	293.25	0	293.25
639.569	311.5	0	311.5
639.685	319.25	0	319.25
639.801	333.75	0	333.75
639.917	307.25	0	307.25
640.033	287	0	287
640.149	283.75	0	283.75
640.265	303	0	303
640.381	280.75	0	280.75
640.497	288	0	288
640.613	274	0	274
640.729	263.75	0	263.75
640.845	281.5	0	281.5
640.961	293.25	0	293.25
641.077	287	0	287
641.193	283.5	0	283.5
641.309	278.25	0	278.25
641.425	289.25	0	289.25
641.541	290	0	290
641.657	277.5	0	277.5
641.773	272.75	0	272.75
641.888	275	0	275
642.004	260	0	260
642.12	270.5	0	270.5
642.236	280.25	0	280.25
642.352	279.25	0	279.25
642.467	275	0	275
642.583	268.5	0	268.5
642.699	284.75	0	284.75
642.814	274.5	0	274.5
642.93	281	0	281
643.046	282	0	282
643.161	290.75	0	290.75
643.277	272.75	0	272.75
643.392	345.25	0	345.25
643.508	449.5	0	449.5
643.623	384	0	384
643.739	363.75	0	363.75
643.854	334.75	0	334.75
643.97	321.5	0	321.5
644.085	308.25	0	308.25
644.201	301	0	301
644.316	290.25	0	290.25
644.432	265.75	0	265.75
644.547	263.25	0	263.25
644.663	259.5	0	259.5
644.778	251.5	0	251.5
644.893	279.5	0	279.5
645.008	278.25	0	278.25
645.124	275	0	275
645.239	299.25	0	299.25
645.354	278.25	0	278.25
645.47	304.25	0	304.25
645.585	407	0	407
645.7	522.5	0	522.5
645.815	348	0	348
645.93	266.5	0	266.5
646.046	269.5	0	269.5
646.161	247	0	247
646.276	270.25	0	270.25
646.391	253.5	0	253.5
646.506	260.25	0	260.25
646.621	247.25	0	247.25
646.736	260	0	260
646.851	252	0	252
646.966	261.25	0	261.25
647.081	265.5	0	265.5
647.196	263	0	263
647.311	243.5	0	243.5
647.426	259	0	259
647.541	258	0	258
647.656	248.25	0	248.25
647.771	238	0	238
647.885	255.75	0	255.75
648	247.5	0	247.5
648.115	258.5	0	258.5
648.23	279	0	279
648.345	293.5	0	293.5
648.459	295.25	0	295.25
648.574	266.75	0	266.75
648.689	278.75	0	278.75
648.804	288	0	288
648.918	265.75	0	265.75
649.033	270.5	0	270.5
649.148	292.75	0	292.75
649.262	338.25	0	338.25
649.377	289.5	0	289.5
649.491	295.75	0	295.75
649.606	276.25	0	276.25
649.721	272.75	0	272.75
649.835	268	0	268
649.95	272.25	0	272.25
650.064	263.75	0	263.75
650.179	261	0	261
650.293	277.75	0	277.75
650.408	276	0	276
650.522	287	0	287
650.636	292.25	0	292.25
650.751	349	0	349
650.865	515.75	0	515.75
650.979	355	0	355
651.094	291	0	291
651.208	293.5	0	293.5
651.322	300.5	0	300.5
651.437	279.75	0	279.75
651.551	259.5	0	259.5
651.665	270	0	270
651.779	262.25	0	262.25
651.894	282.75	0	282.75
652.008	272.75	0	272.75
652.122	287.75	0	287.75
652.236	287.5	0	287.5
652.35	271	0	271
652.464	274.75	0	274.75
652.578	270.75	0	270.75
652.693	276.75	0	276.75
652.807	282.25	0	282.25
652.921	299	0	299
653.035	268.75	0	268.75
653.149	272.25	0	272.25
653.263	305.75	0	305.75
653.376	332	0	332
653.49	485.5	0	485.5
653.604	754.75	0	754.75
653.718	473.5	0	473.5
653.832	334.25	0	334.25
653.946	310	0	310
654.06	296.75	0	296.75
654.174	300.25	0	300.25
654.287	299.25	0	299.25
654.401	289.5	0	289.5
654.515	294	0	294
654.629	316.25	0	316.25
654.743	347.5	0	347.5
654.856	365	0	365
654.97	316.75	0	316.75
655.084	282.5	0	282.5
655.197	293	0	293
655.311	296.25	0	296.25
655.424	321	0	321
655.538	323.75	0	323.75
655.652	302.75	0	302.75
655.765	286	0	286
655.879	299	0	299
655.992	299	0	299
656.106	307.75	0	307.75
656.219	344.25	0	344.25
656.333	337	0	337
656.446	310	0	310
656.56	301.5	0	301.5
656.673	288.75	0	288.75
656.786	307.5	0	307.5
656.9	323.5	0	323.5
657.013	334.5	0	334.5
657.127	310.75	0	310.75
657.24	307.75	0	307.75
657.353	308.75	0	308.75
657.466	294.25	0	294.25
657.58	304.75	0	304.75
657.693	286.75	0	286.75
657.806	290.25	0	290.25
657.919	280.25	0	280.25
658.032	279	0	279
658.146	284.25	0	284.25
658.259	283.75	0	283.75
658.372	310	0	310
658.485	272	0	272
658.598	281	0	281
658.711	284.5	0	284.5
658.824	285.75	0	285.75
658.937	270	0	270
659.05	276	0	276
659.163	286	0	286
659.276	286.25	0	286.25
659.389	292.75	0	292.75
659.502	280.5	0	280.5
659.615	293.5	0	293.5
659.728	293.5	0	293.5
659.841	283.5	0	283.5
659.954	288.25	0	288.25
660.067	286.75	0	286.75
660.179	285.75	0	285.75
660.292	289.75	0	289.75
660.405	272.25	0	272.25
660.518	282	0	282
660.63	290.75	0	290.75
660.743	280.25	0	280.25
660.856	307.75	0	307.75
660.969	387.5	0	387.5
661.081	494	0	494
661.194	356.25	0	356.25
661.307	336	0	336
661.419	292.75	0	292.75
661.532	275.25	0	275.25
661.644	269	0	269
661.757	274.5	0	274.5
661.869	277	0	277
661.982	270.25	0	270.25
662.094	271	0	271
662.207	278.5	0	278.5
662.319	288.75	0	288.75
662.432	276	0	276
662.544	270.5	0	270.5
662.656	281.5	0	281.5
662.769	334.25	0	334.25
662.881	445.25	0	445.25
662.994	478	0	478
663.106	318.75	0	318.75
663.218	279.75	0	279.75
663.331	276	0	276
663.443	284.5	0	284.5
663.555	268.5	0	268.5
663.667	292.25	0	292.25
663.779	296.25	0	296.25
663.892	286	0	286
664.004	277.75	0	277.75
664.116	287.75	0	287.75
664.228	266.5	0	266.5
664.34	259.5	0	259.5
664.452	288.5	0	288.5
664.564	297.25	0	297.25
664.676	278.25	0	278.25
664.788	283.25	0	283.25
664.901	292.75	0	292.75
665.012	277.75	0	277.75
665.125	275.5	0	275.5
665.236	277.5	0	277.5
665.348	284	0	284
665.46	263.25	0	263.25
665.572	273.25	0	273.25
665.684	262.25	0	262.25
665.796	278.75	0	278.75
665.908	268.5	0	268.5
666.02	264.5	0	264.5
666.131	280.5	0	280.5
666.243	277	0	277
666.355	250.25	0	250.25
666.467	260.25	0	260.25
666.578	264.25	0	264.25
666.69	281.25	0	281.25
666.802	269.5	0	269.5
666.914	273.5	0	273.5
667.025	262	0	262
667.137	264	0	264
667.248	255	0	255
667.36	259.25	0	259.25
667.472	247.25	0	247.25
667.583	266	0	266
667.695	257.5	0	257.5
667.806	250	0	250
667.918	271	0	271
668.029	262	0	262
668.141	249.5	0	249.5
668.252	259.25	0	259.25
668.363	262	0	262
668.475	264	0	264
668.586	250.5	0	250.5
668.698	254.25	0	254.25
668.809	249	0	249
668.92	244	0	244
669.032	242.5	0	242.5
669.143	250.75	0	250.75
669.254	260	0	260
669.365	249	0	249
669.477	250.5	0	250.5
669.588	253.25	0	253.25
669.699	245.25	0	245.25
669.81	274.5	0	274.5
669.921	253.5	0	253.5
670.032	263.75	0	263.75
670.143	248	0	248
670.255	241.5	0	241.5
670.366	237.75	0	237.75
670.477	256.25	0	256.25
670.588	246.25	0	246.25
670.699	229.5	0	229.5
670.81	242.75	0	242.75
670.921	240.25	0	240.25
671.032	252	0	252
671.143	252.5	0	252.5
671.253	249.75	0	249.75
671.364	236.25	0	236.25
671.475	243	0	243
671.586	242	0	242
671.697	232.75	0	232.75
671.808	240.25	0	240.25
671.919	247.5	0	247.5
672.029	244.5	0	244.5
672.14	230.5	0	230.5
672.251	232.75	0	232.75
672.362	238	0	238
672.472	235.25	0	235.25
672.583	243.25	0	243.25
672.694	244.75	0	244.75
672.804	250.75	0	250.75
672.915	238.5	0	238.5
673.025	236	0	236
673.136	235.5	0	235.5
673.247	227.25	0	227.25
673.357	249.75	0	249.75
673.468	229.25	0	229.25
673.578	243.5	0	243.5
673.689	263.25	0	263.25
673.799	253.5	0	253.5
673.91	223.25	0	223.25
674.02	242	0	242
674.13	240.25	0	240.25
674.241	243.5	0	243.5
674.351	251.25	0	251.25
674.461	234.5	0	234.5
674.572	245	0	245
674.682	236.5	0	236.5
674.792	248.25	0	248.25
674.903	235	0	235
675.013	235.25	0	235.25
675.123	226	0	226
675.233	247.25	0	247.25
675.344	246	0	246
675.454	246	0	246
675.564	256.5	0	256.5
675.674	330	0	330
675.784	412	0	412
675.894	271	0	271
676.004	238	0	238
676.114	247.25	0	247.25
676.224	243	0	243
676.334	251	0	251
676.444	268.5	0	268.5
676.554	256	0	256
676.664	240	0	240
676.774	246.5	0	246.5
676.884	245	0	245
676.994	285.25	0	285.25
677.104	367	0	367
677.214	269	0	269
677.324	235.75	0	235.75
677.433	221	0	221
677.543	239.5	0	239.5
677.653	220.5	0	220.5
677.763	233.5	0	233.5
677.872	227.75	0	227.75
677.982	244	0	244
678.092	240.75	0	240.75
678.202	235.75	0	235.75
678.311	230.25	0	230.25
678.421	229.75	0	229.75
678.53	234.5	0	234.5
678.64	223.75	0	223.75
678.75	245.75	0	245.75
678.859	286	0	286
678.969	328.75	0	328.75
679.078	299.75	0	299.75
679.188	247.75	0	247.75
679.297	229.75	0	229.75
679.407	226.5	0	226.5
679.516	238.25	0	238.25
679.625	227.75	0	227.75
679.735	226.25	0	226.25
679.844	214.75	0	214.75
679.954	221.25	0	221.25
680.063	225.5	0	225.5
680.172	210.25	0	210.25
680.282	231.5	0	231.5
680.391	214.25	0	214.25
680.5	221.5	0	221.5
680.609	210.75	0	210.75
680.719	213.5	0	213.5
680.828	227.75	0	227.75
680.937	224.5	0	224.5
681.046	215.25	0	215.25
681.155	218.75	0	218.75
681.264	223.25	0	223.25
681.374	224.75	0	224.75
681.483	221.75	0	221.75
681.592	221	0	221
681.701	259.75	0	259.75
681.81	242.5	0	242.5
681.919	224.25	0	224.25
682.028	217.75	0	217.75
682.137	220	0	220
682.246	216.25	0	216.25
682.355	211.25	0	211.25
682.463	215	0	215
682.572	215.25	0	215.25
682.681	211	0	211
682.79	218	0	218
682.899	214	0	214
683.008	211.5	0	211.5
683.117	223	0	223
683.225	225.5	0	225.5
683.334	223.5	0	223.5
683.443	228	0	228
683.551	222.75	0	222.75
683.66	228	0	228
683.769	242.25	0	242.25
683.877	210.75	0	210.75
683.986	213.5	0	213.5
684.095	212.75	0	212.75
684.203	210.5	0	210.5
684.312	217.5	0	217.5
684.42	217.75	0	217.75
684.529	226.25	0	226.25
684.637	221.75	0	221.75
684.746	218.25	0	218.25
684.854	211.75	0	211.75
684.963	208.75	0	208.75
685.071	212.5	0	212.5
685.18	209.75	0	209.75
685.288	212.5	0	212.5
685.396	211.25	0	211.25
685.505	202.75	0	202.75
685.613	204.25	0	204.25
685.721	200.75	0	200.75
685.83	208.75	0	208.75
685.938	205.5	0	205.5
686.046	223.25	0	223.25
686.154	196.5	0	196.5
686.263	206.75	0	206.75
686.371	212.25	0	212.25
686.479	204.25	0	204.25
686.587	189.5	0	189.5
686.695	204.75	0	204.75
686.803	208.75	0	208.75
686.911	201	0	201
687.019	217.5	0	217.5
687.127	208.25	0	208.25
687.235	209.25	0	209.25
687.343	213.75	0	213.75
687.451	227	0	227
687.559	242.75	0	242.75
687.667	223.5	0	223.5
687.775	210	0	210
687.883	199.75	0	199.75
687.991	213	0	213
688.099	214.25	0	214.25
688.207	211.75	0	211.75
688.315	211	0	211
688.422	209.25	0	209.25
688.53	201.5	0	201.5
688.638	198.5	0	198.5
688.746	204.75	0	204.75
688.853	217	0	217
688.961	213.5	0	213.5
689.069	197.25	0	197.25
689.176	199.25	0	199.25
689.284	192.25	0	192.25
689.392	206.5	0	206.5
689.499	203.25	0	203.25
689.607	211.5	0	211.5
689.714	196.5	0	196.5
689.822	216.5	0	216.5
689.93	207.25	0	207.25
690.037	210.5	0	210.5
690.144	218.75	0	218.75
690.252	192.75	0	192.75
690.359	200.25	0	200.25
690.467	189.5	0	189.5
690.574	215.75	0	215.75
690.682	183.75	0	183.75
690.789	197.75	0	197.75
690.896	196.5	0	196.5
691.004	191.25	0	191.25
691.111	204.25	0	204.25
691.218	210.25	0	210.25
691.325	200.75	0	200.75
691.433	211.25	0	211.25
691.54	200.5	0	200.5
691.647	195	0	195
691.754	194	0	194
691.861	195.75	0	195.75
691.969	206	0	206
692.076	190.75	0	190.75
692.183	208	0	208
692.29	202	0	202
692.397	212.75	0	212.75
692.504	206.5	0	206.5
692.611	190.25	0	190.25
692.718	196	0	196
692.825	208.5	0	208.5
692.932	205.75	0	205.75
693.039	205.25	0	205.25
693.146	192.5	0	192.5
693.253	198.5	0	198.5
693.359	195.25	0	195.25
693.466	200.25	0	200.25
693.573	194	0	194
693.68	196.25	0	196.25
693.787	189.75	0	189.75
693.894	184	0	184
694	202	0	202
694.107	200.5	0	200.5
694.214	198.5	0	198.5
694.32	193.75	0	193.75
694.427	202	0	202
694.534	210	0	210
694.64	202.75	0	202.75
694.747	189.75	0	189.75
694.853	209.25	0	209.25
694.96	203.5	0	203.5
695.067	200	0	200
695.173	195.75	0	195.75
695.28	200.25	0	200.25
695.386	195.5	0	195.5
695.493	196.75	0	196.75
695.599	203.5	0	203.5
695.705	212.75	0	212.75
695.812	202	0	202
695.918	204.25	0	204.25
696.025	208.75	0	208.75
696.131	212.25	0	212.25
696.237	215.75	0	215.75
696.344	204.5	0	204.5
696.45	197.5	0	197.5
696.556	198.25	0	198.25
696.662	204	0	204
696.768	195.25	0	195.25
696.875	193.25	0	193.25
696.981	194.75	0	194.75
697.087	189	0	189
697.193	201.5	0	201.5
697.299	195.5	0	195.5
697.405	188	0	188
697.512	204.25	0	204.25
697.618	195	0	195
697.724	215.25	0	215.25
697.83	212.75	0	212.75
697.936	221	0	221
698.042	213.5	0	213.5
698.148	210	0	210
698.253	208	0	208
698.359	211.75	0	211.75
698.465	207.5	0	207.5
698.571	205.25	0	205.25
698.677	206.5	0	206.5
698.783	206	0	206
698.889	208.25	0	208.25
698.994	199.25	0	199.25
699.1	205	0	205
699.206	206.75	0	206.75
699.312	198	0	198
699.417	205.5	0	205.5
699.523	207	0	207
699.629	205.5	0	205.5
699.734	211.75	0	211.75
699.84	201	0	201
699.946	191.25	0	191.25
700.051	203.5	0	203.5
700.157	195.25	0	195.25
700.262	191.75	0	191.75
700.368	207	0	207
700.473	205	0	205
700.579	204.75	0	204.75
700.684	208.5	0	208.5
700.79	201.25	0	201.25
700.895	200.5	0	200.5
701	196.5	0	196.5
701.106	196.25	0	196.25
701.211	197.75	0	197.75
701.316	194	0	194
701.422	198.75	0	198.75
701.527	197.25	0	197.25
701.632	211.5	0	211.5
701.738	198.25	0	198.25
701.843	189	0	189
701.948	203.25	0	203.25
702.053	193.5	0	193.5
702.158	195.75	0	195.75
702.264	211	0	211
702.369	215.5	0	215.5
702.474	203.5	0	203.5
702.579	201.25	0	201.25
702.684	196.25	0	196.25
702.789	207.5	0	207.5
702.894	208.75	0	208.75
702.999	230.25	0	230.25
703.104	229.5	0	229.5
703.209	195.5	0	195.5
703.314	196.75	0	196.75
703.419	188.75	0	188.75
703.524	199.5	0	199.5
703.629	194.25	0	194.25
703.733	193.25	0	193.25
703.838	200.25	0	200.25
703.943	205.25	0	205.25
704.048	201.25	0	201.25
704.153	218.5	0	218.5
704.257	206	0	206
704.362	200	0	200
704.467	210	0	210
704.572	203.5	0	203.5
704.676	203.75	0	203.75
704.781	207.5	0	207.5
704.886	192.5	0	192.5
704.99	201	0	201
705.095	205.75	0	205.75
705.199	200.25	0	200.25
705.304	219.75	0	219.75
705.408	211.75	0	211.75
705.513	207.5	0	207.5
705.617	198.25	0	198.25
705.722	201.5	0	201.5
705.826	198.75	0	198.75
705.931	197.25	0	197.25
706.035	207.25	0	207.25
706.139	195	0	195
706.244	203.75	0	203.75
706.348	204.75	0	204.75
706.452	203	0	203
706.557	212.5	0	212.5
706.661	206.5	0	206.5
706.765	199.25	0	199.25
706.87	190.25	0	190.25
706.974	210	0	210
707.078	198.25	0	198.25
707.182	195.75	0	195.75
707.286	202	0	202
707.39	204.5	0	204.5
707.495	208	0	208
707.599	203	0	203
707.703	194.75	0	194.75
707.807	202	0	202
707.911	206.25	0	206.25
708.015	211.5	0	211.5
708.119	204.5	0	204.5
708.223	196.75	0	196.75
708.327	213	0	213
708.431	198	0	198
708.534	198.25	0	198.25
708.638	195.25	0	195.25
708.742	200.75	0	200.75
708.846	192.5	0	192.5
708.95	193.5	0	193.5
709.054	200.5	0	200.5
709.157	192	0	192
709.261	191.25	0	191.25
709.365	187.75	0	187.75
709.469	192.25	0	192.25
709.572	199.75	0	199.75
709.676	198	0	198
709.78	190	0	190
709.883	199.75	0	199.75
709.987	197.5	0	197.5
710.09	200.75	0	200.75
710.194	203.5	0	203.5
710.298	205.5	0	205.5
710.401	203.25	0	203.25
710.505	187.25	0	187.25
710.608	185.25	0	185.25
710.711	193.25	0	193.25
710.815	192.25	0	192.25
710.918	196.5	0	196.5
711.022	196	0	196
711.125	188	0	188
711.228	196	0	196
711.332	194.5	0	194.5
711.435	193.25	0	193.25
711.538	192	0	192
711.642	182.5	0	182.5
711.745	194.5	0	194.5
711.848	181.25	0	181.25
711.951	190	0	190
712.055	183.5	0	183.5
712.158	200.75	0	200.75
712.261	199.25	0	199.25
712.364	200	0	200
712.467	185.5	0	185.5
712.57	192.75	0	192.75
712.673	188.25	0	188.25
712.776	180	0	180
712.879	193	0	193
712.982	195.75	0	195.75
713.085	186.75	0	186.75
713.188	193	0	193
713.291	195.5	0	195.5
713.394	194.5	0	194.5
713.497	197.25	0	197.25
713.6	192.25	0	192.25
713.703	188.5	0	188.5
713.805	198.75	0	198.75
713.908	194.75	0	194.75
714.011	183	0	183
714.114	183.5	0	183.5
714.216	191.25	0	191.25
714.319	182.75	0	182.75
714.422	181.25	0	181.25
714.525	189.5	0	189.5
714.627	181.25	0	181.25
714.73	194.5	0	194.5
714.833	198.25	0	198.25
714.935	199.5	0	199.5
715.038	193.25	0	193.25
715.14	182	0	182
715.243	175.25	0	175.25
715.345	189	0	189
715.448	198.75	0	198.75
715.55	206.5	0	206.5
715.653	197.5	0	197.5
715.755	192.5	0	192.5
715.857	197	0	197
715.96	184.75	0	184.75
716.062	182.25	0	182.25
716.164	180.25	0	180.25
716.267	192.25	0	192.25
716.369	191.5	0	191.5
716.471	182.25	0	182.25
716.574	180	0	180
716.676	180	0	180
716.778	189	0	189
716.88	187.25	0	187.25
716.982	184	0	184
717.085	185	0	185
717.187	189	0	189
717.289	172	0	172
717.391	199.5	0	199.5
717.493	189	0	189
717.595	188.5	0	188.5
717.697	184	0	184
717.799	180	0	180
717.901	192.25	0	192.25
718.003	191.5	0	191.5
718.105	185.25	0	185.25
718.207	183.5	0	183.5
718.309	172	0	172
718.411	173.5	0	173.5
718.512	194.25	0	194.25
718.614	188	0	188
718.716	189.75	0	189.75
718.818	176.5	0	176.5
718.92	193.25	0	193.25
719.021	180.5	0	180.5
719.123	174.5	0	174.5
719.225	158.75	0	158.75
719.326	170.75	0	170.75
719.428	169.5	0	169.5
719.53	176.75	0	176.75
719.631	176.25	0	176.25
719.733	177.75	0	177.75
719.834	182.25	0	182.25
719.936	191.25	0	191.25
720.038	184.75	0	184.75
720.139	173	0	173
720.241	175.25	0	175.25
720.342	172.5	0	172.5
720.443	180	0	180
720.545	169.25	0	169.25
720.646	184	0	184
720.748	175	0	175
720.849	173.75	0	173.75
720.95	175.5	0	175.5
721.052	169	0	169
721.153	172.5	0	172.5
721.254	181.5	0	181.5
721.355	174.75	0	174.75
721.457	169.25	0	169.25
721.558	183.5	0	183.5
721.659	174.75	0	174.75
721.76	173.75	0	173.75
721.861	176.25	0	176.25
721.963	177.5	0	177.5
722.064	175.25	0	175.25
722.165	182.75	0	182.75
722.266	170.75	0	170.75
722.367	188.5	0	188.5
722.468	171.75	0	171.75
722.569	179.5	0	179.5
722.67	185.75	0	185.75
722.771	172.75	0	172.75
722.872	174.25	0	174.25
722.973	159.75	0	159.75
723.073	167.25	0	167.25
723.174	188.25	0	188.25
723.275	178.75	0	178.75
723.376	169.5	0	169.5
723.477	167.75	0	167.75
723.577	174	0	174
723.678	171	0	171
723.779	170.75	0	170.75
723.88	176.75	0	176.75
723.98	169.25	0	169.25
724.081	163	0	163
724.182	167.5	0	167.5
724.282	170.25	0	170.25
724.383	188.25	0	188.25
724.483	182.5	0	182.5
724.584	172	0	172
724.685	182.75	0	182.75
724.785	173.5	0	173.5
724.886	183.5	0	183.5
724.986	160.75	0	160.75
725.086	165	0	165
725.187	161.75	0	161.75
725.287	171.25	0	171.25
725.388	173.75	0	173.75
725.488	158.75	0	158.75
725.588	159	0	159
725.689	181.25	0	181.25
725.789	166	0	166
725.889	167.25	0	167.25
725.99	170.75	0	170.75
726.09	166	0	166
726.19	168.5	0	168.5
726.29	170	0	170
726.39	175.5	0	175.5
726.49	168.75	0	168.75
726.591	169.5	0	169.5
726.691	161.75	0	161.75
726.791	172.5	0	172.5
726.891	194.25	0	194.25
726.991	185.75	0	185.75
727.091	172.25	0	172.25
727.191	176.75	0	176.75
727.291	170.25	0	170.25
727.391	176.5	0	176.5
727.491	168.25	0	168.25
727.591	166	0	166
727.691	166.75	0	166.75
727.79	166.5	0	166.5
727.89	160.25	0	160.25
727.99	167	0	167
728.09	160.5	0	160.5
728.19	180.25	0	180.25
728.289	159.75	0	159.75
728.389	175	0	175
728.489	162	0	162
728.589	174.25	0	174.25
728.688	163.5	0	163.5
728.788	158.25	0	158.25
728.888	159.5	0	159.5
728.987	169.5	0	169.5
729.087	169	0	169
729.186	166.75	0	166.75
729.286	165	0	165
729.385	163.25	0	163.25
729.485	160.25	0	160.25
729.584	163	0	163
729.684	164.25	0	164.25
729.783	165.5	0	165.5
729.883	155.5	0	155.5
729.982	163	0	163
730.081	165.5	0	165.5
730.181	156	0	156
730.28	172.75	0	172.75
730.379	156.75	0	156.75
730.479	163	0	163
730.578	161.25	0	161.25
730.677	164.5	0	164.5
730.776	158.25	0	158.25
730.875	151.25	0	151.25
730.975	157.5	0	157.5
731.074	165	0	165
731.173	176.75	0	176.75
731.272	165.5	0	165.5
731.371	152.5	0	152.5
731.47	161.25	0	161.25
731.569	158.5	0	158.5
731.668	168.25	0	168.25
731.767	162.75	0	162.75
731.866	158.75	0	158.75
731.965	167	0	167
732.064	174.25	0	174.25
732.163	163.5	0	163.5
732.262	150.75	0	150.75
732.361	169.25	0	169.25
732.46	165	0	165
732.558	167.5	0	167.5
732.657	167.75	0	167.75
732.756	158.25	0	158.25
732.855	163.5	0	163.5
732.953	167.5	0	167.5
733.052	165.75	0	165.75
733.151	167.75	0	167.75
733.25	163.5	0	163.5
733.348	163.25	0	163.25
733.447	160.75	0	160.75
733.545	164.25	0	164.25
733.644	157.25	0	157.25
733.742	164.75	0	164.75
733.841	168	0	168
733.939	154.25	0	154.25
734.038	157.5	0	157.5
734.136	164.5	0	164.5
734.235	183.25	0	183.25
734.333	246.5	0	246.5
734.432	213	0	213
734.53	164.75	0	164.75
734.628	163.25	0	163.25
734.727	157.5	0	157.5
734.825	148.25	0	148.25
734.923	159.5	0	159.5
735.022	165.75	0	165.75
735.12	152.5	0	152.5
735.218	163.25	0	163.25
735.316	170.5	0	170.5
735.414	157.75	0	157.75
735.513	164.25	0	164.25
735.611	163.75	0	163.75
735.709	157	0	157
735.807	162.75	0	162.75
735.905	163.75	0	163.75
736.003	185.5	0	185.5
736.101	230.75	0	230.75
736.199	204.5	0	204.5
736.297	184.25	0	184.25
736.395	178.75	0	178.75
736.493	177.75	0	177.75
736.591	229.25	0	229.25
736.689	210.25	0	210.25
736.787	226	0	226
736.884	183.25	0	183.25
736.982	167.25	0	167.25
737.08	166	0	166
737.178	160.5	0	160.5
737.276	156	0	156
737.373	163	0	163
737.471	155.5	0	155.5
737.569	155.5	0	155.5
737.667	154.75	0	154.75
737.764	155.5	0	155.5
737.862	178	0	178
737.959	168.25	0	168.25
738.057	156.75	0	156.75
738.154	160.25	0	160.25
738.252	164.75	0	164.75
738.35	163.5	0	163.5
738.447	164	0	164
738.544	167.75	0	167.75
738.642	166.5	0	166.5
738.739	158.75	0	158.75
738.837	175.25	0	175.25
738.934	167	0	167
739.031	175.75	0	175.75
739.129	168.75	0	168.75
739.226	159.75	0	159.75
739.323	168	0	168
739.421	158.5	0	158.5
739.518	161.75	0	161.75
739.615	155.75	0	155.75