Lambda	Spectrum	Dark	SpecMinusDark
500.031	16232.5	0	16232.5
500.165	16383.8	0	16383.8
500.299	16383.8	0	16383.8
500.433	16383.8	0	16383.8
500.567	16383.8	0	16383.8
500.701	16383.8	0	16383.8
500.835	16383.8	0	16383.8
500.968	16383.8	0	16383.8
501.102	16383.8	0	16383.8
501.236	16383.8	0	16383.8
501.37	16383.8	0	16383.8
501.504	16383.8	0	16383.8
501.637	16383.8	0	16383.8
501.771	16383.8	0	16383.8
501.905	16198.5	0	16198.5
502.039	15770.5	0	15770.5
502.172	15102.8	0	15102.8
502.306	14974.2	0	14974.2
502.44	14525.2	0	14525.2
502.573	14448.8	0	14448.8
502.707	14281.2	0	14281.2
502.841	14134.8	0	14134.8
502.974	13882	0	13882
503.108	13804	0	13804
503.242	13665.2	0	13665.2
503.375	13495	0	13495
503.509	13347.2	0	13347.2
503.642	13399.5	0	13399.5
503.776	13295.5	0	13295.5
503.909	13215	0	13215
504.043	13580.5	0	13580.5
504.176	13546.5	0	13546.5
504.31	13790.8	0	13790.8
504.443	14128.8	0	14128.8
504.577	14438	0	14438
504.71	14723.2	0	14723.2
504.844	15098.8	0	15098.8
504.977	14986.8	0	14986.8
505.111	14792.8	0	14792.8
505.244	14224	0	14224
505.377	14169	0	14169
505.511	14408.8	0	14408.8
505.644	14690.8	0	14690.8
505.777	15432.2	0	15432.2
505.911	14420	0	14420
506.044	13910.5	0	13910.5
506.177	13491.2	0	13491.2
506.311	13618.8	0	13618.8
506.444	13367.5	0	13367.5
506.577	13320	0	13320
506.71	13318.2	0	13318.2
506.844	13056.5	0	13056.5
506.977	13081.8	0	13081.8
507.11	13167.8	0	13167.8
507.243	13390	0	13390
507.376	14030.5	0	14030.5
507.51	13699.2	0	13699.2
507.643	14028.2	0	14028.2
507.776	13381.8	0	13381.8
507.909	13310	0	13310
508.042	13118.2	0	13118.2
508.175	13067	0	13067
508.308	12964	0	12964
508.441	13144.8	0	13144.8
508.574	12943	0	12943
508.707	13001.5	0	13001.5
508.84	13041	0	13041
508.973	12907.5	0	12907.5
509.106	12960.8	0	12960.8
509.239	13048	0	13048
509.372	13001.8	0	13001.8
509.505	13085.5	0	13085.5
509.638	12988.2	0	12988.2
509.771	12857.8	0	12857.8
509.904	12856	0	12856
510.037	13027.2	0	13027.2
510.17	13034.2	0	13034.2
510.303	13085.5	0	13085.5
510.436	13025.2	0	13025.2
510.568	13094.5	0	13094.5
510.701	13156.5	0	13156.5
510.834	13414.5	0	13414.5
510.967	13396.8	0	13396.8
511.1	13217	0	13217
511.232	13163.8	0	13163.8
511.365	13113.2	0	13113.2
511.498	13104.8	0	13104.8
511.631	13224.2	0	13224.2
511.763	13176	0	13176
511.896	13383.2	0	13383.2
512.029	13176.5	0	13176.5
512.161	13152.8	0	13152.8
512.294	13115.5	0	13115.5
512.427	13270.5	0	13270.5
512.559	13120.5	0	13120.5
512.692	13312.8	0	13312.8
512.825	13302.2	0	13302.2
512.957	13245.8	0	13245.8
513.09	13379.2	0	13379.2
513.222	13445.2	0	13445.2
513.355	13598.8	0	13598.8
513.487	13495	0	13495
513.62	13491.8	0	13491.8
513.752	13607	0	13607
513.885	13547.5	0	13547.5
514.017	13767.2	0	13767.2
514.15	13690.5	0	13690.5
514.282	13930.2	0	13930.2
514.415	13751	0	13751
514.547	13852.2	0	13852.2
514.68	13739.5	0	13739.5
514.812	13996.2	0	13996.2
514.944	14104	0	14104
515.077	14089	0	14089
515.209	14100	0	14100
515.341	14153.8	0	14153.8
515.474	14222.5	0	14222.5
515.606	14378.5	0	14378.5
515.738	14523	0	14523
515.871	14656.5	0	14656.5
516.003	14711.2	0	14711.2
516.135	14837.8	0	14837.8
516.267	14846.8	0	14846.8
516.4	15132.5	0	15132.5
516.532	15358.2	0	15358.2
516.664	15515	0	15515
516.796	15744.2	0	15744.2
516.928	15925.2	0	15925.2
517.06	16280.2	0	16280.2
517.193	16383.8	0	16383.8
517.325	16383.8	0	16383.8
517.457	16383.8	0	16383.8
517.589	16383.8	0	16383.8
517.721	16383.8	0	16383.8
517.853	16383.8	0	16383.8
517.985	16383.8	0	16383.8
518.117	16383.8	0	16383.8
518.249	16383.8	0	16383.8
518.381	16383.8	0	16383.8
518.513	16383.8	0	16383.8
518.645	16383.8	0	16383.8
518.777	16383.8	0	16383.8
518.909	16383.8	0	16383.8
519.041	16383.8	0	16383.8
519.173	16376.5	0	16376.5
519.305	16186	0	16186
519.437	16108.2	0	16108.2
519.569	15904	0	15904
519.701	15762	0	15762
519.832	15581.8	0	15581.8
519.964	15336.5	0	15336.5
520.096	15165.5	0	15165.5
520.228	15120	0	15120
520.36	15063.5	0	15063.5
520.491	14885.8	0	14885.8
520.623	14790.8	0	14790.8
520.755	14879.2	0	14879.2
520.887	14841.5	0	14841.5
521.018	14789.8	0	14789.8
521.15	14597.2	0	14597.2
521.282	14474.8	0	14474.8
521.414	14344	0	14344
521.545	14430.8	0	14430.8
521.677	14603.2	0	14603.2
521.808	14461.5	0	14461.5
521.94	14130.8	0	14130.8
522.072	14241.5	0	14241.5
522.203	14179.8	0	14179.8
522.335	13921.5	0	13921.5
522.466	14005.2	0	14005.2
522.598	13926.8	0	13926.8
522.729	14388.2	0	14388.2
522.861	14751.2	0	14751.2
522.993	14649.2	0	14649.2
523.124	13763	0	13763
523.256	13596.8	0	13596.8
523.387	13829.5	0	13829.5
523.518	13671	0	13671
523.65	13501	0	13501
523.781	13639.5	0	13639.5
523.913	13533.8	0	13533.8
524.044	13503.8	0	13503.8
524.176	13376.5	0	13376.5
524.307	13351	0	13351
524.438	13312.2	0	13312.2
524.57	13554.2	0	13554.2
524.701	13594.2	0	13594.2
524.832	13478.8	0	13478.8
524.964	13206	0	13206
525.095	13138.5	0	13138.5
525.226	13247.5	0	13247.5
525.357	13171	0	13171
525.489	12991.8	0	12991.8
525.62	13156	0	13156
525.751	13098.8	0	13098.8
525.882	13117.2	0	13117.2
526.013	13216.5	0	13216.5
526.145	13036.2	0	13036.2
526.276	13084	0	13084
526.407	13123.8	0	13123.8
526.538	12933	0	12933
526.669	12874.8	0	12874.8
526.8	12819	0	12819
526.931	12862	0	12862
527.062	12769.8	0	12769.8
527.193	12721	0	12721
527.324	12675.2	0	12675.2
527.455	12673	0	12673
527.586	12588.5	0	12588.5
527.717	12602.2	0	12602.2
527.848	12649.5	0	12649.5
527.979	12833	0	12833
528.11	12711.5	0	12711.5
528.241	12793.8	0	12793.8
528.372	12750.5	0	12750.5
528.503	12614.2	0	12614.2
528.634	12601	0	12601
528.765	12584.2	0	12584.2
528.896	12581.2	0	12581.2
529.026	12584.2	0	12584.2
529.157	12567.5	0	12567.5
529.288	12438.5	0	12438.5
529.419	12397.5	0	12397.5
529.55	12400	0	12400
529.681	12380	0	12380
529.811	12272.8	0	12272.8
529.942	12436.8	0	12436.8
530.073	12353.8	0	12353.8
530.203	12351.5	0	12351.5
530.334	12293	0	12293
530.465	12270.2	0	12270.2
530.596	12181.8	0	12181.8
530.726	12404.2	0	12404.2
530.857	12514.2	0	12514.2
530.987	12357	0	12357
531.118	12348.5	0	12348.5
531.249	12364.2	0	12364.2
531.379	12228	0	12228
531.51	12367	0	12367
531.64	12229	0	12229
531.771	12347.8	0	12347.8
531.901	12220.5	0	12220.5
532.032	12365	0	12365
532.163	12571	0	12571
532.293	12389	0	12389
532.423	12465.2	0	12465.2
532.554	12478.2	0	12478.2
532.684	12465.5	0	12465.5
532.815	12373	0	12373
532.945	12327	0	12327
533.076	12270.5	0	12270.5
533.206	12400	0	12400
533.336	12300.2	0	12300.2
533.467	12350.5	0	12350.5
533.597	12389.5	0	12389.5
533.727	12308.8	0	12308.8
533.858	12273	0	12273
533.988	12291	0	12291
534.118	12143.8	0	12143.8
534.248	12301.8	0	12301.8
534.379	12306.2	0	12306.2
534.509	12177.5	0	12177.5
534.639	12157	0	12157
534.769	12242.2	0	12242.2
534.9	12040.8	0	12040.8
535.03	12009	0	12009
535.16	12103.2	0	12103.2
535.29	12258.5	0	12258.5
535.42	12269.5	0	12269.5
535.55	12098.2	0	12098.2
535.68	12189.5	0	12189.5
535.81	12157.5	0	12157.5
535.94	11921.8	0	11921.8
536.071	11915.8	0	11915.8
536.201	11941.5	0	11941.5
536.331	11722.8	0	11722.8
536.461	11784.2	0	11784.2
536.591	11593.2	0	11593.2
536.721	11582.2	0	11582.2
536.851	11648.2	0	11648.2
536.981	11479.8	0	11479.8
537.11	11578	0	11578
537.24	11462.5	0	11462.5
537.37	11498.5	0	11498.5
537.5	11618	0	11618
537.63	11574.8	0	11574.8
537.76	11609.5	0	11609.5
537.89	11879.8	0	11879.8
538.02	11672.8	0	11672.8
538.149	11357.5	0	11357.5
538.279	11406.2	0	11406.2
538.409	11509.8	0	11509.8
538.539	11380.8	0	11380.8
538.669	11313.8	0	11313.8
538.798	11197.2	0	11197.2
538.928	11432.5	0	11432.5
539.058	11415.8	0	11415.8
539.187	11420.8	0	11420.8
539.317	11463.2	0	11463.2
539.447	11346	0	11346
539.576	11398.2	0	11398.2
539.706	11248.8	0	11248.8
539.836	11248.2	0	11248.2
539.965	11503.5	0	11503.5
540.095	11480	0	11480
540.225	11354.5	0	11354.5
540.354	11379.8	0	11379.8
540.484	11290.5	0	11290.5
540.613	11306.8	0	11306.8
540.743	11215	0	11215
540.872	11425.8	0	11425.8
541.002	11267.8	0	11267.8
541.131	11144.2	0	11144.2
541.261	11307.8	0	11307.8
541.39	11256.5	0	11256.5
541.52	11349.2	0	11349.2
541.649	11272.2	0	11272.2
541.778	11425.5	0	11425.5
541.908	11273.8	0	11273.8
542.037	11334.2	0	11334.2
542.167	11269	0	11269
542.296	11352	0	11352
542.425	11364.2	0	11364.2
542.554	11452.2	0	11452.2
542.684	11397.5	0	11397.5
542.813	11384	0	11384
542.942	11500	0	11500
543.072	11423	0	11423
543.201	11496.5	0	11496.5
543.33	11524.2	0	11524.2
543.459	11374.5	0	11374.5
543.588	11416	0	11416
543.718	11543.5	0	11543.5
543.847	11574.8	0	11574.8
543.976	11526.5	0	11526.5
544.105	11671.8	0	11671.8
544.234	11463.5	0	11463.5
544.363	11629.8	0	11629.8
544.492	11703.2	0	11703.2
544.621	11675.8	0	11675.8
544.75	11542.2	0	11542.2
544.88	11504.8	0	11504.8
545.009	11516.2	0	11516.2
545.138	11635	0	11635
545.266	11547.8	0	11547.8
545.396	11632.5	0	11632.5
545.525	11757.2	0	11757.2
545.653	11686.5	0	11686.5
545.782	11753.5	0	11753.5
545.911	11679.2	0	11679.2
546.04	11758.2	0	11758.2
546.169	11801.5	0	11801.5
546.298	11678.2	0	11678.2
546.427	11653.2	0	11653.2
546.556	11553	0	11553
546.685	11427.5	0	11427.5
546.813	11589.2	0	11589.2
546.942	11424.5	0	11424.5
547.071	11483.5	0	11483.5
547.2	11524.5	0	11524.5
547.328	11539.2	0	11539.2
547.457	11361.5	0	11361.5
547.586	11627.2	0	11627.2
547.715	11499.2	0	11499.2
547.843	11604.2	0	11604.2
547.972	11585.5	0	11585.5
548.101	11806.8	0	11806.8
548.229	11896	0	11896
548.358	11971.5	0	11971.5
548.487	11917.5	0	11917.5
548.615	11966.8	0	11966.8
548.744	11855.8	0	11855.8
548.872	11935	0	11935
549.001	11959.8	0	11959.8
549.129	12006.8	0	12006.8
549.258	12044.8	0	12044.8
549.387	12030.2	0	12030.2
549.515	12408	0	12408
549.643	12554.8	0	12554.8
549.772	12573.2	0	12573.2
549.9	12412.8	0	12412.8
550.029	12290	0	12290
550.157	12209	0	12209
550.286	11987.8	0	11987.8
550.414	11930	0	11930
550.542	11873.8	0	11873.8
550.671	11764	0	11764
550.799	11670	0	11670
550.927	11606.2	0	11606.2
551.056	11365.5	0	11365.5
551.184	11526.8	0	11526.8
551.312	11591.5	0	11591.5
551.441	11477	0	11477
551.569	11490.5	0	11490.5
551.697	11957.2	0	11957.2
551.825	12307.8	0	12307.8
551.953	12605.8	0	12605.8
552.082	11862	0	11862
552.21	11839.2	0	11839.2
552.338	11969	0	11969
552.466	11918.8	0	11918.8
552.594	12035.8	0	12035.8
552.722	12134	0	12134
552.851	12230	0	12230
552.979	12365.5	0	12365.5
553.107	12642.8	0	12642.8
553.235	12814.8	0	12814.8
553.363	12945	0	12945
553.491	12978	0	12978
553.619	13063.8	0	13063.8
553.747	13060.2	0	13060.2
553.875	13023.2	0	13023.2
554.003	12979	0	12979
554.131	12781	0	12781
554.259	12522.2	0	12522.2
554.387	12247.5	0	12247.5
554.514	12215	0	12215
554.642	12096	0	12096
554.77	11899.5	0	11899.5
554.898	11747.5	0	11747.5
555.026	11676.2	0	11676.2
555.154	11658	0	11658
555.281	11499	0	11499
555.409	11590.2	0	11590.2
555.537	11272.8	0	11272.8
555.665	11416	0	11416
555.793	11257.5	0	11257.5
555.92	11020	0	11020
556.048	10999	0	10999
556.176	10852.2	0	10852.2
556.303	10909	0	10909
556.431	10880.8	0	10880.8
556.559	10797.5	0	10797.5
556.686	10733.5	0	10733.5
556.814	10673	0	10673
556.942	10700.5	0	10700.5
557.069	10660.8	0	10660.8
557.197	10692.2	0	10692.2
557.324	10616.8	0	10616.8
557.452	10590.5	0	10590.5
557.579	10487.8	0	10487.8
557.707	10399.2	0	10399.2
557.835	10434.5	0	10434.5
557.962	10414.2	0	10414.2
558.089	10342.2	0	10342.2
558.217	10456.8	0	10456.8
558.344	10461	0	10461
558.472	10336.8	0	10336.8
558.599	10225	0	10225
558.727	10246	0	10246
558.854	10209.8	0	10209.8
558.981	10330	0	10330
559.109	10172.8	0	10172.8
559.236	10215	0	10215
559.363	10263	0	10263
559.491	10256.2	0	10256.2
559.618	10276	0	10276
559.745	10280.8	0	10280.8
559.872	10342.5	0	10342.5
560	10306.5	0	10306.5
560.127	10327.5	0	10327.5
560.254	10258.5	0	10258.5
560.381	10304.2	0	10304.2
560.508	10275.2	0	10275.2
560.636	10288.8	0	10288.8
560.763	10336.2	0	10336.2
560.89	10243.8	0	10243.8
561.017	10198.5	0	10198.5
561.144	10208.5	0	10208.5
561.271	10145.2	0	10145.2
561.398	10205	0	10205
561.525	10133.8	0	10133.8
561.652	10200.8	0	10200.8
561.779	10190.8	0	10190.8
561.906	10395	0	10395
562.033	10303	0	10303
562.16	10375.8	0	10375.8
562.287	10282.2	0	10282.2
562.414	10218.8	0	10218.8
562.541	10244	0	10244
562.668	10258	0	10258
562.795	10329.2	0	10329.2
562.922	10133.5	0	10133.5
563.049	10115.8	0	10115.8
563.175	10170	0	10170
563.302	10301	0	10301
563.429	10396.5	0	10396.5
563.556	10413.8	0	10413.8
563.683	10447.2	0	10447.2
563.809	10347.5	0	10347.5
563.936	10472	0	10472
564.063	10426.2	0	10426.2
564.19	10474.2	0	10474.2
564.316	10583.5	0	10583.5
564.443	10653.2	0	10653.2
564.57	10608	0	10608
564.696	10742	0	10742
564.823	10768	0	10768
564.95	10924.8	0	10924.8
565.076	11213.5	0	11213.5
565.203	11525	0	11525
565.33	11682	0	11682
565.456	11569.5	0	11569.5
565.583	11542.2	0	11542.2
565.709	11663.2	0	11663.2
565.836	11885	0	11885
565.962	12124.5	0	12124.5
566.089	12398.2	0	12398.2
566.215	12797.5	0	12797.5
566.341	13108	0	13108
566.468	13727.5	0	13727.5
566.594	14354.8	0	14354.8
566.721	14694	0	14694
566.847	15414.8	0	15414.8
566.974	15920	0	15920
567.1	16044.2	0	16044.2
567.226	16008.8	0	16008.8
567.353	15896.5	0	15896.5
567.479	15986.2	0	15986.2
567.605	16315.5	0	16315.5
567.732	16383.8	0	16383.8
567.858	16383.8	0	16383.8
567.984	16383.8	0	16383.8
568.11	16383.8	0	16383.8
568.236	16383.8	0	16383.8
568.363	16383.8	0	16383.8
568.489	16383.8	0	16383.8
568.615	16383.8	0	16383.8
568.741	15724	0	15724
568.867	15017.8	0	15017.8
568.993	14340.2	0	14340.2
569.12	13766.2	0	13766.2
569.246	13109	0	13109
569.372	12500.5	0	12500.5
569.498	12048.8	0	12048.8
569.624	11794.5	0	11794.5
569.75	11530	0	11530
569.876	11125.5	0	11125.5
570.002	11021.8	0	11021.8
570.128	10798.2	0	10798.2
570.254	10606.8	0	10606.8
570.38	10680.5	0	10680.5
570.506	10609.2	0	10609.2
570.632	10572.8	0	10572.8
570.758	10471.5	0	10471.5
570.883	10323.8	0	10323.8
571.009	10516.2	0	10516.2
571.135	10464.5	0	10464.5
571.261	10757.2	0	10757.2
571.387	10709.2	0	10709.2
571.513	10557.2	0	10557.2
571.638	10274.5	0	10274.5
571.764	9976.75	0	9976.75
571.89	9755.5	0	9755.5
572.016	9645	0	9645
572.141	9396	0	9396
572.267	9332.25	0	9332.25
572.393	9165.25	0	9165.25
572.518	9178.25	0	9178.25
572.644	9157.5	0	9157.5
572.77	8966.5	0	8966.5
572.895	8998.5	0	8998.5
573.021	8849.5	0	8849.5
573.147	8946.5	0	8946.5
573.272	8806.75	0	8806.75
573.398	8571.75	0	8571.75
573.523	8751.75	0	8751.75
573.649	8598.25	0	8598.25
573.774	8878.25	0	8878.25
573.9	9017.75	0	9017.75
574.025	8981.25	0	8981.25
574.151	8756.75	0	8756.75
574.276	8646	0	8646
574.402	8644	0	8644
574.527	8663.25	0	8663.25
574.652	8561	0	8561
574.778	8543.25	0	8543.25
574.903	8641	0	8641
575.029	8501	0	8501
575.154	8555.5	0	8555.5
575.279	8527.5	0	8527.5
575.405	8525	0	8525
575.53	8264	0	8264
575.655	8248	0	8248
575.78	8213.75	0	8213.75
575.906	8252.75	0	8252.75
576.031	8096.5	0	8096.5
576.156	7908.5	0	7908.5
576.281	8014.5	0	8014.5
576.406	8126.25	0	8126.25
576.532	8079.25	0	8079.25
576.657	7946.75	0	7946.75
576.782	7931.75	0	7931.75
576.907	7995.25	0	7995.25
577.032	7847	0	7847
577.157	7942.5	0	7942.5
577.282	7936.25	0	7936.25
577.407	7917.75	0	7917.75
577.532	7846.5	0	7846.5
577.657	7790.5	0	7790.5
577.782	7741.75	0	7741.75
577.907	7667	0	7667
578.032	7709.25	0	7709.25
578.157	7645.75	0	7645.75
578.282	7535.25	0	7535.25
578.407	7568.25	0	7568.25
578.532	7665	0	7665
578.657	7619	0	7619
578.782	7483.25	0	7483.25
578.907	7538.5	0	7538.5
579.031	7534.5	0	7534.5
579.156	7442	0	7442
579.281	7478	0	7478
579.406	7498.5	0	7498.5
579.531	7501.25	0	7501.25
579.655	7523.75	0	7523.75
579.78	7600	0	7600
579.905	7486.5	0	7486.5
580.03	7501.75	0	7501.75
580.154	7552	0	7552
580.279	7321.75	0	7321.75
580.404	7287	0	7287
580.528	7417.75	0	7417.75
580.653	7273.25	0	7273.25
580.778	7621	0	7621
580.902	7752.75	0	7752.75
581.027	7713.5	0	7713.5
581.151	7378.75	0	7378.75
581.276	7283	0	7283
581.4	7216.5	0	7216.5
581.525	7213.75	0	7213.75
581.649	7202.25	0	7202.25
581.774	7205.25	0	7205.25
581.898	7109.5	0	7109.5
582.023	7247.25	0	7247.25
582.147	7156.75	0	7156.75
582.272	7170.5	0	7170.5
582.396	7128	0	7128
582.52	7264.25	0	7264.25
582.645	7148	0	7148
582.769	7078.75	0	7078.75
582.893	7030.75	0	7030.75
583.018	7097.5	0	7097.5
583.142	7037	0	7037
583.266	7007	0	7007
583.391	7017.25	0	7017.25
583.515	6999.75	0	6999.75
583.639	7073.75	0	7073.75
583.763	7061	0	7061
583.888	6987	0	6987
584.012	7016	0	7016
584.136	6946.75	0	6946.75
584.26	7045.75	0	7045.75
584.384	7029.5	0	7029.5
584.508	6943	0	6943
584.632	6921.5	0	6921.5
584.757	7013.75	0	7013.75
584.881	7013.25	0	7013.25
585.005	6964.75	0	6964.75
585.129	6915.5	0	6915.5
585.253	6918.25	0	6918.25
585.377	7077.25	0	7077.25
585.501	6941	0	6941
585.625	7026.25	0	7026.25
585.749	7080.25	0	7080.25
585.873	6922	0	6922
585.997	6893	0	6893
586.12	6900	0	6900
586.244	6893	0	6893
586.368	6907	0	6907
586.492	6876.5	0	6876.5
586.616	6918	0	6918
586.74	6899	0	6899
586.864	6989	0	6989
586.987	6982	0	6982
587.111	6851.25	0	6851.25
587.235	6738	0	6738
587.359	6866.5	0	6866.5
587.482	6810.5	0	6810.5
587.606	6893.5	0	6893.5
587.73	6789.5	0	6789.5
587.854	6845.5	0	6845.5
587.977	6905.75	0	6905.75
588.101	6817.25	0	6817.25
588.224	6829.25	0	6829.25
588.348	6920.75	0	6920.75
588.472	7020.75	0	7020.75
588.595	7065.75	0	7065.75
588.719	6826.5	0	6826.5
588.842	6956.5	0	6956.5
588.966	7005.75	0	7005.75
589.089	6919.75	0	6919.75
589.213	6865.25	0	6865.25
589.336	7042.75	0	7042.75
589.46	7155.75	0	7155.75
589.583	7068.25	0	7068.25
589.707	6898.75	0	6898.75
589.83	6925.5	0	6925.5
589.954	7018.75	0	7018.75
590.077	7010.25	0	7010.25
590.2	6953	0	6953
590.324	6978.25	0	6978.25
590.447	7157.75	0	7157.75
590.57	7199.75	0	7199.75
590.694	7147.5	0	7147.5
590.817	7152	0	7152
590.94	7045	0	7045
591.063	7034.75	0	7034.75
591.187	7125.25	0	7125.25
591.31	7070.25	0	7070.25
591.433	7257.5	0	7257.5
591.556	7223.5	0	7223.5
591.679	7297.75	0	7297.75
591.803	7437.5	0	7437.5
591.926	7409	0	7409
592.049	7471.75	0	7471.75
592.172	7632.75	0	7632.75
592.295	7614.75	0	7614.75
592.418	7836.75	0	7836.75
592.541	7976.5	0	7976.5
592.664	8224.25	0	8224.25
592.787	8407.25	0	8407.25
592.91	8402.25	0	8402.25
593.033	8536.25	0	8536.25
593.156	8683.25	0	8683.25
593.279	8866	0	8866
593.402	9034	0	9034
593.525	9175	0	9175
593.648	9216	0	9216
593.771	9100.5	0	9100.5
593.894	9050.5	0	9050.5
594.016	9295.5	0	9295.5
594.139	9362.5	0	9362.5
594.262	9534	0	9534
594.385	9610.25	0	9610.25
594.508	9671.75	0	9671.75
594.63	9510.25	0	9510.25
594.753	9281.75	0	9281.75
594.876	8993.5	0	8993.5
594.999	8718	0	8718
595.121	8531.75	0	8531.75
595.244	8386.5	0	8386.5
595.367	8073.25	0	8073.25
595.489	7922.25	0	7922.25
595.612	7821	0	7821
595.735	7790.75	0	7790.75
595.857	7691.75	0	7691.75
595.98	7508.5	0	7508.5
596.102	7417.5	0	7417.5
596.225	7210.5	0	7210.5
596.347	7157.75	0	7157.75
596.47	7106.25	0	7106.25
596.592	7091.25	0	7091.25
596.715	7033.25	0	7033.25
596.837	7001.75	0	7001.75
596.96	7010.25	0	7010.25
597.082	6854	0	6854
597.205	6721.5	0	6721.5
597.327	6682.5	0	6682.5
597.449	6720.25	0	6720.25
597.572	6506.5	0	6506.5
597.694	6662.5	0	6662.5
597.816	6442.75	0	6442.75
597.939	6434.75	0	6434.75
598.061	6440.5	0	6440.5
598.183	6449.25	0	6449.25
598.306	6479.25	0	6479.25
598.428	6416.25	0	6416.25
598.55	6388.25	0	6388.25
598.672	6245.25	0	6245.25
598.795	6402.5	0	6402.5
598.917	6434.5	0	6434.5
599.039	6260.5	0	6260.5
599.161	6318	0	6318
599.283	6249	0	6249
599.405	6189.25	0	6189.25
599.527	6136.25	0	6136.25
599.65	6301.75	0	6301.75
599.772	6284.5	0	6284.5
599.894	6076.5	0	6076.5
600.016	6142	0	6142
600.138	6118.5	0	6118.5
600.26	6102.75	0	6102.75
600.382	6115.75	0	6115.75
600.504	6076.25	0	6076.25
600.625	6079.5	0	6079.5
600.747	6081.75	0	6081.75
600.869	5967.25	0	5967.25
600.991	6065.25	0	6065.25
601.113	6038	0	6038
601.235	5972.75	0	5972.75
601.357	6071.75	0	6071.75
601.479	5971	0	5971
601.6	6106	0	6106
601.722	6247	0	6247
601.844	6138.25	0	6138.25
601.966	5990.25	0	5990.25
602.087	6065	0	6065
602.209	5991.5	0	5991.5
602.331	5991	0	5991
602.453	6025	0	6025
602.574	5978	0	5978
602.696	5993	0	5993
602.818	5990.75	0	5990.75
602.939	6022.5	0	6022.5
603.061	6013	0	6013
603.182	5910	0	5910
603.304	5999.5	0	5999.5
603.426	5904.75	0	5904.75
603.547	5977.75	0	5977.75
603.669	5792	0	5792
603.79	5893	0	5893
603.912	5928.25	0	5928.25
604.033	5875.25	0	5875.25
604.154	5846.75	0	5846.75
604.276	5787	0	5787
604.397	5737	0	5737
604.519	5796.5	0	5796.5
604.64	5797.5	0	5797.5
604.761	5697.75	0	5697.75
604.883	5857	0	5857
605.004	5775.5	0	5775.5
605.125	5763.75	0	5763.75
605.247	5774.25	0	5774.25
605.368	5843.75	0	5843.75
605.489	5733	0	5733
605.611	5733.25	0	5733.25
605.732	5750.75	0	5750.75
605.853	5703	0	5703
605.974	5696.75	0	5696.75
606.095	5602	0	5602
606.216	5664	0	5664
606.338	5663.25	0	5663.25
606.459	5763	0	5763
606.58	5738.25	0	5738.25
606.701	5689.5	0	5689.5
606.822	5650	0	5650
606.943	5603.5	0	5603.5
607.064	5621.5	0	5621.5
607.185	5589.5	0	5589.5
607.306	5566.25	0	5566.25
607.427	5606	0	5606
607.548	5579.25	0	5579.25
607.669	5558.75	0	5558.75
607.79	5585.75	0	5585.75
607.911	5615.5	0	5615.5
608.032	5603.5	0	5603.5
608.153	5545	0	5545
608.274	5662.75	0	5662.75
608.394	5682.75	0	5682.75
608.515	5624.75	0	5624.75
608.636	5512.25	0	5512.25
608.757	5593	0	5593
608.878	5572.75	0	5572.75
608.998	5533.25	0	5533.25
609.119	5540.75	0	5540.75
609.24	5557.5	0	5557.5
609.361	5579	0	5579
609.481	5478.75	0	5478.75
609.602	5579	0	5579
609.723	5496.75	0	5496.75
609.843	5579.25	0	5579.25
609.964	5538	0	5538
610.085	5490.25	0	5490.25
610.205	5486	0	5486
610.326	5442.25	0	5442.25
610.446	5485	0	5485
610.567	5500	0	5500
610.687	5451.5	0	5451.5
610.808	5490	0	5490
610.928	5430.5	0	5430.5
611.049	5447.5	0	5447.5
611.169	5464	0	5464
611.29	5439.25	0	5439.25
611.41	5425	0	5425
611.531	5359.75	0	5359.75
611.651	5411.75	0	5411.75
611.771	5408	0	5408
611.892	5393.5	0	5393.5
612.012	5440.5	0	5440.5
612.132	5383.75	0	5383.75
612.253	5445.25	0	5445.25
612.373	5383	0	5383
612.493	5425.25	0	5425.25
612.613	5370.75	0	5370.75
612.734	5416.25	0	5416.25
612.854	5409.5	0	5409.5
612.974	5355.5	0	5355.5
613.094	5415.5	0	5415.5
613.214	5391.75	0	5391.75
613.335	5350	0	5350
613.455	5357.75	0	5357.75
613.575	5361.25	0	5361.25
613.695	5297.75	0	5297.75
613.815	5320.75	0	5320.75
613.935	5262	0	5262
614.055	5211.25	0	5211.25
614.175	5294	0	5294
614.295	5315.25	0	5315.25
614.415	5326.75	0	5326.75
614.535	5258.5	0	5258.5
614.655	5301.5	0	5301.5
614.775	5314	0	5314
614.895	5256	0	5256
615.015	5204.25	0	5204.25
615.135	5269.25	0	5269.25
615.254	5243.25	0	5243.25
615.374	5250.5	0	5250.5
615.494	5234	0	5234
615.614	5410.5	0	5410.5
615.734	5209	0	5209
615.854	5368.5	0	5368.5
615.973	5353.25	0	5353.25
616.093	5223.5	0	5223.5
616.213	5214.25	0	5214.25
616.332	5342	0	5342
616.452	5330.75	0	5330.75
616.572	5345.5	0	5345.5
616.691	5272.25	0	5272.25
616.811	5292	0	5292
616.931	5251.5	0	5251.5
617.05	5183.25	0	5183.25
617.17	5197.25	0	5197.25
617.289	5182	0	5182
617.409	5244	0	5244
617.529	5350.25	0	5350.25
617.648	5283	0	5283
617.768	5317.5	0	5317.5
617.887	5249.5	0	5249.5
618.006	5179	0	5179
618.126	5265.5	0	5265.5
618.245	5211	0	5211
618.365	5219.25	0	5219.25
618.484	5182.25	0	5182.25
618.604	5232	0	5232
618.723	5262.25	0	5262.25
618.842	5221	0	5221
618.962	5135.5	0	5135.5
619.081	5163.5	0	5163.5
619.2	5136	0	5136
619.319	5073.5	0	5073.5
619.439	5063	0	5063
619.558	5091.75	0	5091.75
619.677	5074.75	0	5074.75
619.796	5078.5	0	5078.5
619.916	5103.25	0	5103.25
620.035	5069.5	0	5069.5
620.154	5086.75	0	5086.75
620.273	5055.75	0	5055.75
620.392	5076.25	0	5076.25
620.511	4997	0	4997
620.63	5000.75	0	5000.75
620.749	4918.75	0	4918.75
620.868	4958.25	0	4958.25
620.987	4894.5	0	4894.5
621.106	4888	0	4888
621.225	4861.75	0	4861.75
621.344	4891.75	0	4891.75
621.463	4877.5	0	4877.5
621.582	4872.25	0	4872.25
621.701	4786	0	4786
621.82	4838.75	0	4838.75
621.939	4866.75	0	4866.75
622.058	4878.25	0	4878.25
622.177	4816	0	4816
622.295	4930.5	0	4930.5
622.414	4964.25	0	4964.25
622.533	4777.25	0	4777.25
622.652	4747.5	0	4747.5
622.771	4686.5	0	4686.5
622.889	4762.25	0	4762.25
623.008	4687	0	4687
623.127	4711	0	4711
623.245	4732.75	0	4732.75
623.364	4733.25	0	4733.25
623.483	4784.5	0	4784.5
623.601	4714.5	0	4714.5
623.72	4671	0	4671
623.839	4696.25	0	4696.25
623.957	4627.5	0	4627.5
624.076	4676.25	0	4676.25
624.194	4536.25	0	4536.25
624.313	4548	0	4548
624.431	4643.5	0	4643.5
624.55	4588.25	0	4588.25
624.668	4585.5	0	4585.5
624.787	4565	0	4565
624.905	4561.5	0	4561.5
625.024	4534.75	0	4534.75
625.142	4573.5	0	4573.5
625.26	4539.75	0	4539.75
625.379	4557	0	4557
625.497	4604.75	0	4604.75
625.615	4572.25	0	4572.25
625.734	4569.25	0	4569.25
625.852	4543.25	0	4543.25
625.97	4503.5	0	4503.5
626.089	4487.25	0	4487.25
626.207	4488.5	0	4488.5
626.325	4431.5	0	4431.5
626.443	4467	0	4467
626.561	4383.75	0	4383.75
626.68	4397.5	0	4397.5
626.798	4446.75	0	4446.75
626.916	4332.25	0	4332.25
627.034	4444	0	4444
627.152	4362.75	0	4362.75
627.27	4454.25	0	4454.25
627.388	4284.25	0	4284.25
627.506	4393	0	4393
627.624	4327.5	0	4327.5
627.742	4378.25	0	4378.25
627.86	4349.5	0	4349.5
627.978	4360	0	4360
628.096	4245.5	0	4245.5
628.214	4339.25	0	4339.25
628.332	4249.5	0	4249.5
628.45	4277.25	0	4277.25
628.568	4313	0	4313
628.686	4308.75	0	4308.75
628.804	4249	0	4249
628.921	4323.75	0	4323.75
629.039	4367.5	0	4367.5
629.157	4283.5	0	4283.5
629.275	4244.75	0	4244.75
629.393	4193	0	4193
629.51	4218.25	0	4218.25
629.628	4258.25	0	4258.25
629.746	4247.75	0	4247.75
629.864	4174.75	0	4174.75
629.981	4168.5	0	4168.5
630.099	4213	0	4213
630.216	4174	0	4174
630.334	4159.75	0	4159.75
630.452	4149.25	0	4149.25
630.569	4159.25	0	4159.25
630.687	4194	0	4194
630.804	4094	0	4094
630.922	4077.25	0	4077.25
631.039	4024	0	4024
631.157	4092.5	0	4092.5
631.274	4036.5	0	4036.5
631.392	4075.5	0	4075.5
631.509	4011	0	4011
631.627	3962.5	0	3962.5
631.744	4079.25	0	4079.25
631.861	3996.75	0	3996.75
631.979	3998.25	0	3998.25
632.096	4034	0	4034
632.213	4064.25	0	4064.25
632.331	4066	0	4066
632.448	4014.25	0	4014.25
632.565	4023	0	4023
632.683	3995	0	3995
632.8	3952	0	3952
632.917	3942.5	0	3942.5
633.034	3938.5	0	3938.5
633.151	3948.5	0	3948.5
633.269	3926	0	3926
633.386	4012.5	0	4012.5
633.503	3960.75	0	3960.75
633.62	3913.75	0	3913.75
633.737	3971.25	0	3971.25
633.854	3925	0	3925
633.971	3917.25	0	3917.25
634.088	3961.25	0	3961.25
634.205	3970.75	0	3970.75
634.322	3964	0	3964
634.439	3886	0	3886
634.556	3906	0	3906
634.673	3850.5	0	3850.5
634.79	3906.25	0	3906.25
634.907	3866.5	0	3866.5
635.024	3848.5	0	3848.5
635.141	3895.5	0	3895.5
635.258	3868.75	0	3868.75
635.375	3888.5	0	3888.5
635.491	3906.25	0	3906.25
635.608	3890.25	0	3890.25
635.725	3861.25	0	3861.25
635.842	3843.25	0	3843.25
635.958	3833.75	0	3833.75
636.075	3839.5	0	3839.5
636.192	3878	0	3878
636.309	3823	0	3823
636.425	3862	0	3862
636.542	3863.25	0	3863.25
636.659	3776.75	0	3776.75
636.775	3909	0	3909
636.892	3873.5	0	3873.5
637.008	3859.5	0	3859.5
637.125	3791	0	3791
637.241	3761.25	0	3761.25
637.358	3802.5	0	3802.5
637.475	3795.25	0	3795.25
637.591	3734.75	0	3734.75
637.707	3821	0	3821
637.824	3840.5	0	3840.5
637.94	3805.75	0	3805.75
638.057	3835	0	3835
638.173	3870.25	0	3870.25
638.29	3799	0	3799
638.406	3753.75	0	3753.75
638.522	3795.25	0	3795.25
638.639	3774	0	3774
638.755	3753.5	0	3753.5
638.871	3705	0	3705
638.987	3750.25	0	3750.25
639.104	3743.5	0	3743.5
639.22	3707	0	3707
639.336	3734.75	0	3734.75
639.452	3640	0	3640
639.569	3693.5	0	3693.5
639.685	3732.75	0	3732.75
639.801	3653	0	3653
639.917	3666.75	0	3666.75
640.033	3661.5	0	3661.5
640.149	3661.25	0	3661.25
640.265	3706.25	0	3706.25
640.381	3678	0	3678
640.497	3696.75	0	3696.75
640.613	3661.75	0	3661.75
640.729	3661	0	3661
640.845	3700	0	3700
640.961	3648	0	3648
641.077	3584.75	0	3584.75
641.193	3605.75	0	3605.75
641.309	3555.5	0	3555.5
641.425	3608.5	0	3608.5
641.541	3567.5	0	3567.5
641.657	3548.75	0	3548.75
641.773	3561.75	0	3561.75
641.888	3538.25	0	3538.25
642.004	3535.25	0	3535.25
642.12	3533.25	0	3533.25
642.236	3499.75	0	3499.75
642.352	3566.75	0	3566.75
642.467	3558.5	0	3558.5
642.583	3555.5	0	3555.5
642.699	3550.5	0	3550.5
642.814	3587.25	0	3587.25
642.93	3571.25	0	3571.25
643.046	3518.25	0	3518.25
643.161	3543.25	0	3543.25
643.277	3592.75	0	3592.75
643.392	3489	0	3489
643.508	3523	0	3523
643.623	3520	0	3520
643.739	3540	0	3540
643.854	3526.25	0	3526.25
643.97	3591.5	0	3591.5
644.085	3567.5	0	3567.5
644.201	3556.5	0	3556.5
644.316	3561.5	0	3561.5
644.432	3531	0	3531
644.547	3497.25	0	3497.25
644.663	3458.25	0	3458.25
644.778	3568.25	0	3568.25
644.893	3575.25	0	3575.25
645.008	3626	0	3626
645.124	3533.5	0	3533.5
645.239	3546.5	0	3546.5
645.354	3559	0	3559
645.47	3576	0	3576
645.585	3525	0	3525
645.7	3543.75	0	3543.75
645.815	3503.25	0	3503.25
645.93	3582.5	0	3582.5
646.046	3547.5	0	3547.5
646.161	3566	0	3566
646.276	3613.75	0	3613.75
646.391	3524.5	0	3524.5
646.506	3622.25	0	3622.25
646.621	3580.25	0	3580.25
646.736	3636	0	3636
646.851	3694.75	0	3694.75
646.966	3647.25	0	3647.25
647.081	3676	0	3676
647.196	3626	0	3626
647.311	3610.5	0	3610.5
647.426	3637.75	0	3637.75
647.541	3650.5	0	3650.5
647.656	3698	0	3698
647.771	3725	0	3725
647.885	3786.75	0	3786.75
648	3820.25	0	3820.25
648.115	3842.25	0	3842.25
648.23	3893	0	3893
648.345	4029.5	0	4029.5
648.459	4090.25	0	4090.25
648.574	4104.5	0	4104.5
648.689	4108.5	0	4108.5
648.804	4079.5	0	4079.5
648.918	3983.75	0	3983.75
649.033	3959.5	0	3959.5
649.148	3954.25	0	3954.25
649.262	3880.25	0	3880.25
649.377	3815.25	0	3815.25
649.491	3721.75	0	3721.75
649.606	3754.75	0	3754.75
649.721	3720	0	3720
649.835	3682	0	3682
649.95	3668	0	3668
650.064	3673.25	0	3673.25
650.179	3625.25	0	3625.25
650.293	3589	0	3589
650.408	3632.5	0	3632.5
650.522	3641.5	0	3641.5
650.636	3609.5	0	3609.5
650.751	3649	0	3649
650.865	3608	0	3608
650.979	3614.75	0	3614.75
651.094	3587.25	0	3587.25
651.208	3560.75	0	3560.75
651.322	3543	0	3543
651.437	3464.5	0	3464.5
651.551	3539.75	0	3539.75
651.665	3535	0	3535
651.779	3567.25	0	3567.25
651.894	3551	0	3551
652.008	3537.25	0	3537.25
652.122	3562.25	0	3562.25
652.236	3536.5	0	3536.5
652.35	3546	0	3546
652.464	3526	0	3526
652.578	3588.5	0	3588.5
652.693	3617.5	0	3617.5
652.807	3592.75	0	3592.75
652.921	3586	0	3586
653.035	3576	0	3576
653.149	3571.25	0	3571.25
653.263	3629.25	0	3629.25
653.376	3550.25	0	3550.25
653.49	3622.5	0	3622.5
653.604	3672.5	0	3672.5
653.718	3712	0	3712
653.832	3662	0	3662
653.946	3732	0	3732
654.06	3664.75	0	3664.75
654.174	3793.75	0	3793.75
654.287	3798	0	3798
654.401	3722	0	3722
654.515	3801.5	0	3801.5
654.629	3764.75	0	3764.75
654.743	3833.25	0	3833.25
654.856	3931.5	0	3931.5
654.97	3895.5	0	3895.5
655.084	3949.75	0	3949.75
655.197	4065.25	0	4065.25
655.311	4060	0	4060
655.424	4057.25	0	4057.25
655.538	4106.25	0	4106.25
655.652	4162.25	0	4162.25
655.765	4279.5	0	4279.5
655.879	4316.5	0	4316.5
655.992	4346	0	4346
656.106	4410	0	4410
656.219	4601.5	0	4601.5
656.333	4626.25	0	4626.25
656.446	4761.25	0	4761.25
656.56	4928	0	4928
656.673	5146	0	5146
656.786	5178.75	0	5178.75
656.9	5005	0	5005
657.013	4912.5	0	4912.5
657.127	4897	0	4897
657.24	4755.5	0	4755.5
657.353	4673.75	0	4673.75
657.466	4568.5	0	4568.5
657.58	4468.25	0	4468.25
657.693	4410	0	4410
657.806	4354.25	0	4354.25
657.919	4330.25	0	4330.25
658.032	4197.75	0	4197.75
658.146	4214.5	0	4214.5
658.259	4116	0	4116
658.372	4127	0	4127
658.485	4010.5	0	4010.5
658.598	3963.25	0	3963.25
658.711	4032.75	0	4032.75
658.824	3926.5	0	3926.5
658.937	3918.5	0	3918.5
659.05	3851.25	0	3851.25
659.163	3817.5	0	3817.5
659.276	3871.25	0	3871.25
659.389	3783.75	0	3783.75
659.502	3771.25	0	3771.25
659.615	3848	0	3848
659.728	3791.25	0	3791.25
659.841	3700.5	0	3700.5
659.954	3759.25	0	3759.25
660.067	3792	0	3792
660.179	3809	0	3809
660.292	3851	0	3851
660.405	3881.75	0	3881.75
660.518	3835	0	3835
660.63	3848	0	3848
660.743	3838.5	0	3838.5
660.856	3892	0	3892
660.969	3891.75	0	3891.75
661.081	3950.5	0	3950.5
661.194	3965	0	3965
661.307	3962.75	0	3962.75
661.419	3968	0	3968
661.532	3846.25	0	3846.25
661.644	3834.75	0	3834.75
661.757	3767	0	3767
661.869	3677.25	0	3677.25
661.982	3645	0	3645
662.094	3556.5	0	3556.5
662.207	3504.25	0	3504.25
662.319	3437	0	3437
662.432	3470.5	0	3470.5
662.544	3427.5	0	3427.5
662.656	3401.25	0	3401.25
662.769	3374.5	0	3374.5
662.881	3336	0	3336
662.994	3286.75	0	3286.75
663.106	3296.75	0	3296.75
663.218	3235.5	0	3235.5
663.331	3278.75	0	3278.75
663.443	3200	0	3200
663.555	3195.75	0	3195.75
663.667	3195.75	0	3195.75
663.779	3082.75	0	3082.75
663.892	3110.25	0	3110.25
664.004	3155.5	0	3155.5
664.116	3171.75	0	3171.75
664.228	3083.75	0	3083.75
664.34	3138.75	0	3138.75
664.452	3048	0	3048
664.564	3124.25	0	3124.25
664.676	3041.75	0	3041.75
664.788	3051.75	0	3051.75
664.901	3073.75	0	3073.75
665.012	3029	0	3029
665.125	3038.5	0	3038.5
665.236	2946.75	0	2946.75
665.348	2978.25	0	2978.25
665.46	3028.25	0	3028.25
665.572	2984.5	0	2984.5
665.684	2981.25	0	2981.25
665.796	2916.75	0	2916.75
665.908	2916	0	2916
666.02	2922.5	0	2922.5
666.131	2943.75	0	2943.75
666.243	2955	0	2955
666.355	2878.25	0	2878.25
666.467	2808.5	0	2808.5
666.578	2902.75	0	2902.75
666.69	2800.25	0	2800.25
666.802	2891.5	0	2891.5
666.914	2801	0	2801
667.025	2834.25	0	2834.25
667.137	2774.75	0	2774.75
667.248	2807	0	2807
667.36	2765.25	0	2765.25
667.472	2749	0	2749
667.583	2799.5	0	2799.5
667.695	2723.75	0	2723.75
667.806	2728.5	0	2728.5
667.918	2724	0	2724
668.029	2705.5	0	2705.5
668.141	2707.75	0	2707.75
668.252	2713.25	0	2713.25
668.363	2715.25	0	2715.25
668.475	2647	0	2647
668.586	2696.75	0	2696.75
668.698	2668.75	0	2668.75
668.809	2673	0	2673
668.92	2677.5	0	2677.5
669.032	2629	0	2629
669.143	2601.75	0	2601.75
669.254	2624.75	0	2624.75
669.365	2590	0	2590
669.477	2636.75	0	2636.75
669.588	2629.5	0	2629.5
669.699	2613.75	0	2613.75
669.81	2599.75	0	2599.75
669.921	2588	0	2588
670.032	2572.25	0	2572.25
670.143	2576.25	0	2576.25
670.255	2589.25	0	2589.25
670.366	2549.25	0	2549.25
670.477	2567.5	0	2567.5
670.588	2529.5	0	2529.5
670.699	2486.5	0	2486.5
670.81	2560	0	2560
670.921	2550	0	2550
671.032	2528.25	0	2528.25
671.143	2499.25	0	2499.25
671.253	2489.75	0	2489.75
671.364	2510.5	0	2510.5
671.475	2533	0	2533
671.586	2498	0	2498
671.697	2453.5	0	2453.5
671.808	2491.75	0	2491.75
671.919	2484.75	0	2484.75
672.029	2507.5	0	2507.5
672.14	2503	0	2503
672.251	2416.75	0	2416.75
672.362	2507.25	0	2507.25
672.472	2462.25	0	2462.25
672.583	2492.25	0	2492.25
672.694	2471.5	0	2471.5
672.804	2458.75	0	2458.75
672.915	2420	0	2420
673.025	2436	0	2436
673.136	2443	0	2443
673.247	2411.25	0	2411.25
673.357	2429.25	0	2429.25
673.468	2345	0	2345
673.578	2387.5	0	2387.5
673.689	2388	0	2388
673.799	2391	0	2391
673.91	2395.5	0	2395.5
674.02	2384	0	2384
674.13	2388.75	0	2388.75
674.241	2387	0	2387
674.351	2352	0	2352
674.461	2387.75	0	2387.75
674.572	2361	0	2361
674.682	2290.75	0	2290.75
674.792	2358	0	2358
674.903	2347.5	0	2347.5
675.013	2289.25	0	2289.25
675.123	2297	0	2297
675.233	2319.25	0	2319.25
675.344	2269.5	0	2269.5
675.454	2294.25	0	2294.25
675.564	2286	0	2286
675.674	2242.5	0	2242.5
675.784	2310.5	0	2310.5
675.894	2256.75	0	2256.75
676.004	2279	0	2279
676.114	2289.5	0	2289.5
676.224	2206.75	0	2206.75
676.334	2310.75	0	2310.75
676.444	2228.75	0	2228.75
676.554	2225	0	2225
676.664	2237.25	0	2237.25
676.774	2193.75	0	2193.75
676.884	2281.75	0	2281.75
676.994	2229.75	0	2229.75
677.104	2256	0	2256
677.214	2246	0	2246
677.324	2192.25	0	2192.25
677.433	2206.25	0	2206.25
677.543	2244.75	0	2244.75
677.653	2211	0	2211
677.763	2175	0	2175
677.872	2159.5	0	2159.5
677.982	2174.5	0	2174.5
678.092	2137.75	0	2137.75
678.202	2180	0	2180
678.311	2127	0	2127
678.421	2121.25	0	2121.25
678.53	2136.75	0	2136.75
678.64	2078.75	0	2078.75
678.75	2123	0	2123
678.859	2138.5	0	2138.5
678.969	2136	0	2136
679.078	2116.25	0	2116.25
679.188	2080.75	0	2080.75
679.297	2069	0	2069
679.407	2076.25	0	2076.25
679.516	2056	0	2056
679.625	2104	0	2104
679.735	2080.25	0	2080.25
679.844	2072.5	0	2072.5
679.954	2034	0	2034
680.063	2037.5	0	2037.5
680.172	2108.5	0	2108.5
680.282	2099.5	0	2099.5
680.391	2033.25	0	2033.25
680.5	2043	0	2043
680.609	2027.25	0	2027.25
680.719	2062.25	0	2062.25
680.828	2028.25	0	2028.25
680.937	1994	0	1994
681.046	2033	0	2033
681.155	2055.5	0	2055.5
681.264	2027.5	0	2027.5
681.374	2021	0	2021
681.483	2006.5	0	2006.5
681.592	1998.5	0	1998.5
681.701	2017.75	0	2017.75
681.81	2018.75	0	2018.75
681.919	1998	0	1998
682.028	1938.75	0	1938.75
682.137	1971.75	0	1971.75
682.246	1970.25	0	1970.25
682.355	1943.75	0	1943.75
682.463	2036	0	2036
682.572	1974.75	0	1974.75
682.681	1903.25	0	1903.25
682.79	1952	0	1952
682.899	1982.25	0	1982.25
683.008	1985	0	1985
683.117	1976.75	0	1976.75
683.225	2007.5	0	2007.5
683.334	1947.5	0	1947.5
683.443	1950.5	0	1950.5
683.551	1944	0	1944
683.66	1949.25	0	1949.25
683.769	1905.75	0	1905.75
683.877	1955.75	0	1955.75
683.986	1932.75	0	1932.75
684.095	1902	0	1902
684.203	1874.5	0	1874.5
684.312	1934.25	0	1934.25
684.42	1907.75	0	1907.75
684.529	1934.75	0	1934.75
684.637	1894.5	0	1894.5
684.746	1876.75	0	1876.75
684.854	1854	0	1854
684.963	1884.25	0	1884.25
685.071	1843.25	0	1843.25
685.18	1883.75	0	1883.75
685.288	1866.25	0	1866.25
685.396	1901.5	0	1901.5
685.505	1813	0	1813
685.613	1815	0	1815
685.721	1866.25	0	1866.25
685.83	1835.5	0	1835.5
685.938	1828.25	0	1828.25
686.046	1836	0	1836
686.154	1855.5	0	1855.5
686.263	1884	0	1884
686.371	1824.25	0	1824.25
686.479	1823	0	1823
686.587	1824.5	0	1824.5
686.695	1832.25	0	1832.25
686.803	1771	0	1771
686.911	1811.5	0	1811.5
687.019	1807	0	1807
687.127	1828.75	0	1828.75
687.235	1781	0	1781
687.343	1799	0	1799
687.451	1820.25	0	1820.25
687.559	1817	0	1817
687.667	1770.75	0	1770.75
687.775	1792	0	1792
687.883	1783	0	1783
687.991	1778.5	0	1778.5
688.099	1781	0	1781
688.207	1783.25	0	1783.25
688.315	1774.5	0	1774.5
688.422	1763.5	0	1763.5
688.53	1756.75	0	1756.75
688.638	1774.5	0	1774.5
688.746	1754.5	0	1754.5
688.853	1743.25	0	1743.25
688.961	1791.25	0	1791.25
689.069	1723.75	0	1723.75
689.176	1697.75	0	1697.75
689.284	1761.75	0	1761.75
689.392	1779.5	0	1779.5
689.499	1727	0	1727
689.607	1757.25	0	1757.25
689.714	1714.75	0	1714.75
689.822	1708.25	0	1708.25
689.93	1709.75	0	1709.75
690.037	1685	0	1685
690.144	1717.5	0	1717.5
690.252	1674.75	0	1674.75
690.359	1668.5	0	1668.5
690.467	1678.75	0	1678.75
690.574	1677.5	0	1677.5
690.682	1730.75	0	1730.75
690.789	1662.25	0	1662.25
690.896	1673.25	0	1673.25
691.004	1663.75	0	1663.75
691.111	1651.75	0	1651.75
691.218	1639.25	0	1639.25
691.325	1647	0	1647
691.433	1647.5	0	1647.5
691.54	1657.25	0	1657.25
691.647	1653.25	0	1653.25
691.754	1647.5	0	1647.5
691.861	1641	0	1641
691.969	1618.25	0	1618.25
692.076	1639.5	0	1639.5
692.183	1668.5	0	1668.5
692.29	1642.25	0	1642.25
692.397	1609	0	1609
692.504	1610	0	1610
692.611	1623.75	0	1623.75
692.718	1600.25	0	1600.25
692.825	1609.5	0	1609.5
692.932	1567.5	0	1567.5
693.039	1558.5	0	1558.5
693.146	1586.25	0	1586.25
693.253	1558	0	1558
693.359	1631.75	0	1631.75
693.466	1560.25	0	1560.25
693.573	1578.75	0	1578.75
693.68	1602	0	1602
693.787	1556.5	0	1556.5
693.894	1562.75	0	1562.75
694	1569.5	0	1569.5
694.107	1548.75	0	1548.75
694.214	1551.5	0	1551.5
694.32	1555.75	0	1555.75
694.427	1542.75	0	1542.75
694.534	1551.25	0	1551.25
694.64	1545.75	0	1545.75
694.747	1523.25	0	1523.25
694.853	1521.25	0	1521.25
694.96	1556.25	0	1556.25
695.067	1560.5	0	1560.5
695.173	1518.25	0	1518.25
695.28	1509.5	0	1509.5
695.386	1528	0	1528
695.493	1559	0	1559
695.599	1529.25	0	1529.25
695.705	1492.5	0	1492.5
695.812	1473.75	0	1473.75
695.918	1535	0	1535
696.025	1544	0	1544
696.131	1489	0	1489
696.237	1496.75	0	1496.75
696.344	1516.25	0	1516.25
696.45	1478.5	0	1478.5
696.556	1500.5	0	1500.5
696.662	1516.5	0	1516.5
696.768	1484.75	0	1484.75
696.875	1462	0	1462
696.981	1510.75	0	1510.75
697.087	1507.25	0	1507.25
697.193	1487.75	0	1487.75
697.299	1510.25	0	1510.25
697.405	1473	0	1473
697.512	1508.75	0	1508.75
697.618	1489	0	1489
697.724	1486.25	0	1486.25
697.83	1434.5	0	1434.5
697.936	1495	0	1495
698.042	1440.25	0	1440.25
698.148	1448	0	1448
698.253	1462.5	0	1462.5
698.359	1468.25	0	1468.25
698.465	1478	0	1478
698.571	1465	0	1465
698.677	1446.5	0	1446.5
698.783	1485.25	0	1485.25
698.889	1422.5	0	1422.5
698.994	1441	0	1441
699.1	1444.5	0	1444.5
699.206	1423.25	0	1423.25
699.312	1445.5	0	1445.5
699.417	1466.25	0	1466.25
699.523	1455	0	1455
699.629	1441.25	0	1441.25
699.734	1473.5	0	1473.5
699.84	1430.75	0	1430.75
699.946	1425.5	0	1425.5
700.051	1441.5	0	1441.5
700.157	1426.5	0	1426.5
700.262	1423.75	0	1423.75
700.368	1413.75	0	1413.75
700.473	1433.25	0	1433.25
700.579	1446.25	0	1446.25
700.684	1435.75	0	1435.75
700.79	1439.75	0	1439.75
700.895	1395.25	0	1395.25
701	1427	0	1427
701.106	1419.5	0	1419.5
701.211	1388.25	0	1388.25
701.316	1417.25	0	1417.25
701.422	1416	0	1416
701.527	1382	0	1382
701.632	1373.25	0	1373.25
701.738	1413	0	1413
701.843	1408.5	0	1408.5
701.948	1398	0	1398
702.053	1424	0	1424
702.158	1409	0	1409
702.264	1367	0	1367
702.369	1409.75	0	1409.75
702.474	1369.5	0	1369.5
702.579	1369.5	0	1369.5
702.684	1345.5	0	1345.5
702.789	1399	0	1399
702.894	1340.25	0	1340.25
702.999	1349.75	0	1349.75
703.104	1360.25	0	1360.25
703.209	1351.75	0	1351.75
703.314	1340	0	1340
703.419	1339.5	0	1339.5
703.524	1295.75	0	1295.75
703.629	1336.5	0	1336.5
703.733	1343.25	0	1343.25
703.838	1318.5	0	1318.5
703.943	1323.75	0	1323.75
704.048	1316.75	0	1316.75
704.153	1271.25	0	1271.25
704.257	1326.5	0	1326.5
704.362	1307.75	0	1307.75
704.467	1299.25	0	1299.25
704.572	1258.75	0	1258.75
704.676	1283	0	1283
704.781	1289.25	0	1289.25
704.886	1258.25	0	1258.25
704.99	1261.5	0	1261.5
705.095	1269.25	0	1269.25
705.199	1244	0	1244
705.304	1228.5	0	1228.5
705.408	1292.5	0	1292.5
705.513	1239.25	0	1239.25
705.617	1246	0	1246
705.722	1272	0	1272
705.826	1259.75	0	1259.75
705.931	1247.25	0	1247.25
706.035	1252	0	1252
706.139	1258.5	0	1258.5
706.244	1247.5	0	1247.5
706.348	1269.25	0	1269.25
706.452	1244	0	1244
706.557	1264.5	0	1264.5
706.661	1228.75	0	1228.75
706.765	1234.75	0	1234.75
706.87	1243.5	0	1243.5
706.974	1269	0	1269
707.078	1261.75	0	1261.75
707.182	1250.25	0	1250.25
707.286	1222.25	0	1222.25
707.39	1239.75	0	1239.75
707.495	1233.5	0	1233.5
707.599	1208.75	0	1208.75
707.703	1198	0	1198
707.807	1202.5	0	1202.5
707.911	1193.25	0	1193.25
708.015	1191.25	0	1191.25
708.119	1201.25	0	1201.25
708.223	1222.5	0	1222.5
708.327	1210.75	0	1210.75
708.431	1201.5	0	1201.5
708.534	1188	0	1188
708.638	1224.5	0	1224.5
708.742	1224.25	0	1224.25
708.846	1177.75	0	1177.75
708.95	1189.25	0	1189.25
709.054	1191	0	1191
709.157	1172.75	0	1172.75
709.261	1204	0	1204
709.365	1172.75	0	1172.75
709.469	1173	0	1173
709.572	1186.5	0	1186.5
709.676	1175.75	0	1175.75
709.78	1199	0	1199
709.883	1172.25	0	1172.25
709.987	1150	0	1150
710.09	1147.75	0	1147.75
710.194	1169.25	0	1169.25
710.298	1161.5	0	1161.5
710.401	1179	0	1179
710.505	1165	0	1165
710.608	1173.25	0	1173.25
710.711	1184	0	1184
710.815	1170.25	0	1170.25
710.918	1156.5	0	1156.5
711.022	1173	0	1173
711.125	1166	0	1166
711.228	1147	0	1147
711.332	1139.5	0	1139.5
711.435	1144.75	0	1144.75
711.538	1162.5	0	1162.5
711.642	1177	0	1177
711.745	1194	0	1194
711.848	1143.25	0	1143.25
711.951	1145.75	0	1145.75
712.055	1117.75	0	1117.75
712.158	1167	0	1167
712.261	1145	0	1145
712.364	1154	0	1154
712.467	1115.75	0	1115.75
712.57	1137.25	0	1137.25
712.673	1160	0	1160
712.776	1160.5	0	1160.5
712.879	1138	0	1138
712.982	1119.75	0	1119.75
713.085	1154.5	0	1154.5
713.188	1120	0	1120
713.291	1129.75	0	1129.75
713.394	1130.5	0	1130.5
713.497	1094.25	0	1094.25
713.6	1116.25	0	1116.25
713.703	1121	0	1121
713.805	1132.25	0	1132.25
713.908	1127.25	0	1127.25
714.011	1100	0	1100
714.114	1157	0	1157
714.216	1089	0	1089
714.319	1151	0	1151
714.422	1141.5	0	1141.5
714.525	1150	0	1150
714.627	1146	0	1146
714.73	1103	0	1103
714.833	1107.5	0	1107.5
714.935	1093.75	0	1093.75
715.038	1130.5	0	1130.5
715.14	1108.5	0	1108.5
715.243	1128	0	1128
715.345	1141.75	0	1141.75
715.448	1109.75	0	1109.75
715.55	1119.75	0	1119.75
715.653	1133.75	0	1133.75
715.755	1147.5	0	1147.5
715.857	1173.25	0	1173.25
715.96	1198.25	0	1198.25
716.062	1267.75	0	1267.75
716.164	1335.75	0	1335.75
716.267	1307.75	0	1307.75
716.369	1339.5	0	1339.5
716.471	1263.5	0	1263.5
716.574	1292.75	0	1292.75
716.676	1248.25	0	1248.25
716.778	1243.75	0	1243.75
716.88	1183.75	0	1183.75
716.982	1196.25	0	1196.25
717.085	1192.25	0	1192.25
717.187	1164	0	1164
717.289	1134.25	0	1134.25
717.391	1183.75	0	1183.75
717.493	1131	0	1131
717.595	1111.5	0	1111.5
717.697	1088.5	0	1088.5
717.799	1083	0	1083
717.901	1124.75	0	1124.75
718.003	1078.5	0	1078.5
718.105	1116.25	0	1116.25
718.207	1077.25	0	1077.25
718.309	1104.5	0	1104.5
718.411	1045.25	0	1045.25
718.512	1086.25	0	1086.25
718.614	1097.5	0	1097.5
718.716	1080.5	0	1080.5
718.818	1069.75	0	1069.75
718.92	1064	0	1064
719.021	1071.5	0	1071.5
719.123	1068.75	0	1068.75
719.225	1071.75	0	1071.75
719.326	1072.25	0	1072.25
719.428	1061	0	1061
719.53	1083.75	0	1083.75
719.631	1052.25	0	1052.25
719.733	1049.75	0	1049.75
719.834	1063	0	1063
719.936	1046.5	0	1046.5
720.038	1049.75	0	1049.75
720.139	1071.5	0	1071.5
720.241	1066.75	0	1066.75
720.342	1039.5	0	1039.5
720.443	1058.25	0	1058.25
720.545	1034.75	0	1034.75
720.646	1073.75	0	1073.75
720.748	1025.75	0	1025.75
720.849	1016.75	0	1016.75
720.95	1035	0	1035
721.052	990.25	0	990.25
721.153	981.25	0	981.25
721.254	1044.75	0	1044.75
721.355	1001.75	0	1001.75
721.457	1011	0	1011
721.558	996	0	996
721.659	1005	0	1005
721.76	975.75	0	975.75
721.861	1009.75	0	1009.75
721.963	988	0	988
722.064	979	0	979
722.165	1011	0	1011
722.266	1011.75	0	1011.75
722.367	1007.25	0	1007.25
722.468	986.5	0	986.5
722.569	1019.5	0	1019.5
722.67	991	0	991
722.771	985.75	0	985.75
722.872	992.5	0	992.5
722.973	1003.25	0	1003.25
723.073	963.75	0	963.75
723.174	988	0	988
723.275	968.25	0	968.25
723.376	996.25	0	996.25
723.477	966	0	966
723.577	1001.25	0	1001.25
723.678	982.5	0	982.5
723.779	991	0	991
723.88	981	0	981
723.98	961	0	961
724.081	962	0	962
724.182	968.75	0	968.75
724.282	981	0	981
724.383	954	0	954
724.483	973	0	973
724.584	970.5	0	970.5
724.685	962.25	0	962.25
724.785	971.5	0	971.5
724.886	986.5	0	986.5
724.986	929.5	0	929.5
725.086	935.75	0	935.75
725.187	960.5	0	960.5
725.287	908.75	0	908.75
725.388	941.25	0	941.25
725.488	935.75	0	935.75
725.588	949.25	0	949.25
725.689	935.75	0	935.75
725.789	935.75	0	935.75
725.889	941	0	941
725.99	906.75	0	906.75
726.09	932.5	0	932.5
726.19	944.25	0	944.25
726.29	928.75	0	928.75
726.39	917	0	917
726.49	934.75	0	934.75
726.591	934.75	0	934.75
726.691	933	0	933
726.791	949.25	0	949.25
726.891	930.5	0	930.5
726.991	912.25	0	912.25
727.091	937.75	0	937.75
727.191	905	0	905
727.291	922.5	0	922.5
727.391	920.75	0	920.75
727.491	908.5	0	908.5
727.591	929.25	0	929.25
727.691	926.5	0	926.5
727.79	902.25	0	902.25
727.89	936.25	0	936.25
727.99	904.75	0	904.75
728.09	904.5	0	904.5
728.19	901.75	0	901.75
728.289	941.5	0	941.5
728.389	924.5	0	924.5
728.489	889.75	0	889.75
728.589	950.25	0	950.25
728.688	903.25	0	903.25
728.788	894.75	0	894.75
728.888	882.75	0	882.75
728.987	910.25	0	910.25
729.087	899.5	0	899.5
729.186	901.5	0	901.5
729.286	894.25	0	894.25
729.385	883.25	0	883.25
729.485	911	0	911
729.584	874.75	0	874.75
729.684	889.25	0	889.25
729.783	901	0	901
729.883	882.5	0	882.5
729.982	892	0	892
730.081	915.75	0	915.75
730.181	866.5	0	866.5
730.28	876	0	876
730.379	881.25	0	881.25
730.479	880.5	0	880.5
730.578	850.75	0	850.75
730.677	874.75	0	874.75
730.776	867	0	867
730.875	859	0	859
730.975	851.75	0	851.75
731.074	879.25	0	879.25
731.173	867.75	0	867.75
731.272	870.5	0	870.5
731.371	876.5	0	876.5
731.47	862.75	0	862.75
731.569	872	0	872
731.668	854.25	0	854.25
731.767	878.25	0	878.25
731.866	835.75	0	835.75
731.965	848.75	0	848.75
732.064	871.5	0	871.5
732.163	865.5	0	865.5
732.262	865	0	865
732.361	856.75	0	856.75
732.46	851.75	0	851.75
732.558	852.25	0	852.25
732.657	841.75	0	841.75
732.756	853	0	853
732.855	856.25	0	856.25
732.953	853.25	0	853.25
733.052	853	0	853
733.151	855.75	0	855.75
733.25	841.5	0	841.5
733.348	885	0	885
733.447	861.5	0	861.5
733.545	846	0	846
733.644	840.75	0	840.75
733.742	827.25	0	827.25
733.841	884	0	884
733.939	843.25	0	843.25
734.038	824	0	824
734.136	835.25	0	835.25
734.235	845	0	845
734.333	832.5	0	832.5
734.432	823	0	823
734.53	818.5	0	818.5
734.628	812.5	0	812.5
734.727	810.5	0	810.5
734.825	807.75	0	807.75
734.923	826	0	826
735.022	798.75	0	798.75
735.12	823.25	0	823.25
735.218	824.75	0	824.75
735.316	817.25	0	817.25
735.414	835	0	835
735.513	826.75	0	826.75
735.611	793.5	0	793.5
735.709	833.25	0	833.25
735.807	822	0	822
735.905	807	0	807
736.003	817.75	0	817.75
736.101	801.25	0	801.25
736.199	793.5	0	793.5
736.297	817.5	0	817.5
736.395	803.5	0	803.5
736.493	803.25	0	803.25
736.591	788.5	0	788.5
736.689	824.25	0	824.25
736.787	789.75	0	789.75
736.884	798.25	0	798.25
736.982	781.5	0	781.5
737.08	809.25	0	809.25
737.178	787.5	0	787.5
737.276	812.25	0	812.25
737.373	778	0	778
737.471	798.25	0	798.25
737.569	774.5	0	774.5
737.667	806.75	0	806.75
737.764	809	0	809
737.862	792.5	0	792.5
737.959	827	0	827
738.057	814.25	0	814.25
738.154	807.25	0	807.25
738.252	808.5	0	808.5
738.35	822.25	0	822.25
738.447	800.5	0	800.5
738.544	794	0	794
738.642	780	0	780
738.739	816.75	0	816.75
738.837	807	0	807
738.934	797.25	0	797.25
739.031	826	0	826
739.129	835	0	835
739.226	780.25	0	780.25
739.323	785	0	785
739.421	786	0	786
739.518	804.5	0	804.5
739.615	792	0	792