Lambda	Spectrum	Dark	SpecMinusDark
500.031	4669	0	4669
500.165	4955.5	0	4955.5
500.299	5371	0	5371
500.433	5816.75	0	5816.75
500.567	6083	0	6083
500.701	6195.5	0	6195.5
500.835	6173.75	0	6173.75
500.968	6128.5	0	6128.5
501.102	5840.25	0	5840.25
501.236	5597.5	0	5597.5
501.37	5446.25	0	5446.25
501.504	5230.75	0	5230.75
501.637	5040.75	0	5040.75
501.771	4842.5	0	4842.5
501.905	4633.75	0	4633.75
502.039	4596.5	0	4596.5
502.172	4428.75	0	4428.75
502.306	4411.75	0	4411.75
502.44	4407.25	0	4407.25
502.573	4335.25	0	4335.25
502.707	4302.25	0	4302.25
502.841	4313.75	0	4313.75
502.974	4285.75	0	4285.75
503.108	4274.5	0	4274.5
503.242	4182.5	0	4182.5
503.375	4243	0	4243
503.509	4197.25	0	4197.25
503.642	4266.25	0	4266.25
503.776	4200.75	0	4200.75
503.909	4269.25	0	4269.25
504.043	4281	0	4281
504.176	4295.5	0	4295.5
504.31	4396	0	4396
504.443	4442.25	0	4442.25
504.577	4554.5	0	4554.5
504.71	4639	0	4639
504.844	4723.75	0	4723.75
504.977	4690.5	0	4690.5
505.111	4567.5	0	4567.5
505.244	4546.75	0	4546.75
505.377	4555	0	4555
505.511	4476.25	0	4476.25
505.644	4538.25	0	4538.25
505.777	4524.25	0	4524.25
505.911	4506.25	0	4506.25
506.044	4584	0	4584
506.177	4535.5	0	4535.5
506.311	4495	0	4495
506.444	4524	0	4524
506.577	4479	0	4479
506.71	4479	0	4479
506.844	4421.75	0	4421.75
506.977	4444.5	0	4444.5
507.11	4445.5	0	4445.5
507.243	4508.5	0	4508.5
507.376	4503.5	0	4503.5
507.51	4406.75	0	4406.75
507.643	4493.75	0	4493.75
507.776	4387.25	0	4387.25
507.909	4450.75	0	4450.75
508.042	4403.25	0	4403.25
508.175	4402.75	0	4402.75
508.308	4395.25	0	4395.25
508.441	4289	0	4289
508.574	4333.25	0	4333.25
508.707	4327.5	0	4327.5
508.84	4289.75	0	4289.75
508.973	4284.5	0	4284.5
509.106	4250	0	4250
509.239	4224.5	0	4224.5
509.372	4308.75	0	4308.75
509.505	4311.25	0	4311.25
509.638	4250.75	0	4250.75
509.771	4214	0	4214
509.904	4191.25	0	4191.25
510.037	4190.25	0	4190.25
510.17	4167.5	0	4167.5
510.303	4193.75	0	4193.75
510.436	4213.5	0	4213.5
510.568	4173.5	0	4173.5
510.701	4172	0	4172
510.834	4205.75	0	4205.75
510.967	4156.25	0	4156.25
511.1	4225.25	0	4225.25
511.232	4071.25	0	4071.25
511.365	4225.5	0	4225.5
511.498	4216.25	0	4216.25
511.631	4196	0	4196
511.763	4194	0	4194
511.896	4192	0	4192
512.029	4169.25	0	4169.25
512.161	4232.5	0	4232.5
512.294	4153.5	0	4153.5
512.427	4200.5	0	4200.5
512.559	4146.5	0	4146.5
512.692	4086	0	4086
512.825	4164.75	0	4164.75
512.957	4196.25	0	4196.25
513.09	4141.25	0	4141.25
513.222	4220.25	0	4220.25
513.355	4182	0	4182
513.487	4197.75	0	4197.75
513.62	4135	0	4135
513.752	4195.5	0	4195.5
513.885	4181	0	4181
514.017	4217.5	0	4217.5
514.15	4113.25	0	4113.25
514.282	4217	0	4217
514.415	4163.75	0	4163.75
514.547	4246.5	0	4246.5
514.68	4155.25	0	4155.25
514.812	4218.5	0	4218.5
514.944	4267.5	0	4267.5
515.077	4177.25	0	4177.25
515.209	4270.25	0	4270.25
515.341	4252	0	4252
515.474	4259.75	0	4259.75
515.606	4291.25	0	4291.25
515.738	4336.5	0	4336.5
515.871	4347	0	4347
516.003	4328.5	0	4328.5
516.135	4369.25	0	4369.25
516.267	4367.5	0	4367.5
516.4	4392.25	0	4392.25
516.532	4460.5	0	4460.5
516.664	4524.25	0	4524.25
516.796	4549	0	4549
516.928	4578.25	0	4578.25
517.06	4745	0	4745
517.193	4749.75	0	4749.75
517.325	4866.5	0	4866.5
517.457	5044	0	5044
517.589	5113.5	0	5113.5
517.721	5160.5	0	5160.5
517.853	5262.75	0	5262.75
517.985	5255.75	0	5255.75
518.117	5341	0	5341
518.249	5309.25	0	5309.25
518.381	5274.25	0	5274.25
518.513	5210.75	0	5210.75
518.645	5164.25	0	5164.25
518.777	4966	0	4966
518.909	4835	0	4835
519.041	4800	0	4800
519.173	4687.25	0	4687.25
519.305	4585	0	4585
519.437	4606	0	4606
519.569	4521	0	4521
519.701	4463.5	0	4463.5
519.832	4404	0	4404
519.964	4325.5	0	4325.5
520.096	4349	0	4349
520.228	4314	0	4314
520.36	4321.75	0	4321.75
520.491	4249.5	0	4249.5
520.623	4256.75	0	4256.75
520.755	4288	0	4288
520.887	4218.5	0	4218.5
521.018	4176.25	0	4176.25
521.15	4163.25	0	4163.25
521.282	4155.25	0	4155.25
521.414	4228	0	4228
521.545	4088.75	0	4088.75
521.677	4145.5	0	4145.5
521.808	4206	0	4206
521.94	4100.5	0	4100.5
522.072	4067.5	0	4067.5
522.203	4140.75	0	4140.75
522.335	4023.75	0	4023.75
522.466	4085.5	0	4085.5
522.598	4050.25	0	4050.25
522.729	4042.75	0	4042.75
522.861	4098.25	0	4098.25
522.993	4037.25	0	4037.25
523.124	4046.75	0	4046.75
523.256	4026.5	0	4026.5
523.387	4061.25	0	4061.25
523.518	4039	0	4039
523.65	3996	0	3996
523.781	4055.75	0	4055.75
523.913	4047.25	0	4047.25
524.044	4062.5	0	4062.5
524.176	4030	0	4030
524.307	4005.5	0	4005.5
524.438	3992.25	0	3992.25
524.57	4026	0	4026
524.701	4009.75	0	4009.75
524.832	3955.5	0	3955.5
524.964	3913.75	0	3913.75
525.095	3917	0	3917
525.226	4003.5	0	4003.5
525.357	3900.75	0	3900.75
525.489	3901.25	0	3901.25
525.62	3851.75	0	3851.75
525.751	3914	0	3914
525.882	3896.75	0	3896.75
526.013	3852.75	0	3852.75
526.145	3833	0	3833
526.276	3797.75	0	3797.75
526.407	3722	0	3722
526.538	3774.25	0	3774.25
526.669	3744.25	0	3744.25
526.8	3777.5	0	3777.5
526.931	3709.25	0	3709.25
527.062	3771	0	3771
527.193	3757	0	3757
527.324	3740	0	3740
527.455	3720.75	0	3720.75
527.586	3739.5	0	3739.5
527.717	3599	0	3599
527.848	3709	0	3709
527.979	3613	0	3613
528.11	3648.75	0	3648.75
528.241	3694.75	0	3694.75
528.372	3646.5	0	3646.5
528.503	3592.5	0	3592.5
528.634	3667	0	3667
528.765	3616.25	0	3616.25
528.896	3581.75	0	3581.75
529.026	3622.75	0	3622.75
529.157	3549.75	0	3549.75
529.288	3551	0	3551
529.419	3578.5	0	3578.5
529.55	3570.25	0	3570.25
529.681	3561.25	0	3561.25
529.811	3570.75	0	3570.75
529.942	3567.5	0	3567.5
530.073	3570.25	0	3570.25
530.203	3526.5	0	3526.5
530.334	3559	0	3559
530.465	3576.25	0	3576.25
530.596	3517.75	0	3517.75
530.726	3518	0	3518
530.857	3501.25	0	3501.25
530.987	3595	0	3595
531.118	3524	0	3524
531.249	3473.25	0	3473.25
531.379	3514.5	0	3514.5
531.51	3534	0	3534
531.64	3602	0	3602
531.771	3541.5	0	3541.5
531.901	3501	0	3501
532.032	3543.25	0	3543.25
532.163	3532	0	3532
532.293	3602.5	0	3602.5
532.423	3524.25	0	3524.25
532.554	3547.5	0	3547.5
532.684	3559.5	0	3559.5
532.815	3527	0	3527
532.945	3540.75	0	3540.75
533.076	3520.5	0	3520.5
533.206	3590.25	0	3590.25
533.336	3456.75	0	3456.75
533.467	3516.5	0	3516.5
533.597	3557.75	0	3557.75
533.727	3468.75	0	3468.75
533.858	3503	0	3503
533.988	3512.75	0	3512.75
534.118	3508.75	0	3508.75
534.248	3481.25	0	3481.25
534.379	3477.75	0	3477.75
534.509	3404.5	0	3404.5
534.639	3414.75	0	3414.75
534.769	3407.75	0	3407.75
534.9	3385.5	0	3385.5
535.03	3386.25	0	3386.25
535.16	3386.25	0	3386.25
535.29	3374.75	0	3374.75
535.42	3320.25	0	3320.25
535.55	3328.75	0	3328.75
535.68	3326.5	0	3326.5
535.81	3371.5	0	3371.5
535.94	3230.75	0	3230.75
536.071	3275.5	0	3275.5
536.201	3334.75	0	3334.75
536.331	3294.75	0	3294.75
536.461	3248.25	0	3248.25
536.591	3305.75	0	3305.75
536.721	3223.25	0	3223.25
536.851	3265.75	0	3265.75
536.981	3250.75	0	3250.75
537.11	3209.5	0	3209.5
537.24	3201.75	0	3201.75
537.37	3179.5	0	3179.5
537.5	3262.25	0	3262.25
537.63	3226.75	0	3226.75
537.76	3248.75	0	3248.75
537.89	3245.25	0	3245.25
538.02	3267.25	0	3267.25
538.149	3222.5	0	3222.5
538.279	3218.75	0	3218.75
538.409	3225.25	0	3225.25
538.539	3190.5	0	3190.5
538.669	3178	0	3178
538.798	3173.75	0	3173.75
538.928	3214.75	0	3214.75
539.058	3200.5	0	3200.5
539.187	3190.75	0	3190.75
539.317	3171	0	3171
539.447	3100.75	0	3100.75
539.576	3154.25	0	3154.25
539.706	3209.25	0	3209.25
539.836	3219.75	0	3219.75
539.965	3208	0	3208
540.095	3255.75	0	3255.75
540.225	3151.5	0	3151.5
540.354	3116	0	3116
540.484	3144.75	0	3144.75
540.613	3157.5	0	3157.5
540.743	3076.75	0	3076.75
540.872	3145.25	0	3145.25
541.002	3114.5	0	3114.5
541.131	3082.25	0	3082.25
541.261	3199.75	0	3199.75
541.39	3132.75	0	3132.75
541.52	3168	0	3168
541.649	3150.25	0	3150.25
541.778	3149.5	0	3149.5
541.908	3122.25	0	3122.25
542.037	3149.75	0	3149.75
542.167	3152	0	3152
542.296	3104.5	0	3104.5
542.425	3143.25	0	3143.25
542.554	3111.5	0	3111.5
542.684	3138.75	0	3138.75
542.813	3119.5	0	3119.5
542.942	3161.25	0	3161.25
543.072	3082.5	0	3082.5
543.201	3077.75	0	3077.75
543.33	3148.75	0	3148.75
543.459	3087.75	0	3087.75
543.588	3083	0	3083
543.718	3098.25	0	3098.25
543.847	3099.75	0	3099.75
543.976	3082.25	0	3082.25
544.105	3120.25	0	3120.25
544.234	3107.5	0	3107.5
544.363	3165.5	0	3165.5
544.492	3118.25	0	3118.25
544.621	3083.5	0	3083.5
544.75	3114.5	0	3114.5
544.88	3106.25	0	3106.25
545.009	3096.25	0	3096.25
545.138	3167	0	3167
545.266	3139.25	0	3139.25
545.396	3129.25	0	3129.25
545.525	3179.5	0	3179.5
545.653	3133	0	3133
545.782	3170	0	3170
545.911	3212.5	0	3212.5
546.04	3226.5	0	3226.5
546.169	3203.25	0	3203.25
546.298	3205.5	0	3205.5
546.427	3168	0	3168
546.556	3166.25	0	3166.25
546.685	3124.75	0	3124.75
546.813	3169.5	0	3169.5
546.942	3143.75	0	3143.75
547.071	3181.5	0	3181.5
547.2	3128	0	3128
547.328	3174.75	0	3174.75
547.457	3160.75	0	3160.75
547.586	3152.75	0	3152.75
547.715	3193.75	0	3193.75
547.843	3244	0	3244
547.972	3194.25	0	3194.25
548.101	3180.75	0	3180.75
548.229	3222.75	0	3222.75
548.358	3286.25	0	3286.25
548.487	3189.5	0	3189.5
548.615	3236.5	0	3236.5
548.744	3202.75	0	3202.75
548.872	3216.25	0	3216.25
549.001	3213.5	0	3213.5
549.129	3216.75	0	3216.75
549.258	3192.25	0	3192.25
549.387	3170.75	0	3170.75
549.515	3273.5	0	3273.5
549.643	3255.25	0	3255.25
549.772	3264.25	0	3264.25
549.9	3244.5	0	3244.5
550.029	3300.25	0	3300.25
550.157	3229.75	0	3229.75
550.286	3217.5	0	3217.5
550.414	3229	0	3229
550.542	3172.75	0	3172.75
550.671	3194	0	3194
550.799	3208.25	0	3208.25
550.927	3179.75	0	3179.75
551.056	3153	0	3153
551.184	3175.75	0	3175.75
551.312	3166.5	0	3166.5
551.441	3174.5	0	3174.5
551.569	3150.25	0	3150.25
551.697	3144	0	3144
551.825	3210.75	0	3210.75
551.953	3182.75	0	3182.75
552.082	3209.75	0	3209.75
552.21	3216.5	0	3216.5
552.338	3224.5	0	3224.5
552.466	3263.75	0	3263.75
552.594	3290.25	0	3290.25
552.722	3236.75	0	3236.75
552.851	3343.75	0	3343.75
552.979	3350.25	0	3350.25
553.107	3403.75	0	3403.75
553.235	3440.5	0	3440.5
553.363	3433.75	0	3433.75
553.491	3516.25	0	3516.25
553.619	3503.5	0	3503.5
553.747	3428.75	0	3428.75
553.875	3477.75	0	3477.75
554.003	3451.25	0	3451.25
554.131	3483.5	0	3483.5
554.259	3399.25	0	3399.25
554.387	3348.25	0	3348.25
554.514	3310.25	0	3310.25
554.642	3367.5	0	3367.5
554.77	3350.25	0	3350.25
554.898	3203	0	3203
555.026	3261.5	0	3261.5
555.154	3289.5	0	3289.5
555.281	3257.75	0	3257.75
555.409	3250	0	3250
555.537	3207.5	0	3207.5
555.665	3209.75	0	3209.75
555.793	3219.75	0	3219.75
555.92	3197.75	0	3197.75
556.048	3126.5	0	3126.5
556.176	3209.25	0	3209.25
556.303	3170.25	0	3170.25
556.431	3181.75	0	3181.75
556.559	3135.75	0	3135.75
556.686	3177.25	0	3177.25
556.814	3163	0	3163
556.942	3249.5	0	3249.5
557.069	3182.25	0	3182.25
557.197	3181.75	0	3181.75
557.324	3175	0	3175
557.452	3164	0	3164
557.579	3145.75	0	3145.75
557.707	3127.5	0	3127.5
557.835	3027.75	0	3027.75
557.962	3076	0	3076
558.089	3095	0	3095
558.217	3064.25	0	3064.25
558.344	3080.75	0	3080.75
558.472	3065.75	0	3065.75
558.599	3055	0	3055
558.727	3022.5	0	3022.5
558.854	2994.5	0	2994.5
558.981	2951.25	0	2951.25
559.109	3015.25	0	3015.25
559.236	2984.5	0	2984.5
559.363	2918.25	0	2918.25
559.491	3010.75	0	3010.75
559.618	2968	0	2968
559.745	2926.5	0	2926.5
559.872	2967.75	0	2967.75
560	2926	0	2926
560.127	2912.25	0	2912.25
560.254	2915.5	0	2915.5
560.381	2896.75	0	2896.75
560.508	2901.25	0	2901.25
560.636	2906	0	2906
560.763	2888	0	2888
560.89	2865.25	0	2865.25
561.017	2894.25	0	2894.25
561.144	2858	0	2858
561.271	2818	0	2818
561.398	2868.5	0	2868.5
561.525	2869.5	0	2869.5
561.652	2812.5	0	2812.5
561.779	2843.5	0	2843.5
561.906	2847	0	2847
562.033	2809.75	0	2809.75
562.16	2782.75	0	2782.75
562.287	2823.25	0	2823.25
562.414	2820.25	0	2820.25
562.541	2827	0	2827
562.668	2868.75	0	2868.75
562.795	2790.75	0	2790.75
562.922	2808	0	2808
563.049	2784.5	0	2784.5
563.175	2768	0	2768
563.302	2812.75	0	2812.75
563.429	2793.25	0	2793.25
563.556	2731	0	2731
563.683	2837.75	0	2837.75
563.809	2769.5	0	2769.5
563.936	2807.75	0	2807.75
564.063	2806.5	0	2806.5
564.19	2783	0	2783
564.316	2789.25	0	2789.25
564.443	2812.25	0	2812.25
564.57	2845.75	0	2845.75
564.696	2810.25	0	2810.25
564.823	2843.5	0	2843.5
564.95	2879.5	0	2879.5
565.076	2916.5	0	2916.5
565.203	2892.25	0	2892.25
565.33	2909	0	2909
565.456	2948.25	0	2948.25
565.583	2922.25	0	2922.25
565.709	2974.75	0	2974.75
565.836	2977.5	0	2977.5
565.962	3130	0	3130
566.089	3150	0	3150
566.215	3197	0	3197
566.341	3225.75	0	3225.75
566.468	3292.75	0	3292.75
566.594	3447	0	3447
566.721	3557	0	3557
566.847	3688.5	0	3688.5
566.974	3782.25	0	3782.25
567.1	3928.25	0	3928.25
567.226	3799	0	3799
567.353	3809	0	3809
567.479	3877.75	0	3877.75
567.605	3885	0	3885
567.732	3988.5	0	3988.5
567.858	4214	0	4214
567.984	4360	0	4360
568.11	4349.25	0	4349.25
568.236	4535	0	4535
568.363	4368.75	0	4368.75
568.489	4107	0	4107
568.615	4005	0	4005
568.741	3841.5	0	3841.5
568.867	3544	0	3544
568.993	3519.25	0	3519.25
569.12	3379	0	3379
569.246	3255	0	3255
569.372	3118.75	0	3118.75
569.498	2993	0	2993
569.624	2966.5	0	2966.5
569.75	2905.5	0	2905.5
569.876	2822.5	0	2822.5
570.002	2819.25	0	2819.25
570.128	2783.5	0	2783.5
570.254	2749.25	0	2749.25
570.38	2820.75	0	2820.75
570.506	2743.25	0	2743.25
570.632	2765	0	2765
570.758	2745.75	0	2745.75
570.883	2694	0	2694
571.009	2761.75	0	2761.75
571.135	2733	0	2733
571.261	2766.5	0	2766.5
571.387	2742.75	0	2742.75
571.513	2742.5	0	2742.5
571.638	2661.75	0	2661.75
571.764	2612.5	0	2612.5
571.89	2640.25	0	2640.25
572.016	2499.75	0	2499.75
572.141	2544.25	0	2544.25
572.267	2435.75	0	2435.75
572.393	2518.25	0	2518.25
572.518	2440.5	0	2440.5
572.644	2487.25	0	2487.25
572.77	2439	0	2439
572.895	2415.75	0	2415.75
573.021	2383	0	2383
573.147	2406.25	0	2406.25
573.272	2413	0	2413
573.398	2384.5	0	2384.5
573.523	2382.75	0	2382.75
573.649	2357.5	0	2357.5
573.774	2413	0	2413
573.9	2423	0	2423
574.025	2381.25	0	2381.25
574.151	2354.75	0	2354.75
574.276	2347.25	0	2347.25
574.402	2347.5	0	2347.5
574.527	2318.5	0	2318.5
574.652	2369	0	2369
574.778	2363.75	0	2363.75
574.903	2299	0	2299
575.029	2333.25	0	2333.25
575.154	2341.25	0	2341.25
575.279	2318	0	2318
575.405	2302.25	0	2302.25
575.53	2273.5	0	2273.5
575.655	2272.5	0	2272.5
575.78	2328.5	0	2328.5
575.906	2213.5	0	2213.5
576.031	2266	0	2266
576.156	2262.25	0	2262.25
576.281	2267.25	0	2267.25
576.406	2298.25	0	2298.25
576.532	2298.25	0	2298.25
576.657	2285	0	2285
576.782	2276	0	2276
576.907	2264	0	2264
577.032	2239.5	0	2239.5
577.157	2230	0	2230
577.282	2200.5	0	2200.5
577.407	2171.5	0	2171.5
577.532	2199.5	0	2199.5
577.657	2190.25	0	2190.25
577.782	2206.5	0	2206.5
577.907	2149.25	0	2149.25
578.032	2208.75	0	2208.75
578.157	2156.75	0	2156.75
578.282	2154	0	2154
578.407	2155.25	0	2155.25
578.532	2140	0	2140
578.657	2142.75	0	2142.75
578.782	2129.25	0	2129.25
578.907	2111	0	2111
579.031	2144	0	2144
579.156	2108.5	0	2108.5
579.281	2089.75	0	2089.75
579.406	2130.5	0	2130.5
579.531	2070.5	0	2070.5
579.655	2084.5	0	2084.5
579.78	2087.25	0	2087.25
579.905	2087.75	0	2087.75
580.03	2086.25	0	2086.25
580.154	2076.75	0	2076.75
580.279	2051.25	0	2051.25
580.404	2052	0	2052
580.528	2090.75	0	2090.75
580.653	2048	0	2048
580.778	2060.25	0	2060.25
580.902	2034.5	0	2034.5
581.027	2028.5	0	2028.5
581.151	2020.25	0	2020.25
581.276	2068	0	2068
581.4	2031	0	2031
581.525	2045.75	0	2045.75
581.649	2014.75	0	2014.75
581.774	2018	0	2018
581.898	2052	0	2052
582.023	2034	0	2034
582.147	2030.25	0	2030.25
582.272	2033.75	0	2033.75
582.396	2014.5	0	2014.5
582.52	2042	0	2042
582.645	2008.5	0	2008.5
582.769	2003	0	2003
582.893	1933.25	0	1933.25
583.018	2045.25	0	2045.25
583.142	1964.5	0	1964.5
583.266	1939.75	0	1939.75
583.391	2000.5	0	2000.5
583.515	1961.5	0	1961.5
583.639	1995.5	0	1995.5
583.763	2006.25	0	2006.25
583.888	1994.75	0	1994.75
584.012	1975.25	0	1975.25
584.136	1978.25	0	1978.25
584.26	1916.25	0	1916.25
584.384	1905	0	1905
584.508	1942.75	0	1942.75
584.632	1964	0	1964
584.757	1967	0	1967
584.881	1962.5	0	1962.5
585.005	1927	0	1927
585.129	1922.25	0	1922.25
585.253	1894.5	0	1894.5
585.377	1924.5	0	1924.5
585.501	1909.25	0	1909.25
585.625	1947.5	0	1947.5
585.749	1949	0	1949
585.873	1900.25	0	1900.25
585.997	1918.25	0	1918.25
586.12	1895	0	1895
586.244	1964.75	0	1964.75
586.368	1883.5	0	1883.5
586.492	1910	0	1910
586.616	1891.5	0	1891.5
586.74	1982	0	1982
586.864	1927.75	0	1927.75
586.987	1950.25	0	1950.25
587.111	1938.5	0	1938.5
587.235	1893.25	0	1893.25
587.359	1934.5	0	1934.5
587.482	1919.75	0	1919.75
587.606	1900.5	0	1900.5
587.73	1959.75	0	1959.75
587.854	1980.5	0	1980.5
587.977	1937.75	0	1937.75
588.101	1988.25	0	1988.25
588.224	1898.75	0	1898.75
588.348	1904.75	0	1904.75
588.472	1940.25	0	1940.25
588.595	1952.75	0	1952.75
588.719	1948	0	1948
588.842	1913.75	0	1913.75
588.966	1970.25	0	1970.25
589.089	1970	0	1970
589.213	2106.75	0	2106.75
589.336	2300.5	0	2300.5
589.46	2517.25	0	2517.25
589.583	2225	0	2225
589.707	2269	0	2269
589.83	2368.25	0	2368.25
589.954	2494.25	0	2494.25
590.077	2361	0	2361
590.2	2093.5	0	2093.5
590.324	2046	0	2046
590.447	2006.5	0	2006.5
590.57	1963.5	0	1963.5
590.694	1977.5	0	1977.5
590.817	1981.25	0	1981.25
590.94	1982.5	0	1982.5
591.063	1911.75	0	1911.75
591.187	1973.75	0	1973.75
591.31	2005.75	0	2005.75
591.433	2004	0	2004
591.556	1995.25	0	1995.25
591.679	1974.25	0	1974.25
591.803	2043.75	0	2043.75
591.926	2011.75	0	2011.75
592.049	2033	0	2033
592.172	2005.5	0	2005.5
592.295	2043	0	2043
592.418	2092.25	0	2092.25
592.541	2072.75	0	2072.75
592.664	2086.5	0	2086.5
592.787	2120.75	0	2120.75
592.91	2169	0	2169
593.033	2227.5	0	2227.5
593.156	2228.25	0	2228.25
593.279	2225.75	0	2225.75
593.402	2215.25	0	2215.25
593.525	2285	0	2285
593.648	2285.75	0	2285.75
593.771	2310.5	0	2310.5
593.894	2274.25	0	2274.25
594.016	2299.5	0	2299.5
594.139	2324	0	2324
594.262	2335.25	0	2335.25
594.385	2387.25	0	2387.25
594.508	2373	0	2373
594.63	2288.25	0	2288.25
594.753	2296.5	0	2296.5
594.876	2320.5	0	2320.5
594.999	2253	0	2253
595.121	2180.5	0	2180.5
595.244	2133.5	0	2133.5
595.367	2119.25	0	2119.25
595.489	2119.25	0	2119.25
595.612	2074	0	2074
595.735	2106.75	0	2106.75
595.857	2044.25	0	2044.25
595.98	2054	0	2054
596.102	1969	0	1969
596.225	1975.5	0	1975.5
596.347	1921.75	0	1921.75
596.47	1945	0	1945
596.592	1940.5	0	1940.5
596.715	1882.5	0	1882.5
596.837	1891.25	0	1891.25
596.96	1911.75	0	1911.75
597.082	1894	0	1894
597.205	1882.75	0	1882.75
597.327	1925.75	0	1925.75
597.449	1928	0	1928
597.572	1877.25	0	1877.25
597.694	1876.5	0	1876.5
597.816	1894.75	0	1894.75
597.939	1827.75	0	1827.75
598.061	1914.5	0	1914.5
598.183	1864	0	1864
598.306	1860.25	0	1860.25
598.428	1891.25	0	1891.25
598.55	1827.75	0	1827.75
598.672	1789.75	0	1789.75
598.795	1888	0	1888
598.917	1854	0	1854
599.039	1857	0	1857
599.161	1862.75	0	1862.75
599.283	1854.75	0	1854.75
599.405	1834.5	0	1834.5
599.527	1835.5	0	1835.5
599.65	1846.5	0	1846.5
599.772	1844.25	0	1844.25
599.894	1896.25	0	1896.25
600.016	1905.75	0	1905.75
600.138	1844.75	0	1844.75
600.26	1806.25	0	1806.25
600.382	1838.5	0	1838.5
600.504	1864	0	1864
600.625	1855.25	0	1855.25
600.747	1861.75	0	1861.75
600.869	1834	0	1834
600.991	1818.25	0	1818.25
601.113	1854	0	1854
601.235	1852	0	1852
601.357	1890.25	0	1890.25
601.479	1842.5	0	1842.5
601.6	1834	0	1834
601.722	1856	0	1856
601.844	1856	0	1856
601.966	1870	0	1870
602.087	1888.25	0	1888.25
602.209	1848.5	0	1848.5
602.331	1905.5	0	1905.5
602.453	1899	0	1899
602.574	1918	0	1918
602.696	1907.5	0	1907.5
602.818	1884.25	0	1884.25
602.939	1886.75	0	1886.75
603.061	1897.5	0	1897.5
603.182	1867	0	1867
603.304	1933.75	0	1933.75
603.426	1913.5	0	1913.5
603.547	1894.75	0	1894.75
603.669	1921.75	0	1921.75
603.79	1913	0	1913
603.912	1883.75	0	1883.75
604.033	1879.75	0	1879.75
604.154	1902.25	0	1902.25
604.276	1917.75	0	1917.75
604.397	1875.5	0	1875.5
604.519	1878.25	0	1878.25
604.64	1877.75	0	1877.75
604.761	1805.5	0	1805.5
604.883	1858.25	0	1858.25
605.004	1868.25	0	1868.25
605.125	1830.5	0	1830.5
605.247	1920.25	0	1920.25
605.368	1866.75	0	1866.75
605.489	1854.5	0	1854.5
605.611	1851	0	1851
605.732	1867.75	0	1867.75
605.853	1850.5	0	1850.5
605.974	1848.75	0	1848.75
606.095	1846.75	0	1846.75
606.216	1879	0	1879
606.338	1873.75	0	1873.75
606.459	1872.25	0	1872.25
606.58	1832.75	0	1832.75
606.701	1886.75	0	1886.75
606.822	1826.5	0	1826.5
606.943	1813.75	0	1813.75
607.064	1826.5	0	1826.5
607.185	1826.75	0	1826.75
607.306	1838.75	0	1838.75
607.427	1816.75	0	1816.75
607.548	1791.75	0	1791.75
607.669	1853.25	0	1853.25
607.79	1804.75	0	1804.75
607.911	1825.75	0	1825.75
608.032	1788.25	0	1788.25
608.153	1820.75	0	1820.75
608.274	1837.5	0	1837.5
608.394	1818.75	0	1818.75
608.515	1801.75	0	1801.75
608.636	1840	0	1840
608.757	1851.75	0	1851.75
608.878	1860.25	0	1860.25
608.998	1833.75	0	1833.75
609.119	1821.25	0	1821.25
609.24	1873	0	1873
609.361	1813.75	0	1813.75
609.481	1885	0	1885
609.602	1823.75	0	1823.75
609.723	1832.5	0	1832.5
609.843	1873.5	0	1873.5
609.964	1833.75	0	1833.75
610.085	1836.5	0	1836.5
610.205	1807.75	0	1807.75
610.326	1836.25	0	1836.25
610.446	1783.75	0	1783.75
610.567	1820.75	0	1820.75
610.687	1829.75	0	1829.75
610.808	1826.75	0	1826.75
610.928	1837.5	0	1837.5
611.049	1853.25	0	1853.25
611.169	1847.75	0	1847.75
611.29	1843.25	0	1843.25
611.41	1879.75	0	1879.75
611.531	1846.25	0	1846.25
611.651	1796	0	1796
611.771	1802.25	0	1802.25
611.892	1839.5	0	1839.5
612.012	1795.75	0	1795.75
612.132	1770.5	0	1770.5
612.253	1762	0	1762
612.373	1794.5	0	1794.5
612.493	1798.25	0	1798.25
612.613	1792.75	0	1792.75
612.734	1778.75	0	1778.75
612.854	1774.5	0	1774.5
612.974	1774.25	0	1774.25
613.094	1773.5	0	1773.5
613.214	1778.75	0	1778.75
613.335	1738.25	0	1738.25
613.455	1733.75	0	1733.75
613.575	1707.5	0	1707.5
613.695	1729.25	0	1729.25
613.815	1756.75	0	1756.75
613.935	1706	0	1706
614.055	1710.25	0	1710.25
614.175	1689.25	0	1689.25
614.295	1706.5	0	1706.5
614.415	1706.25	0	1706.25
614.535	1694	0	1694
614.655	1685	0	1685
614.775	1666	0	1666
614.895	1685.25	0	1685.25
615.015	1673.5	0	1673.5
615.135	1635	0	1635
615.254	1652	0	1652
615.374	1658.5	0	1658.5
615.494	1635	0	1635
615.614	1644.25	0	1644.25
615.734	1598.5	0	1598.5
615.854	1652.5	0	1652.5
615.973	1628.75	0	1628.75
616.093	1647.5	0	1647.5
616.213	1616.5	0	1616.5
616.332	1639.75	0	1639.75
616.452	1625.75	0	1625.75
616.572	1603.25	0	1603.25
616.691	1605.75	0	1605.75
616.811	1632.25	0	1632.25
616.931	1613.25	0	1613.25
617.05	1591.75	0	1591.75
617.17	1572.5	0	1572.5
617.289	1556.25	0	1556.25
617.409	1618.5	0	1618.5
617.529	1630.5	0	1630.5
617.648	1572.25	0	1572.25
617.768	1603.75	0	1603.75
617.887	1568.5	0	1568.5
618.006	1560.75	0	1560.75
618.126	1571.75	0	1571.75
618.245	1539.5	0	1539.5
618.365	1555.75	0	1555.75
618.484	1569.25	0	1569.25
618.604	1545.25	0	1545.25
618.723	1526.75	0	1526.75
618.842	1544.75	0	1544.75
618.962	1541.75	0	1541.75
619.081	1534.5	0	1534.5
619.2	1537	0	1537
619.319	1520.75	0	1520.75
619.439	1513.25	0	1513.25
619.558	1510.75	0	1510.75
619.677	1477.75	0	1477.75
619.796	1509	0	1509
619.916	1504.75	0	1504.75
620.035	1473.5	0	1473.5
620.154	1477.75	0	1477.75
620.273	1465.75	0	1465.75
620.392	1471.5	0	1471.5
620.511	1458.75	0	1458.75
620.63	1462.25	0	1462.25
620.749	1427.75	0	1427.75
620.868	1410.75	0	1410.75
620.987	1459.75	0	1459.75
621.106	1427.25	0	1427.25
621.225	1433	0	1433
621.344	1413.75	0	1413.75
621.463	1443.25	0	1443.25
621.582	1445.25	0	1445.25
621.701	1434.5	0	1434.5
621.82	1439	0	1439
621.939	1434.75	0	1434.75
622.058	1424	0	1424
622.177	1406	0	1406
622.295	1420.75	0	1420.75
622.414	1398.5	0	1398.5
622.533	1391.75	0	1391.75
622.652	1398.5	0	1398.5
622.771	1366	0	1366
622.889	1355.75	0	1355.75
623.008	1375.75	0	1375.75
623.127	1366.75	0	1366.75
623.245	1354.25	0	1354.25
623.364	1353.5	0	1353.5
623.483	1361.75	0	1361.75
623.601	1333.25	0	1333.25
623.72	1351.25	0	1351.25
623.839	1371	0	1371
623.957	1350.75	0	1350.75
624.076	1345.75	0	1345.75
624.194	1320.5	0	1320.5
624.313	1336.5	0	1336.5
624.431	1314.5	0	1314.5
624.55	1331.25	0	1331.25
624.668	1303.25	0	1303.25
624.787	1338.75	0	1338.75
624.905	1327.75	0	1327.75
625.024	1329.25	0	1329.25
625.142	1331	0	1331
625.26	1307.5	0	1307.5
625.379	1277.25	0	1277.25
625.497	1277.75	0	1277.75
625.615	1297.5	0	1297.5
625.734	1279	0	1279
625.852	1281.25	0	1281.25
625.97	1305.5	0	1305.5
626.089	1277.75	0	1277.75
626.207	1284.75	0	1284.75
626.325	1313	0	1313
626.443	1301	0	1301
626.561	1273.25	0	1273.25
626.68	1302.25	0	1302.25
626.798	1290.25	0	1290.25
626.916	1258.5	0	1258.5
627.034	1294.5	0	1294.5
627.152	1246	0	1246
627.27	1308	0	1308
627.388	1252.5	0	1252.5
627.506	1244.25	0	1244.25
627.624	1274.75	0	1274.75
627.742	1244	0	1244
627.86	1214.5	0	1214.5
627.978	1256.75	0	1256.75
628.096	1224	0	1224
628.214	1214.75	0	1214.75
628.332	1239.5	0	1239.5
628.45	1287.25	0	1287.25
628.568	1203.75	0	1203.75
628.686	1226	0	1226
628.804	1269.25	0	1269.25
628.921	1283.25	0	1283.25
629.039	1239	0	1239
629.157	1239.25	0	1239.25
629.275	1221.5	0	1221.5
629.393	1206.5	0	1206.5
629.51	1222	0	1222
629.628	1203	0	1203
629.746	1229.5	0	1229.5
629.864	1201.25	0	1201.25
629.981	1226.75	0	1226.75
630.099	1214.5	0	1214.5
630.216	1212	0	1212
630.334	1228.25	0	1228.25
630.452	1200	0	1200
630.569	1248.75	0	1248.75
630.687	1212.75	0	1212.75
630.804	1244.5	0	1244.5
630.922	1237.5	0	1237.5
631.039	1204.5	0	1204.5
631.157	1212.75	0	1212.75
631.274	1204.25	0	1204.25
631.392	1225.75	0	1225.75
631.509	1210.25	0	1210.25
631.627	1217.75	0	1217.75
631.744	1210.75	0	1210.75
631.861	1215	0	1215
631.979	1219.25	0	1219.25
632.096	1231.5	0	1231.5
632.213	1240.25	0	1240.25
632.331	1212.75	0	1212.75
632.448	1244.5	0	1244.5
632.565	1220	0	1220
632.683	1186.75	0	1186.75
632.8	1265.5	0	1265.5
632.917	1234.25	0	1234.25
633.034	1262.25	0	1262.25
633.151	1213	0	1213
633.269	1262.25	0	1262.25
633.386	1237.25	0	1237.25
633.503	1285.5	0	1285.5
633.62	1280.5	0	1280.5
633.737	1289.5	0	1289.5
633.854	1293	0	1293
633.971	1303.5	0	1303.5
634.088	1308.25	0	1308.25
634.205	1289.25	0	1289.25
634.322	1307.75	0	1307.75
634.439	1359.5	0	1359.5
634.556	1374.25	0	1374.25
634.673	1397.5	0	1397.5
634.79	1364.5	0	1364.5
634.907	1430.25	0	1430.25
635.024	1389.75	0	1389.75
635.141	1450.5	0	1450.5
635.258	1493.75	0	1493.75
635.375	1552.75	0	1552.75
635.491	1551.5	0	1551.5
635.608	1633.25	0	1633.25
635.725	1637.25	0	1637.25
635.842	1717.75	0	1717.75
635.958	1805.75	0	1805.75
636.075	1949.25	0	1949.25
636.192	2112	0	2112
636.309	2452	0	2452
636.425	3023.25	0	3023.25
636.542	4285.75	0	4285.75
636.659	6280	0	6280
636.775	6328.5	0	6328.5
636.892	4804.5	0	4804.5
637.008	3957	0	3957
637.125	3449.75	0	3449.75
637.241	3138.5	0	3138.5
637.358	2880.75	0	2880.75
637.475	2602.75	0	2602.75
637.591	2396.5	0	2396.5
637.707	2297.75	0	2297.75
637.824	2168.25	0	2168.25
637.94	2122.75	0	2122.75
638.057	2024.75	0	2024.75
638.173	1861.25	0	1861.25
638.29	1842.25	0	1842.25
638.406	1817.5	0	1817.5
638.522	1728.25	0	1728.25
638.639	1745.75	0	1745.75
638.755	1665	0	1665
638.871	1636	0	1636
638.987	1618.75	0	1618.75
639.104	1583	0	1583
639.22	1549.75	0	1549.75
639.336	1546	0	1546
639.452	1508.5	0	1508.5
639.569	1464.75	0	1464.75
639.685	1438.5	0	1438.5
639.801	1471.75	0	1471.75
639.917	1383	0	1383
640.033	1355.75	0	1355.75
640.149	1383.75	0	1383.75
640.265	1383.75	0	1383.75
640.381	1346.25	0	1346.25
640.497	1313.5	0	1313.5
640.613	1321.75	0	1321.75
640.729	1302.75	0	1302.75
640.845	1308.25	0	1308.25
640.961	1289.5	0	1289.5
641.077	1267.75	0	1267.75
641.193	1217.25	0	1217.25
641.309	1259.25	0	1259.25
641.425	1216.5	0	1216.5
641.541	1236.75	0	1236.75
641.657	1241.75	0	1241.75
641.773	1218	0	1218
641.888	1215	0	1215
642.004	1177.25	0	1177.25
642.12	1185.75	0	1185.75
642.236	1153.25	0	1153.25
642.352	1183.5	0	1183.5
642.467	1195	0	1195
642.583	1143.5	0	1143.5
642.699	1175.75	0	1175.75
642.814	1149	0	1149
642.93	1172.25	0	1172.25
643.046	1137.5	0	1137.5
643.161	1136.75	0	1136.75
643.277	1144.25	0	1144.25
643.392	1131	0	1131
643.508	1143.5	0	1143.5
643.623	1119.75	0	1119.75
643.739	1100.75	0	1100.75
643.854	1110	0	1110
643.97	1101.5	0	1101.5
644.085	1112.25	0	1112.25
644.201	1114.25	0	1114.25
644.316	1104.25	0	1104.25
644.432	1069	0	1069
644.547	1078.25	0	1078.25
644.663	1055	0	1055
644.778	1092.5	0	1092.5
644.893	1098	0	1098
645.008	1076	0	1076
645.124	1090	0	1090
645.239	1091.5	0	1091.5
645.354	1072.75	0	1072.75
645.47	1076	0	1076
645.585	1064.5	0	1064.5
645.7	1074	0	1074
645.815	1053.75	0	1053.75
645.93	1070.25	0	1070.25
646.046	1056.5	0	1056.5
646.161	1079.25	0	1079.25
646.276	1054	0	1054
646.391	1046.25	0	1046.25
646.506	1065.5	0	1065.5
646.621	1070.25	0	1070.25
646.736	1049.5	0	1049.5
646.851	1088	0	1088
646.966	1104.5	0	1104.5
647.081	1064.75	0	1064.75
647.196	1078.5	0	1078.5
647.311	1042.25	0	1042.25
647.426	1064.5	0	1064.5
647.541	1096.75	0	1096.75
647.656	1070.25	0	1070.25
647.771	1082.25	0	1082.25
647.885	1044	0	1044
648	1055.75	0	1055.75
648.115	1081.75	0	1081.75
648.23	1089	0	1089
648.345	1096	0	1096
648.459	1124	0	1124
648.574	1108.25	0	1108.25
648.689	1104.25	0	1104.25
648.804	1081.5	0	1081.5
648.918	1092	0	1092
649.033	1071	0	1071
649.148	1077.5	0	1077.5
649.262	1095	0	1095
649.377	1045.25	0	1045.25
649.491	1018	0	1018
649.606	1042.5	0	1042.5
649.721	1035.25	0	1035.25
649.835	1042	0	1042
649.95	1022.5	0	1022.5
650.064	1037.5	0	1037.5
650.179	1020.75	0	1020.75
650.293	1035	0	1035
650.408	1016	0	1016
650.522	1040.25	0	1040.25
650.636	1030.25	0	1030.25
650.751	1032.75	0	1032.75
650.865	1010	0	1010
650.979	1014	0	1014
651.094	999.5	0	999.5
651.208	1037.5	0	1037.5
651.322	1021.25	0	1021.25
651.437	989.5	0	989.5
651.551	1035.5	0	1035.5
651.665	1028.75	0	1028.75
651.779	1002.75	0	1002.75
651.894	995.5	0	995.5
652.008	1007.25	0	1007.25
652.122	1021.25	0	1021.25
652.236	1028.75	0	1028.75
652.35	1012.75	0	1012.75
652.464	1000.75	0	1000.75
652.578	999	0	999
652.693	1026	0	1026
652.807	996.25	0	996.25
652.921	1007.25	0	1007.25
653.035	1021.25	0	1021.25
653.149	1004.5	0	1004.5
653.263	1025	0	1025
653.376	977.5	0	977.5
653.49	1027.5	0	1027.5
653.604	1030.5	0	1030.5
653.718	1042.25	0	1042.25
653.832	1036.5	0	1036.5
653.946	1013.75	0	1013.75
654.06	1060.75	0	1060.75
654.174	1046.25	0	1046.25
654.287	1029.5	0	1029.5
654.401	1027.75	0	1027.75
654.515	1053.25	0	1053.25
654.629	1059.25	0	1059.25
654.743	1060.5	0	1060.5
654.856	1055.25	0	1055.25
654.97	1076.25	0	1076.25
655.084	1086	0	1086
655.197	1078	0	1078
655.311	1089.25	0	1089.25
655.424	1096.5	0	1096.5
655.538	1121.5	0	1121.5
655.652	1134	0	1134
655.765	1114.5	0	1114.5
655.879	1140	0	1140
655.992	1162.75	0	1162.75
656.106	1172.25	0	1172.25
656.219	1179	0	1179
656.333	1186.75	0	1186.75
656.446	1229.5	0	1229.5
656.56	1229.25	0	1229.25
656.673	1269	0	1269
656.786	1274.5	0	1274.5
656.9	1232.75	0	1232.75
657.013	1277.75	0	1277.75
657.127	1204	0	1204
657.24	1245.5	0	1245.5
657.353	1207.75	0	1207.75
657.466	1175.75	0	1175.75
657.58	1166.25	0	1166.25
657.693	1172.5	0	1172.5
657.806	1187.75	0	1187.75
657.919	1135.25	0	1135.25
658.032	1118.25	0	1118.25
658.146	1093.5	0	1093.5
658.259	1078.75	0	1078.75
658.372	1086.25	0	1086.25
658.485	1100	0	1100
658.598	1072	0	1072
658.711	1093.75	0	1093.75
658.824	1052.75	0	1052.75
658.937	1077	0	1077
659.05	1037.5	0	1037.5
659.163	1046	0	1046
659.276	1073.75	0	1073.75
659.389	1043.25	0	1043.25
659.502	1036	0	1036
659.615	1031.25	0	1031.25
659.728	1006.5	0	1006.5
659.841	1012.75	0	1012.75
659.954	1013	0	1013
660.067	993	0	993
660.179	1044.5	0	1044.5
660.292	1025.75	0	1025.75
660.405	1044.75	0	1044.75
660.518	1026	0	1026
660.63	1042.5	0	1042.5
660.743	1007.25	0	1007.25
660.856	997.75	0	997.75
660.969	1043.25	0	1043.25
661.081	995	0	995
661.194	1037.25	0	1037.25
661.307	1016	0	1016
661.419	1002.75	0	1002.75
661.532	959.5	0	959.5
661.644	1023	0	1023
661.757	969	0	969
661.869	967	0	967
661.982	944.75	0	944.75
662.094	954.25	0	954.25
662.207	914	0	914
662.319	923	0	923
662.432	912.5	0	912.5
662.544	885.25	0	885.25
662.656	884.5	0	884.5
662.769	908	0	908
662.881	899	0	899
662.994	880.25	0	880.25
663.106	879.5	0	879.5
663.218	853.25	0	853.25
663.331	874	0	874
663.443	847	0	847
663.555	840.5	0	840.5
663.667	844.25	0	844.25
663.779	848.5	0	848.5
663.892	822	0	822
664.004	843	0	843
664.116	842.75	0	842.75
664.228	822	0	822
664.34	795.25	0	795.25
664.452	819	0	819
664.564	842.5	0	842.5
664.676	852.75	0	852.75
664.788	841	0	841
664.901	811	0	811
665.012	798.5	0	798.5
665.125	816.25	0	816.25
665.236	810.25	0	810.25
665.348	822.5	0	822.5
665.46	785	0	785
665.572	802.25	0	802.25
665.684	789.5	0	789.5
665.796	768.5	0	768.5
665.908	822.25	0	822.25
666.02	775	0	775
666.131	792.5	0	792.5
666.243	822.25	0	822.25
666.355	775.25	0	775.25
666.467	777.5	0	777.5
666.578	786.5	0	786.5
666.69	784.75	0	784.75
666.802	777.5	0	777.5
666.914	785	0	785
667.025	780.25	0	780.25
667.137	738.25	0	738.25
667.248	783.75	0	783.75
667.36	759.25	0	759.25
667.472	750.5	0	750.5
667.583	779.5	0	779.5
667.695	751.5	0	751.5
667.806	738.75	0	738.75
667.918	763.5	0	763.5
668.029	743.75	0	743.75
668.141	755.75	0	755.75
668.252	770.25	0	770.25
668.363	730.75	0	730.75
668.475	732.25	0	732.25
668.586	738.75	0	738.75
668.698	746.75	0	746.75
668.809	755.5	0	755.5
668.92	733.75	0	733.75
669.032	753	0	753
669.143	708.25	0	708.25
669.254	720.75	0	720.75
669.365	731.25	0	731.25
669.477	734.25	0	734.25
669.588	726	0	726
669.699	718	0	718
669.81	725.75	0	725.75
669.921	711	0	711
670.032	707.5	0	707.5
670.143	737	0	737
670.255	717.5	0	717.5
670.366	693.75	0	693.75
670.477	708.5	0	708.5
670.588	706.75	0	706.75
670.699	701	0	701
670.81	684.75	0	684.75
670.921	683.25	0	683.25
671.032	711.25	0	711.25
671.143	691.75	0	691.75
671.253	674	0	674
671.364	717.75	0	717.75
671.475	683	0	683
671.586	708	0	708
671.697	700.75	0	700.75
671.808	676.5	0	676.5
671.919	697.75	0	697.75
672.029	686	0	686
672.14	663.5	0	663.5
672.251	684.25	0	684.25
672.362	681.75	0	681.75
672.472	699.25	0	699.25
672.583	662	0	662
672.694	667.25	0	667.25
672.804	701.5	0	701.5
672.915	661.25	0	661.25
673.025	674.5	0	674.5
673.136	697	0	697
673.247	658.5	0	658.5
673.357	707.25	0	707.25
673.468	667.5	0	667.5
673.578	668.75	0	668.75
673.689	678.5	0	678.5
673.799	684.25	0	684.25
673.91	659	0	659
674.02	624.75	0	624.75
674.13	675.75	0	675.75
674.241	655.25	0	655.25
674.351	677	0	677
674.461	658	0	658
674.572	671.75	0	671.75
674.682	661.25	0	661.25
674.792	649	0	649
674.903	670	0	670
675.013	666.5	0	666.5
675.123	610.25	0	610.25
675.233	635	0	635
675.344	641.5	0	641.5
675.454	655	0	655
675.564	634.25	0	634.25
675.674	646	0	646
675.784	656	0	656
675.894	637.25	0	637.25
676.004	640.5	0	640.5
676.114	642	0	642
676.224	631	0	631
676.334	617	0	617
676.444	624.5	0	624.5
676.554	618.25	0	618.25
676.664	635.5	0	635.5
676.774	610	0	610
676.884	617	0	617
676.994	621.25	0	621.25
677.104	606.5	0	606.5
677.214	615.75	0	615.75
677.324	622	0	622
677.433	620	0	620
677.543	585.5	0	585.5
677.653	596.75	0	596.75
677.763	621.75	0	621.75
677.872	595.5	0	595.5
677.982	611.5	0	611.5
678.092	612.25	0	612.25
678.202	603.75	0	603.75
678.311	607.75	0	607.75
678.421	588.25	0	588.25
678.53	604.75	0	604.75
678.64	585.5	0	585.5
678.75	603.25	0	603.25
678.859	587.25	0	587.25
678.969	592.5	0	592.5
679.078	584.25	0	584.25
679.188	584.25	0	584.25
679.297	591.5	0	591.5
679.407	574	0	574
679.516	591.25	0	591.25
679.625	586	0	586
679.735	603.5	0	603.5
679.844	589.25	0	589.25
679.954	605.5	0	605.5
680.063	591	0	591
680.172	583	0	583
680.282	567.75	0	567.75
680.391	576.5	0	576.5
680.5	581.25	0	581.25
680.609	575.5	0	575.5
680.719	574.5	0	574.5
680.828	567.75	0	567.75
680.937	556.75	0	556.75
681.046	564.5	0	564.5
681.155	602.75	0	602.75
681.264	585.25	0	585.25
681.374	574.75	0	574.75
681.483	575.75	0	575.75
681.592	594.75	0	594.75
681.701	572.75	0	572.75
681.81	580.5	0	580.5
681.919	567.75	0	567.75
682.028	560.25	0	560.25
682.137	561.25	0	561.25
682.246	565.75	0	565.75
682.355	553.25	0	553.25
682.463	585.25	0	585.25
682.572	564.5	0	564.5
682.681	543.5	0	543.5
682.79	568.25	0	568.25
682.899	582.5	0	582.5
683.008	551.5	0	551.5
683.117	551.75	0	551.75
683.225	573.25	0	573.25
683.334	569.5	0	569.5
683.443	557.75	0	557.75
683.551	546.75	0	546.75
683.66	547.25	0	547.25
683.769	552.5	0	552.5
683.877	529.75	0	529.75
683.986	534.25	0	534.25
684.095	533.75	0	533.75
684.203	563.5	0	563.5
684.312	550.75	0	550.75
684.42	540.25	0	540.25
684.529	556	0	556
684.637	536.75	0	536.75
684.746	516.75	0	516.75
684.854	532.75	0	532.75
684.963	529.5	0	529.5
685.071	549	0	549
685.18	523.75	0	523.75
685.288	540.75	0	540.75
685.396	547.75	0	547.75
685.505	539.25	0	539.25
685.613	523	0	523
685.721	523.75	0	523.75
685.83	520.75	0	520.75
685.938	534.25	0	534.25
686.046	522	0	522
686.154	524.5	0	524.5
686.263	528.75	0	528.75
686.371	522.75	0	522.75
686.479	531.5	0	531.5
686.587	517.5	0	517.5
686.695	533.25	0	533.25
686.803	518.25	0	518.25
686.911	530.25	0	530.25
687.019	507.75	0	507.75
687.127	511.25	0	511.25
687.235	515	0	515
687.343	517.5	0	517.5
687.451	516	0	516
687.559	516.75	0	516.75
687.667	473.5	0	473.5
687.775	518	0	518
687.883	499.25	0	499.25
687.991	513	0	513
688.099	512.75	0	512.75
688.207	506.25	0	506.25
688.315	493.5	0	493.5
688.422	492	0	492
688.53	523.5	0	523.5
688.638	508.25	0	508.25
688.746	499	0	499
688.853	504.75	0	504.75
688.961	509.5	0	509.5
689.069	511.25	0	511.25
689.176	497	0	497
689.284	498	0	498
689.392	508.25	0	508.25
689.499	489.75	0	489.75
689.607	495.5	0	495.5
689.714	497.5	0	497.5
689.822	496.5	0	496.5
689.93	474	0	474
690.037	506.75	0	506.75
690.144	493.75	0	493.75
690.252	493.25	0	493.25
690.359	514.25	0	514.25
690.467	495	0	495
690.574	500.75	0	500.75
690.682	482.25	0	482.25
690.789	480	0	480
690.896	478	0	478
691.004	495	0	495
691.111	479.75	0	479.75
691.218	485.5	0	485.5
691.325	468	0	468
691.433	479.5	0	479.5
691.54	472	0	472
691.647	480.25	0	480.25
691.754	486.75	0	486.75
691.861	479	0	479
691.969	486.25	0	486.25
692.076	450	0	450
692.183	466.5	0	466.5
692.29	470.25	0	470.25
692.397	479.5	0	479.5
692.504	483.5	0	483.5
692.611	463.5	0	463.5
692.718	474.25	0	474.25
692.825	481	0	481
692.932	473.25	0	473.25
693.039	485.75	0	485.75
693.146	483.75	0	483.75
693.253	471	0	471
693.359	473.5	0	473.5
693.466	472	0	472
693.573	449.25	0	449.25
693.68	479.75	0	479.75
693.787	469.5	0	469.5
693.894	462.25	0	462.25
694	468.5	0	468.5
694.107	466.5	0	466.5
694.214	441.75	0	441.75
694.32	466.75	0	466.75
694.427	462	0	462
694.534	465.25	0	465.25
694.64	468.75	0	468.75
694.747	456.25	0	456.25
694.853	460.75	0	460.75
694.96	466	0	466
695.067	469	0	469
695.173	447.25	0	447.25
695.28	480	0	480
695.386	447.25	0	447.25
695.493	470	0	470
695.599	446.5	0	446.5
695.705	456.5	0	456.5
695.812	449	0	449
695.918	450.5	0	450.5
696.025	453.5	0	453.5
696.131	441.25	0	441.25
696.237	430.75	0	430.75
696.344	426.5	0	426.5
696.45	432.75	0	432.75
696.556	445.25	0	445.25
696.662	456.5	0	456.5
696.768	423.25	0	423.25
696.875	444.25	0	444.25
696.981	444.75	0	444.75
697.087	434.5	0	434.5
697.193	440.25	0	440.25
697.299	435	0	435
697.405	434.5	0	434.5
697.512	446.25	0	446.25
697.618	442.75	0	442.75
697.724	449.5	0	449.5
697.83	423.5	0	423.5
697.936	446.25	0	446.25
698.042	434	0	434
698.148	439.75	0	439.75
698.253	421.75	0	421.75
698.359	435.75	0	435.75
698.465	432.5	0	432.5
698.571	419.5	0	419.5
698.677	421.75	0	421.75
698.783	425.25	0	425.25
698.889	445.25	0	445.25
698.994	435.75	0	435.75
699.1	437.25	0	437.25
699.206	439.75	0	439.75
699.312	443.5	0	443.5
699.417	436	0	436
699.523	421.75	0	421.75
699.629	460	0	460
699.734	413.75	0	413.75
699.84	435.75	0	435.75
699.946	430	0	430
700.051	445.75	0	445.75
700.157	418	0	418
700.262	435.25	0	435.25
700.368	430.25	0	430.25
700.473	423.5	0	423.5
700.579	418.25	0	418.25
700.684	400	0	400
700.79	421.5	0	421.5
700.895	423.5	0	423.5
701	409.75	0	409.75
701.106	411	0	411
701.211	407	0	407
701.316	408.75	0	408.75
701.422	409.75	0	409.75
701.527	421.25	0	421.25
701.632	420.5	0	420.5
701.738	420.5	0	420.5
701.843	433.75	0	433.75
701.948	406.25	0	406.25
702.053	403	0	403
702.158	409.75	0	409.75
702.264	393.75	0	393.75
702.369	405.75	0	405.75
702.474	409	0	409
702.579	401.5	0	401.5
702.684	410.25	0	410.25
702.789	386.25	0	386.25
702.894	399.75	0	399.75
702.999	409.5	0	409.5
703.104	403.75	0	403.75
703.209	414	0	414
703.314	426	0	426
703.419	394.25	0	394.25
703.524	411.25	0	411.25
703.629	394.75	0	394.75
703.733	403	0	403
703.838	413.5	0	413.5
703.943	402.5	0	402.5
704.048	395.5	0	395.5
704.153	407.25	0	407.25
704.257	394	0	394
704.362	412.25	0	412.25
704.467	389.75	0	389.75
704.572	402.25	0	402.25
704.676	380	0	380
704.781	399	0	399
704.886	396.5	0	396.5
704.99	387.25	0	387.25
705.095	394.5	0	394.5
705.199	401.5	0	401.5
705.304	389	0	389
705.408	413.25	0	413.25
705.513	384	0	384
705.617	375.25	0	375.25
705.722	396.25	0	396.25
705.826	391.5	0	391.5
705.931	388	0	388
706.035	376.5	0	376.5
706.139	381	0	381
706.244	385.5	0	385.5
706.348	375.25	0	375.25
706.452	393	0	393
706.557	372.25	0	372.25
706.661	364	0	364
706.765	368.25	0	368.25
706.87	386.5	0	386.5
706.974	377.5	0	377.5
707.078	374	0	374
707.182	381	0	381
707.286	388.5	0	388.5
707.39	382.25	0	382.25
707.495	381.75	0	381.75
707.599	378.5	0	378.5
707.703	370	0	370
707.807	362.25	0	362.25
707.911	371.5	0	371.5
708.015	379.75	0	379.75
708.119	362.25	0	362.25
708.223	356.5	0	356.5
708.327	388	0	388
708.431	374.25	0	374.25
708.534	370.25	0	370.25
708.638	371	0	371
708.742	389.75	0	389.75
708.846	370	0	370
708.95	379.5	0	379.5
709.054	362.5	0	362.5
709.157	376	0	376
709.261	372.25	0	372.25
709.365	372.5	0	372.5
709.469	364.25	0	364.25
709.572	378.75	0	378.75
709.676	367.5	0	367.5
709.78	367	0	367
709.883	378.75	0	378.75
709.987	381.5	0	381.5
710.09	367.25	0	367.25
710.194	355.75	0	355.75
710.298	376	0	376
710.401	359.75	0	359.75
710.505	359.75	0	359.75
710.608	370	0	370
710.711	366.75	0	366.75
710.815	358	0	358
710.918	352.75	0	352.75
711.022	356.25	0	356.25
711.125	360.5	0	360.5
711.228	371.25	0	371.25
711.332	356.5	0	356.5
711.435	363.75	0	363.75
711.538	365	0	365
711.642	363.75	0	363.75
711.745	375.5	0	375.5
711.848	367.25	0	367.25
711.951	365.75	0	365.75
712.055	341.5	0	341.5
712.158	366.75	0	366.75
712.261	374.75	0	374.75
712.364	356.5	0	356.5
712.467	361.75	0	361.75
712.57	344.25	0	344.25
712.673	356.25	0	356.25
712.776	359.75	0	359.75
712.879	352.75	0	352.75
712.982	364.75	0	364.75
713.085	347	0	347
713.188	360	0	360
713.291	359.25	0	359.25
713.394	362.25	0	362.25
713.497	351.25	0	351.25
713.6	360	0	360
713.703	362.5	0	362.5
713.805	335.5	0	335.5
713.908	352.5	0	352.5
714.011	346.5	0	346.5
714.114	338.5	0	338.5
714.216	352.75	0	352.75
714.319	352.75	0	352.75
714.422	351.25	0	351.25
714.525	358.75	0	358.75
714.627	352.75	0	352.75
714.73	345.75	0	345.75
714.833	364.25	0	364.25
714.935	346	0	346
715.038	357.75	0	357.75
715.14	363.25	0	363.25
715.243	361.25	0	361.25
715.345	344	0	344
715.448	364	0	364
715.55	356.25	0	356.25
715.653	354.5	0	354.5
715.755	371.5	0	371.5
715.857	353.5	0	353.5
715.96	364	0	364
716.062	378	0	378
716.164	373.25	0	373.25
716.267	385.75	0	385.75
716.369	382.75	0	382.75
716.471	363.5	0	363.5
716.574	372.5	0	372.5
716.676	364	0	364
716.778	375.75	0	375.75
716.88	359.75	0	359.75
716.982	345.25	0	345.25
717.085	361.25	0	361.25
717.187	360	0	360
717.289	371.75	0	371.75
717.391	352.75	0	352.75
717.493	355.5	0	355.5
717.595	369	0	369
717.697	379.5	0	379.5
717.799	356.75	0	356.75
717.901	349.25	0	349.25
718.003	346.25	0	346.25
718.105	348	0	348
718.207	331.25	0	331.25
718.309	343.25	0	343.25
718.411	341	0	341
718.512	345	0	345
718.614	366	0	366
718.716	343	0	343
718.818	339.5	0	339.5
718.92	350	0	350
719.021	346.5	0	346.5
719.123	343.5	0	343.5
719.225	335.5	0	335.5
719.326	338.25	0	338.25
719.428	347	0	347
719.53	342.25	0	342.25
719.631	350.25	0	350.25
719.733	334.25	0	334.25
719.834	349	0	349
719.936	332.5	0	332.5
720.038	340.5	0	340.5
720.139	337.5	0	337.5
720.241	323	0	323
720.342	325	0	325
720.443	332.75	0	332.75
720.545	331.75	0	331.75
720.646	332.75	0	332.75
720.748	342.5	0	342.5
720.849	345.5	0	345.5
720.95	348.75	0	348.75
721.052	339.25	0	339.25
721.153	329.75	0	329.75
721.254	342.25	0	342.25
721.355	313.75	0	313.75
721.457	349.25	0	349.25
721.558	314	0	314
721.659	342.25	0	342.25
721.76	319	0	319
721.861	332.75	0	332.75
721.963	338.5	0	338.5
722.064	328.5	0	328.5
722.165	329	0	329
722.266	311	0	311
722.367	321.25	0	321.25
722.468	347.25	0	347.25
722.569	333.25	0	333.25
722.67	329.5	0	329.5
722.771	331	0	331
722.872	318	0	318
722.973	323.5	0	323.5
723.073	331.5	0	331.5
723.174	325.75	0	325.75
723.275	330	0	330
723.376	327.5	0	327.5
723.477	312.25	0	312.25
723.577	326.25	0	326.25
723.678	330.25	0	330.25
723.779	323.5	0	323.5
723.88	323.25	0	323.25
723.98	316.5	0	316.5
724.081	324	0	324
724.182	318	0	318
724.282	321.25	0	321.25
724.383	325	0	325
724.483	328.25	0	328.25
724.584	327	0	327
724.685	319.5	0	319.5
724.785	326.5	0	326.5
724.886	318	0	318
724.986	314.5	0	314.5
725.086	315.5	0	315.5
725.187	316.75	0	316.75
725.287	322.25	0	322.25
725.388	315	0	315
725.488	321.25	0	321.25
725.588	317.75	0	317.75
725.689	313.25	0	313.25
725.789	326.5	0	326.5
725.889	320	0	320
725.99	326	0	326
726.09	327.75	0	327.75
726.19	322	0	322
726.29	325.25	0	325.25
726.39	309.5	0	309.5
726.49	334	0	334
726.591	303.75	0	303.75
726.691	321.5	0	321.5
726.791	309.5	0	309.5
726.891	328.25	0	328.25
726.991	320	0	320
727.091	306.75	0	306.75
727.191	308.75	0	308.75
727.291	327.75	0	327.75
727.391	315	0	315
727.491	320	0	320
727.591	310.25	0	310.25
727.691	325.25	0	325.25
727.79	320.25	0	320.25
727.89	322.5	0	322.5
727.99	319	0	319
728.09	302	0	302
728.19	321.5	0	321.5
728.289	295.5	0	295.5
728.389	306.75	0	306.75
728.489	306.5	0	306.5
728.589	320.5	0	320.5
728.688	308.75	0	308.75
728.788	298.25	0	298.25
728.888	309.75	0	309.75
728.987	321.25	0	321.25
729.087	298.25	0	298.25
729.186	329.25	0	329.25
729.286	305.5	0	305.5
729.385	307.25	0	307.25
729.485	307	0	307
729.584	301	0	301
729.684	300	0	300
729.783	313.25	0	313.25
729.883	309.5	0	309.5
729.982	310.5	0	310.5
730.081	291	0	291
730.181	310.5	0	310.5
730.28	288.5	0	288.5
730.379	292.75	0	292.75
730.479	295.25	0	295.25
730.578	293	0	293
730.677	306.75	0	306.75
730.776	304.75	0	304.75
730.875	288.75	0	288.75
730.975	309	0	309
731.074	303.5	0	303.5
731.173	302.25	0	302.25
731.272	296.75	0	296.75
731.371	311.25	0	311.25
731.47	297	0	297
731.569	297.75	0	297.75
731.668	306.5	0	306.5
731.767	299.25	0	299.25
731.866	294.5	0	294.5
731.965	296.5	0	296.5
732.064	297.25	0	297.25
732.163	300.25	0	300.25
732.262	304.5	0	304.5
732.361	288.75	0	288.75
732.46	305.75	0	305.75
732.558	298	0	298
732.657	311	0	311
732.756	304.25	0	304.25
732.855	291.75	0	291.75
732.953	293.25	0	293.25
733.052	299	0	299
733.151	303	0	303
733.25	306.5	0	306.5
733.348	297.25	0	297.25
733.447	299	0	299
733.545	306	0	306
733.644	303.5	0	303.5
733.742	310.75	0	310.75
733.841	307	0	307
733.939	307.5	0	307.5
734.038	305.5	0	305.5
734.136	287.75	0	287.75
734.235	310.75	0	310.75
734.333	289	0	289
734.432	293.75	0	293.75
734.53	287.25	0	287.25
734.628	288.25	0	288.25
734.727	293.25	0	293.25
734.825	299	0	299
734.923	301.25	0	301.25
735.022	286	0	286
735.12	293.5	0	293.5
735.218	298.5	0	298.5
735.316	295	0	295
735.414	290	0	290
735.513	299.5	0	299.5
735.611	300.75	0	300.75
735.709	300.25	0	300.25
735.807	293	0	293
735.905	294	0	294
736.003	299.75	0	299.75
736.101	301.75	0	301.75
736.199	290.5	0	290.5
736.297	285	0	285
736.395	311.5	0	311.5
736.493	292.25	0	292.25
736.591	285.75	0	285.75
736.689	294.25	0	294.25
736.787	289.5	0	289.5
736.884	290.25	0	290.25
736.982	299.5	0	299.5
737.08	282.75	0	282.75
737.178	279.5	0	279.5
737.276	289.25	0	289.25
737.373	291	0	291
737.471	285.75	0	285.75
737.569	286.25	0	286.25
737.667	295.75	0	295.75
737.764	288	0	288
737.862	295.5	0	295.5
737.959	304.25	0	304.25
738.057	281	0	281
738.154	275.25	0	275.25
738.252	293	0	293
738.35	292.25	0	292.25
738.447	290	0	290
738.544	283.5	0	283.5
738.642	287	0	287
738.739	309	0	309
738.837	291	0	291
738.934	306	0	306
739.031	292.25	0	292.25
739.129	301	0	301
739.226	280.5	0	280.5
739.323	290	0	290
739.421	285	0	285
739.518	293	0	293
739.615	286.5	0	286.5