Lambda	Spectrum	Dark	SpecMinusDark
500.031	8251.75	0	8251.75
500.165	8843	0	8843
500.299	10026	0	10026
500.433	10955.2	0	10955.2
500.567	11390	0	11390
500.701	11592.8	0	11592.8
500.835	11664.5	0	11664.5
500.968	11269.5	0	11269.5
501.102	10755.5	0	10755.5
501.236	10198.5	0	10198.5
501.37	9609.25	0	9609.25
501.504	9073.25	0	9073.25
501.637	8401.25	0	8401.25
501.771	8001.75	0	8001.75
501.905	7517.25	0	7517.25
502.039	7357.5	0	7357.5
502.172	6979	0	6979
502.306	6858	0	6858
502.44	6762.75	0	6762.75
502.573	6759.5	0	6759.5
502.707	6591.75	0	6591.75
502.841	6488.5	0	6488.5
502.974	6370	0	6370
503.108	6336.25	0	6336.25
503.242	6151.75	0	6151.75
503.375	6217.25	0	6217.25
503.509	6177.75	0	6177.75
503.642	5992	0	5992
503.776	6117	0	6117
503.909	6146.25	0	6146.25
504.043	6229.5	0	6229.5
504.176	6178.75	0	6178.75
504.31	6239	0	6239
504.443	6462	0	6462
504.577	6674	0	6674
504.71	6889.25	0	6889.25
504.844	7396.75	0	7396.75
504.977	7401	0	7401
505.111	7494	0	7494
505.244	6758.5	0	6758.5
505.377	6441.5	0	6441.5
505.511	6330.25	0	6330.25
505.644	6314	0	6314
505.777	6278.5	0	6278.5
505.911	6183.25	0	6183.25
506.044	6305.25	0	6305.25
506.177	6321.5	0	6321.5
506.311	6340.5	0	6340.5
506.444	6563.25	0	6563.25
506.577	6679	0	6679
506.71	6913.5	0	6913.5
506.844	7205.25	0	7205.25
506.977	7661.25	0	7661.25
507.11	6563	0	6563
507.243	6355.5	0	6355.5
507.376	6440.25	0	6440.25
507.51	6503	0	6503
507.643	6319.5	0	6319.5
507.776	6341	0	6341
507.909	6439.75	0	6439.75
508.042	6521.5	0	6521.5
508.175	6809.5	0	6809.5
508.308	7134.25	0	7134.25
508.441	6289.5	0	6289.5
508.574	6176.25	0	6176.25
508.707	6202.75	0	6202.75
508.84	6298.75	0	6298.75
508.973	6382.5	0	6382.5
509.106	6129.75	0	6129.75
509.239	6108	0	6108
509.372	6083.75	0	6083.75
509.505	6098.25	0	6098.25
509.638	6101.75	0	6101.75
509.771	6104.75	0	6104.75
509.904	6066.5	0	6066.5
510.037	6205.25	0	6205.25
510.17	6077	0	6077
510.303	6173.75	0	6173.75
510.436	6058.75	0	6058.75
510.568	6070.75	0	6070.75
510.701	6250.5	0	6250.5
510.834	6287	0	6287
510.967	6329.75	0	6329.75
511.1	6412.25	0	6412.25
511.232	6699.25	0	6699.25
511.365	7405.75	0	7405.75
511.498	8455	0	8455
511.631	9702.25	0	9702.25
511.763	8515.5	0	8515.5
511.896	6923	0	6923
512.029	6768.75	0	6768.75
512.161	6371	0	6371
512.294	6305.5	0	6305.5
512.427	6350.25	0	6350.25
512.559	6292	0	6292
512.692	6254.75	0	6254.75
512.825	6381	0	6381
512.957	6465.25	0	6465.25
513.09	6386	0	6386
513.222	6244.5	0	6244.5
513.355	6310.25	0	6310.25
513.487	6368	0	6368
513.62	6483.5	0	6483.5
513.752	6668	0	6668
513.885	6561.75	0	6561.75
514.017	6435	0	6435
514.15	6352.5	0	6352.5
514.282	6419.75	0	6419.75
514.415	6396.5	0	6396.5
514.547	6473.75	0	6473.75
514.68	6430.5	0	6430.5
514.812	6504.75	0	6504.75
514.944	6529.25	0	6529.25
515.077	6517.25	0	6517.25
515.209	6598.25	0	6598.25
515.341	6628.25	0	6628.25
515.474	6648.75	0	6648.75
515.606	6884.5	0	6884.5
515.738	6954.5	0	6954.5
515.871	7245.5	0	7245.5
516.003	7763	0	7763
516.135	7686.25	0	7686.25
516.267	7724.75	0	7724.75
516.4	7451.75	0	7451.75
516.532	7502.75	0	7502.75
516.664	7616.5	0	7616.5
516.796	7720	0	7720
516.928	7969.25	0	7969.25
517.06	8181.25	0	8181.25
517.193	8180.75	0	8180.75
517.325	8474.25	0	8474.25
517.457	8691.5	0	8691.5
517.589	8986.5	0	8986.5
517.721	9267.5	0	9267.5
517.853	9392.25	0	9392.25
517.985	9526	0	9526
518.117	9591.25	0	9591.25
518.249	9417.75	0	9417.75
518.381	9448.25	0	9448.25
518.513	9156	0	9156
518.645	9063	0	9063
518.777	8908.5	0	8908.5
518.909	8736.25	0	8736.25
519.041	8701	0	8701
519.173	9127.5	0	9127.5
519.305	10285	0	10285
519.437	12066.2	0	12066.2
519.569	14216.5	0	14216.5
519.701	11939	0	11939
519.832	8118.25	0	8118.25
519.964	7501	0	7501
520.096	7192	0	7192
520.228	7184.75	0	7184.75
520.36	7148	0	7148
520.491	7034.5	0	7034.5
520.623	6895	0	6895
520.755	6827	0	6827
520.887	6772.25	0	6772.25
521.018	6684	0	6684
521.15	6740.25	0	6740.25
521.282	6747.5	0	6747.5
521.414	6890.5	0	6890.5
521.545	6550	0	6550
521.677	6566	0	6566
521.808	6451.5	0	6451.5
521.94	6510.75	0	6510.75
522.072	6437.75	0	6437.75
522.203	6467.5	0	6467.5
522.335	6325.5	0	6325.5
522.466	6325.75	0	6325.75
522.598	6277.75	0	6277.75
522.729	6298.75	0	6298.75
522.861	6421.25	0	6421.25
522.993	6468.75	0	6468.75
523.124	6430.25	0	6430.25
523.256	6332.75	0	6332.75
523.387	6410.25	0	6410.25
523.518	6233	0	6233
523.65	6140.75	0	6140.75
523.781	6139	0	6139
523.913	6236.75	0	6236.75
524.044	6073.5	0	6073.5
524.176	6041	0	6041
524.307	6132.25	0	6132.25
524.438	5978.5	0	5978.5
524.57	6098.25	0	6098.25
524.701	6134.75	0	6134.75
524.832	6063	0	6063
524.964	5982	0	5982
525.095	5930.75	0	5930.75
525.226	6075.5	0	6075.5
525.357	5975.75	0	5975.75
525.489	5851.5	0	5851.5
525.62	5942.5	0	5942.5
525.751	5833.25	0	5833.25
525.882	5762.75	0	5762.75
526.013	5797.25	0	5797.25
526.145	5793.25	0	5793.25
526.276	5794.25	0	5794.25
526.407	5769.5	0	5769.5
526.538	5736.75	0	5736.75
526.669	5803.5	0	5803.5
526.8	5822	0	5822
526.931	5729.5	0	5729.5
527.062	5753.75	0	5753.75
527.193	5679.25	0	5679.25
527.324	5736.75	0	5736.75
527.455	5740.5	0	5740.5
527.586	5680.25	0	5680.25
527.717	5721.25	0	5721.25
527.848	5711.5	0	5711.5
527.979	5820.75	0	5820.75
528.11	5910.25	0	5910.25
528.241	6065	0	6065
528.372	5967.5	0	5967.5
528.503	5937.75	0	5937.75
528.634	5730.25	0	5730.25
528.765	5666.5	0	5666.5
528.896	5600	0	5600
529.026	5523.75	0	5523.75
529.157	5648.25	0	5648.25
529.288	5670	0	5670
529.419	5730.25	0	5730.25
529.55	5606	0	5606
529.681	5716.25	0	5716.25
529.811	5833.5	0	5833.5
529.942	5938.5	0	5938.5
530.073	5853.5	0	5853.5
530.203	5861.5	0	5861.5
530.334	5733.5	0	5733.5
530.465	5835.75	0	5835.75
530.596	5742.25	0	5742.25
530.726	5837.75	0	5837.75
530.857	5669.25	0	5669.25
530.987	5647.75	0	5647.75
531.118	5735.25	0	5735.25
531.249	5842.5	0	5842.5
531.379	6000.25	0	6000.25
531.51	6203.5	0	6203.5
531.64	6196.75	0	6196.75
531.771	5777	0	5777
531.901	5638.25	0	5638.25
532.032	5604	0	5604
532.163	5637.75	0	5637.75
532.293	5639.25	0	5639.25
532.423	5596.5	0	5596.5
532.554	5651.5	0	5651.5
532.684	5708	0	5708
532.815	5627.25	0	5627.25
532.945	5656	0	5656
533.076	5561.75	0	5561.75
533.206	5563.75	0	5563.75
533.336	5616.5	0	5616.5
533.467	5609	0	5609
533.597	5581.5	0	5581.5
533.727	5602.25	0	5602.25
533.858	5618.25	0	5618.25
533.988	5735.25	0	5735.25
534.118	5597	0	5597
534.248	5652.25	0	5652.25
534.379	5612	0	5612
534.509	5504.5	0	5504.5
534.639	5490.5	0	5490.5
534.769	5667	0	5667
534.9	5692	0	5692
535.03	5917	0	5917
535.16	6621.75	0	6621.75
535.29	8103.25	0	8103.25
535.42	9617.5	0	9617.5
535.55	9614.5	0	9614.5
535.68	6950	0	6950
535.81	5989.25	0	5989.25
535.94	5659	0	5659
536.071	5616.25	0	5616.25
536.201	5470.25	0	5470.25
536.331	5356	0	5356
536.461	5458.5	0	5458.5
536.591	5446	0	5446
536.721	5596.5	0	5596.5
536.851	5398	0	5398
536.981	5263.5	0	5263.5
537.11	5240.75	0	5240.75
537.24	5274.5	0	5274.5
537.37	5314.25	0	5314.25
537.5	5226	0	5226
537.63	5182.75	0	5182.75
537.76	5171.25	0	5171.25
537.89	5212.25	0	5212.25
538.02	5179	0	5179
538.149	5226.5	0	5226.5
538.279	5192.25	0	5192.25
538.409	5142.5	0	5142.5
538.539	5217.5	0	5217.5
538.669	5389	0	5389
538.798	5623.25	0	5623.25
538.928	6032.5	0	6032.5
539.058	5709.75	0	5709.75
539.187	5293.75	0	5293.75
539.317	5172	0	5172
539.447	5101.5	0	5101.5
539.576	5119.25	0	5119.25
539.706	5154.25	0	5154.25
539.836	5109.25	0	5109.25
539.965	5109.5	0	5109.5
540.095	5146.25	0	5146.25
540.225	5104	0	5104
540.354	5063	0	5063
540.484	5097.5	0	5097.5
540.613	5103.75	0	5103.75
540.743	5121.5	0	5121.5
540.872	5167	0	5167
541.002	5208	0	5208
541.131	5171.75	0	5171.75
541.261	5278.25	0	5278.25
541.39	5102.75	0	5102.75
541.52	5135.5	0	5135.5
541.649	5144	0	5144
541.778	5132.75	0	5132.75
541.908	5096	0	5096
542.037	5155.25	0	5155.25
542.167	5211.25	0	5211.25
542.296	5236.5	0	5236.5
542.425	5167.25	0	5167.25
542.554	5240.5	0	5240.5
542.684	5191	0	5191
542.813	5152	0	5152
542.942	5230.75	0	5230.75
543.072	5250.5	0	5250.5
543.201	5195.25	0	5195.25
543.33	5182	0	5182
543.459	5144	0	5144
543.588	5105.25	0	5105.25
543.718	5103.25	0	5103.25
543.847	5160	0	5160
543.976	5237.5	0	5237.5
544.105	5180.5	0	5180.5
544.234	5318	0	5318
544.363	5255.5	0	5255.5
544.492	5289.5	0	5289.5
544.621	5211.75	0	5211.75
544.75	5287.25	0	5287.25
544.88	5270.5	0	5270.5
545.009	5341.25	0	5341.25
545.138	5351.25	0	5351.25
545.266	5422.75	0	5422.75
545.396	5493	0	5493
545.525	5432.25	0	5432.25
545.653	5433.5	0	5433.5
545.782	5396.5	0	5396.5
545.911	5431.25	0	5431.25
546.04	5489.5	0	5489.5
546.169	5488	0	5488
546.298	5355.25	0	5355.25
546.427	5295.75	0	5295.75
546.556	5313.5	0	5313.5
546.685	5317.75	0	5317.75
546.813	5366	0	5366
546.942	5283	0	5283
547.071	5361.75	0	5361.75
547.2	5241.75	0	5241.75
547.328	5313.75	0	5313.75
547.457	5326	0	5326
547.586	5331	0	5331
547.715	5298.75	0	5298.75
547.843	5542.25	0	5542.25
547.972	5594.75	0	5594.75
548.101	5812.5	0	5812.5
548.229	6052.5	0	6052.5
548.358	6148.75	0	6148.75
548.487	5937.5	0	5937.5
548.615	5739.25	0	5739.25
548.744	5511.75	0	5511.75
548.872	5476.75	0	5476.75
549.001	5485.25	0	5485.25
549.129	5497.75	0	5497.75
549.258	5442.5	0	5442.5
549.387	5464.25	0	5464.25
549.515	5525.25	0	5525.25
549.643	5610	0	5610
549.772	5551.25	0	5551.25
549.9	5573.75	0	5573.75
550.029	5583	0	5583
550.157	5601	0	5601
550.286	5537	0	5537
550.414	5585	0	5585
550.542	5596.75	0	5596.75
550.671	5770.5	0	5770.5
550.799	5419	0	5419
550.927	5372.5	0	5372.5
551.056	5345	0	5345
551.184	5279.75	0	5279.75
551.312	5326.75	0	5326.75
551.441	5221	0	5221
551.569	5208.75	0	5208.75
551.697	5242.5	0	5242.5
551.825	5189.75	0	5189.75
551.953	5268.75	0	5268.75
552.082	5303.5	0	5303.5
552.21	5411.75	0	5411.75
552.338	5447.25	0	5447.25
552.466	5466.25	0	5466.25
552.594	5511.75	0	5511.75
552.722	5607.25	0	5607.25
552.851	5687.75	0	5687.75
552.979	5816.5	0	5816.5
553.107	6027	0	6027
553.235	6234.75	0	6234.75
553.363	6294	0	6294
553.491	6208.25	0	6208.25
553.619	6261.75	0	6261.75
553.747	6269.5	0	6269.5
553.875	6324.25	0	6324.25
554.003	6198	0	6198
554.131	6266.5	0	6266.5
554.259	6095.75	0	6095.75
554.387	5816.75	0	5816.75
554.514	5634.5	0	5634.5
554.642	5648	0	5648
554.77	5668.75	0	5668.75
554.898	5654.75	0	5654.75
555.026	5645.75	0	5645.75
555.154	5542.25	0	5542.25
555.281	5465	0	5465
555.409	5470.75	0	5470.75
555.537	5456.75	0	5456.75
555.665	5479.25	0	5479.25
555.793	5456.5	0	5456.5
555.92	5492.5	0	5492.5
556.048	5461.75	0	5461.75
556.176	5454.25	0	5454.25
556.303	5306.5	0	5306.5
556.431	5225.75	0	5225.75
556.559	5137.25	0	5137.25
556.686	5125.75	0	5125.75
556.814	5090	0	5090
556.942	5141.75	0	5141.75
557.069	5099.25	0	5099.25
557.197	5103	0	5103
557.324	5009.75	0	5009.75
557.452	5084	0	5084
557.579	4982.75	0	4982.75
557.707	4999.5	0	4999.5
557.835	5141	0	5141
557.962	5250.25	0	5250.25
558.089	5363	0	5363
558.217	5223.75	0	5223.75
558.344	5136.25	0	5136.25
558.472	5049.5	0	5049.5
558.599	4997.5	0	4997.5
558.727	4963.5	0	4963.5
558.854	4994.25	0	4994.25
558.981	4951	0	4951
559.109	4965.75	0	4965.75
559.236	4982.75	0	4982.75
559.363	4966.75	0	4966.75
559.491	4952.5	0	4952.5
559.618	4990	0	4990
559.745	4916.25	0	4916.25
559.872	4929.25	0	4929.25
560	4947.75	0	4947.75
560.127	4919.75	0	4919.75
560.254	4788.5	0	4788.5
560.381	4885	0	4885
560.508	4953.5	0	4953.5
560.636	4902.75	0	4902.75
560.763	4805.25	0	4805.25
560.89	4804.25	0	4804.25
561.017	4797	0	4797
561.144	4833.75	0	4833.75
561.271	4814.25	0	4814.25
561.398	4880.5	0	4880.5
561.525	4841	0	4841
561.652	4868	0	4868
561.779	4831.25	0	4831.25
561.906	4888.5	0	4888.5
562.033	4765.25	0	4765.25
562.16	4888	0	4888
562.287	5038.5	0	5038.5
562.414	5158	0	5158
562.541	5122.25	0	5122.25
562.668	4976	0	4976
562.795	4969	0	4969
562.922	4883.25	0	4883.25
563.049	4813	0	4813
563.175	4825	0	4825
563.302	4883.5	0	4883.5
563.429	4998.5	0	4998.5
563.556	4936.5	0	4936.5
563.683	4939	0	4939
563.809	4944	0	4944
563.936	5023.25	0	5023.25
564.063	4946.75	0	4946.75
564.19	5033.25	0	5033.25
564.316	5202	0	5202
564.443	5159.5	0	5159.5
564.57	5126	0	5126
564.696	5147.25	0	5147.25
564.823	5079.5	0	5079.5
564.95	5209.5	0	5209.5
565.076	5361.75	0	5361.75
565.203	5212.5	0	5212.5
565.33	5446.5	0	5446.5
565.456	5397.25	0	5397.25
565.583	5408.75	0	5408.75
565.709	5575.75	0	5575.75
565.836	5672.75	0	5672.75
565.962	5801.75	0	5801.75
566.089	5897	0	5897
566.215	6067.25	0	6067.25
566.341	6309.25	0	6309.25
566.468	6543.25	0	6543.25
566.594	6863.25	0	6863.25
566.721	7382	0	7382
566.847	8087	0	8087
566.974	8287.5	0	8287.5
567.1	8050.5	0	8050.5
567.226	8020.5	0	8020.5
567.353	7888.5	0	7888.5
567.479	7988.5	0	7988.5
567.605	8140.75	0	8140.75
567.732	8337.25	0	8337.25
567.858	8767.25	0	8767.25
567.984	9354.75	0	9354.75
568.11	9549.75	0	9549.75
568.236	9871.25	0	9871.25
568.363	9837.5	0	9837.5
568.489	9212.5	0	9212.5
568.615	8590.25	0	8590.25
568.741	7748.75	0	7748.75
568.867	7306	0	7306
568.993	7060.25	0	7060.25
569.12	6572.25	0	6572.25
569.246	6319.5	0	6319.5
569.372	5913.75	0	5913.75
569.498	5805.5	0	5805.5
569.624	5575.5	0	5575.5
569.75	5452	0	5452
569.876	5292.25	0	5292.25
570.002	5195.25	0	5195.25
570.128	5144.75	0	5144.75
570.254	5060.75	0	5060.75
570.38	5075.5	0	5075.5
570.506	5021	0	5021
570.632	5035	0	5035
570.758	4970.75	0	4970.75
570.883	4965.25	0	4965.25
571.009	5052.75	0	5052.75
571.135	5021.5	0	5021.5
571.261	5118.5	0	5118.5
571.387	5131.75	0	5131.75
571.513	5090.5	0	5090.5
571.638	4942.25	0	4942.25
571.764	4811.75	0	4811.75
571.89	4648.25	0	4648.25
572.016	4587.25	0	4587.25
572.141	4636.25	0	4636.25
572.267	4601	0	4601
572.393	4545.75	0	4545.75
572.518	4490	0	4490
572.644	4424	0	4424
572.77	4348	0	4348
572.895	4374	0	4374
573.021	4452.25	0	4452.25
573.147	4452	0	4452
573.272	4366	0	4366
573.398	4369	0	4369
573.523	4256.5	0	4256.5
573.649	4282.5	0	4282.5
573.774	4356	0	4356
573.9	4428.5	0	4428.5
574.025	4509	0	4509
574.151	4254.75	0	4254.75
574.276	4189.75	0	4189.75
574.402	4244	0	4244
574.527	4237.75	0	4237.75
574.652	4209	0	4209
574.778	4174.75	0	4174.75
574.903	4193.25	0	4193.25
575.029	4186.5	0	4186.5
575.154	4227.25	0	4227.25
575.279	4177.5	0	4177.5
575.405	4130.75	0	4130.75
575.53	4109	0	4109
575.655	4087.75	0	4087.75
575.78	4074.5	0	4074.5
575.906	4099.75	0	4099.75
576.031	4029.75	0	4029.75
576.156	3959.5	0	3959.5
576.281	3926.25	0	3926.25
576.406	3981.25	0	3981.25
576.532	4002.75	0	4002.75
576.657	3974.75	0	3974.75
576.782	3901.25	0	3901.25
576.907	3960	0	3960
577.032	3868.5	0	3868.5
577.157	3889.75	0	3889.75
577.282	3844.75	0	3844.75
577.407	3846	0	3846
577.532	3762	0	3762
577.657	3807.25	0	3807.25
577.782	3754.25	0	3754.25
577.907	3717.25	0	3717.25
578.032	3724	0	3724
578.157	3737.5	0	3737.5
578.282	3702.5	0	3702.5
578.407	3680.5	0	3680.5
578.532	3693.5	0	3693.5
578.657	3700	0	3700
578.782	3671.75	0	3671.75
578.907	3632.75	0	3632.75
579.031	3687.25	0	3687.25
579.156	3606.25	0	3606.25
579.281	3643.5	0	3643.5
579.406	3612.25	0	3612.25
579.531	3642.75	0	3642.75
579.655	3631	0	3631
579.78	3523.5	0	3523.5
579.905	3582.25	0	3582.25
580.03	3691	0	3691
580.154	3796.25	0	3796.25
580.279	3831	0	3831
580.404	3613.25	0	3613.25
580.528	3557.5	0	3557.5
580.653	3464.5	0	3464.5
580.778	3513.5	0	3513.5
580.902	3505	0	3505
581.027	3461	0	3461
581.151	3486.25	0	3486.25
581.276	3441.75	0	3441.75
581.4	3501.25	0	3501.25
581.525	3484.5	0	3484.5
581.649	3507.5	0	3507.5
581.774	3504.5	0	3504.5
581.898	3443.25	0	3443.25
582.023	3360.5	0	3360.5
582.147	3443.75	0	3443.75
582.272	3430.25	0	3430.25
582.396	3355.25	0	3355.25
582.52	3373	0	3373
582.645	3397.25	0	3397.25
582.769	3364.75	0	3364.75
582.893	3321	0	3321
583.018	3326.5	0	3326.5
583.142	3367.5	0	3367.5
583.266	3382	0	3382
583.391	3347.25	0	3347.25
583.515	3339	0	3339
583.639	3364.25	0	3364.25
583.763	3297.25	0	3297.25
583.888	3389	0	3389
584.012	3325	0	3325
584.136	3368.5	0	3368.5
584.26	3383	0	3383
584.384	3407.5	0	3407.5
584.508	3339	0	3339
584.632	3324	0	3324
584.757	3286.75	0	3286.75
584.881	3350.5	0	3350.5
585.005	3344.75	0	3344.75
585.129	3341	0	3341
585.253	3296	0	3296
585.377	3331.75	0	3331.75
585.501	3351.25	0	3351.25
585.625	3280.75	0	3280.75
585.749	3343	0	3343
585.873	3234.5	0	3234.5
585.997	3278.75	0	3278.75
586.12	3274	0	3274
586.244	3281.25	0	3281.25
586.368	3318.5	0	3318.5
586.492	3294.75	0	3294.75
586.616	3323.75	0	3323.75
586.74	3217.5	0	3217.5
586.864	3315	0	3315
586.987	3274.75	0	3274.75
587.111	3402.25	0	3402.25
587.235	3426.25	0	3426.25
587.359	3570.75	0	3570.75
587.482	3436.5	0	3436.5
587.606	3335.25	0	3335.25
587.73	3377	0	3377
587.854	3285	0	3285
587.977	3306.25	0	3306.25
588.101	3364.75	0	3364.75
588.224	3517.5	0	3517.5
588.348	3741	0	3741
588.472	3759	0	3759
588.595	3408	0	3408
588.719	3417.75	0	3417.75
588.842	3441.75	0	3441.75
588.966	3529	0	3529
589.089	3734.5	0	3734.5
589.213	4435	0	4435
589.336	5580.25	0	5580.25
589.46	6746.75	0	6746.75
589.583	4528	0	4528
589.707	3786.75	0	3786.75
589.83	4183	0	4183
589.954	4899.5	0	4899.5
590.077	5308.75	0	5308.75
590.2	3856	0	3856
590.324	3539.75	0	3539.75
590.447	3557	0	3557
590.57	3546.25	0	3546.25
590.694	3444.75	0	3444.75
590.817	3457	0	3457
590.94	3447.25	0	3447.25
591.063	3466.5	0	3466.5
591.187	3452	0	3452
591.31	3481.25	0	3481.25
591.433	3529	0	3529
591.556	3440	0	3440
591.679	3575.75	0	3575.75
591.803	3575.5	0	3575.5
591.926	3598	0	3598
592.049	3626.5	0	3626.5
592.172	3659.5	0	3659.5
592.295	3784.75	0	3784.75
592.418	3809.25	0	3809.25
592.541	3883	0	3883
592.664	3863.25	0	3863.25
592.787	4028.75	0	4028.75
592.91	4204.75	0	4204.75
593.033	4340.5	0	4340.5
593.156	4232	0	4232
593.279	4424.5	0	4424.5
593.402	4366.75	0	4366.75
593.525	4382.75	0	4382.75
593.648	4448.75	0	4448.75
593.771	4475.5	0	4475.5
593.894	4458.75	0	4458.75
594.016	4647.75	0	4647.75
594.139	4511.25	0	4511.25
594.262	4588.75	0	4588.75
594.385	4598.25	0	4598.25
594.508	4614.25	0	4614.25
594.63	4556.75	0	4556.75
594.753	4499.5	0	4499.5
594.876	4335.75	0	4335.75
594.999	4177	0	4177
595.121	4063	0	4063
595.244	4006.25	0	4006.25
595.367	3864.25	0	3864.25
595.489	3883.25	0	3883.25
595.612	3805	0	3805
595.735	3700	0	3700
595.857	3793	0	3793
595.98	3834.5	0	3834.5
596.102	3607.5	0	3607.5
596.225	3535	0	3535
596.347	3474.5	0	3474.5
596.47	3431.5	0	3431.5
596.592	3404.75	0	3404.75
596.715	3385.75	0	3385.75
596.837	3319	0	3319
596.96	3265.75	0	3265.75
597.082	3286.25	0	3286.25
597.205	3241.75	0	3241.75
597.327	3237.75	0	3237.75
597.449	3275	0	3275
597.572	3137.25	0	3137.25
597.694	3142	0	3142
597.816	3160.25	0	3160.25
597.939	3195.25	0	3195.25
598.061	3171.5	0	3171.5
598.183	3181.5	0	3181.5
598.306	3183.5	0	3183.5
598.428	3111.5	0	3111.5
598.55	3195.5	0	3195.5
598.672	3191.25	0	3191.25
598.795	3340.25	0	3340.25
598.917	3327.75	0	3327.75
599.039	3169.75	0	3169.75
599.161	3106.75	0	3106.75
599.283	3126	0	3126
599.405	3025.5	0	3025.5
599.527	3057.25	0	3057.25
599.65	3079.75	0	3079.75
599.772	3097.25	0	3097.25
599.894	3062	0	3062
600.016	3043.75	0	3043.75
600.138	3033.5	0	3033.5
600.26	2997.25	0	2997.25
600.382	3086	0	3086
600.504	3140.5	0	3140.5
600.625	3038.75	0	3038.75
600.747	2994.25	0	2994.25
600.869	2984	0	2984
600.991	2942	0	2942
601.113	2968.75	0	2968.75
601.235	2966.75	0	2966.75
601.357	2923	0	2923
601.479	2971	0	2971
601.6	3009.5	0	3009.5
601.722	2970.25	0	2970.25
601.844	3054.25	0	3054.25
601.966	2987	0	2987
602.087	2916.5	0	2916.5
602.209	2904.25	0	2904.25
602.331	2929	0	2929
602.453	2931	0	2931
602.574	2957.5	0	2957.5
602.696	2939.75	0	2939.75
602.818	2955	0	2955
602.939	3051.5	0	3051.5
603.061	3095	0	3095
603.182	3209.75	0	3209.75
603.304	3404.25	0	3404.25
603.426	3201.5	0	3201.5
603.547	3081.25	0	3081.25
603.669	3077	0	3077
603.79	2989.25	0	2989.25
603.912	2990	0	2990
604.033	2932.75	0	2932.75
604.154	2927	0	2927
604.276	2951.5	0	2951.5
604.397	2939.5	0	2939.5
604.519	2939.5	0	2939.5
604.64	2965.25	0	2965.25
604.761	2932	0	2932
604.883	2979.75	0	2979.75
605.004	3074.75	0	3074.75
605.125	3036.25	0	3036.25
605.247	3033	0	3033
605.368	3076	0	3076
605.489	3002.75	0	3002.75
605.611	2895.75	0	2895.75
605.732	2944	0	2944
605.853	2933	0	2933
605.974	2923	0	2923
606.095	2890.25	0	2890.25
606.216	2821.25	0	2821.25
606.338	2894.5	0	2894.5
606.459	2880	0	2880
606.58	2933.5	0	2933.5
606.701	2980	0	2980
606.822	2900.5	0	2900.5
606.943	2796.25	0	2796.25
607.064	2832.5	0	2832.5
607.185	2868.25	0	2868.25
607.306	2812	0	2812
607.427	2963.25	0	2963.25
607.548	2892.5	0	2892.5
607.669	2791.25	0	2791.25
607.79	2850.5	0	2850.5
607.911	2867	0	2867
608.032	2882	0	2882
608.153	2854.25	0	2854.25
608.274	2852	0	2852
608.394	2852.75	0	2852.75
608.515	2825	0	2825
608.636	2823	0	2823
608.757	2862.5	0	2862.5
608.878	2839.5	0	2839.5
608.998	2863.25	0	2863.25
609.119	2875.5	0	2875.5
609.24	2894	0	2894
609.361	2831.25	0	2831.25
609.481	2852.25	0	2852.25
609.602	2881	0	2881
609.723	2817.25	0	2817.25
609.843	2901	0	2901
609.964	2915.5	0	2915.5
610.085	2900	0	2900
610.205	2876	0	2876
610.326	2950.5	0	2950.5
610.446	3100	0	3100
610.567	2954.25	0	2954.25
610.687	2836.5	0	2836.5
610.808	2867	0	2867
610.928	2968.75	0	2968.75
611.049	3078	0	3078
611.169	3033.5	0	3033.5
611.29	2774.75	0	2774.75
611.41	2782.5	0	2782.5
611.531	2812.25	0	2812.25
611.651	2862.5	0	2862.5
611.771	2996.75	0	2996.75
611.892	3083.25	0	3083.25
612.012	2944.75	0	2944.75
612.132	2770	0	2770
612.253	2791.75	0	2791.75
612.373	2793.75	0	2793.75
612.493	2973.5	0	2973.5
612.613	3143.25	0	3143.25
612.734	2940.5	0	2940.5
612.854	2878.75	0	2878.75
612.974	3077.75	0	3077.75
613.094	3463.75	0	3463.75
613.214	3791.5	0	3791.5
613.335	2890.75	0	2890.75
613.455	2754.75	0	2754.75
613.575	2804.25	0	2804.25
613.695	3017.25	0	3017.25
613.815	3302.25	0	3302.25
613.935	3382.75	0	3382.75
614.055	2761.25	0	2761.25
614.175	2718	0	2718
614.295	2744.5	0	2744.5
614.415	2838.5	0	2838.5
614.535	3054.75	0	3054.75
614.655	3229.5	0	3229.5
614.775	3639	0	3639
614.895	2877.25	0	2877.25
615.015	2730.75	0	2730.75
615.135	2719.25	0	2719.25
615.254	2701.25	0	2701.25
615.374	2664.5	0	2664.5
615.494	2627.5	0	2627.5
615.614	2649.25	0	2649.25
615.734	2632.5	0	2632.5
615.854	2680.5	0	2680.5
615.973	2736.75	0	2736.75
616.093	2792.75	0	2792.75
616.213	2862	0	2862
616.332	2846.25	0	2846.25
616.452	2816.25	0	2816.25
616.572	2708.25	0	2708.25
616.691	2730.75	0	2730.75
616.811	2718.5	0	2718.5
616.931	2688.5	0	2688.5
617.05	2666	0	2666
617.17	2702	0	2702
617.289	2724.75	0	2724.75
617.409	2717.25	0	2717.25
617.529	2749.25	0	2749.25
617.648	2749.5	0	2749.5
617.768	2725.5	0	2725.5
617.887	2679.75	0	2679.75
618.006	2702.5	0	2702.5
618.126	2667	0	2667
618.245	2703.75	0	2703.75
618.365	2675.75	0	2675.75
618.484	2654.75	0	2654.75
618.604	2634.25	0	2634.25
618.723	2617.5	0	2617.5
618.842	2601.25	0	2601.25
618.962	2600.25	0	2600.25
619.081	2654.25	0	2654.25
619.2	2652.5	0	2652.5
619.319	2639.25	0	2639.25
619.439	2688	0	2688
619.558	2564	0	2564
619.677	2720	0	2720
619.796	2668.25	0	2668.25
619.916	2635.5	0	2635.5
620.035	2661.5	0	2661.5
620.154	2619.5	0	2619.5
620.273	2545.5	0	2545.5
620.392	2546	0	2546
620.511	2584.25	0	2584.25
620.63	2608.75	0	2608.75
620.749	2590.25	0	2590.25
620.868	2686.75	0	2686.75
620.987	2552.5	0	2552.5
621.106	2557	0	2557
621.225	2532.25	0	2532.25
621.344	2571.5	0	2571.5
621.463	2559.25	0	2559.25
621.582	2574.75	0	2574.75
621.701	2705	0	2705
621.82	2771	0	2771
621.939	2761.75	0	2761.75
622.058	2530.5	0	2530.5
622.177	2461.25	0	2461.25
622.295	2476.5	0	2476.5
622.414	2433.5	0	2433.5
622.533	2500.25	0	2500.25
622.652	2518.25	0	2518.25
622.771	2455	0	2455
622.889	2450.75	0	2450.75
623.008	2415.25	0	2415.25
623.127	2462	0	2462
623.245	2487.5	0	2487.5
623.364	2568.5	0	2568.5
623.483	2629.25	0	2629.25
623.601	2569.5	0	2569.5
623.72	2555.5	0	2555.5
623.839	2436.25	0	2436.25
623.957	2581.75	0	2581.75
624.076	2588.5	0	2588.5
624.194	2540.25	0	2540.25
624.313	2528.25	0	2528.25
624.431	2536.5	0	2536.5
624.55	2461.75	0	2461.75
624.668	2458.25	0	2458.25
624.787	2441.5	0	2441.5
624.905	2463.5	0	2463.5
625.024	2428.75	0	2428.75
625.142	2438.75	0	2438.75
625.26	2401	0	2401
625.379	2401.25	0	2401.25
625.497	2387.25	0	2387.25
625.615	2425.75	0	2425.75
625.734	2452.75	0	2452.75
625.852	2346.5	0	2346.5
625.97	2430	0	2430
626.089	2532.5	0	2532.5
626.207	2596.75	0	2596.75
626.325	2438.75	0	2438.75
626.443	2420.75	0	2420.75
626.561	2491.5	0	2491.5
626.68	2449.75	0	2449.75
626.798	2451.75	0	2451.75
626.916	2376.25	0	2376.25
627.034	2451.75	0	2451.75
627.152	2476.25	0	2476.25
627.27	2478.75	0	2478.75
627.388	2365.75	0	2365.75
627.506	2421.5	0	2421.5
627.624	2383.25	0	2383.25
627.742	2361.5	0	2361.5
627.86	2371.25	0	2371.25
627.978	2368.25	0	2368.25
628.096	2331.25	0	2331.25
628.214	2365	0	2365
628.332	2410.25	0	2410.25
628.45	2363	0	2363
628.568	2364	0	2364
628.686	2348.5	0	2348.5
628.804	2304.5	0	2304.5
628.921	2291	0	2291
629.039	2329.5	0	2329.5
629.157	2295.5	0	2295.5
629.275	2283.75	0	2283.75
629.393	2292.75	0	2292.75
629.51	2288	0	2288
629.628	2355.75	0	2355.75
629.746	2420.25	0	2420.25
629.864	2351.25	0	2351.25
629.981	2356.75	0	2356.75
630.099	2356	0	2356
630.216	2390.25	0	2390.25
630.334	2537.5	0	2537.5
630.452	2570	0	2570
630.569	2353.75	0	2353.75
630.687	2312	0	2312
630.804	2314.5	0	2314.5
630.922	2295.75	0	2295.75
631.039	2313.5	0	2313.5
631.157	2340.75	0	2340.75
631.274	2342	0	2342
631.392	2372.25	0	2372.25
631.509	2446.75	0	2446.75
631.627	2866.75	0	2866.75
631.744	3291.75	0	3291.75
631.861	2899	0	2899
631.979	2390.5	0	2390.5
632.096	2343.25	0	2343.25
632.213	2263.75	0	2263.75
632.331	2295.25	0	2295.25
632.448	2301.5	0	2301.5
632.565	2302.75	0	2302.75
632.683	2271.5	0	2271.5
632.8	2202.75	0	2202.75
632.917	2265.5	0	2265.5
633.034	2200.75	0	2200.75
633.151	2157.25	0	2157.25
633.269	2198.25	0	2198.25
633.386	2208.25	0	2208.25
633.503	2196.75	0	2196.75
633.62	2097.25	0	2097.25
633.737	2214.5	0	2214.5
633.854	2126	0	2126
633.971	2187	0	2187
634.088	2149.75	0	2149.75
634.205	2138	0	2138
634.322	2165.25	0	2165.25
634.439	2157	0	2157
634.556	2205.5	0	2205.5
634.673	2221.25	0	2221.25
634.79	2362	0	2362
634.907	2591	0	2591
635.024	2777	0	2777
635.141	2691.75	0	2691.75
635.258	2349	0	2349
635.375	2295.5	0	2295.5
635.491	2204.5	0	2204.5
635.608	2181.5	0	2181.5
635.725	2185.25	0	2185.25
635.842	2150	0	2150
635.958	2150.25	0	2150.25
636.075	2269.25	0	2269.25
636.192	2117.75	0	2117.75
636.309	2111	0	2111
636.425	2124	0	2124
636.542	2123.5	0	2123.5
636.659	2094.5	0	2094.5
636.775	2105.75	0	2105.75
636.892	2104.5	0	2104.5
637.008	2058	0	2058
637.125	2046.25	0	2046.25
637.241	2035.75	0	2035.75
637.358	2038.75	0	2038.75
637.475	2013.25	0	2013.25
637.591	2043.5	0	2043.5
637.707	2059	0	2059
637.824	2026.75	0	2026.75
637.94	2027.25	0	2027.25
638.057	1977.5	0	1977.5
638.173	2038.25	0	2038.25
638.29	2150	0	2150
638.406	2116.25	0	2116.25
638.522	2002	0	2002
638.639	2029.75	0	2029.75
638.755	2011	0	2011
638.871	2049.5	0	2049.5
638.987	2073.5	0	2073.5
639.104	2068.5	0	2068.5
639.22	2043.25	0	2043.25
639.336	1995	0	1995
639.452	2051.75	0	2051.75
639.569	1990.25	0	1990.25
639.685	1982.25	0	1982.25
639.801	1941.5	0	1941.5
639.917	1952	0	1952
640.033	1952.75	0	1952.75
640.149	1972.5	0	1972.5
640.265	1919	0	1919
640.381	1897.25	0	1897.25
640.497	1956	0	1956
640.613	1945.25	0	1945.25
640.729	1920.25	0	1920.25
640.845	1920.5	0	1920.5
640.961	1927	0	1927
641.077	1915.5	0	1915.5
641.193	1951	0	1951
641.309	1882.5	0	1882.5
641.425	1896.25	0	1896.25
641.541	1895.5	0	1895.5
641.657	1890.25	0	1890.25
641.773	1942	0	1942
641.888	1873.25	0	1873.25
642.004	1890.5	0	1890.5
642.12	1826.75	0	1826.75
642.236	1858.5	0	1858.5
642.352	1886.5	0	1886.5
642.467	1886.5	0	1886.5
642.583	1869.25	0	1869.25
642.699	1906.75	0	1906.75
642.814	1873.75	0	1873.75
642.93	1837.25	0	1837.25
643.046	1917.25	0	1917.25
643.161	1858.5	0	1858.5
643.277	1848.75	0	1848.75
643.392	1866.25	0	1866.25
643.508	1832.5	0	1832.5
643.623	1825	0	1825
643.739	1838.25	0	1838.25
643.854	1883.25	0	1883.25
643.97	1853	0	1853
644.085	1833.25	0	1833.25
644.201	1872	0	1872
644.316	1890.5	0	1890.5
644.432	1839	0	1839
644.547	1773	0	1773
644.663	1770	0	1770
644.778	1795	0	1795
644.893	1872.75	0	1872.75
645.008	1955.5	0	1955.5
645.124	1928	0	1928
645.239	1823.5	0	1823.5
645.354	1827.5	0	1827.5
645.47	1851.75	0	1851.75
645.585	1881.25	0	1881.25
645.7	1865.5	0	1865.5
645.815	1811.25	0	1811.25
645.93	1842.75	0	1842.75
646.046	1839.75	0	1839.75
646.161	1862	0	1862
646.276	1903.75	0	1903.75
646.391	1870	0	1870
646.506	1866.75	0	1866.75
646.621	1800.75	0	1800.75
646.736	1826.5	0	1826.5
646.851	1799.25	0	1799.25
646.966	1853.5	0	1853.5
647.081	1831.75	0	1831.75
647.196	1826.25	0	1826.25
647.311	1947.75	0	1947.75
647.426	2198	0	2198
647.541	2120.25	0	2120.25
647.656	2022.75	0	2022.75
647.771	2155.5	0	2155.5
647.885	2218.75	0	2218.75
648	2130	0	2130
648.115	2052	0	2052
648.23	2014.75	0	2014.75
648.345	2027.25	0	2027.25
648.459	2138.25	0	2138.25
648.574	2174.5	0	2174.5
648.689	2200.5	0	2200.5
648.804	2159.75	0	2159.75
648.918	2129	0	2129
649.033	2036	0	2036
649.148	2043.75	0	2043.75
649.262	2177.25	0	2177.25
649.377	2491.25	0	2491.25
649.491	2203.5	0	2203.5
649.606	2007.5	0	2007.5
649.721	2035.75	0	2035.75
649.835	1953.5	0	1953.5
649.95	1940	0	1940
650.064	1960.75	0	1960.75
650.179	1913.75	0	1913.75
650.293	1917.25	0	1917.25
650.408	1943.25	0	1943.25
650.522	1890	0	1890
650.636	1969.25	0	1969.25
650.751	2108.75	0	2108.75
650.865	2005.5	0	2005.5
650.979	1928.5	0	1928.5
651.094	2071.5	0	2071.5
651.208	1992	0	1992
651.322	1985.25	0	1985.25
651.437	1952.25	0	1952.25
651.551	1891.25	0	1891.25
651.665	1870.75	0	1870.75
651.779	1862.5	0	1862.5
651.894	1901.5	0	1901.5
652.008	1923.5	0	1923.5
652.122	1921	0	1921
652.236	1922.25	0	1922.25
652.35	1937.75	0	1937.75
652.464	1896.25	0	1896.25
652.578	1917.75	0	1917.75
652.693	1909.5	0	1909.5
652.807	1908.5	0	1908.5
652.921	1915.25	0	1915.25
653.035	1915	0	1915
653.149	1893.75	0	1893.75
653.263	1894.25	0	1894.25
653.376	1872.25	0	1872.25
653.49	1923	0	1923
653.604	1891.5	0	1891.5
653.718	1942.25	0	1942.25
653.832	1887	0	1887
653.946	1875	0	1875
654.06	1872.5	0	1872.5
654.174	1933.25	0	1933.25
654.287	1882	0	1882
654.401	1941	0	1941
654.515	1925.5	0	1925.5
654.629	1946.25	0	1946.25
654.743	2031	0	2031
654.856	1998.5	0	1998.5
654.97	1991.5	0	1991.5
655.084	1984.25	0	1984.25
655.197	2010.5	0	2010.5
655.311	2061	0	2061
655.424	2156.25	0	2156.25
655.538	2171.25	0	2171.25
655.652	2093.5	0	2093.5
655.765	2135.75	0	2135.75
655.879	2169.5	0	2169.5
655.992	2252	0	2252
656.106	2226	0	2226
656.219	2294.75	0	2294.75
656.333	2337.75	0	2337.75
656.446	2378.25	0	2378.25
656.56	2472	0	2472
656.673	2563.5	0	2563.5
656.786	2513.75	0	2513.75
656.9	2525.25	0	2525.25
657.013	2471	0	2471
657.127	2453.5	0	2453.5
657.24	2423.75	0	2423.75
657.353	2358.75	0	2358.75
657.466	2301	0	2301
657.58	2228.5	0	2228.5
657.693	2200.75	0	2200.75
657.806	2155.25	0	2155.25
657.919	2160.75	0	2160.75
658.032	2109	0	2109
658.146	2135.25	0	2135.25
658.259	2213.25	0	2213.25
658.372	2147	0	2147
658.485	1980.25	0	1980.25
658.598	1994	0	1994
658.711	1923.5	0	1923.5
658.824	1906	0	1906
658.937	1940.5	0	1940.5
659.05	1906	0	1906
659.163	1914.5	0	1914.5
659.276	1933.25	0	1933.25
659.389	1930.5	0	1930.5
659.502	1916.25	0	1916.25
659.615	2016.5	0	2016.5
659.728	1955.25	0	1955.25
659.841	1975	0	1975
659.954	1938.25	0	1938.25
660.067	1890.5	0	1890.5
660.179	1949.75	0	1949.75
660.292	1896.5	0	1896.5
660.405	1902.5	0	1902.5
660.518	1897	0	1897
660.63	1925.75	0	1925.75
660.743	2031.25	0	2031.25
660.856	1939.75	0	1939.75
660.969	1928.75	0	1928.75
661.081	1904.5	0	1904.5
661.194	1984.25	0	1984.25
661.307	1970.5	0	1970.5
661.419	1933.25	0	1933.25
661.532	1911.25	0	1911.25
661.644	1899.25	0	1899.25
661.757	1873	0	1873
661.869	1870.25	0	1870.25
661.982	1828	0	1828
662.094	1753	0	1753
662.207	1751	0	1751
662.319	1698.5	0	1698.5
662.432	1726	0	1726
662.544	1686	0	1686
662.656	1646	0	1646
662.769	1638	0	1638
662.881	1618.75	0	1618.75
662.994	1621	0	1621
663.106	1627.5	0	1627.5
663.218	1513	0	1513
663.331	1557	0	1557
663.443	1538.75	0	1538.75
663.555	1590	0	1590
663.667	1556.25	0	1556.25
663.779	1523.5	0	1523.5
663.892	1550	0	1550
664.004	1555.75	0	1555.75
664.116	1512	0	1512
664.228	1496.5	0	1496.5
664.34	1494.75	0	1494.75
664.452	1510.5	0	1510.5
664.564	1527.75	0	1527.75
664.676	1513.5	0	1513.5
664.788	1524.25	0	1524.25
664.901	1481.75	0	1481.75
665.012	1542.75	0	1542.75
665.125	1477.25	0	1477.25
665.236	1474.75	0	1474.75
665.348	1496	0	1496
665.46	1492.75	0	1492.75
665.572	1410.25	0	1410.25
665.684	1414	0	1414
665.796	1399.75	0	1399.75
665.908	1440.5	0	1440.5
666.02	1445.75	0	1445.75
666.131	1441.5	0	1441.5
666.243	1405.5	0	1405.5
666.355	1439.75	0	1439.75
666.467	1428.25	0	1428.25
666.578	1448.25	0	1448.25
666.69	1436.25	0	1436.25
666.802	1419.75	0	1419.75
666.914	1458.25	0	1458.25
667.025	1356.5	0	1356.5
667.137	1379.5	0	1379.5
667.248	1379	0	1379
667.36	1406.75	0	1406.75
667.472	1394.5	0	1394.5
667.583	1383.75	0	1383.75
667.695	1355.75	0	1355.75
667.806	1376	0	1376
667.918	1385.25	0	1385.25
668.029	1383.25	0	1383.25
668.141	1497.75	0	1497.75
668.252	1524.75	0	1524.75
668.363	1457	0	1457
668.475	1378	0	1378
668.586	1336.5	0	1336.5
668.698	1331.75	0	1331.75
668.809	1308.75	0	1308.75
668.92	1321	0	1321
669.032	1309	0	1309
669.143	1344.25	0	1344.25
669.254	1376.25	0	1376.25
669.365	1330.75	0	1330.75
669.477	1276	0	1276
669.588	1286.5	0	1286.5
669.699	1312.5	0	1312.5
669.81	1258.5	0	1258.5
669.921	1291.75	0	1291.75
670.032	1311	0	1311
670.143	1310.75	0	1310.75
670.255	1264.25	0	1264.25
670.366	1297.25	0	1297.25
670.477	1275.25	0	1275.25
670.588	1254	0	1254
670.699	1263.25	0	1263.25
670.81	1239.5	0	1239.5
670.921	1274	0	1274
671.032	1247.5	0	1247.5
671.143	1247	0	1247
671.253	1275	0	1275
671.364	1263.25	0	1263.25
671.475	1290	0	1290
671.586	1290.25	0	1290.25
671.697	1270.5	0	1270.5
671.808	1273	0	1273
671.919	1257.5	0	1257.5
672.029	1278	0	1278
672.14	1257.5	0	1257.5
672.251	1263.25	0	1263.25
672.362	1288.5	0	1288.5
672.472	1229.25	0	1229.25
672.583	1243.5	0	1243.5
672.694	1247.25	0	1247.25
672.804	1255.5	0	1255.5
672.915	1265.25	0	1265.25
673.025	1302.5	0	1302.5
673.136	1282.75	0	1282.75
673.247	1239	0	1239
673.357	1229.75	0	1229.75
673.468	1209	0	1209
673.578	1199.25	0	1199.25
673.689	1226.75	0	1226.75
673.799	1213	0	1213
673.91	1185.75	0	1185.75
674.02	1206.5	0	1206.5
674.13	1192	0	1192
674.241	1181.75	0	1181.75
674.351	1222	0	1222
674.461	1223.25	0	1223.25
674.572	1215.25	0	1215.25
674.682	1188	0	1188
674.792	1201.25	0	1201.25
674.903	1192	0	1192
675.013	1232	0	1232
675.123	1198	0	1198
675.233	1204	0	1204
675.344	1206	0	1206
675.454	1196	0	1196
675.564	1194.5	0	1194.5
675.674	1268.5	0	1268.5
675.784	1246.5	0	1246.5
675.894	1201	0	1201
676.004	1192.5	0	1192.5
676.114	1187.75	0	1187.75
676.224	1169.75	0	1169.75
676.334	1186.25	0	1186.25
676.444	1149.5	0	1149.5
676.554	1166.75	0	1166.75
676.664	1257.75	0	1257.75
676.774	1185.25	0	1185.25
676.884	1128.5	0	1128.5
676.994	1125.25	0	1125.25
677.104	1165.75	0	1165.75
677.214	1162.75	0	1162.75
677.324	1349.5	0	1349.5
677.433	1238.75	0	1238.75
677.543	1127.5	0	1127.5
677.653	1149.75	0	1149.75
677.763	1156.75	0	1156.75
677.872	1122.75	0	1122.75
677.982	1105.25	0	1105.25
678.092	1107.25	0	1107.25
678.202	1132.25	0	1132.25
678.311	1088.25	0	1088.25
678.421	1098.75	0	1098.75
678.53	1127.5	0	1127.5
678.64	1103	0	1103
678.75	1085	0	1085
678.859	1139.5	0	1139.5
678.969	1118.75	0	1118.75
679.078	1259.25	0	1259.25
679.188	1241	0	1241
679.297	1101.5	0	1101.5
679.407	1110.25	0	1110.25
679.516	1151.25	0	1151.25
679.625	1084.5	0	1084.5
679.735	1058	0	1058
679.844	1062.75	0	1062.75
679.954	1036.5	0	1036.5
680.063	1047.5	0	1047.5
680.172	1031.75	0	1031.75
680.282	1042.5	0	1042.5
680.391	1022.25	0	1022.25
680.5	1033.25	0	1033.25
680.609	1037.25	0	1037.25
680.719	1011.75	0	1011.75
680.828	1033.25	0	1033.25
680.937	991	0	991
681.046	1020.5	0	1020.5
681.155	1025	0	1025
681.264	1002.75	0	1002.75
681.374	983	0	983
681.483	1014.5	0	1014.5
681.592	1018.25	0	1018.25
681.701	996.5	0	996.5
681.81	1008.75	0	1008.75
681.919	1011.5	0	1011.5
682.028	981.75	0	981.75
682.137	994.5	0	994.5
682.246	1028.25	0	1028.25
682.355	971.75	0	971.75
682.463	996.25	0	996.25
682.572	984.75	0	984.75
682.681	995.75	0	995.75
682.79	986	0	986
682.899	980.25	0	980.25
683.008	978	0	978
683.117	974.25	0	974.25
683.225	1028.75	0	1028.75
683.334	1081.5	0	1081.5
683.443	979.5	0	979.5
683.551	971.5	0	971.5
683.66	1008	0	1008
683.769	1034.25	0	1034.25
683.877	995.25	0	995.25
683.986	959.25	0	959.25
684.095	990.25	0	990.25
684.203	982.5	0	982.5
684.312	975	0	975
684.42	960.5	0	960.5
684.529	990.5	0	990.5
684.637	958	0	958
684.746	988.75	0	988.75
684.854	979	0	979
684.963	1015.25	0	1015.25
685.071	1135.75	0	1135.75
685.18	1166.5	0	1166.5
685.288	1032.25	0	1032.25
685.396	1032	0	1032
685.505	983.5	0	983.5
685.613	975.25	0	975.25
685.721	973.25	0	973.25
685.83	984	0	984
685.938	950.5	0	950.5
686.046	968.25	0	968.25
686.154	942	0	942
686.263	967	0	967
686.371	929.5	0	929.5
686.479	982.75	0	982.75
686.587	946	0	946
686.695	959.5	0	959.5
686.803	920	0	920
686.911	944.75	0	944.75
687.019	936.75	0	936.75
687.127	902.5	0	902.5
687.235	959.25	0	959.25
687.343	933.5	0	933.5
687.451	899.75	0	899.75
687.559	906.25	0	906.25
687.667	906.75	0	906.75
687.775	916	0	916
687.883	890.75	0	890.75
687.991	918.75	0	918.75
688.099	890.5	0	890.5
688.207	882.25	0	882.25
688.315	876	0	876
688.422	878.75	0	878.75
688.53	891.75	0	891.75
688.638	904.25	0	904.25
688.746	880	0	880
688.853	912	0	912
688.961	894.75	0	894.75
689.069	911.75	0	911.75
689.176	977	0	977
689.284	1063	0	1063
689.392	906.5	0	906.5
689.499	891.25	0	891.25
689.607	846.25	0	846.25
689.714	878.5	0	878.5
689.822	850.5	0	850.5
689.93	845.75	0	845.75
690.037	866.5	0	866.5
690.144	847	0	847
690.252	865.25	0	865.25
690.359	886.75	0	886.75
690.467	889.25	0	889.25
690.574	871.25	0	871.25
690.682	885	0	885
690.789	834.5	0	834.5
690.896	903.25	0	903.25
691.004	865.5	0	865.5
691.111	866	0	866
691.218	856	0	856
691.325	845.25	0	845.25
691.433	870	0	870
691.54	848.75	0	848.75
691.647	838	0	838
691.754	828.5	0	828.5
691.861	869.5	0	869.5
691.969	851.5	0	851.5
692.076	846.75	0	846.75
692.183	826	0	826
692.29	851.25	0	851.25
692.397	841.75	0	841.75
692.504	813.25	0	813.25
692.611	832.25	0	832.25
692.718	840.5	0	840.5
692.825	839.5	0	839.5
692.932	829.75	0	829.75
693.039	826	0	826
693.146	823	0	823
693.253	829.75	0	829.75
693.359	805.25	0	805.25
693.466	817.25	0	817.25
693.573	831.5	0	831.5
693.68	866	0	866
693.787	829.75	0	829.75
693.894	843	0	843
694	820.5	0	820.5
694.107	821.25	0	821.25
694.214	830.5	0	830.5
694.32	800.25	0	800.25
694.427	803.5	0	803.5
694.534	793.25	0	793.25
694.64	829	0	829
694.747	790.75	0	790.75
694.853	799.5	0	799.5
694.96	797.75	0	797.75
695.067	798.5	0	798.5
695.173	796	0	796
695.28	863.25	0	863.25
695.386	838.25	0	838.25
695.493	796.25	0	796.25
695.599	821.75	0	821.75
695.705	849.5	0	849.5
695.812	1015.5	0	1015.5
695.918	846.5	0	846.5
696.025	789.5	0	789.5
696.131	784.25	0	784.25
696.237	794.25	0	794.25
696.344	798.25	0	798.25
696.45	781.25	0	781.25
696.556	786.25	0	786.25
696.662	784	0	784
696.768	775	0	775
696.875	784	0	784
696.981	825.5	0	825.5
697.087	893.5	0	893.5
697.193	785	0	785
697.299	788	0	788
697.405	765.5	0	765.5
697.512	793.25	0	793.25
697.618	773.25	0	773.25
697.724	761	0	761
697.83	765.5	0	765.5
697.936	787.25	0	787.25
698.042	756	0	756
698.148	783	0	783
698.253	753.5	0	753.5
698.359	775.75	0	775.75
698.465	759	0	759
698.571	756	0	756
698.677	757	0	757
698.783	757.75	0	757.75
698.889	773.75	0	773.75
698.994	756.5	0	756.5
699.1	731.5	0	731.5
699.206	776.5	0	776.5
699.312	769.25	0	769.25
699.417	824.25	0	824.25
699.523	955.75	0	955.75
699.629	772.25	0	772.25
699.734	790.75	0	790.75
699.84	861.5	0	861.5
699.946	802.5	0	802.5
700.051	741.25	0	741.25
700.157	765	0	765
700.262	763.75	0	763.75
700.368	723.75	0	723.75
700.473	749.25	0	749.25
700.579	732	0	732
700.684	720	0	720
700.79	729.75	0	729.75
700.895	751.25	0	751.25
701	757	0	757
701.106	726	0	726
701.211	733	0	733
701.316	725.25	0	725.25
701.422	710.5	0	710.5
701.527	712.5	0	712.5
701.632	714	0	714
701.738	688	0	688
701.843	722.5	0	722.5
701.948	726.75	0	726.75
702.053	697.25	0	697.25
702.158	706.5	0	706.5
702.264	713	0	713
702.369	688.25	0	688.25
702.474	699.25	0	699.25
702.579	716.5	0	716.5
702.684	698.25	0	698.25
702.789	707.5	0	707.5
702.894	718	0	718
702.999	728	0	728
703.104	793.25	0	793.25
703.209	836.5	0	836.5
703.314	720.75	0	720.75
703.419	687	0	687
703.524	707.5	0	707.5
703.629	700.5	0	700.5
703.733	705.25	0	705.25
703.838	724.25	0	724.25
703.943	729.5	0	729.5
704.048	694.25	0	694.25
704.153	700.75	0	700.75
704.257	692	0	692
704.362	733.5	0	733.5
704.467	720.75	0	720.75
704.572	674	0	674
704.676	698.75	0	698.75
704.781	692	0	692
704.886	691.25	0	691.25
704.99	690.75	0	690.75
705.095	689	0	689
705.199	692.25	0	692.25
705.304	687.5	0	687.5
705.408	687	0	687
705.513	672.25	0	672.25
705.617	655	0	655
705.722	682.5	0	682.5
705.826	680.75	0	680.75
705.931	685.5	0	685.5
706.035	698.5	0	698.5
706.139	733	0	733
706.244	729.75	0	729.75
706.348	692.75	0	692.75
706.452	677.25	0	677.25
706.557	699.25	0	699.25
706.661	660	0	660
706.765	665.75	0	665.75
706.87	660.75	0	660.75
706.974	660.5	0	660.5
707.078	673	0	673
707.182	689.5	0	689.5
707.286	647.75	0	647.75
707.39	682.75	0	682.75
707.495	686.75	0	686.75
707.599	660.5	0	660.5
707.703	640.75	0	640.75
707.807	663.75	0	663.75
707.911	665.25	0	665.25
708.015	665.25	0	665.25
708.119	675.25	0	675.25
708.223	671.25	0	671.25
708.327	658.75	0	658.75
708.431	655	0	655
708.534	683.5	0	683.5
708.638	651.5	0	651.5
708.742	680.5	0	680.5
708.846	652.25	0	652.25
708.95	683	0	683
709.054	698.25	0	698.25
709.157	845.25	0	845.25
709.261	700.25	0	700.25
709.365	692	0	692
709.469	668.5	0	668.5
709.572	676.5	0	676.5
709.676	667	0	667
709.78	710.5	0	710.5
709.883	754.5	0	754.5
709.987	777.75	0	777.75
710.09	817.75	0	817.75
710.194	1294	0	1294
710.298	880.25	0	880.25
710.401	702.25	0	702.25
710.505	695.75	0	695.75
710.608	773.25	0	773.25
710.711	1172.5	0	1172.5
710.815	1085	0	1085
710.918	729.5	0	729.5
711.022	649.25	0	649.25
711.125	658	0	658
711.228	657.25	0	657.25
711.332	653	0	653
711.435	687.75	0	687.75
711.538	762.5	0	762.5
711.642	827.5	0	827.5
711.745	780	0	780
711.848	656	0	656
711.951	643.75	0	643.75
712.055	634.75	0	634.75
712.158	639.75	0	639.75
712.261	622	0	622
712.364	637.5	0	637.5
712.467	646.25	0	646.25
712.57	639.25	0	639.25
712.673	674.25	0	674.25
712.776	668	0	668
712.879	623.75	0	623.75
712.982	616	0	616
713.085	609	0	609
713.188	629	0	629
713.291	624	0	624
713.394	618.75	0	618.75
713.497	644	0	644
713.6	621.5	0	621.5
713.703	621	0	621
713.805	621	0	621
713.908	616.25	0	616.25
714.011	609	0	609
714.114	614.25	0	614.25
714.216	630.5	0	630.5
714.319	612	0	612
714.422	644	0	644
714.525	626	0	626
714.627	628.5	0	628.5
714.73	633.25	0	633.25
714.833	628.5	0	628.5
714.935	657	0	657
715.038	622.5	0	622.5
715.14	646.25	0	646.25
715.243	628.5	0	628.5
715.345	639.75	0	639.75
715.448	623	0	623
715.55	624.75	0	624.75
715.653	655	0	655
715.755	662.75	0	662.75
715.857	654.25	0	654.25
715.96	662	0	662
716.062	696.75	0	696.75
716.164	721	0	721
716.267	701.75	0	701.75
716.369	699.5	0	699.5
716.471	714	0	714
716.574	700.75	0	700.75
716.676	687.5	0	687.5
716.778	673.25	0	673.25
716.88	655.25	0	655.25
716.982	672.5	0	672.5
717.085	681.25	0	681.25
717.187	721.25	0	721.25
717.289	1151	0	1151
717.391	1279	0	1279
717.493	689.25	0	689.25
717.595	622.5	0	622.5
717.697	629.5	0	629.5
717.799	605.5	0	605.5
717.901	625	0	625
718.003	611	0	611
718.105	594.25	0	594.25
718.207	618.75	0	618.75
718.309	616.75	0	616.75
718.411	603.5	0	603.5
718.512	616	0	616
718.614	586.5	0	586.5
718.716	585.75	0	585.75
718.818	593.75	0	593.75
718.92	580.75	0	580.75
719.021	569.5	0	569.5
719.123	590.25	0	590.25
719.225	579.75	0	579.75
719.326	577.75	0	577.75
719.428	570.75	0	570.75
719.53	580.25	0	580.25
719.631	561.5	0	561.5
719.733	571.75	0	571.75
719.834	583.25	0	583.25
719.936	591.25	0	591.25
720.038	555	0	555
720.139	575.25	0	575.25
720.241	571.25	0	571.25
720.342	562	0	562
720.443	570	0	570
720.545	615	0	615
720.646	649	0	649
720.748	582	0	582
720.849	556.5	0	556.5
720.95	556.5	0	556.5
721.052	571	0	571
721.153	565.5	0	565.5
721.254	561.5	0	561.5
721.355	571.25	0	571.25
721.457	585.75	0	585.75
721.558	555.5	0	555.5
721.659	590.25	0	590.25
721.76	564.25	0	564.25
721.861	555.5	0	555.5
721.963	558.75	0	558.75
722.064	555.75	0	555.75
722.165	549	0	549
722.266	553	0	553
722.367	571.75	0	571.75
722.468	557.75	0	557.75
722.569	552.75	0	552.75
722.67	547.5	0	547.5
722.771	553.5	0	553.5
722.872	570.75	0	570.75
722.973	544.75	0	544.75
723.073	548.25	0	548.25
723.174	553.25	0	553.25
723.275	551.75	0	551.75
723.376	563.75	0	563.75
723.477	545.75	0	545.75
723.577	560.5	0	560.5
723.678	578.5	0	578.5
723.779	534.75	0	534.75
723.88	539.75	0	539.75
723.98	539.25	0	539.25
724.081	548.75	0	548.75
724.182	534.25	0	534.25
724.282	552.25	0	552.25
724.383	538.25	0	538.25
724.483	543	0	543
724.584	536.75	0	536.75
724.685	522	0	522
724.785	562	0	562
724.886	536.5	0	536.5
724.986	538.5	0	538.5
725.086	518.75	0	518.75
725.187	534.5	0	534.5
725.287	539	0	539
725.388	543.25	0	543.25
725.488	514.75	0	514.75
725.588	547.25	0	547.25
725.689	523.25	0	523.25
725.789	527.5	0	527.5
725.889	527.5	0	527.5
725.99	532.75	0	532.75
726.09	550.5	0	550.5
726.19	526	0	526
726.29	539.75	0	539.75
726.39	530.25	0	530.25
726.49	537.75	0	537.75
726.591	536.25	0	536.25
726.691	533.5	0	533.5
726.791	532.25	0	532.25
726.891	566.5	0	566.5
726.991	548.75	0	548.75
727.091	522.5	0	522.5
727.191	530.25	0	530.25
727.291	505	0	505
727.391	512.75	0	512.75
727.491	513.25	0	513.25
727.591	517.25	0	517.25
727.691	511.5	0	511.5
727.79	498.5	0	498.5
727.89	512.75	0	512.75
727.99	521.5	0	521.5
728.09	511	0	511
728.19	502.25	0	502.25
728.289	517.75	0	517.75
728.389	512.25	0	512.25
728.489	531.75	0	531.75
728.589	506	0	506
728.688	501	0	501
728.788	518.25	0	518.25
728.888	511	0	511
728.987	491.25	0	491.25
729.087	489	0	489
729.186	506.5	0	506.5
729.286	488	0	488
729.385	510	0	510
729.485	510	0	510
729.584	521.5	0	521.5
729.684	498.75	0	498.75
729.783	511.5	0	511.5
729.883	525.5	0	525.5
729.982	506	0	506
730.081	504.25	0	504.25
730.181	504.75	0	504.75
730.28	510.25	0	510.25
730.379	522.25	0	522.25
730.479	538.5	0	538.5
730.578	508.5	0	508.5
730.677	502.25	0	502.25
730.776	497	0	497
730.875	531.5	0	531.5
730.975	499.25	0	499.25
731.074	539.75	0	539.75
731.173	505.5	0	505.5
731.272	506.5	0	506.5
731.371	496.25	0	496.25
731.47	517.5	0	517.5
731.569	514.75	0	514.75
731.668	507.25	0	507.25
731.767	533.25	0	533.25
731.866	527	0	527
731.965	496.25	0	496.25
732.064	512.75	0	512.75
732.163	539	0	539
732.262	618	0	618
732.361	507.5	0	507.5
732.46	494.5	0	494.5
732.558	477.75	0	477.75
732.657	486.5	0	486.5
732.756	513	0	513
732.855	497.75	0	497.75
732.953	485.25	0	485.25
733.052	492.75	0	492.75
733.151	498.75	0	498.75
733.25	494	0	494
733.348	488.75	0	488.75
733.447	479	0	479
733.545	483.25	0	483.25
733.644	488.75	0	488.75
733.742	477.5	0	477.5
733.841	481.75	0	481.75
733.939	487	0	487
734.038	559	0	559
734.136	499.75	0	499.75
734.235	478.25	0	478.25
734.333	475.75	0	475.75
734.432	475.5	0	475.5
734.53	489.5	0	489.5
734.628	489.25	0	489.25
734.727	476	0	476
734.825	548.75	0	548.75
734.923	523.25	0	523.25
735.022	481.75	0	481.75
735.12	480	0	480
735.218	482	0	482
735.316	487.75	0	487.75
735.414	481.5	0	481.5
735.513	484.75	0	484.75
735.611	483	0	483
735.709	472.5	0	472.5
735.807	485.75	0	485.75
735.905	468.25	0	468.25
736.003	482.25	0	482.25
736.101	467	0	467
736.199	471.25	0	471.25
736.297	487.75	0	487.75
736.395	490.5	0	490.5
736.493	495	0	495
736.591	475.5	0	475.5
736.689	453	0	453
736.787	481.25	0	481.25
736.884	469.25	0	469.25
736.982	453.5	0	453.5
737.08	470.75	0	470.75
737.178	464	0	464
737.276	467	0	467
737.373	452.5	0	452.5
737.471	486.75	0	486.75
737.569	469.25	0	469.25
737.667	480	0	480
737.764	475	0	475
737.862	470.75	0	470.75
737.959	457.75	0	457.75
738.057	455.5	0	455.5
738.154	449	0	449
738.252	466	0	466
738.35	458.75	0	458.75
738.447	468.25	0	468.25
738.544	462.25	0	462.25
738.642	479.5	0	479.5
738.739	494.5	0	494.5
738.837	502.25	0	502.25
738.934	497.5	0	497.5
739.031	495	0	495
739.129	469.25	0	469.25
739.226	476.25	0	476.25
739.323	469.5	0	469.5
739.421	471.25	0	471.25
739.518	478.5	0	478.5
739.615	468	0	468