Lambda	Spectrum	Dark	SpecMinusDark
268.175	54.75	0	54.75
268.319	43.75	0	43.75
268.463	54	0	54
268.607	48.75	0	48.75
268.751	51	0	51
268.895	56.5	0	56.5
269.039	56.25	0	56.25
269.183	53.25	0	53.25
269.327	50.75	0	50.75
269.47	58.75	0	58.75
269.614	59	0	59
269.758	68.25	0	68.25
269.902	59	0	59
270.046	57.5	0	57.5
270.19	60.75	0	60.75
270.334	66.75	0	66.75
270.477	53	0	53
270.621	68.75	0	68.75
270.765	72	0	72
270.909	65	0	65
271.053	65.25	0	65.25
271.196	77.75	0	77.75
271.34	76.25	0	76.25
271.484	70.25	0	70.25
271.628	89.75	0	89.75
271.771	98.75	0	98.75
271.915	120.25	0	120.25
272.059	133.75	0	133.75
272.202	130	0	130
272.346	97	0	97
272.49	94.25	0	94.25
272.634	79.25	0	79.25
272.777	76.75	0	76.75
272.921	68.25	0	68.25
273.064	79.25	0	79.25
273.208	86.75	0	86.75
273.352	76	0	76
273.495	68.5	0	68.5
273.639	81.5	0	81.5
273.783	77.75	0	77.75
273.926	70.25	0	70.25
274.07	77.25	0	77.25
274.213	82	0	82
274.357	86.5	0	86.5
274.5	81.25	0	81.25
274.644	77.75	0	77.75
274.787	86.5	0	86.5
274.931	92.25	0	92.25
275.074	83.5	0	83.5
275.218	84.75	0	84.75
275.361	72.25	0	72.25
275.505	83.5	0	83.5
275.648	86	0	86
275.792	84	0	84
275.935	88.75	0	88.75
276.079	83.75	0	83.75
276.222	80.5	0	80.5
276.366	100.75	0	100.75
276.509	101.75	0	101.75
276.652	110	0	110
276.796	97.75	0	97.75
276.939	104.5	0	104.5
277.082	98.75	0	98.75
277.226	96.5	0	96.5
277.369	91.25	0	91.25
277.513	92	0	92
277.656	82.5	0	82.5
277.799	80.5	0	80.5
277.942	95	0	95
278.086	87.75	0	87.75
278.229	93.75	0	93.75
278.372	98	0	98
278.516	83.5	0	83.5
278.659	101.25	0	101.25
278.802	80.25	0	80.25
278.945	106.5	0	106.5
279.089	91.25	0	91.25
279.232	84.5	0	84.5
279.375	105.5	0	105.5
279.518	95.75	0	95.75
279.661	112.5	0	112.5
279.805	93.75	0	93.75
279.948	95.5	0	95.5
280.091	102.5	0	102.5
280.234	86.75	0	86.75
280.377	104.5	0	104.5
280.52	102.75	0	102.75
280.663	109	0	109
280.806	105	0	105
280.95	102	0	102
281.093	100	0	100
281.236	102	0	102
281.379	114.25	0	114.25
281.522	105.25	0	105.25
281.665	105.75	0	105.75
281.808	110.25	0	110.25
281.951	123.25	0	123.25
282.094	164.25	0	164.25
282.237	215.5	0	215.5
282.38	220	0	220
282.523	197	0	197
282.666	158.25	0	158.25
282.809	131	0	131
282.952	115	0	115
283.095	118.75	0	118.75
283.238	112.25	0	112.25
283.381	111.5	0	111.5
283.523	104.25	0	104.25
283.666	120.25	0	120.25
283.809	114	0	114
283.952	105.5	0	105.5
284.095	115	0	115
284.238	115	0	115
284.381	107.25	0	107.25
284.524	118.25	0	118.25
284.666	121	0	121
284.809	106.75	0	106.75
284.952	107.75	0	107.75
285.095	121.5	0	121.5
285.238	119.25	0	119.25
285.38	118.25	0	118.25
285.523	114.5	0	114.5
285.666	116.75	0	116.75
285.809	121.5	0	121.5
285.951	129	0	129
286.094	115.25	0	115.25
286.237	107	0	107
286.38	108	0	108
286.522	112.5	0	112.5
286.665	116.25	0	116.25
286.808	122.5	0	122.5
286.95	120.75	0	120.75
287.093	136.25	0	136.25
287.236	112.5	0	112.5
287.378	130	0	130
287.521	109.5	0	109.5
287.663	124.25	0	124.25
287.806	127.25	0	127.25
287.949	141	0	141
288.091	123.25	0	123.25
288.234	122.5	0	122.5
288.376	120.25	0	120.25
288.519	135	0	135
288.661	125.25	0	125.25
288.804	140	0	140
288.946	115	0	115
289.089	136.5	0	136.5
289.231	132.25	0	132.25
289.374	138.5	0	138.5
289.516	123.25	0	123.25
289.659	134.25	0	134.25
289.801	123	0	123
289.944	134.5	0	134.5
290.086	142	0	142
290.229	125.5	0	125.5
290.371	133.25	0	133.25
290.513	140.25	0	140.25
290.656	142	0	142
290.798	140.75	0	140.75
290.941	132	0	132
291.083	144.5	0	144.5
291.225	135.75	0	135.75
291.368	128.25	0	128.25
291.51	149	0	149
291.652	147.75	0	147.75
291.795	147.5	0	147.5
291.937	139.75	0	139.75
292.079	130.25	0	130.25
292.221	163.25	0	163.25
292.364	154	0	154
292.506	136.5	0	136.5
292.648	164.5	0	164.5
292.79	161.5	0	161.5
292.933	176.75	0	176.75
293.075	147.25	0	147.25
293.217	156.5	0	156.5
293.359	173.5	0	173.5
293.502	162.5	0	162.5
293.644	184.25	0	184.25
293.786	166.75	0	166.75
293.928	173	0	173
294.07	167.5	0	167.5
294.212	156.5	0	156.5
294.354	165.75	0	165.75
294.497	161.25	0	161.25
294.639	160.75	0	160.75
294.781	143.5	0	143.5
294.923	160	0	160
295.065	164.75	0	164.75
295.207	152.25	0	152.25
295.349	155.75	0	155.75
295.491	173	0	173
295.633	160.25	0	160.25
295.775	168	0	168
295.917	174.5	0	174.5
296.059	161	0	161
296.201	159.75	0	159.75
296.343	168.25	0	168.25
296.485	171.75	0	171.75
296.627	157	0	157
296.769	171.75	0	171.75
296.911	164	0	164
297.053	174.5	0	174.5
297.195	170	0	170
297.337	167.75	0	167.75
297.478	177.5	0	177.5
297.62	178.75	0	178.75
297.762	165	0	165
297.904	179.75	0	179.75
298.046	169.5	0	169.5
298.188	184.5	0	184.5
298.33	173.5	0	173.5
298.471	178.75	0	178.75
298.613	172	0	172
298.755	172.5	0	172.5
298.897	171	0	171
299.038	164.5	0	164.5
299.18	198.5	0	198.5
299.322	174.75	0	174.75
299.464	181.5	0	181.5
299.605	184.75	0	184.75
299.747	184	0	184
299.889	174	0	174
300.031	188	0	188
300.172	177.5	0	177.5
300.314	185	0	185
300.456	185.75	0	185.75
300.597	180.25	0	180.25
300.739	197.75	0	197.75
300.881	183	0	183
301.022	191.25	0	191.25
301.164	196.5	0	196.5
301.305	202.5	0	202.5
301.447	204.5	0	204.5
301.589	225.25	0	225.25
301.73	201.75	0	201.75
301.872	202	0	202
302.013	202	0	202
302.155	197.5	0	197.5
302.296	184.25	0	184.25
302.438	200.75	0	200.75
302.579	199.25	0	199.25
302.721	202.25	0	202.25
302.862	197	0	197
303.004	208.5	0	208.5
303.145	200	0	200
303.287	233.5	0	233.5
303.428	199.25	0	199.25
303.569	214.75	0	214.75
303.711	233.5	0	233.5
303.852	221.75	0	221.75
303.994	235	0	235
304.135	228.5	0	228.5
304.276	238.5	0	238.5
304.418	211.5	0	211.5
304.559	207	0	207
304.7	221.75	0	221.75
304.842	232	0	232
304.983	231.5	0	231.5
305.124	232.5	0	232.5
305.266	249.75	0	249.75
305.407	235	0	235
305.548	235.75	0	235.75
305.69	240.5	0	240.5
305.831	246.5	0	246.5
305.972	234	0	234
306.113	252.25	0	252.25
306.254	241.5	0	241.5
306.396	253.5	0	253.5
306.537	243.5	0	243.5
306.678	235.75	0	235.75
306.819	261.25	0	261.25
306.96	248	0	248
307.102	258	0	258
307.243	243	0	243
307.384	262.5	0	262.5
307.525	258.5	0	258.5
307.666	282.75	0	282.75
307.807	260.25	0	260.25
307.948	273.75	0	273.75
308.089	284.5	0	284.5
308.23	296.5	0	296.5
308.371	281.75	0	281.75
308.513	276.75	0	276.75
308.654	288.25	0	288.25
308.795	288.5	0	288.5
308.936	288.5	0	288.5
309.077	307	0	307
309.218	323.75	0	323.75
309.359	309.25	0	309.25
309.499	309.5	0	309.5
309.64	312	0	312
309.781	324.25	0	324.25
309.922	327.5	0	327.5
310.063	355.5	0	355.5
310.204	320	0	320
310.345	331.75	0	331.75
310.486	303.75	0	303.75
310.627	330.5	0	330.5
310.768	306.5	0	306.5
310.909	316.75	0	316.75
311.049	310	0	310
311.19	337.75	0	337.75
311.331	320	0	320
311.472	322.5	0	322.5
311.613	336	0	336
311.753	337.75	0	337.75
311.894	341.5	0	341.5
312.035	353.75	0	353.75
312.176	364.5	0	364.5
312.316	350.25	0	350.25
312.457	361.5	0	361.5
312.598	371.5	0	371.5
312.739	411	0	411
312.879	437.5	0	437.5
313.02	432.25	0	432.25
313.161	379.5	0	379.5
313.301	359.5	0	359.5
313.442	383.25	0	383.25
313.583	388	0	388
313.723	377.5	0	377.5
313.864	420.5	0	420.5
314.005	385.5	0	385.5
314.145	404.75	0	404.75
314.286	398.25	0	398.25
314.426	397	0	397
314.567	439.5	0	439.5
314.707	426	0	426
314.848	411.75	0	411.75
314.989	457.25	0	457.25
315.129	452.75	0	452.75
315.27	472.5	0	472.5
315.41	448.75	0	448.75
315.551	463.5	0	463.5
315.691	468	0	468
315.831	486.5	0	486.5
315.972	492	0	492
316.112	486.5	0	486.5
316.253	496.5	0	496.5
316.393	474.25	0	474.25
316.534	520.5	0	520.5
316.674	510.75	0	510.75
316.814	564	0	564
316.955	540	0	540
317.095	558.5	0	558.5
317.236	566	0	566
317.376	571.75	0	571.75
317.516	527.75	0	527.75
317.656	559.75	0	559.75
317.797	556.5	0	556.5
317.937	601.75	0	601.75
318.077	623.5	0	623.5
318.218	631.75	0	631.75
318.358	623.5	0	623.5
318.498	640	0	640
318.638	609.5	0	609.5
318.779	672.5	0	672.5
318.919	649.5	0	649.5
319.059	654.5	0	654.5
319.199	673.75	0	673.75
319.34	707	0	707
319.48	711	0	711
319.62	725	0	725
319.76	711	0	711
319.9	739.75	0	739.75
320.04	714.75	0	714.75
320.18	736.75	0	736.75
320.32	744.25	0	744.25
320.461	792.75	0	792.75
320.601	797	0	797
320.741	791.75	0	791.75
320.881	834.5	0	834.5
321.021	830.5	0	830.5
321.161	859.5	0	859.5
321.301	885.25	0	885.25
321.441	922.5	0	922.5
321.581	965.5	0	965.5
321.721	960.5	0	960.5
321.861	959	0	959
322.001	1015.75	0	1015.75
322.141	1024	0	1024
322.281	1057	0	1057
322.421	1058.5	0	1058.5
322.561	1106.75	0	1106.75
322.7	1139.25	0	1139.25
322.84	1164.25	0	1164.25
322.98	1152.75	0	1152.75
323.12	1189.5	0	1189.5
323.26	1237.75	0	1237.75
323.4	1315.25	0	1315.25
323.54	1305.5	0	1305.5
323.68	1341	0	1341
323.819	1408	0	1408
323.959	1478.5	0	1478.5
324.099	1539.5	0	1539.5
324.239	1517.5	0	1517.5
324.379	1690.75	0	1690.75
324.518	1778.25	0	1778.25
324.658	1936	0	1936
324.798	1863	0	1863
324.937	1931.5	0	1931.5
325.077	1961	0	1961
325.217	2066.5	0	2066.5
325.357	2199.25	0	2199.25
325.496	2273.75	0	2273.75
325.636	2458.5	0	2458.5
325.776	2583.25	0	2583.25
325.915	2843.5	0	2843.5
326.055	2948.5	0	2948.5
326.195	3256	0	3256
326.334	3406	0	3406
326.474	3607.25	0	3607.25
326.613	3930	0	3930
326.753	4167	0	4167
326.892	4407.75	0	4407.75
327.032	4844.25	0	4844.25
327.172	5232.5	0	5232.5
327.311	5474.75	0	5474.75
327.451	5935.25	0	5935.25
327.59	6162.5	0	6162.5
327.73	5492.5	0	5492.5
327.869	4256	0	4256
328.009	4273.25	0	4273.25
328.148	5751.25	0	5751.25
328.288	6305.5	0	6305.5
328.427	6142.5	0	6142.5
328.566	5947.75	0	5947.75
328.706	5649.25	0	5649.25
328.845	5276.5	0	5276.5
328.985	5083.5	0	5083.5
329.124	4880	0	4880
329.263	4566.5	0	4566.5
329.403	4197.5	0	4197.5
329.542	3984.5	0	3984.5
329.681	3638	0	3638
329.821	3485.25	0	3485.25
329.96	3348	0	3348
330.099	3239	0	3239
330.239	3208.5	0	3208.5
330.378	3392.75	0	3392.75
330.517	3538.5	0	3538.5
330.656	3433.25	0	3433.25
330.796	3201.75	0	3201.75
330.935	2995.5	0	2995.5
331.074	2808.75	0	2808.75
331.213	2713.5	0	2713.5
331.352	2569.5	0	2569.5
331.492	2590	0	2590
331.631	2364	0	2364
331.77	2306.5	0	2306.5
331.909	2269	0	2269
332.048	2142.5	0	2142.5
332.187	2097.75	0	2097.75
332.327	2069.25	0	2069.25
332.466	2020	0	2020
332.605	1916.75	0	1916.75
332.744	1959.5	0	1959.5
332.883	1860.5	0	1860.5
333.022	1844.5	0	1844.5
333.161	1796.25	0	1796.25
333.3	1769.25	0	1769.25
333.439	1784.5	0	1784.5
333.578	1714.5	0	1714.5
333.717	1715.5	0	1715.5
333.856	1691.5	0	1691.5
333.995	1691.25	0	1691.25
334.134	1731	0	1731
334.273	1677.5	0	1677.5
334.412	1726	0	1726
334.551	1724	0	1724
334.69	1671.5	0	1671.5
334.828	1712.25	0	1712.25
334.967	1701	0	1701
335.106	1730.75	0	1730.75
335.245	1795.25	0	1795.25
335.384	1762	0	1762
335.523	1829.5	0	1829.5
335.662	1916.75	0	1916.75
335.8	1986.25	0	1986.25
335.939	2153.75	0	2153.75
336.078	2234.75	0	2234.75
336.217	2367.5	0	2367.5
336.356	2499.75	0	2499.75
336.494	2644.25	0	2644.25
336.633	2881.25	0	2881.25
336.772	3034	0	3034
336.911	3298	0	3298
337.049	3656.5	0	3656.5
337.188	3997.5	0	3997.5
337.327	4354.25	0	4354.25
337.465	5047.75	0	5047.75
337.604	5827.25	0	5827.25
337.743	6742	0	6742
337.881	7254	0	7254
338.02	7129	0	7129
338.158	6127	0	6127
338.297	7053.5	0	7053.5
338.436	7642.25	0	7642.25
338.574	7275.75	0	7275.75
338.713	6716.25	0	6716.25
338.851	6260.25	0	6260.25
338.99	5978	0	5978
339.128	5378.5	0	5378.5
339.267	4999	0	4999
339.405	4778.5	0	4778.5
339.544	4540.25	0	4540.25
339.682	4188.75	0	4188.75
339.821	4001	0	4001
339.959	3812.75	0	3812.75
340.098	3528	0	3528
340.236	3402.5	0	3402.5
340.375	3227	0	3227
340.513	3173.25	0	3173.25
340.651	3032.5	0	3032.5
340.79	2988.75	0	2988.75
340.928	2928	0	2928
341.067	2867.75	0	2867.75
341.205	2854.25	0	2854.25
341.343	2789.5	0	2789.5
341.482	2781	0	2781
341.62	2724.75	0	2724.75
341.758	2537.5	0	2537.5
341.897	2471.5	0	2471.5
342.035	2351	0	2351
342.173	2202.25	0	2202.25
342.311	2141.5	0	2141.5
342.45	1973.5	0	1973.5
342.588	1911.5	0	1911.5
342.726	1885.75	0	1885.75
342.864	1746.75	0	1746.75
343.002	1749	0	1749
343.141	1661	0	1661
343.279	1631.5	0	1631.5
343.417	1645	0	1645
343.555	1600.25	0	1600.25
343.693	1595.25	0	1595.25
343.831	1582.75	0	1582.75
343.969	1516.5	0	1516.5
344.108	1467.25	0	1467.25
344.246	1493.25	0	1493.25
344.384	1444.5	0	1444.5
344.522	1432	0	1432
344.66	1362	0	1362
344.798	1397.25	0	1397.25
344.936	1393.5	0	1393.5
345.074	1331	0	1331
345.212	1329.75	0	1329.75
345.35	1303.25	0	1303.25
345.488	1290.5	0	1290.5
345.626	1277	0	1277
345.764	1266.25	0	1266.25
345.902	1315	0	1315
346.04	1236.5	0	1236.5
346.178	1276	0	1276
346.315	1244.75	0	1244.75
346.453	1243.25	0	1243.25
346.591	1268.25	0	1268.25
346.729	1216.5	0	1216.5
346.867	1287.75	0	1287.75
347.005	1275	0	1275
347.143	1211.5	0	1211.5
347.28	1186.25	0	1186.25
347.418	1195	0	1195
347.556	1192.5	0	1192.5
347.694	1204.75	0	1204.75
347.832	1157.5	0	1157.5
347.969	1220.5	0	1220.5
348.107	1151.25	0	1151.25
348.245	1137	0	1137
348.382	1167.5	0	1167.5
348.52	1152.5	0	1152.5
348.658	1171	0	1171
348.796	1202.5	0	1202.5
348.933	1173.75	0	1173.75
349.071	1190.5	0	1190.5
349.209	1186.5	0	1186.5
349.346	1171.75	0	1171.75
349.484	1141.5	0	1141.5
349.621	1183.25	0	1183.25
349.759	1192.5	0	1192.5
349.897	1268	0	1268
350.034	1389.5	0	1389.5
350.172	1353	0	1353
350.309	1229.25	0	1229.25
350.447	1208	0	1208
350.584	1193.25	0	1193.25
350.722	1169	0	1169
350.859	1186.75	0	1186.75
350.997	1168	0	1168
351.134	1130.25	0	1130.25
351.272	1138.5	0	1138.5
351.409	1153.25	0	1153.25
351.547	1138.25	0	1138.25
351.684	1138.25	0	1138.25
351.822	1149	0	1149
351.959	1134	0	1134
352.096	1138.5	0	1138.5
352.234	1122.25	0	1122.25
352.371	1142.5	0	1142.5
352.508	1119.25	0	1119.25
352.646	1091.75	0	1091.75
352.783	1130.5	0	1130.5
352.92	1175.5	0	1175.5
353.058	1141	0	1141
353.195	1177.5	0	1177.5
353.332	1130	0	1130
353.469	1170.5	0	1170.5
353.607	1117	0	1117
353.744	1226.75	0	1226.75
353.881	1187.5	0	1187.5
354.018	1153.75	0	1153.75
354.156	1184	0	1184
354.293	1157.75	0	1157.75
354.43	1124	0	1124
354.567	1142.5	0	1142.5
354.704	1112.5	0	1112.5
354.841	1083.75	0	1083.75
354.979	1106.5	0	1106.5
355.116	1061.25	0	1061.25
355.253	1058	0	1058
355.39	1037.5	0	1037.5
355.527	1067.5	0	1067.5
355.664	1012	0	1012
355.801	1014.25	0	1014.25
355.938	1028.25	0	1028.25
356.075	1003	0	1003
356.212	1008	0	1008
356.349	991.75	0	991.75
356.486	1006.5	0	1006.5
356.623	990.75	0	990.75
356.76	986.75	0	986.75
356.897	971.25	0	971.25
357.034	957.75	0	957.75
357.171	964	0	964
357.308	975.25	0	975.25
357.445	939	0	939
357.582	970.5	0	970.5
357.718	891.5	0	891.5
357.855	964.75	0	964.75
357.992	951.25	0	951.25
358.129	952.75	0	952.75
358.266	946	0	946
358.403	948	0	948
358.539	941	0	941
358.676	954	0	954
358.813	928.5	0	928.5
358.95	903.75	0	903.75
359.086	911.25	0	911.25
359.223	925.75	0	925.75
359.36	910.25	0	910.25
359.497	923.5	0	923.5
359.633	932.5	0	932.5
359.77	939.5	0	939.5
359.907	910.5	0	910.5
360.043	913.5	0	913.5
360.18	931	0	931
360.317	922.5	0	922.5
360.453	918	0	918
360.59	948.5	0	948.5
360.727	921	0	921
360.863	891.75	0	891.75
361	930.5	0	930.5
361.136	919.25	0	919.25
361.273	960	0	960
361.409	926.75	0	926.75
361.546	954	0	954
361.682	943	0	943
361.819	912.75	0	912.75
361.955	941.75	0	941.75
362.092	918	0	918
362.228	904.25	0	904.25
362.365	951.25	0	951.25
362.501	916.25	0	916.25
362.638	915.5	0	915.5
362.774	904.25	0	904.25
362.91	918.25	0	918.25
363.047	921	0	921
363.183	885.75	0	885.75
363.319	884	0	884
363.456	896.75	0	896.75
363.592	908.5	0	908.5
363.728	898.75	0	898.75
363.865	971.75	0	971.75
364.001	932.25	0	932.25
364.137	934.25	0	934.25
364.274	895	0	895
364.41	904.25	0	904.25
364.546	869.5	0	869.5
364.682	881	0	881
364.819	940.75	0	940.75
364.955	910.75	0	910.75
365.091	868.25	0	868.25
365.227	885	0	885
365.363	879.25	0	879.25
365.499	885.25	0	885.25
365.636	892	0	892
365.772	900.5	0	900.5
365.908	885.75	0	885.75
366.044	879.5	0	879.5
366.18	846.25	0	846.25
366.316	867.75	0	867.75
366.452	888.5	0	888.5
366.588	879.75	0	879.75
366.724	885.5	0	885.5
366.86	899.5	0	899.5
366.996	859.5	0	859.5
367.132	896	0	896
367.268	894	0	894
367.404	890.5	0	890.5
367.54	883	0	883
367.676	899	0	899
367.812	909.25	0	909.25
367.948	913.25	0	913.25
368.084	887	0	887
368.22	890.25	0	890.25
368.356	899.25	0	899.25
368.492	879.5	0	879.5
368.627	873.25	0	873.25
368.763	893.25	0	893.25
368.899	889.25	0	889.25
369.035	881.5	0	881.5
369.171	854.5	0	854.5
369.306	847.5	0	847.5
369.442	851.25	0	851.25
369.578	819	0	819
369.714	819.5	0	819.5
369.85	836	0	836
369.985	812.5	0	812.5
370.121	826.5	0	826.5
370.257	873.75	0	873.75
370.392	848	0	848
370.528	829.25	0	829.25
370.664	856	0	856
370.799	831.5	0	831.5
370.935	811.25	0	811.25
371.071	822.25	0	822.25
371.206	820.5	0	820.5
371.342	815.75	0	815.75
371.477	812.5	0	812.5
371.613	810.75	0	810.75
371.749	824.5	0	824.5
371.884	803.5	0	803.5
372.02	849.25	0	849.25
372.155	823	0	823
372.291	816.25	0	816.25
372.426	816.5	0	816.5
372.562	821.5	0	821.5
372.697	834.25	0	834.25
372.833	822.75	0	822.75
372.968	829.75	0	829.75
373.103	807	0	807
373.239	823.5	0	823.5
373.374	837.5	0	837.5
373.51	837.5	0	837.5
373.645	825.25	0	825.25
373.78	805.75	0	805.75
373.916	862.5	0	862.5
374.051	826	0	826
374.186	807	0	807
374.322	851.25	0	851.25
374.457	795.25	0	795.25
374.592	818	0	818
374.728	827.75	0	827.75
374.863	834.25	0	834.25
374.998	821	0	821
375.133	822.75	0	822.75
375.268	827.75	0	827.75
375.404	818	0	818
375.539	864.5	0	864.5
375.674	848.75	0	848.75
375.809	820.25	0	820.25
375.944	823	0	823
376.08	833.75	0	833.75
376.215	824.5	0	824.5
376.35	809.75	0	809.75
376.485	834.75	0	834.75
376.62	817.75	0	817.75
376.755	814	0	814
376.89	860	0	860
377.025	827.5	0	827.5
377.16	805.25	0	805.25
377.295	807.5	0	807.5
377.43	832.25	0	832.25
377.565	802.25	0	802.25
377.7	834	0	834
377.835	824.75	0	824.75
377.97	804	0	804
378.105	815.75	0	815.75
378.24	800	0	800
378.375	772.25	0	772.25
378.51	771.75	0	771.75
378.645	806.75	0	806.75
378.78	817.25	0	817.25
378.914	797.75	0	797.75
379.049	814.5	0	814.5
379.184	820	0	820
379.319	802.75	0	802.75
379.454	839.75	0	839.75
379.589	797.25	0	797.25
379.723	864	0	864
379.858	807.25	0	807.25
379.993	816.5	0	816.5
380.128	856.25	0	856.25
380.262	857.75	0	857.75
380.397	865.75	0	865.75
380.532	881.75	0	881.75
380.666	871.5	0	871.5
380.801	899.25	0	899.25
380.936	932.75	0	932.75
381.07	888.5	0	888.5
381.205	895.25	0	895.25
381.34	876	0	876
381.474	831.5	0	831.5
381.609	820.5	0	820.5
381.744	865.5	0	865.5
381.878	835.75	0	835.75
382.013	848.75	0	848.75
382.147	814.5	0	814.5
382.282	860.5	0	860.5
382.416	818	0	818
382.551	881.25	0	881.25
382.685	845	0	845
382.82	823	0	823
382.954	831	0	831
383.089	839.25	0	839.25
383.223	830.25	0	830.25
383.357	827.25	0	827.25
383.492	831.25	0	831.25
383.626	815.75	0	815.75
383.761	853.25	0	853.25
383.895	846.5	0	846.5
384.029	869.25	0	869.25
384.164	831.5	0	831.5
384.298	842	0	842
384.432	849	0	849
384.567	867	0	867
384.701	890.5	0	890.5
384.835	888	0	888
384.97	841.25	0	841.25
385.104	818.25	0	818.25
385.238	885.75	0	885.75
385.372	834	0	834
385.506	843.75	0	843.75
385.641	852.75	0	852.75
385.775	829	0	829
385.909	845.5	0	845.5
386.043	881.25	0	881.25
386.177	848	0	848
386.311	788.25	0	788.25
386.446	854.75	0	854.75
386.58	832	0	832
386.714	841.75	0	841.75
386.848	859.25	0	859.25
386.982	843.25	0	843.25
387.116	842.25	0	842.25
387.25	816.75	0	816.75
387.384	881.75	0	881.75
387.518	824.75	0	824.75
387.652	817.5	0	817.5
387.786	853.25	0	853.25
387.92	813.25	0	813.25
388.054	813.5	0	813.5
388.188	822.75	0	822.75
388.322	842.5	0	842.5
388.456	829	0	829
388.59	823.75	0	823.75
388.723	850	0	850
388.857	836.5	0	836.5
388.991	837	0	837
389.125	810.25	0	810.25
389.259	818.75	0	818.75
389.393	860.25	0	860.25
389.526	848	0	848
389.66	845.25	0	845.25
389.794	853	0	853
389.928	844	0	844
390.062	841	0	841
390.195	868.25	0	868.25
390.329	873	0	873
390.463	883.25	0	883.25
390.596	892.75	0	892.75
390.73	853.25	0	853.25
390.864	884	0	884
390.997	859.25	0	859.25
391.131	864	0	864
391.265	902	0	902
391.398	864.5	0	864.5
391.532	877.75	0	877.75
391.665	850.5	0	850.5
391.799	852.75	0	852.75
391.933	862.25	0	862.25
392.066	842	0	842
392.2	818.25	0	818.25
392.333	890	0	890
392.467	851.75	0	851.75
392.6	876.25	0	876.25
392.734	830.75	0	830.75
392.867	876.25	0	876.25
393.001	856.75	0	856.75
393.134	852	0	852
393.267	870	0	870
393.401	839	0	839
393.534	873	0	873
393.668	864	0	864
393.801	835.75	0	835.75
393.934	923.25	0	923.25
394.068	856.75	0	856.75
394.201	965.25	0	965.25
394.334	1011.25	0	1011.25
394.468	914.5	0	914.5
394.601	897.5	0	897.5
394.734	868	0	868
394.867	873	0	873
395.001	830.75	0	830.75
395.134	841	0	841
395.267	847.5	0	847.5
395.4	901.75	0	901.75
395.533	896.75	0	896.75
395.667	903.75	0	903.75
395.8	941.25	0	941.25
395.933	1084	0	1084
396.066	1230	0	1230
396.199	1021.75	0	1021.75
396.332	965	0	965
396.465	917	0	917
396.598	872.25	0	872.25
396.732	893.75	0	893.75
396.865	894	0	894
396.998	880.75	0	880.75
397.131	900.25	0	900.25
397.264	903.5	0	903.5
397.397	910.5	0	910.5
397.53	858.25	0	858.25
397.663	895.5	0	895.5
397.796	882.5	0	882.5
397.928	934	0	934
398.061	946	0	946
398.194	935.75	0	935.75
398.327	952.5	0	952.5
398.46	906.5	0	906.5
398.593	922.25	0	922.25
398.726	911.25	0	911.25
398.859	921.25	0	921.25
398.991	927	0	927
399.124	969	0	969
399.257	901.25	0	901.25
399.39	881	0	881
399.523	920.25	0	920.25
399.655	929.75	0	929.75
399.788	971.25	0	971.25
399.921	965	0	965
400.054	957.25	0	957.25
400.186	917.5	0	917.5
400.319	962.5	0	962.5
400.452	946.5	0	946.5
400.584	981.25	0	981.25
400.717	924	0	924
400.85	959.5	0	959.5
400.982	1000.5	0	1000.5
401.115	1001	0	1001
401.247	972.5	0	972.5
401.38	957.75	0	957.75
401.513	999	0	999
401.645	995.5	0	995.5
401.778	994.75	0	994.75
401.91	995.5	0	995.5
402.043	976.75	0	976.75
402.175	955.75	0	955.75
402.308	985	0	985
402.44	1000	0	1000
402.573	994	0	994
402.705	1036	0	1036
402.837	1053.75	0	1053.75
402.97	991.25	0	991.25
403.102	1048.25	0	1048.25
403.235	1044.75	0	1044.75
403.367	1064.25	0	1064.25
403.499	1057.5	0	1057.5
403.632	1107.5	0	1107.5
403.764	1060.25	0	1060.25
403.896	1061.25	0	1061.25
404.029	1061.25	0	1061.25
404.161	1046	0	1046
404.293	1097	0	1097
404.425	1115	0	1115
404.558	1125.25	0	1125.25
404.69	1158.5	0	1158.5
404.822	1193.75	0	1193.75
404.954	1210.25	0	1210.25
405.086	1227.75	0	1227.75
405.219	1258.5	0	1258.5
405.351	1339	0	1339
405.483	1375.25	0	1375.25
405.615	1283.25	0	1283.25
405.747	1208.75	0	1208.75
405.879	1170	0	1170
406.011	1204.25	0	1204.25
406.143	1189.75	0	1189.75
406.275	1157.5	0	1157.5
406.407	1152	0	1152
406.539	1120.75	0	1120.75
406.672	1079.75	0	1079.75
406.803	1071.75	0	1071.75
406.935	1051.5	0	1051.5
407.067	1082.75	0	1082.75
407.199	1038.5	0	1038.5
407.331	1069.75	0	1069.75
407.463	1016	0	1016
407.595	1020.5	0	1020.5
407.727	1020.5	0	1020.5
407.859	1004.5	0	1004.5
407.991	1023	0	1023
408.123	1007.75	0	1007.75
408.255	1043.5	0	1043.5
408.386	1020	0	1020
408.518	1009.5	0	1009.5
408.65	1022.75	0	1022.75
408.782	1023.5	0	1023.5
408.914	997.5	0	997.5
409.045	1017.75	0	1017.75
409.177	1036.5	0	1036.5
409.309	1057.5	0	1057.5
409.44	1028.5	0	1028.5
409.572	1025	0	1025
409.704	1049.75	0	1049.75
409.836	1057.5	0	1057.5
409.967	1078.5	0	1078.5
410.099	1063.5	0	1063.5
410.23	1036.25	0	1036.25
410.362	1036	0	1036
410.494	989	0	989
410.625	1002.5	0	1002.5
410.757	1042.5	0	1042.5
410.888	1032.75	0	1032.75
411.02	1003.25	0	1003.25
411.152	1037.25	0	1037.25
411.283	989	0	989
411.415	1021.5	0	1021.5
411.546	1017.25	0	1017.25
411.677	1020.75	0	1020.75
411.809	1046	0	1046
411.94	1032.75	0	1032.75
412.072	1032	0	1032
412.203	1060.25	0	1060.25
412.335	1053.75	0	1053.75
412.466	1051.75	0	1051.75
412.597	1057.25	0	1057.25
412.729	1053.25	0	1053.25
412.86	1041.5	0	1041.5
412.991	1038.5	0	1038.5
413.123	1019.75	0	1019.75
413.254	1075.75	0	1075.75
413.385	1020.5	0	1020.5
413.517	1035	0	1035
413.648	1071.5	0	1071.5
413.779	1045.5	0	1045.5
413.91	1091.75	0	1091.75
414.042	1064.5	0	1064.5
414.173	1079.25	0	1079.25
414.304	1058	0	1058
414.435	1061.5	0	1061.5
414.566	1071.5	0	1071.5
414.697	1113.5	0	1113.5
414.828	1046.25	0	1046.25
414.96	1069.25	0	1069.25
415.091	1075	0	1075
415.222	1093.5	0	1093.5
415.353	1053.5	0	1053.5
415.484	1111.5	0	1111.5
415.615	1125.25	0	1125.25
415.746	1154.75	0	1154.75
415.877	1111	0	1111
416.008	1135	0	1135
416.139	1140	0	1140
416.27	1106	0	1106
416.401	1148	0	1148
416.532	1099.75	0	1099.75
416.663	1102.25	0	1102.25
416.794	1113.75	0	1113.75
416.925	1182.25	0	1182.25
417.055	1178.75	0	1178.75
417.186	1156	0	1156
417.317	1183	0	1183
417.448	1166	0	1166
417.579	1162.5	0	1162.5
417.71	1183.5	0	1183.5
417.84	1183.75	0	1183.75
417.971	1166.75	0	1166.75
418.102	1213.25	0	1213.25
418.233	1230	0	1230
418.363	1200.5	0	1200.5
418.494	1237.5	0	1237.5
418.625	1246.25	0	1246.25
418.756	1249.75	0	1249.75
418.886	1243.75	0	1243.75
419.017	1314	0	1314
419.148	1263	0	1263
419.278	1336.25	0	1336.25
419.409	1289.75	0	1289.75
419.539	1342	0	1342
419.67	1356.75	0	1356.75
419.801	1356.25	0	1356.25
419.931	1432	0	1432
420.062	1431	0	1431
420.192	1481.75	0	1481.75
420.323	1543	0	1543
420.453	1524.5	0	1524.5
420.584	1634.75	0	1634.75
420.714	1692.75	0	1692.75
420.845	1842	0	1842
420.975	1891.75	0	1891.75
421.106	1689	0	1689
421.236	1524.75	0	1524.75
421.366	1529	0	1529
421.497	1483.25	0	1483.25
421.627	1426	0	1426
421.757	1413.25	0	1413.25
421.888	1346.5	0	1346.5
422.018	1380.25	0	1380.25
422.148	1322.25	0	1322.25
422.279	1304.75	0	1304.75
422.409	1268.25	0	1268.25
422.539	1316	0	1316
422.67	1266.25	0	1266.25
422.8	1287	0	1287
422.93	1283	0	1283
423.06	1266	0	1266
423.19	1230.25	0	1230.25
423.321	1218.5	0	1218.5
423.451	1230.75	0	1230.75
423.581	1277.75	0	1277.75
423.711	1237.75	0	1237.75
423.841	1221.5	0	1221.5
423.971	1220	0	1220
424.101	1218.75	0	1218.75
424.231	1230	0	1230
424.361	1199.25	0	1199.25
424.492	1262	0	1262
424.622	1180.25	0	1180.25
424.752	1201	0	1201
424.882	1229.25	0	1229.25
425.012	1184.75	0	1184.75
425.142	1155.25	0	1155.25
425.271	1177.75	0	1177.75
425.401	1144.75	0	1144.75
425.531	1198.25	0	1198.25
425.661	1193.75	0	1193.75
425.791	1129.25	0	1129.25
425.921	1159.75	0	1159.75
426.051	1179	0	1179
426.181	1153.5	0	1153.5
426.311	1175.5	0	1175.5
426.44	1169	0	1169
426.57	1123	0	1123
426.7	1135.75	0	1135.75
426.83	1095	0	1095
426.96	1115.5	0	1115.5
427.089	1083.75	0	1083.75
427.219	1149.25	0	1149.25
427.349	1063	0	1063
427.479	1116.25	0	1116.25
427.608	1090.5	0	1090.5
427.738	1070.25	0	1070.25
427.868	1040.25	0	1040.25
427.997	1074.25	0	1074.25
428.127	1046.25	0	1046.25
428.256	1085.5	0	1085.5
428.386	1059.75	0	1059.75
428.516	1066.5	0	1066.5
428.645	1121.25	0	1121.25
428.775	1027	0	1027
428.904	1037	0	1037
429.034	1096.25	0	1096.25
429.163	1057.5	0	1057.5
429.293	1044	0	1044
429.422	1046.75	0	1046.75
429.552	1039.25	0	1039.25
429.681	1045.25	0	1045.25
429.811	1069.5	0	1069.5
429.94	1073.75	0	1073.75
430.069	1049.25	0	1049.25
430.199	1030.75	0	1030.75
430.328	1018	0	1018
430.458	1069	0	1069
430.587	1038.25	0	1038.25
430.716	1064.75	0	1064.75
430.846	1111.75	0	1111.75
430.975	1117.75	0	1117.75
431.104	1166.25	0	1166.25
431.233	1164.25	0	1164.25
431.363	1107.25	0	1107.25
431.492	1154.5	0	1154.5
431.621	1107.25	0	1107.25
431.75	1113.75	0	1113.75
431.88	1085.5	0	1085.5
432.009	1117.75	0	1117.75
432.138	1129	0	1129
432.267	1080.25	0	1080.25
432.396	1093.75	0	1093.75
432.525	1044	0	1044
432.654	1055.75	0	1055.75
432.784	1055.25	0	1055.25
432.913	1084.5	0	1084.5
433.042	1030	0	1030
433.171	1018.25	0	1018.25
433.3	1020.5	0	1020.5
433.429	996	0	996
433.558	1031.5	0	1031.5
433.687	1007.75	0	1007.75
433.816	992.25	0	992.25
433.945	984	0	984
434.074	1007.25	0	1007.25
434.203	989	0	989
434.332	1007	0	1007
434.46	961.5	0	961.5
434.589	939.25	0	939.25
434.718	960	0	960
434.847	1018.25	0	1018.25
434.976	982.25	0	982.25
435.105	974.5	0	974.5
435.233	952.5	0	952.5
435.362	936.25	0	936.25
435.491	928	0	928
435.62	950.25	0	950.25
435.749	998.5	0	998.5
435.877	951	0	951
436.006	934.5	0	934.5
436.135	968.25	0	968.25
436.263	969	0	969
436.392	898	0	898
436.521	958.25	0	958.25
436.649	899	0	899
436.778	925.5	0	925.5
436.907	888.25	0	888.25
437.035	898.75	0	898.75
437.164	909.25	0	909.25
437.292	902.25	0	902.25
437.421	902	0	902
437.549	948	0	948
437.678	878.5	0	878.5
437.806	890.5	0	890.5
437.935	894.75	0	894.75
438.063	918.25	0	918.25
438.192	888.75	0	888.75
438.32	905.5	0	905.5
438.449	867.5	0	867.5
438.577	891.25	0	891.25
438.706	880.25	0	880.25
438.834	938.25	0	938.25
438.962	875.5	0	875.5
439.091	873	0	873
439.219	898.75	0	898.75
439.347	885.5	0	885.5
439.476	911.25	0	911.25
439.604	905.5	0	905.5
439.732	895.75	0	895.75
439.86	881.75	0	881.75
439.989	890.5	0	890.5
440.117	885.5	0	885.5
440.245	882	0	882
440.373	889.75	0	889.75
440.501	878	0	878
440.63	883.5	0	883.5
440.758	882.5	0	882.5
440.886	895.75	0	895.75
441.014	879	0	879
441.142	860.75	0	860.75
441.27	905	0	905
441.398	866	0	866
441.526	929.5	0	929.5
441.654	890.75	0	890.75
441.782	850	0	850
441.91	869.75	0	869.75
442.038	880.25	0	880.25
442.166	893	0	893
442.294	878	0	878
442.422	866.75	0	866.75
442.55	858	0	858
442.678	875	0	875
442.806	868.25	0	868.25
442.934	850.75	0	850.75
443.062	869	0	869
443.19	836.25	0	836.25
443.318	835.75	0	835.75
443.445	845.5	0	845.5
443.573	845.5	0	845.5
443.701	834.75	0	834.75
443.829	842.75	0	842.75
443.957	866.25	0	866.25
444.084	857	0	857
444.212	841	0	841
444.34	850.5	0	850.5
444.467	817.75	0	817.75
444.595	859.25	0	859.25
444.723	871.25	0	871.25
444.85	845.25	0	845.25
444.978	855	0	855
445.106	851	0	851
445.233	856	0	856
445.361	872.25	0	872.25
445.489	855	0	855
445.616	845.25	0	845.25
445.744	869.75	0	869.75
445.871	833.25	0	833.25
445.999	883.5	0	883.5
446.126	869.75	0	869.75
446.254	870.5	0	870.5
446.381	838	0	838
446.509	842.5	0	842.5
446.636	880	0	880
446.764	843.75	0	843.75
446.891	875	0	875
447.018	865.25	0	865.25
447.146	854	0	854
447.273	904.75	0	904.75
447.4	1003	0	1003
447.528	1099.75	0	1099.75
447.655	1026.25	0	1026.25
447.782	976.75	0	976.75
447.91	895.5	0	895.5
448.037	945.75	0	945.75
448.164	920	0	920
448.291	888	0	888
448.419	968	0	968
448.546	928	0	928
448.673	876	0	876
448.8	935.25	0	935.25
448.927	880.75	0	880.75
449.055	897.25	0	897.25
449.182	900.75	0	900.75
449.309	872.75	0	872.75
449.436	878.75	0	878.75
449.563	863.75	0	863.75
449.69	868.75	0	868.75
449.817	841.25	0	841.25
449.944	842	0	842
450.071	863.75	0	863.75
450.198	835.5	0	835.5
450.325	863.75	0	863.75
450.452	845.25	0	845.25
450.579	836.75	0	836.75
450.706	842.5	0	842.5
450.833	856	0	856
450.96	842	0	842
451.087	827.5	0	827.5
451.214	834	0	834
451.341	851	0	851
451.467	834.25	0	834.25
451.594	826.25	0	826.25
451.721	835.5	0	835.5
451.848	819.25	0	819.25
451.975	792.25	0	792.25
452.101	784.5	0	784.5
452.228	807.25	0	807.25
452.355	798.5	0	798.5
452.482	780.75	0	780.75
452.608	835	0	835
452.735	786	0	786
452.862	835.5	0	835.5
452.988	827	0	827
453.115	782.75	0	782.75
453.242	774.25	0	774.25
453.368	768.25	0	768.25
453.495	782.5	0	782.5
453.621	809.75	0	809.75
453.748	794	0	794
453.875	792	0	792
454.001	814.25	0	814.25
454.128	785	0	785
454.254	757.5	0	757.5
454.381	797.25	0	797.25
454.507	765.75	0	765.75
454.633	803.5	0	803.5
454.76	806.75	0	806.75
454.886	768	0	768
455.013	810.75	0	810.75
455.139	804.25	0	804.25
455.266	821	0	821
455.392	774.75	0	774.75
455.518	797.75	0	797.75
455.645	803.75	0	803.75
455.771	797.25	0	797.25
455.897	819.75	0	819.75
456.023	798.5	0	798.5
456.15	813.25	0	813.25
456.276	816	0	816
456.402	819	0	819
456.528	804.5	0	804.5
456.655	823.5	0	823.5
456.781	811.25	0	811.25
456.907	771	0	771
457.033	779.75	0	779.75
457.159	787.5	0	787.5
457.285	796.5	0	796.5
457.411	761	0	761
457.538	773.25	0	773.25
457.664	796.25	0	796.25
457.79	728	0	728
457.916	756	0	756
458.042	748.25	0	748.25
458.168	732.5	0	732.5
458.294	760.25	0	760.25
458.42	754.75	0	754.75
458.546	755.25	0	755.25
458.672	745.5	0	745.5
458.798	740.5	0	740.5
458.924	763.5	0	763.5
459.049	740.5	0	740.5
459.175	746.5	0	746.5
459.301	765	0	765
459.427	757	0	757
459.553	724	0	724
459.679	736.5	0	736.5
459.805	791	0	791
459.93	741.25	0	741.25
460.056	751.75	0	751.75
460.182	742.25	0	742.25
460.308	763.5	0	763.5
460.433	777.75	0	777.75
460.559	744.25	0	744.25
460.685	725.75	0	725.75
460.81	743.75	0	743.75
460.936	757.5	0	757.5
461.062	747	0	747
461.187	759	0	759
461.313	732.5	0	732.5
461.439	799.25	0	799.25
461.564	781.5	0	781.5
461.69	783.25	0	783.25
461.815	827.25	0	827.25
461.941	804	0	804
462.066	810.75	0	810.75
462.192	791.5	0	791.5
462.317	759.75	0	759.75
462.443	781.5	0	781.5
462.568	795.25	0	795.25
462.694	833.25	0	833.25
462.819	811	0	811
462.944	752.25	0	752.25
463.07	780	0	780
463.195	790.5	0	790.5
463.321	802.75	0	802.75
463.446	786.25	0	786.25
463.571	770.75	0	770.75
463.697	777.25	0	777.25
463.822	781	0	781
463.947	780.25	0	780.25
464.072	770.25	0	770.25
464.198	789.25	0	789.25
464.323	781.75	0	781.75
464.448	776.75	0	776.75
464.573	771.75	0	771.75
464.698	775.5	0	775.5
464.824	784.25	0	784.25
464.949	785.25	0	785.25
465.074	742.5	0	742.5
465.199	775.75	0	775.75
465.324	785.5	0	785.5
465.449	770	0	770
465.574	763.75	0	763.75
465.699	768.5	0	768.5
465.824	835.5	0	835.5
465.949	792.5	0	792.5
466.074	832.25	0	832.25
466.199	835.25	0	835.25
466.324	821	0	821
466.449	851	0	851
466.574	905.5	0	905.5
466.699	1110	0	1110
466.824	1166.75	0	1166.75
466.949	1058.25	0	1058.25
467.074	1005.25	0	1005.25
467.199	919	0	919
467.323	932.25	0	932.25
467.448	956.75	0	956.75
467.573	968.25	0	968.25
467.698	931	0	931
467.823	942.25	0	942.25
467.947	975	0	975
468.072	943	0	943
468.197	945.5	0	945.5
468.322	901.75	0	901.75
468.446	934	0	934
468.571	924.75	0	924.75
468.696	939.75	0	939.75
468.82	923.5	0	923.5
468.945	938.75	0	938.75
469.069	942.75	0	942.75
469.194	883.75	0	883.75
469.319	898	0	898
469.443	903	0	903
469.568	875.5	0	875.5
469.692	915.75	0	915.75
469.817	873	0	873
469.941	862.25	0	862.25
470.066	879.75	0	879.75
470.19	927	0	927
470.315	879	0	879
470.439	899.75	0	899.75
470.563	860.25	0	860.25
470.688	864.75	0	864.75
470.812	878.25	0	878.25
470.937	869.25	0	869.25
471.061	888.5	0	888.5
471.185	855	0	855
471.31	849	0	849
471.434	873.5	0	873.5
471.558	890.75	0	890.75
471.682	839.5	0	839.5
471.807	853.75	0	853.75
471.931	877.25	0	877.25
472.055	814	0	814
472.179	863.25	0	863.25
472.303	833.5	0	833.5
472.428	844.75	0	844.75
472.552	852.25	0	852.25
472.676	864.75	0	864.75
472.8	868.75	0	868.75
472.924	868	0	868
473.048	871.5	0	871.5
473.172	833.5	0	833.5
473.296	835	0	835
473.42	838.75	0	838.75
473.544	850.25	0	850.25
473.668	859.5	0	859.5
473.792	853.5	0	853.5
473.916	881.75	0	881.75
474.04	874.5	0	874.5
474.164	862	0	862
474.288	841.5	0	841.5
474.412	868.5	0	868.5
474.536	862	0	862
474.66	879	0	879
474.784	885.75	0	885.75
474.908	874	0	874
475.031	861	0	861
475.155	892.75	0	892.75
475.279	874.75	0	874.75
475.403	893.25	0	893.25
475.526	865.75	0	865.75
475.65	902.75	0	902.75
475.774	878.5	0	878.5
475.898	865.75	0	865.75
476.021	893.25	0	893.25
476.145	857.25	0	857.25
476.269	859.5	0	859.5
476.392	843.5	0	843.5
476.516	892.5	0	892.5
476.64	899	0	899
476.763	862.25	0	862.25
476.887	906.5	0	906.5
477.01	906.5	0	906.5
477.134	905	0	905
477.257	906.25	0	906.25
477.381	885.5	0	885.5
477.504	891	0	891
477.628	903	0	903
477.751	946.25	0	946.25
477.875	944.5	0	944.5
477.998	914.5	0	914.5
478.122	878.25	0	878.25
478.245	935.75	0	935.75
478.368	932.5	0	932.5
478.492	883	0	883
478.615	960.5	0	960.5
478.738	935.25	0	935.25
478.862	972.75	0	972.75
478.985	956.5	0	956.5
479.108	926.25	0	926.25
479.231	953	0	953
479.355	971.5	0	971.5
479.478	968.5	0	968.5
479.601	994	0	994
479.724	997.75	0	997.75
479.848	1021.75	0	1021.75
479.971	1021.5	0	1021.5
480.094	1022	0	1022
480.217	987.25	0	987.25
480.34	1033.75	0	1033.75
480.463	1006.5	0	1006.5
480.586	973.5	0	973.5
480.709	990.75	0	990.75
480.832	991.5	0	991.5
480.955	1014	0	1014
481.078	1007	0	1007
481.201	1021.5	0	1021.5
481.324	1004.75	0	1004.75
481.447	1005.5	0	1005.5
481.57	1012.75	0	1012.75
481.693	1000.25	0	1000.25
481.816	996.5	0	996.5
481.939	1033	0	1033
482.062	1026	0	1026
482.185	1025	0	1025
482.307	1009	0	1009
482.43	1060	0	1060
482.553	1030.25	0	1030.25
482.676	990.75	0	990.75
482.799	1033.25	0	1033.25
482.921	1013.25	0	1013.25
483.044	1053.25	0	1053.25
483.167	1001.75	0	1001.75
483.29	1027.25	0	1027.25
483.412	1005.75	0	1005.75
483.535	1025	0	1025
483.658	984.75	0	984.75
483.78	972.25	0	972.25
483.903	996.25	0	996.25
484.025	974.75	0	974.75
484.148	1007.75	0	1007.75
484.271	998.25	0	998.25
484.393	1041.25	0	1041.25
484.516	1015	0	1015
484.638	1037	0	1037
484.761	1066.75	0	1066.75
484.883	1019.75	0	1019.75
485.006	1046	0	1046
485.128	1043.25	0	1043.25
485.251	1050.25	0	1050.25
485.373	1055.5	0	1055.5
485.495	988.25	0	988.25
485.618	1005.75	0	1005.75
485.74	1012	0	1012
485.863	1016.25	0	1016.25
485.985	1034.5	0	1034.5
486.107	1008.25	0	1008.25
486.229	1022.25	0	1022.25
486.352	1011.25	0	1011.25
486.474	1046	0	1046
486.596	1028	0	1028
486.719	1019.5	0	1019.5
486.841	1069.25	0	1069.25
486.963	1064.5	0	1064.5
487.085	1094.25	0	1094.25
487.207	1092.25	0	1092.25
487.329	1179.5	0	1179.5
487.452	1234	0	1234
487.574	1167.5	0	1167.5
487.696	1200	0	1200
487.818	1183.25	0	1183.25
487.94	1168	0	1168
488.062	1165.75	0	1165.75
488.184	1180.5	0	1180.5
488.306	1139.25	0	1139.25
488.428	1151.5	0	1151.5
488.55	1100.75	0	1100.75
488.672	1112.75	0	1112.75
488.794	1168	0	1168
488.916	1147.5	0	1147.5
489.038	1065.5	0	1065.5
489.16	1118.75	0	1118.75
489.281	1110.5	0	1110.5
489.403	1077.25	0	1077.25
489.525	1097	0	1097
489.647	1086.5	0	1086.5
489.769	1112.5	0	1112.5
489.891	1068.5	0	1068.5
490.012	1089.25	0	1089.25
490.134	1084.75	0	1084.75
490.256	1054	0	1054
490.378	1035.5	0	1035.5
490.499	1043	0	1043
490.621	1041.5	0	1041.5
490.743	1040.5	0	1040.5
490.864	1049.25	0	1049.25
490.986	1021	0	1021
491.108	1008.75	0	1008.75
491.229	1032	0	1032
491.351	1009	0	1009
491.472	1019.75	0	1019.75
491.594	1022.75	0	1022.75
491.715	1020.5	0	1020.5
491.837	1055.75	0	1055.75
491.958	1017.25	0	1017.25
492.08	1044.75	0	1044.75
492.201	1041	0	1041
492.323	990	0	990
492.444	1011	0	1011
492.566	1003.5	0	1003.5
492.687	1004.5	0	1004.5
492.808	1036.25	0	1036.25
492.93	1033.75	0	1033.75
493.051	1008.25	0	1008.25
493.172	1009	0	1009
493.294	995.5	0	995.5
493.415	1023.25	0	1023.25
493.536	1000.25	0	1000.25
493.658	998.75	0	998.75
493.779	968.25	0	968.25
493.9	960.5	0	960.5
494.021	976	0	976
494.143	978.75	0	978.75
494.264	985.75	0	985.75
494.385	986.75	0	986.75
494.506	984.5	0	984.5
494.627	943.25	0	943.25
494.748	981.25	0	981.25
494.869	1000	0	1000
494.99	985.75	0	985.75
495.111	988	0	988
495.232	952.5	0	952.5
495.353	923.75	0	923.75
495.475	956.25	0	956.25
495.595	960	0	960
495.716	957.75	0	957.75
495.837	969.5	0	969.5
495.958	939.75	0	939.75
496.079	936.75	0	936.75
496.2	970.25	0	970.25
496.321	946	0	946
496.442	994.5	0	994.5
496.563	997	0	997
496.684	1001.25	0	1001.25
496.804	999.25	0	999.25
496.925	974.25	0	974.25
497.046	978.5	0	978.5
497.167	1002.75	0	1002.75
497.287	990.25	0	990.25
497.408	928	0	928
497.529	954.75	0	954.75
497.65	970	0	970
497.77	985.5	0	985.5
497.891	964.5	0	964.5
498.012	952.75	0	952.75
498.132	955.25	0	955.25
498.253	972.75	0	972.75
498.373	986.5	0	986.5
498.494	950	0	950
498.614	984.75	0	984.75
498.735	946.75	0	946.75
498.856	999.75	0	999.75
498.976	985	0	985
499.096	980.75	0	980.75
499.217	966.5	0	966.5
499.337	1031.25	0	1031.25
499.458	999.5	0	999.5
499.578	1005.25	0	1005.25
499.699	1012	0	1012
499.819	970	0	970
499.939	1001.75	0	1001.75
500.06	992.5	0	992.5
500.18	1015.75	0	1015.75
500.3	988.75	0	988.75
500.421	977.75	0	977.75
500.541	928.75	0	928.75
500.661	968.5	0	968.5
500.781	946.75	0	946.75
500.902	974	0	974
501.022	974.75	0	974.75
501.142	955.5	0	955.5
501.262	936.5	0	936.5
501.382	951	0	951
501.502	948.75	0	948.75
501.623	943	0	943
501.743	947.5	0	947.5
501.863	966.5	0	966.5
501.983	949.25	0	949.25
502.103	944.5	0	944.5
502.223	958.75	0	958.75
502.343	900.5	0	900.5
502.463	914.5	0	914.5
502.583	920.25	0	920.25
502.703	891.5	0	891.5
502.823	938.5	0	938.5
502.943	876.5	0	876.5
503.063	891	0	891
503.182	914.5	0	914.5
503.302	897.5	0	897.5
503.422	869.5	0	869.5
503.542	901	0	901
503.662	885.25	0	885.25
503.782	883.5	0	883.5
503.901	882.5	0	882.5
504.021	900	0	900
504.141	844.25	0	844.25
504.261	886.75	0	886.75
504.38	900.5	0	900.5
504.5	902.5	0	902.5
504.62	874.25	0	874.25
504.739	900.25	0	900.25
504.859	889.25	0	889.25
504.979	879	0	879
505.098	917	0	917
505.218	912.25	0	912.25
505.338	901	0	901
505.457	888.25	0	888.25
505.577	878.25	0	878.25
505.696	864.75	0	864.75
505.816	911	0	911
505.935	919.25	0	919.25
506.055	872.5	0	872.5
506.174	931.75	0	931.75
506.293	887.75	0	887.75
506.413	909.25	0	909.25
506.532	906.5	0	906.5
506.652	905.5	0	905.5
506.771	923.75	0	923.75
506.89	907	0	907
507.01	909.5	0	909.5
507.129	923	0	923
507.248	921	0	921
507.368	932.5	0	932.5
507.487	908.75	0	908.75
507.606	899.5	0	899.5
507.725	939.75	0	939.75
507.844	984.75	0	984.75
507.964	967	0	967
508.083	942	0	942
508.202	935.5	0	935.5
508.321	967.5	0	967.5
508.44	963.75	0	963.75
508.559	988.75	0	988.75
508.678	975.75	0	975.75
508.797	993.5	0	993.5
508.916	1009	0	1009
509.035	1031.5	0	1031.5
509.154	1012.75	0	1012.75
509.273	994.5	0	994.5
509.392	1023	0	1023
509.511	1046.75	0	1046.75
509.63	1075	0	1075
509.749	1072	0	1072
509.868	1101	0	1101
509.987	1109.25	0	1109.25
510.106	1148.75	0	1148.75
510.225	1161.75	0	1161.75
510.344	1181.25	0	1181.25
510.462	1189.75	0	1189.75
510.581	1237.5	0	1237.5
510.7	1278	0	1278
510.819	1269.75	0	1269.75
510.937	1323.75	0	1323.75
511.056	1347.75	0	1347.75
511.175	1391	0	1391
511.294	1432.25	0	1432.25
511.412	1450.5	0	1450.5
511.531	1481.25	0	1481.25
511.649	1494.5	0	1494.5
511.768	1507.25	0	1507.25
511.887	1537.75	0	1537.75
512.005	1541.5	0	1541.5
512.124	1575.75	0	1575.75
512.242	1544.5	0	1544.5
512.361	1572.25	0	1572.25
512.479	1599.25	0	1599.25
512.598	1591	0	1591
512.716	1514.75	0	1514.75
512.835	1506.5	0	1506.5
512.953	1467.5	0	1467.5
513.072	1531.75	0	1531.75
513.19	1492.75	0	1492.75
513.308	1432.5	0	1432.5
513.427	1398.5	0	1398.5
513.545	1366	0	1366
513.664	1368.75	0	1368.75
513.782	1435	0	1435
513.9	1416	0	1416
514.018	1453.5	0	1453.5
514.137	1392.25	0	1392.25
514.255	1394	0	1394
514.373	1424.75	0	1424.75
514.491	1439.25	0	1439.25
514.609	1424	0	1424
514.728	1428.25	0	1428.25
514.846	1465.75	0	1465.75
514.964	1430.5	0	1430.5
515.082	1440	0	1440
515.2	1449.75	0	1449.75
515.318	1490	0	1490
515.436	1495	0	1495
515.554	1508.5	0	1508.5
515.672	1530.75	0	1530.75
515.79	1546.25	0	1546.25
515.908	1542.25	0	1542.25
516.026	1540.75	0	1540.75
516.144	1623	0	1623
516.262	1634.25	0	1634.25
516.38	1630.75	0	1630.75
516.498	1685	0	1685
516.616	1718.5	0	1718.5
516.734	1718.25	0	1718.25
516.852	1784.25	0	1784.25
516.969	1812.25	0	1812.25
517.087	1755.75	0	1755.75
517.205	1821	0	1821
517.323	1879.25	0	1879.25
517.44	1835	0	1835
517.558	1896.75	0	1896.75
517.676	1891.75	0	1891.75
517.794	1900.75	0	1900.75
517.911	1983.5	0	1983.5
518.029	2116.25	0	2116.25
518.147	2047.75	0	2047.75
518.264	2157.5	0	2157.5
518.382	2218.25	0	2218.25
518.5	2294.5	0	2294.5
518.617	2328.5	0	2328.5
518.735	2411.5	0	2411.5
518.852	2405.5	0	2405.5
518.97	2503.75	0	2503.75
519.087	2556	0	2556
519.205	2672	0	2672
519.322	2786	0	2786
519.44	2931	0	2931
519.557	3056.75	0	3056.75
519.674	3198.25	0	3198.25
519.792	3341.75	0	3341.75
519.909	3472.75	0	3472.75
520.026	3705.25	0	3705.25
520.144	4063.5	0	4063.5
520.261	4436	0	4436
520.378	4987.5	0	4987.5
520.496	5802.75	0	5802.75
520.613	7531.25	0	7531.25
520.73	11572.5	0	11572.5
520.847	10718.2	0	10718.2
520.965	5942.5	0	5942.5
521.082	4582.5	0	4582.5
521.199	3897	0	3897
521.316	3479	0	3479
521.433	3272	0	3272
521.55	3123	0	3123
521.667	2832.5	0	2832.5
521.785	2671.75	0	2671.75
521.902	2576.25	0	2576.25
522.019	2510.25	0	2510.25
522.136	2394.75	0	2394.75
522.253	2278	0	2278
522.37	2246.75	0	2246.75
522.487	2192.75	0	2192.75
522.604	2136.5	0	2136.5
522.721	2082.5	0	2082.5
522.838	1978.25	0	1978.25
522.954	1926	0	1926
523.071	1862.25	0	1862.25
523.188	1900	0	1900
523.305	1845	0	1845
523.422	1778.25	0	1778.25
523.539	1775.25	0	1775.25
523.655	1725.25	0	1725.25
523.772	1752.75	0	1752.75
523.889	1643.75	0	1643.75
524.006	1618.5	0	1618.5
524.122	1660.25	0	1660.25
524.239	1594.5	0	1594.5
524.356	1627.5	0	1627.5
524.472	1563.25	0	1563.25
524.589	1503.5	0	1503.5
524.706	1521.5	0	1521.5
524.822	1463.5	0	1463.5
524.939	1513	0	1513
525.055	1484.75	0	1484.75
525.172	1380.5	0	1380.5
525.289	1370.5	0	1370.5
525.405	1420	0	1420
525.522	1345.75	0	1345.75
525.638	1362.75	0	1362.75
525.754	1311.5	0	1311.5
525.871	1351	0	1351
525.987	1346.75	0	1346.75
526.104	1294.25	0	1294.25
526.22	1291	0	1291
526.336	1292	0	1292
526.453	1256.25	0	1256.25
526.569	1228.25	0	1228.25
526.685	1232.25	0	1232.25
526.802	1230.75	0	1230.75
526.918	1215.25	0	1215.25
527.034	1216.5	0	1216.5
527.151	1232.25	0	1232.25
527.267	1190	0	1190
527.383	1232	0	1232
527.499	1212.5	0	1212.5
527.615	1196	0	1196
527.732	1207	0	1207
527.848	1189.75	0	1189.75
527.964	1174.25	0	1174.25
528.08	1184	0	1184
528.196	1131.25	0	1131.25
528.312	1148.75	0	1148.75
528.428	1144.25	0	1144.25
528.544	1124.75	0	1124.75
528.66	1184.75	0	1184.75
528.776	1107.25	0	1107.25
528.892	1115.25	0	1115.25
529.008	1132.75	0	1132.75
529.124	1148.25	0	1148.25
529.24	1106	0	1106
529.356	1116	0	1116
529.471	1092.75	0	1092.75
529.587	1070.25	0	1070.25
529.703	1062.25	0	1062.25
529.819	1058.75	0	1058.75
529.935	1135.75	0	1135.75
530.05	1093.25	0	1093.25
530.166	1083.25	0	1083.25
530.282	1074	0	1074
530.398	1069	0	1069
530.513	1097.25	0	1097.25
530.629	1063.25	0	1063.25
530.745	1069	0	1069
530.86	1096.25	0	1096.25
530.976	1102.25	0	1102.25
531.092	1046.25	0	1046.25
531.207	1040.5	0	1040.5
531.323	1081.75	0	1081.75
531.438	1092	0	1092
531.554	1039.75	0	1039.75
531.669	1057.5	0	1057.5
531.785	1055.5	0	1055.5
531.9	1042.25	0	1042.25
532.016	1059.25	0	1059.25
532.131	1078.25	0	1078.25
532.247	1041	0	1041
532.362	1067.5	0	1067.5
532.477	1081.25	0	1081.25
532.593	1085.5	0	1085.5
532.708	1047.25	0	1047.25
532.823	1063.25	0	1063.25
532.939	1055.5	0	1055.5
533.054	1065.5	0	1065.5
533.169	1065	0	1065
533.285	1070	0	1070
533.4	1060.75	0	1060.75
533.515	1050.5	0	1050.5
533.63	1083	0	1083
533.745	1070.25	0	1070.25
533.861	1059.25	0	1059.25
533.976	1098.75	0	1098.75
534.091	1093	0	1093
534.206	1111.75	0	1111.75
534.321	1101.75	0	1101.75
534.436	1092	0	1092
534.551	1057.5	0	1057.5
534.666	1075.75	0	1075.75
534.781	1130.5	0	1130.5
534.896	1082.25	0	1082.25
535.011	1101.75	0	1101.75
535.126	1106.5	0	1106.5
535.241	1137.5	0	1137.5
535.356	1105.5	0	1105.5
535.471	1103.25	0	1103.25
535.586	1111.25	0	1111.25
535.701	1062.5	0	1062.5
535.815	1105.5	0	1105.5
535.93	1140	0	1140
536.045	1172.5	0	1172.5
536.16	1168.25	0	1168.25