Lambda	Spectrum	Dark	SpecMinusDark
268.175	11.5	0	11.5
268.319	13.75	0	13.75
268.463	20.5	0	20.5
268.607	11.75	0	11.75
268.751	19.25	0	19.25
268.895	9.75	0	9.75
269.039	18.75	0	18.75
269.183	12.25	0	12.25
269.327	15.75	0	15.75
269.47	23.5	0	23.5
269.614	20.75	0	20.75
269.758	11.75	0	11.75
269.902	10.5	0	10.5
270.046	10.75	0	10.75
270.19	9.5	0	9.5
270.334	22.25	0	22.25
270.477	21.25	0	21.25
270.621	11.75	0	11.75
270.765	17.25	0	17.25
270.909	17.25	0	17.25
271.053	22	0	22
271.196	16.5	0	16.5
271.34	24.25	0	24.25
271.484	16.5	0	16.5
271.628	22.5	0	22.5
271.771	13.5	0	13.5
271.915	22	0	22
272.059	16.5	0	16.5
272.202	21.5	0	21.5
272.346	13.25	0	13.25
272.49	21.5	0	21.5
272.634	19	0	19
272.777	18	0	18
272.921	21.25	0	21.25
273.064	23	0	23
273.208	15.25	0	15.25
273.352	22.75	0	22.75
273.495	18	0	18
273.639	28	0	28
273.783	21.5	0	21.5
273.926	21.5	0	21.5
274.07	13.25	0	13.25
274.213	29.25	0	29.25
274.357	20.5	0	20.5
274.5	15.5	0	15.5
274.644	22.25	0	22.25
274.787	22	0	22
274.931	23.5	0	23.5
275.074	23.5	0	23.5
275.218	16.75	0	16.75
275.361	20	0	20
275.505	22.5	0	22.5
275.648	24	0	24
275.792	17.25	0	17.25
275.935	22.75	0	22.75
276.079	18	0	18
276.222	21	0	21
276.366	25.5	0	25.5
276.509	18	0	18
276.652	29.75	0	29.75
276.796	17.75	0	17.75
276.939	20	0	20
277.082	18.5	0	18.5
277.226	20.5	0	20.5
277.369	30.75	0	30.75
277.513	13.75	0	13.75
277.656	26.25	0	26.25
277.799	14.25	0	14.25
277.942	19.5	0	19.5
278.086	27.75	0	27.75
278.229	13.25	0	13.25
278.372	7	0	7
278.516	20.5	0	20.5
278.659	13.75	0	13.75
278.802	23.25	0	23.25
278.945	17.5	0	17.5
279.089	27.25	0	27.25
279.232	20.75	0	20.75
279.375	22.75	0	22.75
279.518	24	0	24
279.661	29	0	29
279.805	18	0	18
279.948	33.25	0	33.25
280.091	22.75	0	22.75
280.234	24.75	0	24.75
280.377	28	0	28
280.52	23.75	0	23.75
280.663	18.5	0	18.5
280.806	22.75	0	22.75
280.95	18.75	0	18.75
281.093	23.75	0	23.75
281.236	25.75	0	25.75
281.379	30.5	0	30.5
281.522	37.25	0	37.25
281.665	34.75	0	34.75
281.808	31.75	0	31.75
281.951	28.25	0	28.25
282.094	32.75	0	32.75
282.237	31	0	31
282.38	39.75	0	39.75
282.523	34.25	0	34.25
282.666	27	0	27
282.809	46.25	0	46.25
282.952	30.5	0	30.5
283.095	30.25	0	30.25
283.238	24	0	24
283.381	33.75	0	33.75
283.523	35	0	35
283.666	30.5	0	30.5
283.809	31	0	31
283.952	29.75	0	29.75
284.095	28.25	0	28.25
284.238	27.25	0	27.25
284.381	34.25	0	34.25
284.524	38.75	0	38.75
284.666	25.75	0	25.75
284.809	34.5	0	34.5
284.952	28.5	0	28.5
285.095	26.5	0	26.5
285.238	33.25	0	33.25
285.38	24.25	0	24.25
285.523	20.75	0	20.75
285.666	25	0	25
285.809	23.75	0	23.75
285.951	44	0	44
286.094	23.5	0	23.5
286.237	27.25	0	27.25
286.38	26	0	26
286.522	31.25	0	31.25
286.665	31	0	31
286.808	28.5	0	28.5
286.95	22.5	0	22.5
287.093	23.75	0	23.75
287.236	28	0	28
287.378	26.25	0	26.25
287.521	35.75	0	35.75
287.663	29	0	29
287.806	22.75	0	22.75
287.949	28.25	0	28.25
288.091	29	0	29
288.234	24.75	0	24.75
288.376	30	0	30
288.519	33.75	0	33.75
288.661	35.5	0	35.5
288.804	26.75	0	26.75
288.946	31.75	0	31.75
289.089	36.25	0	36.25
289.231	42.25	0	42.25
289.374	30	0	30
289.516	29.75	0	29.75
289.659	42.75	0	42.75
289.801	34	0	34
289.944	40.5	0	40.5
290.086	35.5	0	35.5
290.229	41.75	0	41.75
290.371	43.25	0	43.25
290.513	35.75	0	35.75
290.656	35.25	0	35.25
290.798	32	0	32
290.941	34.75	0	34.75
291.083	36	0	36
291.225	35.75	0	35.75
291.368	35.5	0	35.5
291.51	24	0	24
291.652	32.75	0	32.75
291.795	38	0	38
291.937	37.75	0	37.75
292.079	42.25	0	42.25
292.221	45.75	0	45.75
292.364	35.75	0	35.75
292.506	37.25	0	37.25
292.648	35.75	0	35.75
292.79	47	0	47
292.933	40.75	0	40.75
293.075	49.75	0	49.75
293.217	27	0	27
293.359	42.75	0	42.75
293.502	42	0	42
293.644	36.25	0	36.25
293.786	36.75	0	36.75
293.928	36.75	0	36.75
294.07	49.25	0	49.25
294.212	37.75	0	37.75
294.354	32	0	32
294.497	36.75	0	36.75
294.639	36.75	0	36.75
294.781	47.5	0	47.5
294.923	46.25	0	46.25
295.065	39.75	0	39.75
295.207	43.75	0	43.75
295.349	44.75	0	44.75
295.491	43.25	0	43.25
295.633	41.5	0	41.5
295.775	38.25	0	38.25
295.917	38.25	0	38.25
296.059	41.75	0	41.75
296.201	38.5	0	38.5
296.343	49.75	0	49.75
296.485	37.5	0	37.5
296.627	44.5	0	44.5
296.769	47.25	0	47.25
296.911	54.25	0	54.25
297.053	57.75	0	57.75
297.195	52.25	0	52.25
297.337	46.5	0	46.5
297.478	45.5	0	45.5
297.62	57	0	57
297.762	48.25	0	48.25
297.904	53.5	0	53.5
298.046	56.75	0	56.75
298.188	51.5	0	51.5
298.33	59.5	0	59.5
298.471	60	0	60
298.613	49.75	0	49.75
298.755	73.75	0	73.75
298.897	49.75	0	49.75
299.038	57.5	0	57.5
299.18	63.5	0	63.5
299.322	57.25	0	57.25
299.464	52.75	0	52.75
299.605	56.75	0	56.75
299.747	72.75	0	72.75
299.889	70	0	70
300.031	53	0	53
300.172	67.25	0	67.25
300.314	65.25	0	65.25
300.456	65.25	0	65.25
300.597	61	0	61
300.739	66.75	0	66.75
300.881	57	0	57
301.022	73	0	73
301.164	71	0	71
301.305	78.25	0	78.25
301.447	79.75	0	79.75
301.589	76.25	0	76.25
301.73	81.5	0	81.5
301.872	98.25	0	98.25
302.013	80	0	80
302.155	109.75	0	109.75
302.296	98	0	98
302.438	107	0	107
302.579	119.5	0	119.5
302.721	128.25	0	128.25
302.862	130.75	0	130.75
303.004	130.25	0	130.25
303.145	136.5	0	136.5
303.287	132	0	132
303.428	137.5	0	137.5
303.569	135.25	0	135.25
303.711	143	0	143
303.852	160	0	160
303.994	153	0	153
304.135	175	0	175
304.276	150.5	0	150.5
304.418	163.25	0	163.25
304.559	155	0	155
304.7	162.25	0	162.25
304.842	204.5	0	204.5
304.983	209	0	209
305.124	209	0	209
305.266	228.25	0	228.25
305.407	256	0	256
305.548	291	0	291
305.69	320	0	320
305.831	314.25	0	314.25
305.972	297	0	297
306.113	309.75	0	309.75
306.254	296.5	0	296.5
306.396	325.25	0	325.25
306.537	339.5	0	339.5
306.678	343.75	0	343.75
306.819	352.75	0	352.75
306.96	344.5	0	344.5
307.102	355	0	355
307.243	385	0	385
307.384	408.25	0	408.25
307.525	505.25	0	505.25
307.666	549.75	0	549.75
307.807	679.75	0	679.75
307.948	835.5	0	835.5
308.089	958	0	958
308.23	1052	0	1052
308.371	982.75	0	982.75
308.513	921.75	0	921.75
308.654	870	0	870
308.795	943	0	943
308.936	1023.25	0	1023.25
309.077	1125.75	0	1125.75
309.218	1112.75	0	1112.75
309.359	1174.5	0	1174.5
309.499	1108.25	0	1108.25
309.64	969	0	969
309.781	879.25	0	879.25
309.922	766.75	0	766.75
310.063	722	0	722
310.204	644.5	0	644.5
310.345	600.25	0	600.25
310.486	516	0	516
310.627	494.25	0	494.25
310.768	463	0	463
310.909	436	0	436
311.049	403.5	0	403.5
311.19	371.25	0	371.25
311.331	367.5	0	367.5
311.472	334.25	0	334.25
311.613	350	0	350
311.753	325	0	325
311.894	291.5	0	291.5
312.035	290	0	290
312.176	284	0	284
312.316	272.75	0	272.75
312.457	251.5	0	251.5
312.598	255	0	255
312.739	245.5	0	245.5
312.879	231.75	0	231.75
313.02	224.75	0	224.75
313.161	223	0	223
313.301	201.5	0	201.5
313.442	218	0	218
313.583	193.75	0	193.75
313.723	201.75	0	201.75
313.864	190	0	190
314.005	186	0	186
314.145	187.5	0	187.5
314.286	168.25	0	168.25
314.426	179.25	0	179.25
314.567	182.75	0	182.75
314.707	179	0	179
314.848	172.5	0	172.5
314.989	158.5	0	158.5
315.129	157	0	157
315.27	149.75	0	149.75
315.41	145.25	0	145.25
315.551	146.25	0	146.25
315.691	144	0	144
315.831	130	0	130
315.972	145.25	0	145.25
316.112	134	0	134
316.253	136.5	0	136.5
316.393	131	0	131
316.534	134.25	0	134.25
316.674	137	0	137
316.814	136.25	0	136.25
316.955	118.75	0	118.75
317.095	126.25	0	126.25
317.236	125	0	125
317.376	108.25	0	108.25
317.516	118.5	0	118.5
317.656	113.25	0	113.25
317.797	99	0	99
317.937	121.25	0	121.25
318.077	108	0	108
318.218	115	0	115
318.358	109.5	0	109.5
318.498	95.75	0	95.75
318.638	92.5	0	92.5
318.779	104.25	0	104.25
318.919	110	0	110
319.059	100.5	0	100.5
319.199	107.75	0	107.75
319.34	104.5	0	104.5
319.48	96	0	96
319.62	101.25	0	101.25
319.76	92.25	0	92.25
319.9	97.25	0	97.25
320.04	91.75	0	91.75
320.18	92.25	0	92.25
320.32	102	0	102
320.461	100	0	100
320.601	97.5	0	97.5
320.741	107.25	0	107.25
320.881	90	0	90
321.021	90.75	0	90.75
321.161	92	0	92
321.301	83	0	83
321.441	89.5	0	89.5
321.581	95.75	0	95.75
321.721	90.25	0	90.25
321.861	97.75	0	97.75
322.001	100.5	0	100.5
322.141	95	0	95
322.281	91.75	0	91.75
322.421	96.5	0	96.5
322.561	94.25	0	94.25
322.7	99	0	99
322.84	89	0	89
322.98	101.25	0	101.25
323.12	89.75	0	89.75
323.26	98.5	0	98.5
323.4	88	0	88
323.54	86.25	0	86.25
323.68	93.5	0	93.5
323.819	93.25	0	93.25
323.959	81.75	0	81.75
324.099	81.25	0	81.25
324.239	110	0	110
324.379	104	0	104
324.518	93	0	93
324.658	108.75	0	108.75
324.798	89.5	0	89.5
324.937	91.25	0	91.25
325.077	97	0	97
325.217	107.75	0	107.75
325.357	97.25	0	97.25
325.496	89	0	89
325.636	100.5	0	100.5
325.776	87.25	0	87.25
325.915	96.25	0	96.25
326.055	100.5	0	100.5
326.195	86	0	86
326.334	100.5	0	100.5
326.474	100	0	100
326.613	97	0	97
326.753	91.75	0	91.75
326.892	85.25	0	85.25
327.032	93.75	0	93.75
327.172	94.75	0	94.75
327.311	99	0	99
327.451	102.25	0	102.25
327.59	94	0	94
327.73	91.75	0	91.75
327.869	101.25	0	101.25
328.009	89.25	0	89.25
328.148	85.5	0	85.5
328.288	99.25	0	99.25
328.427	87.25	0	87.25
328.566	105	0	105
328.706	85	0	85
328.845	95.5	0	95.5
328.985	94.5	0	94.5
329.124	102	0	102
329.263	112	0	112
329.403	103.25	0	103.25
329.542	102.25	0	102.25
329.681	99	0	99
329.821	102.5	0	102.5
329.96	95.25	0	95.25
330.099	114	0	114
330.239	108.5	0	108.5
330.378	86	0	86
330.517	92	0	92
330.656	105.5	0	105.5
330.796	99.75	0	99.75
330.935	108.25	0	108.25
331.074	115.25	0	115.25
331.213	109	0	109
331.352	103.5	0	103.5
331.492	102.25	0	102.25
331.631	98.5	0	98.5
331.77	104	0	104
331.909	105.25	0	105.25
332.048	95.25	0	95.25
332.187	92	0	92
332.327	101.25	0	101.25
332.466	110.75	0	110.75
332.605	101.5	0	101.5
332.744	107	0	107
332.883	106.5	0	106.5
333.022	114.5	0	114.5
333.161	110.75	0	110.75
333.3	112	0	112
333.439	109	0	109
333.578	105	0	105
333.717	105.75	0	105.75
333.856	115.75	0	115.75
333.995	109.5	0	109.5
334.134	108.75	0	108.75
334.273	98.5	0	98.5
334.412	102.25	0	102.25
334.551	121.25	0	121.25
334.69	111.5	0	111.5
334.828	94.25	0	94.25
334.967	113.5	0	113.5
335.106	98	0	98
335.245	119	0	119
335.384	124.25	0	124.25
335.523	110	0	110
335.662	117.25	0	117.25
335.8	112.75	0	112.75
335.939	118	0	118
336.078	126	0	126
336.217	115	0	115
336.356	126.5	0	126.5
336.494	118.25	0	118.25
336.633	115.25	0	115.25
336.772	116	0	116
336.911	118.75	0	118.75
337.049	123.25	0	123.25
337.188	113.5	0	113.5
337.327	114	0	114
337.465	121.75	0	121.75
337.604	119.75	0	119.75
337.743	114	0	114
337.881	117.25	0	117.25
338.02	117.25	0	117.25
338.158	115.25	0	115.25
338.297	100.75	0	100.75
338.436	120	0	120
338.574	121	0	121
338.713	117.5	0	117.5
338.851	125	0	125
338.99	130.75	0	130.75
339.128	106.75	0	106.75
339.267	124.5	0	124.5
339.405	125.5	0	125.5
339.544	144.5	0	144.5
339.682	138.25	0	138.25
339.821	154.25	0	154.25
339.959	176	0	176
340.098	178.25	0	178.25
340.236	229.5	0	229.5
340.375	320.5	0	320.5
340.513	412	0	412
340.651	569.5	0	569.5
340.79	771	0	771
340.928	991.75	0	991.75
341.067	1267	0	1267
341.205	1525.5	0	1525.5
341.343	1759	0	1759
341.482	1880	0	1880
341.62	1906.75	0	1906.75
341.758	1750	0	1750
341.897	1566	0	1566
342.035	1317	0	1317
342.173	1041.25	0	1041.25
342.311	828.25	0	828.25
342.45	609.75	0	609.75
342.588	466	0	466
342.726	370.75	0	370.75
342.864	290	0	290
343.002	222.5	0	222.5
343.141	189.25	0	189.25
343.279	170.25	0	170.25
343.417	172.25	0	172.25
343.555	152.75	0	152.75
343.693	159.75	0	159.75
343.831	154.5	0	154.5
343.969	140	0	140
344.108	140.5	0	140.5
344.246	148.25	0	148.25
344.384	158.25	0	158.25
344.522	132.75	0	132.75
344.66	137.25	0	137.25
344.798	148.75	0	148.75
344.936	148	0	148
345.074	145.5	0	145.5
345.212	143.25	0	143.25
345.35	137.5	0	137.5
345.488	132.75	0	132.75
345.626	146	0	146
345.764	142	0	142
345.902	145.5	0	145.5
346.04	142.5	0	142.5
346.178	135.75	0	135.75
346.315	147.25	0	147.25
346.453	153	0	153
346.591	151	0	151
346.729	156.75	0	156.75
346.867	134.25	0	134.25
347.005	143.5	0	143.5
347.143	149.75	0	149.75
347.28	147	0	147
347.418	150.25	0	150.25
347.556	146.5	0	146.5
347.694	137.5	0	137.5
347.832	137.75	0	137.75
347.969	158.25	0	158.25
348.107	154.5	0	154.5
348.245	146	0	146
348.382	149.25	0	149.25
348.52	163.25	0	163.25
348.658	145	0	145
348.796	165.5	0	165.5
348.933	158	0	158
349.071	152.5	0	152.5
349.209	159	0	159
349.346	150.75	0	150.75
349.484	152.25	0	152.25
349.621	159.25	0	159.25
349.759	164.75	0	164.75
349.897	158.25	0	158.25
350.034	164.25	0	164.25
350.172	167.5	0	167.5
350.309	153	0	153
350.447	151.75	0	151.75
350.584	176	0	176
350.722	157.5	0	157.5
350.859	169.75	0	169.75
350.997	167.75	0	167.75
351.134	159.75	0	159.75
351.272	175.25	0	175.25
351.409	168.25	0	168.25
351.547	172.75	0	172.75
351.684	168.75	0	168.75
351.822	175.25	0	175.25
351.959	170	0	170
352.096	173.5	0	173.5
352.234	175.25	0	175.25
352.371	161.75	0	161.75
352.508	180	0	180
352.646	167.25	0	167.25
352.783	191.25	0	191.25
352.92	169.5	0	169.5
353.058	179.25	0	179.25
353.195	168.75	0	168.75
353.332	170	0	170
353.469	180	0	180
353.607	173.25	0	173.25
353.744	179.5	0	179.5
353.881	183.25	0	183.25
354.018	201.75	0	201.75
354.156	189.5	0	189.5
354.293	182	0	182
354.43	185.75	0	185.75
354.567	188.5	0	188.5
354.704	196.75	0	196.75
354.841	194.5	0	194.5
354.979	197.5	0	197.5
355.116	190.75	0	190.75
355.253	200.25	0	200.25
355.39	199.75	0	199.75
355.527	204.25	0	204.25
355.664	182.5	0	182.5
355.801	186.75	0	186.75
355.938	193.5	0	193.5
356.075	185.25	0	185.25
356.212	179	0	179
356.349	206.25	0	206.25
356.486	211.75	0	211.75
356.623	211.75	0	211.75
356.76	228.5	0	228.5
356.897	216.5	0	216.5
357.034	217	0	217
357.171	207.75	0	207.75
357.308	214.75	0	214.75
357.445	225.25	0	225.25
357.582	219	0	219
357.718	217	0	217
357.855	223.75	0	223.75
357.992	238.75	0	238.75
358.129	234.5	0	234.5
358.266	244	0	244
358.403	241.25	0	241.25
358.539	245.75	0	245.75
358.676	250.25	0	250.25
358.813	232.25	0	232.25
358.95	224.25	0	224.25
359.086	250	0	250
359.223	240.25	0	240.25
359.36	242	0	242
359.497	252	0	252
359.633	241	0	241
359.77	261.25	0	261.25
359.907	247	0	247
360.043	251.25	0	251.25
360.18	237.5	0	237.5
360.317	236.25	0	236.25
360.453	242.5	0	242.5
360.59	227.25	0	227.25
360.727	223.5	0	223.5
360.863	233	0	233
361	219	0	219
361.136	249.5	0	249.5
361.273	242.5	0	242.5
361.409	229	0	229
361.546	237.5	0	237.5
361.682	227.25	0	227.25
361.819	235.25	0	235.25
361.955	247	0	247
362.092	233	0	233
362.228	235.5	0	235.5
362.365	228	0	228
362.501	227	0	227
362.638	229	0	229
362.774	230.25	0	230.25
362.91	232.75	0	232.75
363.047	247.25	0	247.25
363.183	224.5	0	224.5
363.319	244.25	0	244.25
363.456	239.5	0	239.5
363.592	235.75	0	235.75
363.728	230.5	0	230.5
363.865	228.5	0	228.5
364.001	229	0	229
364.137	234	0	234
364.274	232.25	0	232.25
364.41	238	0	238
364.546	230.75	0	230.75
364.682	230.75	0	230.75
364.819	234.5	0	234.5
364.955	234.5	0	234.5
365.091	233	0	233
365.227	245.25	0	245.25
365.363	238.75	0	238.75
365.499	229	0	229
365.636	235.25	0	235.25
365.772	245.25	0	245.25
365.908	228	0	228
366.044	241.25	0	241.25
366.18	233.5	0	233.5
366.316	244	0	244
366.452	235.5	0	235.5
366.588	244.25	0	244.25
366.724	234.5	0	234.5
366.86	246	0	246
366.996	261.5	0	261.5
367.132	255.5	0	255.5
367.268	242	0	242
367.404	264	0	264
367.54	245	0	245
367.676	266	0	266
367.812	241.25	0	241.25
367.948	237.75	0	237.75
368.084	251.5	0	251.5
368.22	265.75	0	265.75
368.356	247.5	0	247.5
368.492	262	0	262
368.627	248.25	0	248.25
368.763	254	0	254
368.899	264.75	0	264.75
369.035	259.5	0	259.5
369.171	253.5	0	253.5
369.306	263	0	263
369.442	248.5	0	248.5
369.578	266.75	0	266.75
369.714	255.25	0	255.25
369.85	256.5	0	256.5
369.985	254.5	0	254.5
370.121	247	0	247
370.257	255.75	0	255.75
370.392	255.5	0	255.5
370.528	259.25	0	259.25
370.664	246	0	246
370.799	261.5	0	261.5
370.935	265.75	0	265.75
371.071	267.25	0	267.25
371.206	263	0	263
371.342	260	0	260
371.477	260.5	0	260.5
371.613	255.75	0	255.75
371.749	265.5	0	265.5
371.884	262	0	262
372.02	259.25	0	259.25
372.155	252.25	0	252.25
372.291	251.25	0	251.25
372.426	251.75	0	251.75
372.562	263.25	0	263.25
372.697	249.5	0	249.5
372.833	264	0	264
372.968	257	0	257
373.103	280.75	0	280.75
373.239	241.5	0	241.5
373.374	258	0	258
373.51	255.5	0	255.5
373.645	258.25	0	258.25
373.78	272.75	0	272.75
373.916	264	0	264
374.051	257.5	0	257.5
374.186	272.5	0	272.5
374.322	259.5	0	259.5
374.457	279.25	0	279.25
374.592	271	0	271
374.728	260.5	0	260.5
374.863	264.25	0	264.25
374.998	268	0	268
375.133	253	0	253
375.268	262.25	0	262.25
375.404	265.75	0	265.75
375.539	262.5	0	262.5
375.674	284.5	0	284.5
375.809	271.25	0	271.25
375.944	270	0	270
376.08	252.25	0	252.25
376.215	273.25	0	273.25
376.35	271	0	271
376.485	263	0	263
376.62	315.75	0	315.75
376.755	275	0	275
376.89	270.5	0	270.5
377.025	305.5	0	305.5
377.16	299.75	0	299.75
377.295	313.25	0	313.25
377.43	288.75	0	288.75
377.565	300.25	0	300.25
377.7	282	0	282
377.835	296.25	0	296.25
377.97	286	0	286
378.105	283.25	0	283.25
378.24	288.5	0	288.5
378.375	297	0	297
378.51	309.5	0	309.5
378.645	282.5	0	282.5
378.78	290	0	290
378.914	291.25	0	291.25
379.049	288.75	0	288.75
379.184	301.25	0	301.25
379.319	308	0	308
379.454	313	0	313
379.589	310	0	310
379.723	311.75	0	311.75
379.858	308.5	0	308.5
379.993	321	0	321
380.128	322.75	0	322.75
380.262	304	0	304
380.397	310.25	0	310.25
380.532	328.75	0	328.75
380.666	313.75	0	313.75
380.801	305.75	0	305.75
380.936	321.75	0	321.75
381.07	327.5	0	327.5
381.205	326.25	0	326.25
381.34	340.75	0	340.75
381.474	317.25	0	317.25
381.609	330.75	0	330.75
381.744	337	0	337
381.878	341	0	341
382.013	343.25	0	343.25
382.147	324.5	0	324.5
382.282	338.75	0	338.75
382.416	357.5	0	357.5
382.551	328.75	0	328.75
382.685	338	0	338
382.82	331.5	0	331.5
382.954	354.75	0	354.75
383.089	348.5	0	348.5
383.223	340.25	0	340.25
383.357	347.25	0	347.25
383.492	348.25	0	348.25
383.626	361.75	0	361.75
383.761	366.75	0	366.75
383.895	372.5	0	372.5
384.029	358	0	358
384.164	355	0	355
384.298	362.25	0	362.25
384.432	363.75	0	363.75
384.567	350.75	0	350.75
384.701	388.25	0	388.25
384.835	367	0	367
384.97	378	0	378
385.104	379.25	0	379.25
385.238	407.75	0	407.75
385.372	371.5	0	371.5
385.506	376.25	0	376.25
385.641	368.5	0	368.5
385.775	389	0	389
385.909	384.25	0	384.25
386.043	390.5	0	390.5
386.177	403	0	403
386.311	399	0	399
386.446	396	0	396
386.58	398	0	398
386.714	411.75	0	411.75
386.848	431.25	0	431.25
386.982	394.5	0	394.5
387.116	424.25	0	424.25
387.25	417	0	417
387.384	424.75	0	424.75
387.518	426	0	426
387.652	451.5	0	451.5
387.786	423.5	0	423.5
387.92	419.25	0	419.25
388.054	421.25	0	421.25
388.188	436.75	0	436.75
388.322	440.25	0	440.25
388.456	450.5	0	450.5
388.59	451	0	451
388.723	470.5	0	470.5
388.857	459.25	0	459.25
388.991	461	0	461
389.125	465.75	0	465.75
389.259	472.75	0	472.75
389.393	478.25	0	478.25
389.526	515	0	515
389.66	494	0	494
389.794	517.25	0	517.25
389.928	500.25	0	500.25
390.062	526	0	526
390.195	552	0	552
390.329	523.25	0	523.25
390.463	538	0	538
390.596	580.5	0	580.5
390.73	602	0	602
390.864	603.25	0	603.25
390.997	592	0	592
391.131	642.25	0	642.25
391.265	634.25	0	634.25
391.398	670.25	0	670.25
391.532	677.5	0	677.5
391.665	722.25	0	722.25
391.799	740	0	740
391.933	760	0	760
392.066	776.5	0	776.5
392.2	813	0	813
392.333	870.5	0	870.5
392.467	921.25	0	921.25
392.6	968.5	0	968.5
392.734	1029.5	0	1029.5
392.867	1071.5	0	1071.5
393.001	1129	0	1129
393.134	1253	0	1253
393.267	1372.5	0	1372.5
393.401	1534.75	0	1534.75
393.534	1774.5	0	1774.5
393.668	2077	0	2077
393.801	2510.25	0	2510.25
393.934	3326.25	0	3326.25
394.068	4800.25	0	4800.25
394.201	7199.25	0	7199.25
394.334	8414.25	0	8414.25
394.468	8093.5	0	8093.5
394.601	6920.5	0	6920.5
394.734	5961	0	5961
394.867	5097.5	0	5097.5
395.001	4615.5	0	4615.5
395.134	4386	0	4386
395.267	4199.25	0	4199.25
395.4	4289.75	0	4289.75
395.533	4768.25	0	4768.25
395.667	5565	0	5565
395.8	7049.5	0	7049.5
395.933	8678.5	0	8678.5
396.066	9723.25	0	9723.25
396.199	9680	0	9680
396.332	9011	0	9011
396.465	7810.5	0	7810.5
396.598	6975.25	0	6975.25
396.732	6269	0	6269
396.865	5534	0	5534
396.998	4991.25	0	4991.25
397.131	4607.25	0	4607.25
397.264	4278.5	0	4278.5
397.397	3885.5	0	3885.5
397.53	3589.25	0	3589.25
397.663	3448	0	3448
397.796	3118	0	3118
397.928	2957.75	0	2957.75
398.061	2775	0	2775
398.194	2593	0	2593
398.327	2455.25	0	2455.25
398.46	2294.5	0	2294.5
398.593	2232.75	0	2232.75
398.726	2084	0	2084
398.859	1942.25	0	1942.25
398.991	1966.5	0	1966.5
399.124	1871.5	0	1871.5
399.257	1733.25	0	1733.25
399.39	1675.25	0	1675.25
399.523	1616.5	0	1616.5
399.655	1551	0	1551
399.788	1476.25	0	1476.25
399.921	1396.5	0	1396.5
400.054	1413.5	0	1413.5
400.186	1373.5	0	1373.5
400.319	1288.5	0	1288.5
400.452	1253.5	0	1253.5
400.584	1217.25	0	1217.25
400.717	1181.5	0	1181.5
400.85	1136.75	0	1136.75
400.982	1110	0	1110
401.115	1068.75	0	1068.75
401.247	1057	0	1057
401.38	1060.25	0	1060.25
401.513	1047.75	0	1047.75
401.645	939	0	939
401.778	957.75	0	957.75
401.91	898	0	898
402.043	917.5	0	917.5
402.175	891.25	0	891.25
402.308	864.75	0	864.75
402.44	854.75	0	854.75
402.573	827.75	0	827.75
402.705	802.25	0	802.25
402.837	779	0	779
402.97	776.25	0	776.25
403.102	775.25	0	775.25
403.235	769.75	0	769.75
403.367	748	0	748
403.499	725	0	725
403.632	714	0	714
403.764	691.5	0	691.5
403.896	674.75	0	674.75
404.029	663.5	0	663.5
404.161	637.25	0	637.25
404.293	647.5	0	647.5
404.425	655.5	0	655.5
404.558	616.75	0	616.75
404.69	631	0	631
404.822	572.5	0	572.5
404.954	587.5	0	587.5
405.086	599.75	0	599.75
405.219	604.75	0	604.75
405.351	605.5	0	605.5
405.483	582	0	582
405.615	572.75	0	572.75
405.747	568.25	0	568.25
405.879	557.75	0	557.75
406.011	552.5	0	552.5
406.143	560	0	560
406.275	515.75	0	515.75
406.407	547	0	547
406.539	546.25	0	546.25
406.672	511.25	0	511.25
406.803	517.75	0	517.75
406.935	497.25	0	497.25
407.067	517.75	0	517.75
407.199	479	0	479
407.331	474	0	474
407.463	487.75	0	487.75
407.595	474.5	0	474.5
407.727	455.75	0	455.75
407.859	459.75	0	459.75
407.991	467	0	467
408.123	444.25	0	444.25
408.255	453.75	0	453.75
408.386	459.25	0	459.25
408.518	456.25	0	456.25
408.65	437.75	0	437.75
408.782	424	0	424
408.914	439.75	0	439.75
409.045	428	0	428
409.177	427.5	0	427.5
409.309	408.25	0	408.25
409.44	423.25	0	423.25
409.572	409.75	0	409.75
409.704	398.75	0	398.75
409.836	403.25	0	403.25
409.967	393	0	393
410.099	408.5	0	408.5
410.23	401.75	0	401.75
410.362	392.25	0	392.25
410.494	373.5	0	373.5
410.625	380	0	380
410.757	385.5	0	385.5
410.888	369.25	0	369.25
411.02	384	0	384
411.152	391.25	0	391.25
411.283	363.25	0	363.25
411.415	373.25	0	373.25
411.546	391.5	0	391.5
411.677	351	0	351
411.809	365	0	365
411.94	350.5	0	350.5
412.072	342.5	0	342.5
412.203	367.75	0	367.75
412.335	370.25	0	370.25
412.466	353.5	0	353.5
412.597	360	0	360
412.729	362.25	0	362.25
412.86	358.25	0	358.25
412.991	322	0	322
413.123	352	0	352
413.254	359.5	0	359.5
413.385	338	0	338
413.517	352.5	0	352.5
413.648	338.25	0	338.25
413.779	324	0	324
413.91	325	0	325
414.042	335	0	335
414.173	348.5	0	348.5
414.304	356.5	0	356.5
414.435	342.25	0	342.25
414.566	348	0	348
414.697	349.75	0	349.75
414.828	319.75	0	319.75
414.96	328.5	0	328.5
415.091	316	0	316
415.222	331.75	0	331.75
415.353	327.75	0	327.75
415.484	321.25	0	321.25
415.615	310.25	0	310.25
415.746	323.75	0	323.75
415.877	323.75	0	323.75
416.008	320.75	0	320.75
416.139	327.5	0	327.5
416.27	296	0	296
416.401	331.25	0	331.25
416.532	310.75	0	310.75
416.663	322.75	0	322.75
416.794	314.5	0	314.5
416.925	307	0	307
417.055	316.5	0	316.5
417.186	317.25	0	317.25
417.317	333.25	0	333.25
417.448	340.25	0	340.25
417.579	312.25	0	312.25
417.71	296.75	0	296.75
417.84	309.5	0	309.5
417.971	296.5	0	296.5
418.102	322.5	0	322.5
418.233	294.5	0	294.5
418.363	308.25	0	308.25
418.494	299.75	0	299.75
418.625	314.5	0	314.5
418.756	320.75	0	320.75
418.886	311	0	311
419.017	316	0	316
419.148	285.25	0	285.25
419.278	299.75	0	299.75
419.409	285.25	0	285.25
419.539	302	0	302
419.67	309.25	0	309.25
419.801	298.5	0	298.5
419.931	308.75	0	308.75
420.062	299	0	299
420.192	314.25	0	314.25
420.323	287	0	287
420.453	305.5	0	305.5
420.584	320.75	0	320.75
420.714	287.25	0	287.25
420.845	293.5	0	293.5
420.975	287.75	0	287.75
421.106	304.75	0	304.75
421.236	277.75	0	277.75
421.366	297.5	0	297.5
421.497	302	0	302
421.627	293.75	0	293.75
421.757	303.25	0	303.25
421.888	312.25	0	312.25
422.018	308	0	308
422.148	281	0	281
422.279	304.25	0	304.25
422.409	301	0	301
422.539	329	0	329
422.67	308.5	0	308.5
422.8	283.75	0	283.75
422.93	302	0	302
423.06	314.75	0	314.75
423.19	289.5	0	289.5
423.321	285.5	0	285.5
423.451	284.75	0	284.75
423.581	286.25	0	286.25
423.711	286.75	0	286.75
423.841	287.5	0	287.5
423.971	293.75	0	293.75
424.101	290.25	0	290.25
424.231	287	0	287
424.361	294.25	0	294.25
424.492	281.25	0	281.25
424.622	281.75	0	281.75
424.752	287.5	0	287.5
424.882	284.25	0	284.25
425.012	284	0	284
425.142	278.5	0	278.5
425.271	263.75	0	263.75
425.401	277	0	277
425.531	284.5	0	284.5
425.661	271.75	0	271.75
425.791	273.75	0	273.75
425.921	300.25	0	300.25
426.051	272	0	272
426.181	273.5	0	273.5
426.311	284.25	0	284.25
426.44	297.75	0	297.75
426.57	277.5	0	277.5
426.7	268.75	0	268.75
426.83	284.75	0	284.75
426.96	283	0	283
427.089	279.25	0	279.25
427.219	265	0	265
427.349	273.25	0	273.25
427.479	274.75	0	274.75
427.608	254.5	0	254.5
427.738	271.5	0	271.5
427.868	264.5	0	264.5
427.997	274	0	274
428.127	258.75	0	258.75
428.256	266	0	266
428.386	273.75	0	273.75
428.516	277.5	0	277.5
428.645	261	0	261
428.775	283.75	0	283.75
428.904	255.5	0	255.5
429.034	266.75	0	266.75
429.163	262.25	0	262.25
429.293	241.75	0	241.75
429.422	236.75	0	236.75
429.552	255	0	255
429.681	253.25	0	253.25
429.811	269.5	0	269.5
429.94	274.75	0	274.75
430.069	257.25	0	257.25
430.199	252.5	0	252.5
430.328	249	0	249
430.458	245.25	0	245.25
430.587	254.25	0	254.25
430.716	243	0	243
430.846	242.5	0	242.5
430.975	254.5	0	254.5
431.104	245.5	0	245.5
431.233	257	0	257
431.363	235.75	0	235.75
431.492	258.75	0	258.75
431.621	255.5	0	255.5
431.75	240.75	0	240.75
431.88	236.75	0	236.75
432.009	257.75	0	257.75
432.138	230.25	0	230.25
432.267	260.25	0	260.25
432.396	230.75	0	230.75
432.525	232.75	0	232.75
432.654	249.75	0	249.75
432.784	250	0	250
432.913	227.5	0	227.5
433.042	240.75	0	240.75
433.171	254.25	0	254.25
433.3	244.25	0	244.25
433.429	249.75	0	249.75
433.558	255.75	0	255.75
433.687	246.25	0	246.25
433.816	222.5	0	222.5
433.945	247.5	0	247.5
434.074	240.25	0	240.25
434.203	247.25	0	247.25
434.332	250.5	0	250.5
434.46	232.5	0	232.5
434.589	236.25	0	236.25
434.718	238.5	0	238.5
434.847	233.5	0	233.5
434.976	253	0	253
435.105	251.75	0	251.75
435.233	252.5	0	252.5
435.362	258.75	0	258.75
435.491	253	0	253
435.62	238.5	0	238.5
435.749	242.75	0	242.75
435.877	244.25	0	244.25
436.006	244.25	0	244.25
436.135	238	0	238
436.263	255.5	0	255.5
436.392	244.75	0	244.75
436.521	249.5	0	249.5
436.649	236	0	236
436.778	265.75	0	265.75
436.907	229.25	0	229.25
437.035	249.75	0	249.75
437.164	239.75	0	239.75
437.292	262.25	0	262.25
437.421	242.25	0	242.25
437.549	250	0	250
437.678	238.75	0	238.75
437.806	258.75	0	258.75
437.935	236.5	0	236.5
438.063	255	0	255
438.192	238	0	238
438.32	258.25	0	258.25
438.449	244.75	0	244.75
438.577	242.5	0	242.5
438.706	234.5	0	234.5
438.834	239.75	0	239.75
438.962	234.5	0	234.5
439.091	243.25	0	243.25
439.219	259.75	0	259.75
439.347	250.5	0	250.5
439.476	254.25	0	254.25
439.604	233.5	0	233.5
439.732	258	0	258
439.86	246.75	0	246.75
439.989	233.25	0	233.25
440.117	245.5	0	245.5
440.245	244.75	0	244.75
440.373	247.25	0	247.25
440.501	249.75	0	249.75
440.63	245	0	245
440.758	227.25	0	227.25
440.886	239.25	0	239.25
441.014	246.5	0	246.5
441.142	228.75	0	228.75
441.27	254	0	254
441.398	245.5	0	245.5
441.526	248.5	0	248.5
441.654	251.5	0	251.5
441.782	244.75	0	244.75
441.91	244.75	0	244.75
442.038	242.25	0	242.25
442.166	254	0	254
442.294	250.25	0	250.25
442.422	231.75	0	231.75
442.55	235.25	0	235.25
442.678	250	0	250
442.806	247	0	247
442.934	234.5	0	234.5
443.062	225.25	0	225.25
443.19	243.5	0	243.5
443.318	236.5	0	236.5
443.445	225.25	0	225.25
443.573	253.25	0	253.25
443.701	243	0	243
443.829	240.25	0	240.25
443.957	248	0	248
444.084	241	0	241
444.212	243	0	243
444.34	235	0	235
444.467	241.5	0	241.5
444.595	260.5	0	260.5
444.723	258.25	0	258.25
444.85	259	0	259
444.978	250.25	0	250.25
445.106	225.75	0	225.75
445.233	246	0	246
445.361	230.5	0	230.5
445.489	239.75	0	239.75
445.616	240.5	0	240.5
445.744	239.25	0	239.25
445.871	215.5	0	215.5
445.999	245.5	0	245.5
446.126	248.75	0	248.75
446.254	251.5	0	251.5
446.381	234	0	234
446.509	244.5	0	244.5
446.636	236.25	0	236.25
446.764	231.75	0	231.75
446.891	276.75	0	276.75
447.018	282.75	0	282.75
447.146	253.75	0	253.75
447.273	275.5	0	275.5
447.4	263.25	0	263.25
447.528	274.25	0	274.25
447.655	288.25	0	288.25
447.782	261.75	0	261.75
447.91	245.75	0	245.75
448.037	264	0	264
448.164	288.5	0	288.5
448.291	279.5	0	279.5
448.419	274.25	0	274.25
448.546	250.75	0	250.75
448.673	247	0	247
448.8	269	0	269
448.927	239.75	0	239.75
449.055	263	0	263
449.182	268.25	0	268.25
449.309	314.75	0	314.75
449.436	321	0	321
449.563	322.75	0	322.75
449.69	308.5	0	308.5
449.817	307	0	307
449.944	285.25	0	285.25
450.071	327.75	0	327.75
450.198	290.75	0	290.75
450.325	315	0	315
450.452	283	0	283
450.579	282	0	282
450.706	275.75	0	275.75
450.833	304.75	0	304.75
450.96	283	0	283
451.087	279.75	0	279.75
451.214	285.5	0	285.5
451.341	265.25	0	265.25
451.467	309.25	0	309.25
451.594	361.75	0	361.75
451.721	337.25	0	337.25
451.848	324	0	324
451.975	305.5	0	305.5
452.101	315.5	0	315.5
452.228	314.75	0	314.75
452.355	311	0	311
452.482	302	0	302
452.608	275	0	275
452.735	295.75	0	295.75
452.862	257.25	0	257.25
452.988	297	0	297
453.115	285.75	0	285.75
453.242	280.5	0	280.5
453.368	289.25	0	289.25
453.495	298	0	298
453.621	342.75	0	342.75
453.748	340.75	0	340.75
453.875	312.5	0	312.5
454.001	332	0	332
454.128	309.25	0	309.25
454.254	328.75	0	328.75
454.381	313.25	0	313.25
454.507	287.25	0	287.25
454.633	315.75	0	315.75
454.76	285	0	285
454.886	300.25	0	300.25
455.013	293	0	293
455.139	282.5	0	282.5
455.266	293.25	0	293.25
455.392	293.25	0	293.25
455.518	280	0	280
455.645	329.25	0	329.25
455.771	301.75	0	301.75
455.897	299.5	0	299.5
456.023	298.5	0	298.5
456.15	301.25	0	301.25
456.276	298.75	0	298.75
456.402	296.25	0	296.25
456.528	324.75	0	324.75
456.655	308.5	0	308.5
456.781	293.5	0	293.5
456.907	283	0	283
457.033	265.5	0	265.5
457.159	285.25	0	285.25
457.285	284.25	0	284.25
457.411	278.5	0	278.5
457.538	296	0	296
457.664	283.5	0	283.5
457.79	287.5	0	287.5
457.916	295.5	0	295.5
458.042	264.25	0	264.25
458.168	271.25	0	271.25
458.294	272.25	0	272.25
458.42	264.5	0	264.5
458.546	282.75	0	282.75
458.672	277.5	0	277.5
458.798	244.5	0	244.5
458.924	279	0	279
459.049	240.75	0	240.75
459.175	268.75	0	268.75
459.301	297.75	0	297.75
459.427	286	0	286
459.553	262.5	0	262.5
459.679	252.25	0	252.25
459.805	274.75	0	274.75
459.93	279.75	0	279.75
460.056	274.5	0	274.5
460.182	269	0	269
460.308	253	0	253
460.433	278.25	0	278.25
460.559	266.75	0	266.75
460.685	264.5	0	264.5
460.81	263	0	263
460.936	278.75	0	278.75
461.062	257	0	257
461.187	267.25	0	267.25
461.313	259.75	0	259.75
461.439	262.25	0	262.25
461.564	255.75	0	255.75
461.69	262.25	0	262.25
461.815	246.5	0	246.5
461.941	247.25	0	247.25
462.066	258	0	258
462.192	247.25	0	247.25
462.317	255	0	255
462.443	265	0	265
462.568	264	0	264
462.694	260.25	0	260.25
462.819	252.5	0	252.5
462.944	228.25	0	228.25
463.07	234.5	0	234.5
463.195	252.75	0	252.75
463.321	252	0	252
463.446	253.5	0	253.5
463.571	221	0	221
463.697	231.5	0	231.5
463.822	246.25	0	246.25
463.947	249.25	0	249.25
464.072	252.25	0	252.25
464.198	247.25	0	247.25
464.323	249.75	0	249.75
464.448	256	0	256
464.573	271.5	0	271.5
464.698	480	0	480
464.824	530	0	530
464.949	424.75	0	424.75
465.074	401	0	401
465.199	413	0	413
465.324	411	0	411
465.449	392.25	0	392.25
465.574	365.25	0	365.25
465.699	379.25	0	379.25
465.824	375.5	0	375.5
465.949	370.25	0	370.25
466.074	388	0	388
466.199	382	0	382
466.324	369.5	0	369.5
466.449	382.5	0	382.5
466.574	366	0	366
466.699	356.25	0	356.25
466.824	372	0	372
466.949	360.5	0	360.5
467.074	607.75	0	607.75
467.199	575.75	0	575.75
467.323	524.5	0	524.5
467.448	488.25	0	488.25
467.573	484.75	0	484.75
467.698	471.25	0	471.25
467.823	465.75	0	465.75
467.947	475	0	475
468.072	484.5	0	484.5
468.197	480.25	0	480.25
468.322	441.5	0	441.5
468.446	472.25	0	472.25
468.571	466.5	0	466.5
468.696	419.5	0	419.5
468.82	442	0	442
468.945	447.5	0	447.5
469.069	413.5	0	413.5
469.194	437.5	0	437.5
469.319	547.75	0	547.75
469.443	606.75	0	606.75
469.568	530.25	0	530.25
469.692	519.5	0	519.5
469.817	476.75	0	476.75
469.941	497.75	0	497.75
470.066	487.75	0	487.75
470.19	486	0	486
470.315	491.25	0	491.25
470.439	478.75	0	478.75
470.563	496.75	0	496.75
470.688	449.25	0	449.25
470.812	456.5	0	456.5
470.937	449	0	449
471.061	423.25	0	423.25
471.185	444.75	0	444.75
471.31	436.5	0	436.5
471.434	520	0	520
471.558	555	0	555
471.682	514	0	514
471.807	455.75	0	455.75
471.931	453.5	0	453.5
472.055	446.5	0	446.5
472.179	462.25	0	462.25
472.303	441	0	441
472.428	443.75	0	443.75
472.552	430.25	0	430.25
472.676	440	0	440
472.8	413.5	0	413.5
472.924	410.25	0	410.25
473.048	415.75	0	415.75
473.172	408.5	0	408.5
473.296	419	0	419
473.42	449.5	0	449.5
473.544	476	0	476
473.668	421.25	0	421.25
473.792	419.25	0	419.25
473.916	438.25	0	438.25
474.04	417.25	0	417.25
474.164	417.75	0	417.75
474.288	397.5	0	397.5
474.412	388.5	0	388.5
474.536	372	0	372
474.66	389.5	0	389.5
474.784	360.25	0	360.25
474.908	388	0	388
475.031	365.25	0	365.25
475.155	388.25	0	388.25
475.279	412.25	0	412.25
475.403	407	0	407
475.526	401	0	401
475.65	378.5	0	378.5
475.774	373	0	373
475.898	378	0	378
476.021	363	0	363
476.145	365.75	0	365.75
476.269	343.25	0	343.25
476.392	356.25	0	356.25
476.516	361	0	361
476.64	338.25	0	338.25
476.763	343.25	0	343.25
476.887	361	0	361
477.01	353.5	0	353.5
477.134	362.25	0	362.25
477.257	353.5	0	353.5
477.381	348	0	348
477.504	317	0	317
477.628	359	0	359
477.751	313	0	313
477.875	347.5	0	347.5
477.998	306.5	0	306.5
478.122	315.75	0	315.75
478.245	321	0	321
478.368	315.25	0	315.25
478.492	289.75	0	289.75
478.615	323	0	323
478.738	318.25	0	318.25
478.862	318.75	0	318.75
478.985	316.5	0	316.5
479.108	304.25	0	304.25
479.231	309.5	0	309.5
479.355	324.5	0	324.5
479.478	310.25	0	310.25
479.601	309	0	309
479.724	305.5	0	305.5
479.848	301.5	0	301.5
479.971	290.25	0	290.25
480.094	285.5	0	285.5
480.217	306	0	306
480.34	282.5	0	282.5
480.463	284.75	0	284.75
480.586	284.5	0	284.5
480.709	292.25	0	292.25
480.832	283.75	0	283.75
480.955	292.25	0	292.25
481.078	283.75	0	283.75
481.201	269.25	0	269.25
481.324	268	0	268
481.447	281.25	0	281.25
481.57	282.5	0	282.5
481.693	286.25	0	286.25
481.816	273.5	0	273.5
481.939	261	0	261
482.062	264	0	264
482.185	275.25	0	275.25
482.307	272.5	0	272.5
482.43	272.75	0	272.75
482.553	265.25	0	265.25
482.676	273.5	0	273.5
482.799	272	0	272
482.921	262.25	0	262.25
483.044	285.25	0	285.25
483.167	259.5	0	259.5
483.29	272.5	0	272.5
483.412	274	0	274
483.535	280.5	0	280.5
483.658	262	0	262
483.78	260	0	260
483.903	282.75	0	282.75
484.025	589.75	0	589.75
484.148	1889.75	0	1889.75
484.271	1445.25	0	1445.25
484.393	1154.5	0	1154.5
484.516	1064.25	0	1064.25
484.638	1019.25	0	1019.25
484.761	1012.75	0	1012.75
484.883	995	0	995
485.006	996.5	0	996.5
485.128	938	0	938
485.251	897.5	0	897.5
485.373	876.75	0	876.75
485.495	848.25	0	848.25
485.618	831.25	0	831.25
485.74	809.75	0	809.75
485.863	781.25	0	781.25
485.985	805.25	0	805.25
486.107	784	0	784
486.229	745	0	745
486.352	713.25	0	713.25
486.474	947	0	947
486.596	1218.5	0	1218.5
486.719	1022.75	0	1022.75
486.841	943	0	943
486.963	905	0	905
487.085	872	0	872
487.207	851	0	851
487.329	819.25	0	819.25
487.452	843.25	0	843.25
487.574	790	0	790
487.696	798.25	0	798.25
487.818	728.5	0	728.5
487.94	765.5	0	765.5
488.062	726.5	0	726.5
488.184	705.25	0	705.25
488.306	692	0	692
488.428	682.5	0	682.5
488.55	681.25	0	681.25
488.672	678.5	0	678.5
488.794	773.5	0	773.5
488.916	762.75	0	762.75
489.038	660.25	0	660.25
489.16	679	0	679
489.281	681.25	0	681.25
489.403	656	0	656
489.525	629.75	0	629.75
489.647	611.5	0	611.5
489.769	606.5	0	606.5
489.891	584	0	584
490.012	578.5	0	578.5
490.134	555.25	0	555.25
490.256	564.75	0	564.75
490.378	561.5	0	561.5
490.499	509.5	0	509.5
490.621	517.5	0	517.5
490.743	509.5	0	509.5
490.864	513.75	0	513.75
490.986	529.25	0	529.25
491.108	509	0	509
491.229	458.25	0	458.25
491.351	473.5	0	473.5
491.472	469.75	0	469.75
491.594	462	0	462
491.715	441	0	441
491.837	461.5	0	461.5
491.958	431.75	0	431.75
492.08	419.75	0	419.75
492.201	424	0	424
492.323	440.25	0	440.25
492.444	403.25	0	403.25
492.566	401.25	0	401.25
492.687	406.75	0	406.75
492.808	387.75	0	387.75
492.93	378	0	378
493.051	398	0	398
493.172	386.5	0	386.5
493.294	340.75	0	340.75
493.415	383.75	0	383.75
493.536	355.25	0	355.25
493.658	340	0	340
493.779	353.5	0	353.5
493.9	323.75	0	323.75
494.021	326.25	0	326.25
494.143	320	0	320
494.264	346.75	0	346.75
494.385	322.25	0	322.25
494.506	333.75	0	333.75
494.627	297	0	297
494.748	337.75	0	337.75
494.869	322.25	0	322.25
494.99	296	0	296
495.111	327.75	0	327.75
495.232	298.25	0	298.25
495.353	294.75	0	294.75
495.475	287	0	287
495.595	293	0	293
495.716	293.25	0	293.25
495.837	288	0	288
495.958	304.75	0	304.75
496.079	273	0	273
496.2	271.75	0	271.75
496.321	266.5	0	266.5
496.442	273.75	0	273.75
496.563	274.75	0	274.75
496.684	270.25	0	270.25
496.804	277.25	0	277.25
496.925	260.5	0	260.5
497.046	265.25	0	265.25
497.167	266.75	0	266.75
497.287	259.5	0	259.5
497.408	251	0	251
497.529	249.75	0	249.75
497.65	249	0	249
497.77	226.25	0	226.25
497.891	254.5	0	254.5
498.012	256	0	256
498.132	279.25	0	279.25
498.253	243	0	243
498.373	271	0	271
498.494	238.75	0	238.75
498.614	263.75	0	263.75
498.735	225	0	225
498.856	235.75	0	235.75
498.976	224	0	224
499.096	249.75	0	249.75
499.217	225.25	0	225.25
499.337	259.75	0	259.75
499.458	238.75	0	238.75
499.578	252.75	0	252.75
499.699	238.25	0	238.25
499.819	245	0	245
499.939	216.75	0	216.75
500.06	240.75	0	240.75
500.18	218.25	0	218.25
500.3	253.5	0	253.5
500.421	224.5	0	224.5
500.541	232.75	0	232.75
500.661	229.75	0	229.75
500.781	240.5	0	240.5
500.902	241.25	0	241.25
501.022	244	0	244
501.142	218.75	0	218.75
501.262	230.75	0	230.75
501.382	211.75	0	211.75
501.502	215.5	0	215.5
501.623	213.5	0	213.5
501.743	233.75	0	233.75
501.863	231.75	0	231.75
501.983	209.75	0	209.75
502.103	220.25	0	220.25
502.223	215	0	215
502.343	216.75	0	216.75
502.463	224.25	0	224.25
502.583	219.25	0	219.25
502.703	224	0	224
502.823	213.5	0	213.5
502.943	216.75	0	216.75
503.063	208	0	208
503.182	209	0	209
503.302	202.5	0	202.5
503.422	226	0	226
503.542	210.75	0	210.75
503.662	202.25	0	202.25
503.782	202.5	0	202.5
503.901	217	0	217
504.021	208	0	208
504.141	208.75	0	208.75
504.261	212	0	212
504.38	201.5	0	201.5
504.5	222.5	0	222.5
504.62	223.25	0	223.25
504.739	205.75	0	205.75
504.859	210.25	0	210.25
504.979	207.25	0	207.25
505.098	213.5	0	213.5
505.218	202.5	0	202.5
505.338	202.25	0	202.25
505.457	222.5	0	222.5
505.577	211	0	211
505.696	197.75	0	197.75
505.816	209.5	0	209.5
505.935	207	0	207
506.055	203	0	203
506.174	203	0	203
506.293	198.75	0	198.75
506.413	198.25	0	198.25
506.532	210.25	0	210.25
506.652	199	0	199
506.771	212.25	0	212.25
506.89	200.75	0	200.75
507.01	211.5	0	211.5
507.129	206	0	206
507.248	207.25	0	207.25
507.368	207.5	0	207.5
507.487	205.75	0	205.75
507.606	198.25	0	198.25
507.725	275.75	0	275.75
507.844	715.5	0	715.5
507.964	576.5	0	576.5
508.083	443.75	0	443.75
508.202	404.5	0	404.5
508.321	386.75	0	386.75
508.44	385	0	385
508.559	350.75	0	350.75
508.678	366.25	0	366.25
508.797	366.25	0	366.25
508.916	351.75	0	351.75
509.035	359.5	0	359.5
509.154	347.25	0	347.25
509.273	355.5	0	355.5
509.392	332.5	0	332.5
509.511	347.75	0	347.75
509.63	339.5	0	339.5
509.749	332	0	332
509.868	340	0	340
509.987	356.75	0	356.75
510.106	811.75	0	811.75
510.225	732.25	0	732.25
510.344	577.25	0	577.25
510.462	532	0	532
510.581	544.25	0	544.25
510.7	519.25	0	519.25
510.819	510	0	510
510.937	487.5	0	487.5
511.056	493.25	0	493.25
511.175	493.5	0	493.5
511.294	476	0	476
511.412	499.5	0	499.5
511.531	527.5	0	527.5
511.649	501.5	0	501.5
511.768	522.5	0	522.5
511.887	497	0	497
512.005	522	0	522
512.124	529.75	0	529.75
512.242	886	0	886
512.361	780.25	0	780.25
512.479	696.25	0	696.25
512.598	622.5	0	622.5
512.716	624.75	0	624.75
512.835	604.5	0	604.5
512.953	618	0	618
513.072	565.5	0	565.5
513.19	577.5	0	577.5
513.308	548.25	0	548.25
513.427	532	0	532
513.545	512.5	0	512.5
513.664	514.5	0	514.5
513.782	514.25	0	514.25
513.9	498.5	0	498.5
514.018	496.5	0	496.5
514.137	616	0	616
514.255	747.25	0	747.25
514.373	601	0	601
514.491	547.25	0	547.25
514.609	529.5	0	529.5
514.728	512.5	0	512.5
514.846	479	0	479
514.964	489.5	0	489.5
515.082	465	0	465
515.2	461.25	0	461.25
515.318	470	0	470
515.436	445.5	0	445.5
515.554	429.5	0	429.5
515.672	445	0	445
515.79	459	0	459
515.908	481.5	0	481.5
516.026	604.5	0	604.5
516.144	522.75	0	522.75
516.262	482.25	0	482.25
516.38	461.5	0	461.5
516.498	448	0	448
516.616	423.75	0	423.75
516.734	437.75	0	437.75
516.852	431	0	431
516.969	407.5	0	407.5
517.087	397.5	0	397.5
517.205	401.25	0	401.25
517.323	394.25	0	394.25
517.44	392.75	0	392.75
517.558	440.75	0	440.75
517.676	500.5	0	500.5
517.794	433.5	0	433.5
517.911	408.5	0	408.5
518.029	397.25	0	397.25
518.147	366.25	0	366.25
518.264	362.75	0	362.75
518.382	384.5	0	384.5
518.5	360.75	0	360.75
518.617	338.5	0	338.5
518.735	332	0	332
518.852	343.75	0	343.75
518.97	376.75	0	376.75
519.087	435.25	0	435.25
519.205	369.75	0	369.75
519.322	353.25	0	353.25
519.44	331.75	0	331.75
519.557	339.75	0	339.75
519.674	332	0	332
519.792	319.25	0	319.25
519.909	301	0	301
520.026	305.25	0	305.25
520.144	329.75	0	329.75
520.261	342.25	0	342.25
520.378	335	0	335
520.496	300.75	0	300.75
520.613	279	0	279
520.73	282.75	0	282.75
520.847	287.5	0	287.5
520.965	317.25	0	317.25
521.082	289.75	0	289.75
521.199	297.75	0	297.75
521.316	280.25	0	280.25
521.433	283.5	0	283.5
521.55	291.5	0	291.5
521.667	293.25	0	293.25
521.785	290.25	0	290.25
521.902	269	0	269
522.019	276.75	0	276.75
522.136	278.5	0	278.5
522.253	274	0	274
522.37	257	0	257
522.487	279.5	0	279.5
522.604	267.25	0	267.25
522.721	260.75	0	260.75
522.838	242.25	0	242.25
522.954	231	0	231
523.071	249.5	0	249.5
523.188	241	0	241
523.305	238.75	0	238.75
523.422	229	0	229
523.539	249.25	0	249.25
523.655	224.25	0	224.25
523.772	236.25	0	236.25
523.889	231.25	0	231.25
524.006	238.75	0	238.75
524.122	230	0	230
524.239	220.5	0	220.5
524.356	223	0	223
524.472	232.5	0	232.5
524.589	242.75	0	242.75
524.706	235.25	0	235.25
524.822	217.75	0	217.75
524.939	208.25	0	208.25
525.055	201.75	0	201.75
525.172	213.25	0	213.25
525.289	211	0	211
525.405	214.75	0	214.75
525.522	215	0	215
525.638	213.75	0	213.75
525.754	193	0	193
525.871	204.75	0	204.75
525.987	208.25	0	208.25
526.104	220.25	0	220.25
526.22	177.75	0	177.75
526.336	211.25	0	211.25
526.453	196.25	0	196.25
526.569	208	0	208
526.685	203	0	203
526.802	204.25	0	204.25
526.918	191.5	0	191.5
527.034	201.5	0	201.5
527.151	198.5	0	198.5
527.267	192.25	0	192.25
527.383	194.5	0	194.5
527.499	192	0	192
527.615	183.75	0	183.75
527.732	177	0	177
527.848	177	0	177
527.964	190.5	0	190.5
528.08	179	0	179
528.196	173.75	0	173.75
528.312	173.5	0	173.5
528.428	172.75	0	172.75
528.544	167.75	0	167.75
528.66	182.25	0	182.25
528.776	178.25	0	178.25
528.892	173.5	0	173.5
529.008	162.25	0	162.25
529.124	169.25	0	169.25
529.24	163	0	163
529.356	169.5	0	169.5
529.471	163.25	0	163.25
529.587	159.5	0	159.5
529.703	176.5	0	176.5
529.819	177.75	0	177.75
529.935	161.75	0	161.75
530.05	163.5	0	163.5
530.166	165.75	0	165.75
530.282	171.5	0	171.5
530.398	145.75	0	145.75
530.513	155.75	0	155.75
530.629	157.75	0	157.75
530.745	156.75	0	156.75
530.86	161.75	0	161.75
530.976	171.75	0	171.75
531.092	152.25	0	152.25
531.207	152.75	0	152.75
531.323	170.75	0	170.75
531.438	169.75	0	169.75
531.554	161.25	0	161.25
531.669	154.5	0	154.5
531.785	150.25	0	150.25
531.9	163.25	0	163.25
532.016	151.25	0	151.25
532.131	163.5	0	163.5
532.247	155.75	0	155.75
532.362	160	0	160
532.477	159.5	0	159.5
532.593	173	0	173
532.708	156.25	0	156.25
532.823	165.75	0	165.75
532.939	150.5	0	150.5
533.054	156.5	0	156.5
533.169	152.5	0	152.5
533.285	149.5	0	149.5
533.4	148.25	0	148.25
533.515	183.5	0	183.5
533.63	205.75	0	205.75
533.745	200.5	0	200.5
533.861	155.25	0	155.25
533.976	166	0	166
534.091	160.75	0	160.75
534.206	174.75	0	174.75
534.321	173.75	0	173.75
534.436	169.5	0	169.5
534.551	158	0	158
534.666	168.25	0	168.25
534.781	166.75	0	166.75
534.896	154.75	0	154.75
535.011	157.75	0	157.75
535.126	155.25	0	155.25
535.241	148.5	0	148.5
535.356	155.25	0	155.25
535.471	150.25	0	150.25
535.586	196.25	0	196.25
535.701	234	0	234
535.815	220	0	220
535.93	200	0	200
536.045	193	0	193
536.16	179.5	0	179.5