Lambda	Spectrum	Dark	SpecMinusDark
268.175	246.75	0	246.75
268.319	216.5	0	216.5
268.463	234.25	0	234.25
268.607	205.5	0	205.5
268.751	209.75	0	209.75
268.895	226.75	0	226.75
269.039	199.75	0	199.75
269.183	172.5	0	172.5
269.327	189.75	0	189.75
269.47	194.25	0	194.25
269.614	172.75	0	172.75
269.758	180.25	0	180.25
269.902	201.75	0	201.75
270.046	194.75	0	194.75
270.19	188.5	0	188.5
270.334	170.75	0	170.75
270.477	181	0	181
270.621	146.25	0	146.25
270.765	178.75	0	178.75
270.909	160.75	0	160.75
271.053	167.25	0	167.25
271.196	163	0	163
271.34	174.5	0	174.5
271.484	159.25	0	159.25
271.628	158.25	0	158.25
271.771	181.5	0	181.5
271.915	157.5	0	157.5
272.059	169.25	0	169.25
272.202	171.5	0	171.5
272.346	170.5	0	170.5
272.49	148.75	0	148.75
272.634	149.25	0	149.25
272.777	163.5	0	163.5
272.921	173.25	0	173.25
273.064	166.25	0	166.25
273.208	167.75	0	167.75
273.352	167	0	167
273.495	175.75	0	175.75
273.639	178	0	178
273.783	176	0	176
273.926	165.75	0	165.75
274.07	201	0	201
274.213	206.75	0	206.75
274.357	249	0	249
274.5	300.5	0	300.5
274.644	357.75	0	357.75
274.787	388.5	0	388.5
274.931	346.75	0	346.75
275.074	297	0	297
275.218	241.75	0	241.75
275.361	225.75	0	225.75
275.505	226.75	0	226.75
275.648	205.25	0	205.25
275.792	203	0	203
275.935	209.75	0	209.75
276.079	202.25	0	202.25
276.222	197.75	0	197.75
276.366	197.5	0	197.5
276.509	190.5	0	190.5
276.652	185.25	0	185.25
276.796	199	0	199
276.939	184.75	0	184.75
277.082	189.75	0	189.75
277.226	184.75	0	184.75
277.369	176	0	176
277.513	194	0	194
277.656	185.25	0	185.25
277.799	194.75	0	194.75
277.942	192.25	0	192.25
278.086	186.5	0	186.5
278.229	182	0	182
278.372	204.5	0	204.5
278.516	204.75	0	204.75
278.659	204	0	204
278.802	188.25	0	188.25
278.945	183	0	183
279.089	194.75	0	194.75
279.232	194.75	0	194.75
279.375	205	0	205
279.518	207.5	0	207.5
279.661	221	0	221
279.805	191.25	0	191.25
279.948	207.25	0	207.25
280.091	199.5	0	199.5
280.234	213.25	0	213.25
280.377	200	0	200
280.52	209	0	209
280.663	202	0	202
280.806	212.25	0	212.25
280.95	203	0	203
281.093	205.5	0	205.5
281.236	207	0	207
281.379	208	0	208
281.522	210	0	210
281.665	213.5	0	213.5
281.808	218.75	0	218.75
281.951	210	0	210
282.094	233	0	233
282.237	228	0	228
282.38	221.25	0	221.25
282.523	221.75	0	221.75
282.666	241.5	0	241.5
282.809	225	0	225
282.952	228.5	0	228.5
283.095	242	0	242
283.238	236.25	0	236.25
283.381	238.75	0	238.75
283.523	233.5	0	233.5
283.666	244.25	0	244.25
283.809	228.5	0	228.5
283.952	229.5	0	229.5
284.095	245.75	0	245.75
284.238	251.25	0	251.25
284.381	225.5	0	225.5
284.524	252.75	0	252.75
284.666	254.25	0	254.25
284.809	266.25	0	266.25
284.952	244	0	244
285.095	261.75	0	261.75
285.238	261.25	0	261.25
285.38	254	0	254
285.523	250.5	0	250.5
285.666	281	0	281
285.809	262.25	0	262.25
285.951	272.5	0	272.5
286.094	272.5	0	272.5
286.237	277.25	0	277.25
286.38	252.5	0	252.5
286.522	272.5	0	272.5
286.665	261.25	0	261.25
286.808	273.75	0	273.75
286.95	266.5	0	266.5
287.093	280.75	0	280.75
287.236	289.25	0	289.25
287.378	298	0	298
287.521	288.75	0	288.75
287.663	304.75	0	304.75
287.806	317.75	0	317.75
287.949	317	0	317
288.091	367	0	367
288.234	434.25	0	434.25
288.376	396.75	0	396.75
288.519	361.75	0	361.75
288.661	368.5	0	368.5
288.804	371.5	0	371.5
288.946	374.5	0	374.5
289.089	386.75	0	386.75
289.231	362.25	0	362.25
289.374	376.75	0	376.75
289.516	366.75	0	366.75
289.659	395.75	0	395.75
289.801	377.75	0	377.75
289.944	388.5	0	388.5
290.086	388.75	0	388.75
290.229	412.25	0	412.25
290.371	414.25	0	414.25
290.513	444.25	0	444.25
290.656	415.75	0	415.75
290.798	420.25	0	420.25
290.941	408	0	408
291.083	390	0	390
291.225	418	0	418
291.368	415.25	0	415.25
291.51	403	0	403
291.652	376	0	376
291.795	390	0	390
291.937	394.5	0	394.5
292.079	380.5	0	380.5
292.221	408.5	0	408.5
292.364	407	0	407
292.506	409.5	0	409.5
292.648	403.75	0	403.75
292.79	453.25	0	453.25
292.933	463.75	0	463.75
293.075	448.5	0	448.5
293.217	471.75	0	471.75
293.359	450.25	0	450.25
293.502	426	0	426
293.644	411.25	0	411.25
293.786	413.25	0	413.25
293.928	384.75	0	384.75
294.07	390.5	0	390.5
294.212	385	0	385
294.354	380.5	0	380.5
294.497	389.5	0	389.5
294.639	378.75	0	378.75
294.781	374.75	0	374.75
294.923	380.5	0	380.5
295.065	390.25	0	390.25
295.207	385.25	0	385.25
295.349	378.25	0	378.25
295.491	406.25	0	406.25
295.633	422.75	0	422.75
295.775	403.5	0	403.5
295.917	407.5	0	407.5
296.059	391.5	0	391.5
296.201	394.5	0	394.5
296.343	408.25	0	408.25
296.485	422.25	0	422.25
296.627	376.25	0	376.25
296.769	407.25	0	407.25
296.911	400.75	0	400.75
297.053	449	0	449
297.195	421	0	421
297.337	413.5	0	413.5
297.478	419.5	0	419.5
297.62	416.75	0	416.75
297.762	422	0	422
297.904	433.5	0	433.5
298.046	400.75	0	400.75
298.188	411.25	0	411.25
298.33	412.25	0	412.25
298.471	407	0	407
298.613	423.75	0	423.75
298.755	430.25	0	430.25
298.897	448	0	448
299.038	428	0	428
299.18	428.5	0	428.5
299.322	420.75	0	420.75
299.464	441	0	441
299.605	462	0	462
299.747	436	0	436
299.889	440.75	0	440.75
300.031	426.25	0	426.25
300.172	451.5	0	451.5
300.314	451.5	0	451.5
300.456	443.5	0	443.5
300.597	466.25	0	466.25
300.739	465	0	465
300.881	476.25	0	476.25
301.022	492.75	0	492.75
301.164	520.75	0	520.75
301.305	500.5	0	500.5
301.447	491	0	491
301.589	525	0	525
301.73	510.25	0	510.25
301.872	529.75	0	529.75
302.013	507.75	0	507.75
302.155	558	0	558
302.296	569	0	569
302.438	609	0	609
302.579	709.75	0	709.75
302.721	885.25	0	885.25
302.862	968	0	968
303.004	860	0	860
303.145	732.5	0	732.5
303.287	683.25	0	683.25
303.428	603.5	0	603.5
303.569	595	0	595
303.711	564	0	564
303.852	578.25	0	578.25
303.994	557	0	557
304.135	531.25	0	531.25
304.276	520	0	520
304.418	561	0	561
304.559	530	0	530
304.7	509	0	509
304.842	518	0	518
304.983	520	0	520
305.124	510	0	510
305.266	518.5	0	518.5
305.407	507	0	507
305.548	505	0	505
305.69	510	0	510
305.831	513.5	0	513.5
305.972	495.75	0	495.75
306.113	524	0	524
306.254	537	0	537
306.396	527.5	0	527.5
306.537	547.25	0	547.25
306.678	523.25	0	523.25
306.819	541.5	0	541.5
306.96	540	0	540
307.102	521.75	0	521.75
307.243	540.5	0	540.5
307.384	524.5	0	524.5
307.525	531.75	0	531.75
307.666	538.5	0	538.5
307.807	558.75	0	558.75
307.948	552.75	0	552.75
308.089	564.75	0	564.75
308.23	563.75	0	563.75
308.371	575.25	0	575.25
308.513	554.75	0	554.75
308.654	558.75	0	558.75
308.795	533.25	0	533.25
308.936	556.25	0	556.25
309.077	561	0	561
309.218	565.75	0	565.75
309.359	591.25	0	591.25
309.499	615.5	0	615.5
309.64	621.5	0	621.5
309.781	635.5	0	635.5
309.922	626.75	0	626.75
310.063	684.5	0	684.5
310.204	674.25	0	674.25
310.345	684.75	0	684.75
310.486	682.25	0	682.25
310.627	714.75	0	714.75
310.768	724.75	0	724.75
310.909	730.5	0	730.5
311.049	777.75	0	777.75
311.19	861.5	0	861.5
311.331	923.75	0	923.75
311.472	1009.25	0	1009.25
311.613	1147.75	0	1147.75
311.753	1298.75	0	1298.75
311.894	1544.75	0	1544.75
312.035	1827.25	0	1827.25
312.176	2033	0	2033
312.316	1872.25	0	1872.25
312.457	1717.75	0	1717.75
312.598	1502.25	0	1502.25
312.739	1273.5	0	1273.5
312.879	1184	0	1184
313.02	1081.5	0	1081.5
313.161	1009.75	0	1009.75
313.301	918	0	918
313.442	883.75	0	883.75
313.583	892	0	892
313.723	811.25	0	811.25
313.864	815.75	0	815.75
314.005	791	0	791
314.145	788.75	0	788.75
314.286	723.5	0	723.5
314.426	749.5	0	749.5
314.567	731.25	0	731.25
314.707	776.5	0	776.5
314.848	716.75	0	716.75
314.989	757.25	0	757.25
315.129	693.25	0	693.25
315.27	718	0	718
315.41	721.25	0	721.25
315.551	739.25	0	739.25
315.691	701.5	0	701.5
315.831	658	0	658
315.972	672	0	672
316.112	640	0	640
316.253	704.5	0	704.5
316.393	690.75	0	690.75
316.534	709.5	0	709.5
316.674	730	0	730
316.814	724.5	0	724.5
316.955	698.75	0	698.75
317.095	700.75	0	700.75
317.236	689.25	0	689.25
317.376	727.5	0	727.5
317.516	704.25	0	704.25
317.656	706.25	0	706.25
317.797	715.75	0	715.75
317.937	728.5	0	728.5
318.077	745.75	0	745.75
318.218	723	0	723
318.358	778	0	778
318.498	759.75	0	759.75
318.638	796.75	0	796.75
318.779	796.25	0	796.25
318.919	822.5	0	822.5
319.059	854.5	0	854.5
319.199	861.25	0	861.25
319.34	882.25	0	882.25
319.48	904	0	904
319.62	916.25	0	916.25
319.76	895.25	0	895.25
319.9	934.5	0	934.5
320.04	938.5	0	938.5
320.18	948	0	948
320.32	1005	0	1005
320.461	986.5	0	986.5
320.601	930.25	0	930.25
320.741	900.75	0	900.75
320.881	932.5	0	932.5
321.021	912	0	912
321.161	917.25	0	917.25
321.301	918	0	918
321.441	947.25	0	947.25
321.581	919.75	0	919.75
321.721	921	0	921
321.861	942.5	0	942.5
322.001	932.5	0	932.5
322.141	977.5	0	977.5
322.281	967.75	0	967.75
322.421	1003	0	1003
322.561	1029.25	0	1029.25
322.7	1054.75	0	1054.75
322.84	1082.75	0	1082.75
322.98	1106.25	0	1106.25
323.12	1037	0	1037
323.26	1001.5	0	1001.5
323.4	976.25	0	976.25
323.54	939.75	0	939.75
323.68	905.5	0	905.5
323.819	921	0	921
323.959	879.75	0	879.75
324.099	905.5	0	905.5
324.239	875.25	0	875.25
324.379	895.25	0	895.25
324.518	896.5	0	896.5
324.658	925.25	0	925.25
324.798	864.75	0	864.75
324.937	887	0	887
325.077	849.5	0	849.5
325.217	887.25	0	887.25
325.357	900.5	0	900.5
325.496	851.25	0	851.25
325.636	878	0	878
325.776	880.75	0	880.75
325.915	913	0	913
326.055	904.75	0	904.75
326.195	944	0	944
326.334	958.5	0	958.5
326.474	955.75	0	955.75
326.613	941	0	941
326.753	913.75	0	913.75
326.892	930.5	0	930.5
327.032	942.75	0	942.75
327.172	913.75	0	913.75
327.311	914.5	0	914.5
327.451	896.25	0	896.25
327.59	881.75	0	881.75
327.73	896.75	0	896.75
327.869	937.25	0	937.25
328.009	997.25	0	997.25
328.148	927	0	927
328.288	910.25	0	910.25
328.427	901.25	0	901.25
328.566	889	0	889
328.706	897.5	0	897.5
328.845	914.5	0	914.5
328.985	921.5	0	921.5
329.124	920	0	920
329.263	916	0	916
329.403	914.25	0	914.25
329.542	905.75	0	905.75
329.681	916.75	0	916.75
329.821	914.5	0	914.5
329.96	933.5	0	933.5
330.099	908	0	908
330.239	949.75	0	949.75
330.378	910.75	0	910.75
330.517	971.25	0	971.25
330.656	1059.75	0	1059.75
330.796	1079.5	0	1079.5
330.935	1009.75	0	1009.75
331.074	953.25	0	953.25
331.213	987	0	987
331.352	932.75	0	932.75
331.492	936.75	0	936.75
331.631	918.75	0	918.75
331.77	933	0	933
331.909	970	0	970
332.048	963.25	0	963.25
332.187	968.25	0	968.25
332.327	946.25	0	946.25
332.466	946	0	946
332.605	942	0	942
332.744	973	0	973
332.883	934	0	934
333.022	930.5	0	930.5
333.161	966	0	966
333.3	946.5	0	946.5
333.439	951.5	0	951.5
333.578	965.5	0	965.5
333.717	931.75	0	931.75
333.856	953.5	0	953.5
333.995	955.25	0	955.25
334.134	957.25	0	957.25
334.273	940.25	0	940.25
334.412	938.75	0	938.75
334.551	968.25	0	968.25
334.69	965	0	965
334.828	963	0	963
334.967	974	0	974
335.106	985.25	0	985.25
335.245	1049.5	0	1049.5
335.384	1066.5	0	1066.5
335.523	1097.5	0	1097.5
335.662	1035.5	0	1035.5
335.8	1034.5	0	1034.5
335.939	1026.75	0	1026.75
336.078	1032.25	0	1032.25
336.217	1050.75	0	1050.75
336.356	985.25	0	985.25
336.494	1003.75	0	1003.75
336.633	1033.25	0	1033.25
336.772	1045.5	0	1045.5
336.911	1059.75	0	1059.75
337.049	1080	0	1080
337.188	1053.25	0	1053.25
337.327	1039	0	1039
337.465	1086.25	0	1086.25
337.604	1047.75	0	1047.75
337.743	1107.5	0	1107.5
337.881	1036	0	1036
338.02	1151.5	0	1151.5
338.158	1154.5	0	1154.5
338.297	1148.25	0	1148.25
338.436	1107.25	0	1107.25
338.574	1107	0	1107
338.713	1088.75	0	1088.75
338.851	1063.75	0	1063.75
338.99	1143.5	0	1143.5
339.128	1141	0	1141
339.267	1103.5	0	1103.5
339.405	1090.25	0	1090.25
339.544	1122.25	0	1122.25
339.682	1089.25	0	1089.25
339.821	1110	0	1110
339.959	1103.75	0	1103.75
340.098	1115.5	0	1115.5
340.236	1149	0	1149
340.375	1194	0	1194
340.513	1196.5	0	1196.5
340.651	1233.25	0	1233.25
340.79	1323.25	0	1323.25
340.928	1374.5	0	1374.5
341.067	1483.5	0	1483.5
341.205	1528.75	0	1528.75
341.343	1624.5	0	1624.5
341.482	1607	0	1607
341.62	1645.25	0	1645.25
341.758	1589.25	0	1589.25
341.897	1607.25	0	1607.25
342.035	1471.25	0	1471.25
342.173	1383	0	1383
342.311	1370.5	0	1370.5
342.45	1248	0	1248
342.588	1234.5	0	1234.5
342.726	1200	0	1200
342.864	1193.5	0	1193.5
343.002	1185.25	0	1185.25
343.141	1177	0	1177
343.279	1211.75	0	1211.75
343.417	1194	0	1194
343.555	1149.75	0	1149.75
343.693	1175.5	0	1175.5
343.831	1154.5	0	1154.5
343.969	1188.75	0	1188.75
344.108	1186	0	1186
344.246	1227.25	0	1227.25
344.384	1217.75	0	1217.75
344.522	1221.25	0	1221.25
344.66	1201.25	0	1201.25
344.798	1221	0	1221
344.936	1245.5	0	1245.5
345.074	1210.75	0	1210.75
345.212	1272.5	0	1272.5
345.35	1244	0	1244
345.488	1257.5	0	1257.5
345.626	1230.25	0	1230.25
345.764	1264.25	0	1264.25
345.902	1258.25	0	1258.25
346.04	1283	0	1283
346.178	1275.75	0	1275.75
346.315	1242.5	0	1242.5
346.453	1275.5	0	1275.5
346.591	1305	0	1305
346.729	1269.5	0	1269.5
346.867	1314.25	0	1314.25
347.005	1324.75	0	1324.75
347.143	1316.25	0	1316.25
347.28	1335	0	1335
347.418	1276.75	0	1276.75
347.556	1327.5	0	1327.5
347.694	1360.75	0	1360.75
347.832	1389	0	1389
347.969	1393	0	1393
348.107	1394.25	0	1394.25
348.245	1368.25	0	1368.25
348.382	1379.25	0	1379.25
348.52	1423.5	0	1423.5
348.658	1397	0	1397
348.796	1435.5	0	1435.5
348.933	1392	0	1392
349.071	1445.5	0	1445.5
349.209	1447.25	0	1447.25
349.346	1423	0	1423
349.484	1452.25	0	1452.25
349.621	1469	0	1469
349.759	1457.75	0	1457.75
349.897	1485	0	1485
350.034	1496	0	1496
350.172	1528	0	1528
350.309	1479.5	0	1479.5
350.447	1545.75	0	1545.75
350.584	1531	0	1531
350.722	1608	0	1608
350.859	1604	0	1604
350.997	1587.25	0	1587.25
351.134	1657.25	0	1657.25
351.272	1612.5	0	1612.5
351.409	1646.5	0	1646.5
351.547	1688	0	1688
351.684	1692.5	0	1692.5
351.822	1756	0	1756
351.959	1704.25	0	1704.25
352.096	1758.25	0	1758.25
352.234	1760	0	1760
352.371	1769.75	0	1769.75
352.508	1867	0	1867
352.646	1875.5	0	1875.5
352.783	1832	0	1832
352.92	1904.5	0	1904.5
353.058	1899.75	0	1899.75
353.195	1918	0	1918
353.332	1914.25	0	1914.25
353.469	1968	0	1968
353.607	2012.75	0	2012.75
353.744	2056.25	0	2056.25
353.881	2060	0	2060
354.018	2143.5	0	2143.5
354.156	2116.5	0	2116.5
354.293	2200.25	0	2200.25
354.43	2314	0	2314
354.567	2312.5	0	2312.5
354.704	2387.75	0	2387.75
354.841	2516.25	0	2516.25
354.979	2635.5	0	2635.5
355.116	2737	0	2737
355.253	2807.75	0	2807.75
355.39	2800.25	0	2800.25
355.527	2823.5	0	2823.5
355.664	2770.25	0	2770.25
355.801	2689	0	2689
355.938	2707.25	0	2707.25
356.075	2693.5	0	2693.5
356.212	2682.75	0	2682.75
356.349	2623	0	2623
356.486	2579	0	2579
356.623	2577	0	2577
356.76	2656.75	0	2656.75
356.897	2617.75	0	2617.75
357.034	2623.5	0	2623.5
357.171	2681	0	2681
357.308	2718.5	0	2718.5
357.445	2813.25	0	2813.25
357.582	2867.75	0	2867.75
357.718	2869.25	0	2869.25
357.855	3023.5	0	3023.5
357.992	3113.75	0	3113.75
358.129	3294	0	3294
358.266	3549.25	0	3549.25
358.403	3857	0	3857
358.539	3949.25	0	3949.25
358.676	3629.25	0	3629.25
358.813	3287.5	0	3287.5
358.95	3112	0	3112
359.086	3067	0	3067
359.223	2978	0	2978
359.36	2910.5	0	2910.5
359.497	2901.25	0	2901.25
359.633	2803	0	2803
359.77	2829	0	2829
359.907	2753	0	2753
360.043	2812.25	0	2812.25
360.18	2758	0	2758
360.317	2810.5	0	2810.5
360.453	2847	0	2847
360.59	2899	0	2899
360.727	2904	0	2904
360.863	2824	0	2824
361	2803.75	0	2803.75
361.136	2760.5	0	2760.5
361.273	2740	0	2740
361.409	2745	0	2745
361.546	2721.5	0	2721.5
361.682	2723.75	0	2723.75
361.819	2621.25	0	2621.25
361.955	2735.5	0	2735.5
362.092	2759.5	0	2759.5
362.228	2712.25	0	2712.25
362.365	2784.25	0	2784.25
362.501	2741.5	0	2741.5
362.638	2779.75	0	2779.75
362.774	2724.25	0	2724.25
362.91	2719.5	0	2719.5
363.047	2738.5	0	2738.5
363.183	2787.75	0	2787.75
363.319	2764.25	0	2764.25
363.456	2816.5	0	2816.5
363.592	2807.75	0	2807.75
363.728	2754.25	0	2754.25
363.865	2687.75	0	2687.75
364.001	2619	0	2619
364.137	2586.25	0	2586.25
364.274	2563.75	0	2563.75
364.41	2529	0	2529
364.546	2529.75	0	2529.75
364.682	2599	0	2599
364.819	2533.5	0	2533.5
364.955	2607.75	0	2607.75
365.091	2569.5	0	2569.5
365.227	2537.75	0	2537.75
365.363	2459	0	2459
365.499	2448.75	0	2448.75
365.636	2447.25	0	2447.25
365.772	2456.75	0	2456.75
365.908	2396.75	0	2396.75
366.044	2310.5	0	2310.5
366.18	2368.25	0	2368.25
366.316	2398	0	2398
366.452	2390.75	0	2390.75
366.588	2332.75	0	2332.75
366.724	2335.75	0	2335.75
366.86	2381.5	0	2381.5
366.996	2390	0	2390
367.132	2383.75	0	2383.75
367.268	2316.75	0	2316.75
367.404	2372.75	0	2372.75
367.54	2333.25	0	2333.25
367.676	2339	0	2339
367.812	2303.25	0	2303.25
367.948	2314.75	0	2314.75
368.084	2292.25	0	2292.25
368.22	2301.5	0	2301.5
368.356	2310	0	2310
368.492	2328.5	0	2328.5
368.627	2300.25	0	2300.25
368.763	2345	0	2345
368.899	2339.75	0	2339.75
369.035	2300	0	2300
369.171	2298.25	0	2298.25
369.306	2302	0	2302
369.442	2328.5	0	2328.5
369.578	2335.25	0	2335.25
369.714	2397	0	2397
369.85	2325.5	0	2325.5
369.985	2377	0	2377
370.121	2309.75	0	2309.75
370.257	2333.5	0	2333.5
370.392	2316	0	2316
370.528	2347.25	0	2347.25
370.664	2361	0	2361
370.799	2366.25	0	2366.25
370.935	2395.25	0	2395.25
371.071	2344.5	0	2344.5
371.206	2384	0	2384
371.342	2335	0	2335
371.477	2386	0	2386
371.613	2320	0	2320
371.749	2343.75	0	2343.75
371.884	2360.5	0	2360.5
372.02	2396.5	0	2396.5
372.155	2334.5	0	2334.5
372.291	2367	0	2367
372.426	2392.25	0	2392.25
372.562	2338.75	0	2338.75
372.697	2414.75	0	2414.75
372.833	2344.75	0	2344.75
372.968	2326.5	0	2326.5
373.103	2378	0	2378
373.239	2352.75	0	2352.75
373.374	2336.75	0	2336.75
373.51	2414.25	0	2414.25
373.645	2345.25	0	2345.25
373.78	2385.5	0	2385.5
373.916	2374.75	0	2374.75
374.051	2413.25	0	2413.25
374.186	2427.5	0	2427.5
374.322	2381.5	0	2381.5
374.457	2400.25	0	2400.25
374.592	2420.75	0	2420.75
374.728	2427	0	2427
374.863	2413.25	0	2413.25
374.998	2426.25	0	2426.25
375.133	2429.5	0	2429.5
375.268	2440.25	0	2440.25
375.404	2400	0	2400
375.539	2501.5	0	2501.5
375.674	2441	0	2441
375.809	2488.25	0	2488.25
375.944	2468.5	0	2468.5
376.08	2503	0	2503
376.215	2560.75	0	2560.75
376.35	2539.5	0	2539.5
376.485	2441.5	0	2441.5
376.62	2534.25	0	2534.25
376.755	2535.5	0	2535.5
376.89	2641.25	0	2641.25
377.025	2604.75	0	2604.75
377.16	2669.75	0	2669.75
377.295	2606.5	0	2606.5
377.43	2627.75	0	2627.75
377.565	2709.5	0	2709.5
377.7	2672.25	0	2672.25
377.835	2612.75	0	2612.75
377.97	2702.25	0	2702.25
378.105	2675.25	0	2675.25
378.24	2722.75	0	2722.75
378.375	2743.5	0	2743.5
378.51	2681.75	0	2681.75
378.645	2755.5	0	2755.5
378.78	2744.5	0	2744.5
378.914	2776.75	0	2776.75
379.049	2849.75	0	2849.75
379.184	2821.25	0	2821.25
379.319	2784.75	0	2784.75
379.454	2916.25	0	2916.25
379.589	2852.25	0	2852.25
379.723	2763.75	0	2763.75
379.858	2887	0	2887
379.993	2928.25	0	2928.25
380.128	2977.5	0	2977.5
380.262	3022	0	3022
380.397	2967.75	0	2967.75
380.532	2846.5	0	2846.5
380.666	2877	0	2877
380.801	2925.75	0	2925.75
380.936	2965	0	2965
381.07	2965.75	0	2965.75
381.205	2921.75	0	2921.75
381.34	2901	0	2901
381.474	2902.25	0	2902.25
381.609	2961.5	0	2961.5
381.744	2911.75	0	2911.75
381.878	2985.75	0	2985.75
382.013	2985.5	0	2985.5
382.147	2889	0	2889
382.282	2999.75	0	2999.75
382.416	3103.25	0	3103.25
382.551	3085.75	0	3085.75
382.685	3108.75	0	3108.75
382.82	3107.5	0	3107.5
382.954	3128.75	0	3128.75
383.089	3008.5	0	3008.5
383.223	3102.75	0	3102.75
383.357	3030.25	0	3030.25
383.492	3163.75	0	3163.75
383.626	3053.75	0	3053.75
383.761	3046.75	0	3046.75
383.895	3013.25	0	3013.25
384.029	3092	0	3092
384.164	3117.75	0	3117.75
384.298	3151.75	0	3151.75
384.432	3154.25	0	3154.25
384.567	3091.5	0	3091.5
384.701	3162	0	3162
384.835	3154.25	0	3154.25
384.97	3144.75	0	3144.75
385.104	3217	0	3217
385.238	3198.75	0	3198.75
385.372	3265	0	3265
385.506	3314	0	3314
385.641	3173.75	0	3173.75
385.775	3365	0	3365
385.909	3287.75	0	3287.75
386.043	3441.5	0	3441.5
386.177	3383.5	0	3383.5
386.311	3448.25	0	3448.25
386.446	3498.5	0	3498.5
386.58	3499.75	0	3499.75
386.714	3541.25	0	3541.25
386.848	3640.25	0	3640.25
386.982	3761	0	3761
387.116	3875.75	0	3875.75
387.25	4041.25	0	4041.25
387.384	3986.5	0	3986.5
387.518	3905.5	0	3905.5
387.652	3863	0	3863
387.786	3790.75	0	3790.75
387.92	3898.5	0	3898.5
388.054	3754.75	0	3754.75
388.188	3776.25	0	3776.25
388.322	3769	0	3769
388.456	3787.75	0	3787.75
388.59	3791.75	0	3791.75
388.723	3930.75	0	3930.75
388.857	3994	0	3994
388.991	4000.5	0	4000.5
389.125	3914.25	0	3914.25
389.259	4044.25	0	4044.25
389.393	4373.75	0	4373.75
389.526	5308.5	0	5308.5
389.66	6715.75	0	6715.75
389.794	6993	0	6993
389.928	6456	0	6456
390.062	5971.25	0	5971.25
390.195	5581.75	0	5581.75
390.329	5237.25	0	5237.25
390.463	5076.5	0	5076.5
390.596	4999.5	0	4999.5
390.73	4934.5	0	4934.5
390.864	5085.75	0	5085.75
390.997	4619	0	4619
391.131	4492.25	0	4492.25
391.265	4479.25	0	4479.25
391.398	4342.75	0	4342.75
391.532	4243.25	0	4243.25
391.665	4093	0	4093
391.799	4010	0	4010
391.933	3969.5	0	3969.5
392.066	3825.25	0	3825.25
392.2	3782.5	0	3782.5
392.333	3729.5	0	3729.5
392.467	3692	0	3692
392.6	3726.25	0	3726.25
392.734	3603	0	3603
392.867	3624.25	0	3624.25
393.001	3539.25	0	3539.25
393.134	3494	0	3494
393.267	3443.5	0	3443.5
393.401	3366	0	3366
393.534	3397.5	0	3397.5
393.668	3364	0	3364
393.801	3227.5	0	3227.5
393.934	3204.25	0	3204.25
394.068	3228	0	3228
394.201	3213.25	0	3213.25
394.334	3187	0	3187
394.468	3125.75	0	3125.75
394.601	3142.5	0	3142.5
394.734	3167	0	3167
394.867	3083	0	3083
395.001	3128.5	0	3128.5
395.134	3031.25	0	3031.25
395.267	2950.75	0	2950.75
395.4	2999.5	0	2999.5
395.533	3030	0	3030
395.667	3050.25	0	3050.25
395.8	3025.5	0	3025.5
395.933	2982.75	0	2982.75
396.066	2999.75	0	2999.75
396.199	2995	0	2995
396.332	3042.5	0	3042.5
396.465	2942.25	0	2942.25
396.598	2942.25	0	2942.25
396.732	3011.25	0	3011.25
396.865	3033	0	3033
396.998	2994.75	0	2994.75
397.131	3011	0	3011
397.264	3111.5	0	3111.5
397.397	3215	0	3215
397.53	3206	0	3206
397.663	3217.75	0	3217.75
397.796	3238	0	3238
397.928	3157.75	0	3157.75
398.061	3155.5	0	3155.5
398.194	3049	0	3049
398.327	3192.75	0	3192.75
398.46	3182.5	0	3182.5
398.593	3233.25	0	3233.25
398.726	3209.75	0	3209.75
398.859	3186	0	3186
398.991	3307.25	0	3307.25
399.124	3192.25	0	3192.25
399.257	3191.5	0	3191.5
399.39	3121.25	0	3121.25
399.523	3068.5	0	3068.5
399.655	3066	0	3066
399.788	3026.5	0	3026.5
399.921	3019.25	0	3019.25
400.054	3101.5	0	3101.5
400.186	3098.25	0	3098.25
400.319	2965	0	2965
400.452	3052.75	0	3052.75
400.584	3058.5	0	3058.5
400.717	2995.75	0	2995.75
400.85	3172	0	3172
400.982	3042.5	0	3042.5
401.115	3182.75	0	3182.75
401.247	3205.75	0	3205.75
401.38	3277.75	0	3277.75
401.513	3191.5	0	3191.5
401.645	3235.75	0	3235.75
401.778	3300.25	0	3300.25
401.91	3177.75	0	3177.75
402.043	3192.25	0	3192.25
402.175	3123.25	0	3123.25
402.308	3186.75	0	3186.75
402.44	3221	0	3221
402.573	3154.25	0	3154.25
402.705	3109	0	3109
402.837	3303	0	3303
402.97	3291.25	0	3291.25
403.102	3226	0	3226
403.235	3142.5	0	3142.5
403.367	3258.5	0	3258.5
403.499	3258	0	3258
403.632	3407	0	3407
403.764	3512	0	3512
403.896	4011.75	0	4011.75
404.029	4214.75	0	4214.75
404.161	3840	0	3840
404.293	3696.5	0	3696.5
404.425	3674.5	0	3674.5
404.558	3690.75	0	3690.75
404.69	3731.25	0	3731.25
404.822	3637.5	0	3637.5
404.954	3880.25	0	3880.25
405.086	3924.75	0	3924.75
405.219	4119.75	0	4119.75
405.351	4213.5	0	4213.5
405.483	4182.75	0	4182.75
405.615	4467	0	4467
405.747	4588.75	0	4588.75
405.879	5057.75	0	5057.75
406.011	5529.75	0	5529.75
406.143	6177.25	0	6177.25
406.275	7563	0	7563
406.407	8575.75	0	8575.75
406.539	6785.25	0	6785.25
406.672	5627.25	0	5627.25
406.803	5097	0	5097
406.935	4652	0	4652
407.067	4406.75	0	4406.75
407.199	4139.5	0	4139.5
407.331	4129.5	0	4129.5
407.463	3993	0	3993
407.595	3975	0	3975
407.727	3756.75	0	3756.75
407.859	3874.25	0	3874.25
407.991	3782.25	0	3782.25
408.123	3735.5	0	3735.5
408.255	3972	0	3972
408.386	3944.75	0	3944.75
408.518	3857	0	3857
408.65	3706.5	0	3706.5
408.782	3773.75	0	3773.75
408.914	3756	0	3756
409.045	3632.25	0	3632.25
409.177	3607	0	3607
409.309	3519.75	0	3519.75
409.44	3479.75	0	3479.75
409.572	3326.5	0	3326.5
409.704	3425	0	3425
409.836	3236.5	0	3236.5
409.967	3262.25	0	3262.25
410.099	3151.25	0	3151.25
410.23	3055.25	0	3055.25
410.362	2946	0	2946
410.494	2900.25	0	2900.25
410.625	2885.5	0	2885.5
410.757	2979.5	0	2979.5
410.888	2839.5	0	2839.5
411.02	2796.5	0	2796.5
411.152	2853.5	0	2853.5
411.283	2710.25	0	2710.25
411.415	2798.25	0	2798.25
411.546	2736.25	0	2736.25
411.677	2678.75	0	2678.75
411.809	2744.75	0	2744.75
411.94	2687	0	2687
412.072	2689	0	2689
412.203	2733	0	2733
412.335	2811.25	0	2811.25
412.466	2821.25	0	2821.25
412.597	2833	0	2833
412.729	2791.5	0	2791.5
412.86	2730	0	2730
412.991	2739.5	0	2739.5
413.123	2683	0	2683
413.254	2690.5	0	2690.5
413.385	2547.75	0	2547.75
413.517	2554	0	2554
413.648	2555.25	0	2555.25
413.779	2508	0	2508
413.91	2473.75	0	2473.75
414.042	2436.75	0	2436.75
414.173	2479	0	2479
414.304	2421	0	2421
414.435	2439	0	2439
414.566	2374.25	0	2374.25
414.697	2395.25	0	2395.25
414.828	2387.5	0	2387.5
414.96	2301	0	2301
415.091	2318	0	2318
415.222	2305.5	0	2305.5
415.353	2349.5	0	2349.5
415.484	2223.75	0	2223.75
415.615	2255	0	2255
415.746	2227.5	0	2227.5
415.877	2175.25	0	2175.25
416.008	2193.25	0	2193.25
416.139	2212.25	0	2212.25
416.27	2080.5	0	2080.5
416.401	2182.75	0	2182.75
416.532	2132	0	2132
416.663	2157	0	2157
416.794	2101	0	2101
416.925	2132.25	0	2132.25
417.055	2187.75	0	2187.75
417.186	2150	0	2150
417.317	2168	0	2168
417.448	2130.5	0	2130.5
417.579	2100.5	0	2100.5
417.71	2186.25	0	2186.25
417.84	2144.5	0	2144.5
417.971	2103.5	0	2103.5
418.102	2141.75	0	2141.75
418.233	2103.25	0	2103.25
418.363	2136	0	2136
418.494	2119.25	0	2119.25
418.625	2137.75	0	2137.75
418.756	2188.25	0	2188.25
418.886	2130.5	0	2130.5
419.017	2126	0	2126
419.148	2038	0	2038
419.278	2119.25	0	2119.25
419.409	2042.5	0	2042.5
419.539	2051.25	0	2051.25
419.67	2019	0	2019
419.801	2002.5	0	2002.5
419.931	2032	0	2032
420.062	2022.75	0	2022.75
420.192	1987.5	0	1987.5
420.323	2046.5	0	2046.5
420.453	2012.25	0	2012.25
420.584	2045.5	0	2045.5
420.714	1982.75	0	1982.75
420.845	1953.75	0	1953.75
420.975	1912.25	0	1912.25
421.106	1908	0	1908
421.236	1888.25	0	1888.25
421.366	1926.25	0	1926.25
421.497	1970.25	0	1970.25
421.627	1948.5	0	1948.5
421.757	1974	0	1974
421.888	1906	0	1906
422.018	1973.5	0	1973.5
422.148	1917	0	1917
422.279	1972.25	0	1972.25
422.409	1914.5	0	1914.5
422.539	1990.5	0	1990.5
422.67	1993.75	0	1993.75
422.8	1962.5	0	1962.5
422.93	1999	0	1999
423.06	1912.75	0	1912.75
423.19	1843.25	0	1843.25
423.321	1942.25	0	1942.25
423.451	1939.75	0	1939.75
423.581	1964.5	0	1964.5
423.711	1954.25	0	1954.25
423.841	1974	0	1974
423.971	2038	0	2038
424.101	1991.25	0	1991.25
424.231	2010.75	0	2010.75
424.361	1926.5	0	1926.5
424.492	1939	0	1939
424.622	1941.5	0	1941.5
424.752	1946.5	0	1946.5
424.882	1939.75	0	1939.75
425.012	1910.75	0	1910.75
425.142	1869.5	0	1869.5
425.271	1822.75	0	1822.75
425.401	1853.25	0	1853.25
425.531	1874.25	0	1874.25
425.661	1865.75	0	1865.75
425.791	1802.25	0	1802.25
425.921	1877.75	0	1877.75
426.051	1852	0	1852
426.181	1807.5	0	1807.5
426.311	1839.75	0	1839.75
426.44	1820	0	1820
426.57	1794.75	0	1794.75
426.7	1791	0	1791
426.83	1804.25	0	1804.25
426.96	1791.75	0	1791.75
427.089	1713	0	1713
427.219	1838.25	0	1838.25
427.349	1724.5	0	1724.5
427.479	1756.5	0	1756.5
427.608	1738.75	0	1738.75
427.738	1818	0	1818
427.868	1734.5	0	1734.5
427.997	1753.75	0	1753.75
428.127	1598.75	0	1598.75
428.256	1693.25	0	1693.25
428.386	1691	0	1691
428.516	1705.75	0	1705.75
428.645	1742.75	0	1742.75
428.775	1691.25	0	1691.25
428.904	1682	0	1682
429.034	1715	0	1715
429.163	1646.75	0	1646.75
429.293	1664.75	0	1664.75
429.422	1604.5	0	1604.5
429.552	1612	0	1612
429.681	1651.5	0	1651.5
429.811	1719.75	0	1719.75
429.94	1746.75	0	1746.75
430.069	1664.75	0	1664.75
430.199	1692.5	0	1692.5
430.328	1626.25	0	1626.25
430.458	1701.25	0	1701.25
430.587	1698.25	0	1698.25
430.716	1705.75	0	1705.75
430.846	1736.75	0	1736.75
430.975	1735	0	1735
431.104	1902	0	1902
431.233	2072	0	2072
431.363	2528.75	0	2528.75
431.492	2770.25	0	2770.25
431.621	2679.5	0	2679.5
431.75	2424	0	2424
431.88	2306	0	2306
432.009	2306.25	0	2306.25
432.138	2118	0	2118
432.267	2088.25	0	2088.25
432.396	2019	0	2019
432.525	1978.5	0	1978.5
432.654	1919.5	0	1919.5
432.784	1911	0	1911
432.913	1883.5	0	1883.5
433.042	1840.5	0	1840.5
433.171	1818.25	0	1818.25
433.3	1845.25	0	1845.25
433.429	1737	0	1737
433.558	1780.25	0	1780.25
433.687	1716.25	0	1716.25
433.816	1716.5	0	1716.5
433.945	1681	0	1681
434.074	1705	0	1705
434.203	1663	0	1663
434.332	1699.5	0	1699.5
434.46	1599.25	0	1599.25
434.589	1632	0	1632
434.718	1629.5	0	1629.5
434.847	1629	0	1629
434.976	1564.75	0	1564.75
435.105	1597.5	0	1597.5
435.233	1551.5	0	1551.5
435.362	1551.25	0	1551.25
435.491	1546	0	1546
435.62	1588.75	0	1588.75
435.749	1548.75	0	1548.75
435.877	1506.75	0	1506.75
436.006	1510.5	0	1510.5
436.135	1479	0	1479
436.263	1468.25	0	1468.25
436.392	1450.75	0	1450.75
436.521	1501.75	0	1501.75
436.649	1456.25	0	1456.25
436.778	1481.5	0	1481.5
436.907	1414.5	0	1414.5
437.035	1400.25	0	1400.25
437.164	1462.25	0	1462.25
437.292	1422.5	0	1422.5
437.421	1408.75	0	1408.75
437.549	1475.75	0	1475.75
437.678	1392.5	0	1392.5
437.806	1376	0	1376
437.935	1416.75	0	1416.75
438.063	1413.25	0	1413.25
438.192	1388.25	0	1388.25
438.32	1454.25	0	1454.25
438.449	1368.5	0	1368.5
438.577	1391.25	0	1391.25
438.706	1367	0	1367
438.834	1388.5	0	1388.5
438.962	1394	0	1394
439.091	1389.25	0	1389.25
439.219	1425.5	0	1425.5
439.347	1408	0	1408
439.476	1389.75	0	1389.75
439.604	1399.5	0	1399.5
439.732	1380.5	0	1380.5
439.86	1335.75	0	1335.75
439.989	1384	0	1384
440.117	1305.75	0	1305.75
440.245	1381.25	0	1381.25
440.373	1376.25	0	1376.25
440.501	1348.75	0	1348.75
440.63	1413	0	1413
440.758	1347.75	0	1347.75
440.886	1408	0	1408
441.014	1356.5	0	1356.5
441.142	1350.25	0	1350.25
441.27	1415	0	1415
441.398	1355.75	0	1355.75
441.526	1403.5	0	1403.5
441.654	1352.75	0	1352.75
441.782	1399.5	0	1399.5
441.91	1418.5	0	1418.5
442.038	1414.75	0	1414.75
442.166	1371.75	0	1371.75
442.294	1368.25	0	1368.25
442.422	1362.75	0	1362.75
442.55	1412.25	0	1412.25
442.678	1368.75	0	1368.75
442.806	1453.25	0	1453.25
442.934	1436.5	0	1436.5
443.062	1482.25	0	1482.25
443.19	1470.5	0	1470.5
443.318	1404.75	0	1404.75
443.445	1554.5	0	1554.5
443.573	1783.25	0	1783.25
443.701	1870	0	1870
443.829	1833.25	0	1833.25
443.957	1831.25	0	1831.25
444.084	1737.75	0	1737.75
444.212	1723.5	0	1723.5
444.34	1690	0	1690
444.467	1586	0	1586
444.595	1566.5	0	1566.5
444.723	1599.75	0	1599.75
444.85	1546.75	0	1546.75
444.978	1578.5	0	1578.5
445.106	1581	0	1581
445.233	1529.75	0	1529.75
445.361	1574.25	0	1574.25
445.489	1538.25	0	1538.25
445.616	1542.25	0	1542.25
445.744	1533	0	1533
445.871	1527.25	0	1527.25
445.999	1616	0	1616
446.126	1531.5	0	1531.5
446.254	1553	0	1553
446.381	1537	0	1537
446.509	1581	0	1581
446.636	1536	0	1536
446.764	1575.75	0	1575.75
446.891	1560	0	1560
447.018	1555	0	1555
447.146	1521.5	0	1521.5
447.273	1648	0	1648
447.4	1596.75	0	1596.75
447.528	1573	0	1573
447.655	1599	0	1599
447.782	1594.75	0	1594.75
447.91	1540	0	1540
448.037	1637.75	0	1637.75
448.164	1611	0	1611
448.291	1606.5	0	1606.5
448.419	1849.25	0	1849.25
448.546	1911.5	0	1911.5
448.673	2406.75	0	2406.75
448.8	2830.5	0	2830.5
448.927	2604.25	0	2604.25
449.055	2412.5	0	2412.5
449.182	2326.75	0	2326.75
449.309	2203.25	0	2203.25
449.436	2113.75	0	2113.75
449.563	2047	0	2047
449.69	2061.75	0	2061.75
449.817	2041.75	0	2041.75
449.944	1911.5	0	1911.5
450.071	1911.75	0	1911.75
450.198	1915	0	1915
450.325	1803.25	0	1803.25
450.452	1749.75	0	1749.75
450.579	1666.75	0	1666.75
450.706	1651.75	0	1651.75
450.833	1747	0	1747
450.96	1749	0	1749
451.087	1721.25	0	1721.25
451.214	1610.25	0	1610.25
451.341	1562.25	0	1562.25
451.467	1545.5	0	1545.5
451.594	1654	0	1654
451.721	1598	0	1598
451.848	1596.5	0	1596.5
451.975	1534.5	0	1534.5
452.101	1515.75	0	1515.75
452.228	1479.5	0	1479.5
452.355	1486	0	1486
452.482	1432.25	0	1432.25
452.608	1460.75	0	1460.75
452.735	1439.25	0	1439.25
452.862	1417.75	0	1417.75
452.988	1447	0	1447
453.115	1347	0	1347
453.242	1412.75	0	1412.75
453.368	1378	0	1378
453.495	1321.25	0	1321.25
453.621	1298	0	1298
453.748	1345	0	1345
453.875	1290.25	0	1290.25
454.001	1338.5	0	1338.5
454.128	1308.5	0	1308.5
454.254	1317	0	1317
454.381	1336.5	0	1336.5
454.507	1236.5	0	1236.5
454.633	1288.75	0	1288.75
454.76	1315.25	0	1315.25
454.886	1239	0	1239
455.013	1278.75	0	1278.75
455.139	1310.25	0	1310.25
455.266	1312.25	0	1312.25
455.392	1278.5	0	1278.5
455.518	1266.5	0	1266.5
455.645	1253.25	0	1253.25
455.771	1244	0	1244
455.897	1218.5	0	1218.5
456.023	1244.75	0	1244.75
456.15	1263.75	0	1263.75
456.276	1247.75	0	1247.75
456.402	1232	0	1232
456.528	1232.75	0	1232.75
456.655	1224.75	0	1224.75
456.781	1188.25	0	1188.25
456.907	1265.25	0	1265.25
457.033	1227.5	0	1227.5
457.159	1273.75	0	1273.75
457.285	1219.75	0	1219.75
457.411	1263	0	1263
457.538	1210	0	1210
457.664	1260.25	0	1260.25
457.79	1196.75	0	1196.75
457.916	1202.75	0	1202.75
458.042	1190.5	0	1190.5
458.168	1174.5	0	1174.5
458.294	1162	0	1162
458.42	1222.75	0	1222.75
458.546	1207.25	0	1207.25
458.672	1204.75	0	1204.75
458.798	1230.25	0	1230.25
458.924	1219	0	1219
459.049	1233.75	0	1233.75
459.175	1261	0	1261
459.301	1215.75	0	1215.75
459.427	1209.5	0	1209.5
459.553	1198.5	0	1198.5
459.679	1191.25	0	1191.25
459.805	1167.5	0	1167.5
459.93	1219.25	0	1219.25
460.056	1211.25	0	1211.25
460.182	1234.25	0	1234.25
460.308	1307	0	1307
460.433	1319.25	0	1319.25
460.559	1422	0	1422
460.685	1654	0	1654
460.81	1629	0	1629
460.936	1557.5	0	1557.5
461.062	1455	0	1455
461.187	1430.5	0	1430.5
461.313	1351	0	1351
461.439	1426	0	1426
461.564	1354.25	0	1354.25
461.69	1361.5	0	1361.5
461.815	1316.75	0	1316.75
461.941	1295.5	0	1295.5
462.066	1335	0	1335
462.192	1266.5	0	1266.5
462.317	1275.25	0	1275.25
462.443	1285.25	0	1285.25
462.568	1270.75	0	1270.75
462.694	1280	0	1280
462.819	1293.75	0	1293.75
462.944	1236	0	1236
463.07	1241.5	0	1241.5
463.195	1222.75	0	1222.75
463.321	1220.5	0	1220.5
463.446	1205.75	0	1205.75
463.571	1181.5	0	1181.5
463.697	1216.25	0	1216.25
463.822	1216.75	0	1216.75
463.947	1236.25	0	1236.25
464.072	1198.25	0	1198.25
464.198	1257.75	0	1257.75
464.323	1184	0	1184
464.448	1192.25	0	1192.25
464.573	1192	0	1192
464.698	1186	0	1186
464.824	1217.25	0	1217.25
464.949	1203.5	0	1203.5
465.074	1171	0	1171
465.199	1225.5	0	1225.5
465.324	1228.5	0	1228.5
465.449	1248.5	0	1248.5
465.574	1179.25	0	1179.25
465.699	1225	0	1225
465.824	1244.25	0	1244.25
465.949	1213.75	0	1213.75
466.074	1264.25	0	1264.25
466.199	1241.5	0	1241.5
466.324	1243.5	0	1243.5
466.449	1251	0	1251
466.574	1191.75	0	1191.75
466.699	1271	0	1271
466.824	1269.75	0	1269.75
466.949	1230.75	0	1230.75
467.074	1249.5	0	1249.5
467.199	1217.75	0	1217.75
467.323	1237	0	1237
467.448	1232.75	0	1232.75
467.573	1234.75	0	1234.75
467.698	1210.25	0	1210.25
467.823	1237.75	0	1237.75
467.947	1232	0	1232
468.072	1236.75	0	1236.75
468.197	1193.25	0	1193.25
468.322	1217	0	1217
468.446	1224.25	0	1224.25
468.571	1236	0	1236
468.696	1259.25	0	1259.25
468.82	1224.5	0	1224.5
468.945	1247	0	1247
469.069	1250.5	0	1250.5
469.194	1232.5	0	1232.5
469.319	1219.5	0	1219.5
469.443	1245.25	0	1245.25
469.568	1242	0	1242
469.692	1211.75	0	1211.75
469.817	1250.25	0	1250.25
469.941	1228.75	0	1228.75
470.066	1268	0	1268
470.19	1226.5	0	1226.5
470.315	1209.75	0	1209.75
470.439	1266.5	0	1266.5
470.563	1236.75	0	1236.75
470.688	1214	0	1214
470.812	1250.25	0	1250.25
470.937	1257.25	0	1257.25
471.061	1266.75	0	1266.75
471.185	1324.25	0	1324.25
471.31	1285.5	0	1285.5
471.434	1339.5	0	1339.5
471.558	1322	0	1322
471.682	1270.75	0	1270.75
471.807	1342	0	1342
471.931	1288.75	0	1288.75
472.055	1273.25	0	1273.25
472.179	1321	0	1321
472.303	1331.25	0	1331.25
472.428	1300.5	0	1300.5
472.552	1310.75	0	1310.75
472.676	1310	0	1310
472.8	1361	0	1361
472.924	1336	0	1336
473.048	1343.75	0	1343.75
473.172	1317.25	0	1317.25
473.296	1298.5	0	1298.5
473.42	1300	0	1300
473.544	1343	0	1343
473.668	1410.25	0	1410.25
473.792	1340	0	1340
473.916	1376.75	0	1376.75
474.04	1399	0	1399
474.164	1419.5	0	1419.5
474.288	1399.5	0	1399.5
474.412	1432.5	0	1432.5
474.536	1450.25	0	1450.25
474.66	1515	0	1515
474.784	1466.25	0	1466.25
474.908	1454.75	0	1454.75
475.031	1535.25	0	1535.25
475.155	1542	0	1542
475.279	1562	0	1562
475.403	1554.5	0	1554.5
475.526	1587.25	0	1587.25
475.65	1628	0	1628
475.774	1635	0	1635
475.898	1622.5	0	1622.5
476.021	1674.25	0	1674.25
476.145	1666	0	1666
476.269	1618.5	0	1618.5
476.392	1651	0	1651
476.516	1776.75	0	1776.75
476.64	1826	0	1826
476.763	1835.5	0	1835.5
476.887	1891.25	0	1891.25
477.01	1808.5	0	1808.5
477.134	1882.25	0	1882.25
477.257	1948	0	1948
477.381	1934.25	0	1934.25
477.504	2026	0	2026
477.628	2012.25	0	2012.25
477.751	2113.5	0	2113.5
477.875	2183.5	0	2183.5
477.998	2250	0	2250
478.122	2242	0	2242
478.245	2462.5	0	2462.5
478.368	2488.75	0	2488.75
478.492	2579.25	0	2579.25
478.615	2826	0	2826
478.738	2995.5	0	2995.5
478.862	3334.75	0	3334.75
478.985	3849.75	0	3849.75
479.108	6059.5	0	6059.5
479.231	6152	0	6152
479.355	4968.25	0	4968.25
479.478	4492.25	0	4492.25
479.601	4122.25	0	4122.25
479.724	4015.25	0	4015.25
479.848	3761	0	3761
479.971	3646.5	0	3646.5
480.094	3539	0	3539
480.217	3405.5	0	3405.5
480.34	3396.5	0	3396.5
480.463	3199	0	3199
480.586	3058.25	0	3058.25
480.709	3100.5	0	3100.5
480.832	3160.25	0	3160.25
480.955	3375.75	0	3375.75
481.078	3394	0	3394
481.201	3034.5	0	3034.5
481.324	2872.25	0	2872.25
481.447	2725.5	0	2725.5
481.57	2705.25	0	2705.25
481.693	2717	0	2717
481.816	2617.75	0	2617.75
481.939	2614	0	2614
482.062	2600.25	0	2600.25
482.185	2596	0	2596
482.307	2468.5	0	2468.5
482.43	2453.75	0	2453.75
482.553	2376.5	0	2376.5
482.676	2367	0	2367
482.799	2333.5	0	2333.5
482.921	2256.25	0	2256.25
483.044	2277.75	0	2277.75
483.167	2196.75	0	2196.75
483.29	2198	0	2198
483.412	2198.75	0	2198.75
483.535	2138.5	0	2138.5
483.658	2065.25	0	2065.25
483.78	2124.25	0	2124.25
483.903	2049	0	2049
484.025	2096.25	0	2096.25
484.148	2084.25	0	2084.25
484.271	2025	0	2025
484.393	2020.5	0	2020.5
484.516	1970.5	0	1970.5
484.638	1919.5	0	1919.5
484.761	2000.5	0	2000.5
484.883	1974	0	1974
485.006	1910.25	0	1910.25
485.128	1886.25	0	1886.25
485.251	1926.25	0	1926.25
485.373	1836.25	0	1836.25
485.495	1786.5	0	1786.5
485.618	1816	0	1816
485.74	1835	0	1835
485.863	1778.5	0	1778.5
485.985	1819.5	0	1819.5
486.107	1854.75	0	1854.75
486.229	1802.5	0	1802.5
486.352	1756.5	0	1756.5
486.474	1701.25	0	1701.25
486.596	1709.25	0	1709.25
486.719	1729.75	0	1729.75
486.841	1741.75	0	1741.75
486.963	1731.75	0	1731.75
487.085	1730	0	1730
487.207	1673	0	1673
487.329	1667.25	0	1667.25
487.452	1622.75	0	1622.75
487.574	1620.25	0	1620.25
487.696	1666	0	1666
487.818	1630	0	1630
487.94	1624.5	0	1624.5
488.062	1685.75	0	1685.75
488.184	1652	0	1652
488.306	1622.5	0	1622.5
488.428	1587.5	0	1587.5
488.55	1544.75	0	1544.75
488.672	1582.25	0	1582.25
488.794	1518	0	1518
488.916	1574.75	0	1574.75
489.038	1491.75	0	1491.75
489.16	1555.25	0	1555.25
489.281	1490	0	1490
489.403	1462.5	0	1462.5
489.525	1487.25	0	1487.25
489.647	1470.25	0	1470.25
489.769	1513	0	1513
489.891	1480	0	1480
490.012	1473.25	0	1473.25
490.134	1549	0	1549
490.256	1542.5	0	1542.5
490.378	1524.5	0	1524.5
490.499	1453	0	1453
490.621	1459	0	1459
490.743	1453	0	1453
490.864	1385.75	0	1385.75
490.986	1448.75	0	1448.75
491.108	1461.5	0	1461.5
491.229	1396	0	1396
491.351	1433	0	1433
491.472	1414.25	0	1414.25
491.594	1405.75	0	1405.75
491.715	1432.25	0	1432.25
491.837	1400.5	0	1400.5
491.958	1438	0	1438
492.08	1414.5	0	1414.5
492.201	1425.75	0	1425.75
492.323	1392.5	0	1392.5
492.444	1393.25	0	1393.25
492.566	1360.5	0	1360.5
492.687	1358.75	0	1358.75
492.808	1333.75	0	1333.75
492.93	1335.25	0	1335.25
493.051	1354	0	1354
493.172	1385.75	0	1385.75
493.294	1346.25	0	1346.25
493.415	1386.25	0	1386.25
493.536	1365	0	1365
493.658	1375	0	1375
493.779	1389.25	0	1389.25
493.9	1421	0	1421
494.021	1431	0	1431
494.143	1411	0	1411
494.264	1369	0	1369
494.385	1413.5	0	1413.5
494.506	1384	0	1384
494.627	1425	0	1425
494.748	1425	0	1425
494.869	1412.5	0	1412.5
494.99	1425.25	0	1425.25
495.111	1451	0	1451
495.232	1413.5	0	1413.5
495.353	1422.5	0	1422.5
495.475	1387.25	0	1387.25
495.595	1357	0	1357
495.716	1372	0	1372
495.837	1344.75	0	1344.75
495.958	1344.75	0	1344.75
496.079	1371.5	0	1371.5
496.2	1357	0	1357
496.321	1372.5	0	1372.5
496.442	1339.75	0	1339.75
496.563	1319.75	0	1319.75
496.684	1343.75	0	1343.75
496.804	1326.5	0	1326.5
496.925	1305.75	0	1305.75
497.046	1273.25	0	1273.25
497.167	1320.75	0	1320.75
497.287	1271.75	0	1271.75
497.408	1276.25	0	1276.25
497.529	1297.25	0	1297.25
497.65	1265.5	0	1265.5
497.77	1274.75	0	1274.75
497.891	1247.75	0	1247.75
498.012	1283	0	1283
498.132	1241.5	0	1241.5
498.253	1259.25	0	1259.25
498.373	1237.25	0	1237.25
498.494	1257.25	0	1257.25
498.614	1274	0	1274
498.735	1286.25	0	1286.25
498.856	1257	0	1257
498.976	1253.5	0	1253.5
499.096	1221.5	0	1221.5
499.217	1297	0	1297
499.337	1249.5	0	1249.5
499.458	1270.5	0	1270.5
499.578	1232.75	0	1232.75
499.699	1234.25	0	1234.25
499.819	1226.5	0	1226.5
499.939	1195.75	0	1195.75
500.06	1220.75	0	1220.75
500.18	1185.25	0	1185.25
500.3	1158.5	0	1158.5
500.421	1182.25	0	1182.25
500.541	1199.25	0	1199.25
500.661	1165.25	0	1165.25
500.781	1170.5	0	1170.5
500.902	1161.25	0	1161.25
501.022	1171.5	0	1171.5
501.142	1197	0	1197
501.262	1207.5	0	1207.5
501.382	1211.75	0	1211.75
501.502	1226.5	0	1226.5
501.623	1183.25	0	1183.25
501.743	1166	0	1166
501.863	1170.75	0	1170.75
501.983	1193.75	0	1193.75
502.103	1193.75	0	1193.75
502.223	1178	0	1178
502.343	1156	0	1156
502.463	1153.75	0	1153.75
502.583	1158.75	0	1158.75
502.703	1117.25	0	1117.25
502.823	1124	0	1124
502.943	1159.5	0	1159.5
503.063	1131.25	0	1131.25
503.182	1152.75	0	1152.75
503.302	1138	0	1138
503.422	1121	0	1121
503.542	1153.75	0	1153.75
503.662	1114	0	1114
503.782	1121.25	0	1121.25
503.901	1165	0	1165
504.021	1178.5	0	1178.5
504.141	1140.25	0	1140.25
504.261	1167	0	1167
504.38	1152	0	1152
504.5	1156.5	0	1156.5
504.62	1145.25	0	1145.25
504.739	1150	0	1150
504.859	1130	0	1130
504.979	1151	0	1151
505.098	1165.75	0	1165.75
505.218	1145	0	1145
505.338	1202.5	0	1202.5
505.457	1163	0	1163
505.577	1169.5	0	1169.5
505.696	1207.75	0	1207.75
505.816	1188	0	1188
505.935	1229.25	0	1229.25
506.055	1303.5	0	1303.5
506.174	1441.75	0	1441.75
506.293	1839.75	0	1839.75
506.413	1931.5	0	1931.5
506.532	1596	0	1596
506.652	1429.25	0	1429.25
506.771	1345.75	0	1345.75
506.89	1318.75	0	1318.75
507.01	1294.25	0	1294.25
507.129	1248	0	1248
507.248	1246.5	0	1246.5
507.368	1216.75	0	1216.75
507.487	1216.25	0	1216.25
507.606	1214.5	0	1214.5
507.725	1249	0	1249
507.844	1236.75	0	1236.75
507.964	1247.25	0	1247.25
508.083	1203	0	1203
508.202	1213.25	0	1213.25
508.321	1213.5	0	1213.5
508.44	1226.75	0	1226.75
508.559	1175	0	1175
508.678	1202.5	0	1202.5
508.797	1210	0	1210
508.916	1266.25	0	1266.25
509.035	1267.75	0	1267.75
509.154	1182	0	1182
509.273	1232.25	0	1232.25
509.392	1202.5	0	1202.5
509.511	1181	0	1181
509.63	1235.75	0	1235.75
509.749	1243	0	1243
509.868	1245.5	0	1245.5
509.987	1242.25	0	1242.25
510.106	1292.5	0	1292.5
510.225	1315.75	0	1315.75
510.344	1342	0	1342
510.462	1411.25	0	1411.25
510.581	1465	0	1465
510.7	1497.75	0	1497.75
510.819	1497.25	0	1497.25
510.937	1462	0	1462
511.056	1509	0	1509
511.175	1531.5	0	1531.5
511.294	1572.75	0	1572.75
511.412	1592	0	1592
511.531	1584.5	0	1584.5
511.649	1636.5	0	1636.5
511.768	1600.75	0	1600.75
511.887	1617.75	0	1617.75
512.005	1655.5	0	1655.5
512.124	1643.75	0	1643.75
512.242	1633.25	0	1633.25
512.361	1681.25	0	1681.25
512.479	1640.25	0	1640.25
512.598	1643.25	0	1643.25
512.716	1624.25	0	1624.25
512.835	1577.5	0	1577.5
512.953	1595.5	0	1595.5
513.072	1528	0	1528
513.19	1529	0	1529
513.308	1527	0	1527
513.427	1496.75	0	1496.75
513.545	1470.75	0	1470.75
513.664	1489	0	1489
513.782	1490	0	1490
513.9	1525	0	1525
514.018	1529.75	0	1529.75
514.137	1532.75	0	1532.75
514.255	1544.5	0	1544.5
514.373	1554	0	1554
514.491	1577.5	0	1577.5
514.609	1690.75	0	1690.75
514.728	1620.75	0	1620.75
514.846	1596.25	0	1596.25
514.964	1557	0	1557
515.082	1524.25	0	1524.25
515.2	1493.75	0	1493.75
515.318	1481.75	0	1481.75
515.436	1493	0	1493
515.554	1426	0	1426
515.672	1415.5	0	1415.5
515.79	1409.25	0	1409.25
515.908	1394.25	0	1394.25
516.026	1412	0	1412
516.144	1370	0	1370
516.262	1372.75	0	1372.75
516.38	1373	0	1373
516.498	1356	0	1356
516.616	1315	0	1315
516.734	1332	0	1332
516.852	1327.25	0	1327.25
516.969	1270	0	1270
517.087	1265.5	0	1265.5
517.205	1307.5	0	1307.5
517.323	1287	0	1287
517.44	1272	0	1272
517.558	1235	0	1235
517.676	1239.25	0	1239.25
517.794	1213.25	0	1213.25
517.911	1185	0	1185
518.029	1219.5	0	1219.5
518.147	1190	0	1190
518.264	1231.5	0	1231.5
518.382	1232.5	0	1232.5
518.5	1201.5	0	1201.5
518.617	1204.25	0	1204.25
518.735	1231.5	0	1231.5
518.852	1229.25	0	1229.25
518.97	1192.75	0	1192.75
519.087	1213.75	0	1213.75
519.205	1188	0	1188
519.322	1138.75	0	1138.75
519.44	1212.5	0	1212.5
519.557	1198.75	0	1198.75
519.674	1178.25	0	1178.25
519.792	1169	0	1169
519.909	1229.75	0	1229.75
520.026	1165.25	0	1165.25
520.144	1183.25	0	1183.25
520.261	1143.5	0	1143.5
520.378	1150.5	0	1150.5
520.496	1178.75	0	1178.75
520.613	1190	0	1190
520.73	1188.5	0	1188.5
520.847	1160.25	0	1160.25
520.965	1182.75	0	1182.75
521.082	1158.25	0	1158.25
521.199	1150	0	1150
521.316	1176.75	0	1176.75
521.433	1224	0	1224
521.55	1208.25	0	1208.25
521.667	1225.5	0	1225.5
521.785	1244.5	0	1244.5
521.902	1237.75	0	1237.75
522.019	1241.5	0	1241.5
522.136	1325	0	1325
522.253	1325.25	0	1325.25
522.37	1388.25	0	1388.25
522.487	1388.75	0	1388.75
522.604	1507.75	0	1507.75
522.721	1660.5	0	1660.5
522.838	2025.5	0	2025.5
522.954	2913	0	2913
523.071	2769.25	0	2769.25
523.188	2576.25	0	2576.25
523.305	2458.75	0	2458.75
523.422	2272.25	0	2272.25
523.539	2221	0	2221
523.655	2079	0	2079
523.772	2047.5	0	2047.5
523.889	1984.75	0	1984.75
524.006	1886.5	0	1886.5
524.122	1835.5	0	1835.5
524.239	1806.5	0	1806.5
524.356	1781.25	0	1781.25
524.472	1777.25	0	1777.25
524.589	1674.75	0	1674.75
524.706	1694.25	0	1694.25
524.822	1663.25	0	1663.25
524.939	1567	0	1567
525.055	1550	0	1550
525.172	1563.25	0	1563.25
525.289	1502	0	1502
525.405	1472.5	0	1472.5
525.522	1387	0	1387
525.638	1467	0	1467
525.754	1410	0	1410
525.871	1466	0	1466
525.987	1499.75	0	1499.75
526.104	1478.5	0	1478.5
526.22	1455	0	1455
526.336	1449	0	1449
526.453	1396	0	1396
526.569	1396.25	0	1396.25
526.685	1378.75	0	1378.75
526.802	1360.5	0	1360.5
526.918	1367	0	1367
527.034	1333	0	1333
527.151	1287.5	0	1287.5
527.267	1267.75	0	1267.75
527.383	1297.75	0	1297.75
527.499	1277	0	1277
527.615	1280.5	0	1280.5
527.732	1233.75	0	1233.75
527.848	1264.75	0	1264.75
527.964	1244.25	0	1244.25
528.08	1208.5	0	1208.5
528.196	1195.75	0	1195.75
528.312	1178.25	0	1178.25
528.428	1178.75	0	1178.75
528.544	1162	0	1162
528.66	1209.25	0	1209.25
528.776	1181.75	0	1181.75
528.892	1153	0	1153
529.008	1139.25	0	1139.25
529.124	1103.5	0	1103.5
529.24	1088	0	1088
529.356	1086.25	0	1086.25
529.471	1060.5	0	1060.5
529.587	1078	0	1078
529.703	1074.75	0	1074.75
529.819	1054	0	1054
529.935	1052	0	1052
530.05	1050.25	0	1050.25
530.166	1078.5	0	1078.5
530.282	1070.75	0	1070.75
530.398	1089	0	1089
530.513	1024	0	1024
530.629	1057.5	0	1057.5
530.745	1067.75	0	1067.75
530.86	1074.75	0	1074.75
530.976	1054.5	0	1054.5
531.092	1054	0	1054
531.207	1051.75	0	1051.75
531.323	1021.75	0	1021.75
531.438	1049.75	0	1049.75
531.554	1042.75	0	1042.75
531.669	1034.5	0	1034.5
531.785	1039.75	0	1039.75
531.9	1007.75	0	1007.75
532.016	982.75	0	982.75
532.131	1016.75	0	1016.75
532.247	994.25	0	994.25
532.362	989.25	0	989.25
532.477	996.75	0	996.75
532.593	1031.25	0	1031.25
532.708	992.25	0	992.25
532.823	956	0	956
532.939	947.5	0	947.5
533.054	950.25	0	950.25
533.169	954.5	0	954.5
533.285	962	0	962
533.4	954	0	954
533.515	926.75	0	926.75
533.63	963	0	963
533.745	914.75	0	914.75
533.861	890.5	0	890.5
533.976	913	0	913
534.091	916.75	0	916.75
534.206	911.5	0	911.5
534.321	878.75	0	878.75
534.436	894.75	0	894.75
534.551	874.5	0	874.5
534.666	868.75	0	868.75
534.781	882.25	0	882.25
534.896	868.25	0	868.25
535.011	873.75	0	873.75
535.126	866.75	0	866.75
535.241	878.75	0	878.75
535.356	834	0	834
535.471	830	0	830
535.586	861.75	0	861.75
535.701	851.25	0	851.25
535.815	851.25	0	851.25
535.93	823.5	0	823.5
536.045	833.5	0	833.5
536.16	836.75	0	836.75