Lambda	Spectrum	Dark	SpecMinusDark
268.175	13.5	0	13.5
268.319	19.5	0	19.5
268.463	18.5	0	18.5
268.607	16.75	0	16.75
268.751	7.75	0	7.75
268.895	21.25	0	21.25
269.039	10.75	0	10.75
269.183	17.25	0	17.25
269.327	9.5	0	9.5
269.47	5.25	0	5.25
269.614	11.25	0	11.25
269.758	11.75	0	11.75
269.902	13.75	0	13.75
270.046	18.75	0	18.75
270.19	14.75	0	14.75
270.334	14	0	14
270.477	15	0	15
270.621	1.75	0	1.75
270.765	12	0	12
270.909	15.75	0	15.75
271.053	18	0	18
271.196	12.5	0	12.5
271.34	12	0	12
271.484	18	0	18
271.628	21.5	0	21.5
271.771	26.5	0	26.5
271.915	23.75	0	23.75
272.059	20	0	20
272.202	18	0	18
272.346	28.75	0	28.75
272.49	21.75	0	21.75
272.634	18.75	0	18.75
272.777	29	0	29
272.921	9.5	0	9.5
273.064	24.5	0	24.5
273.208	22.75	0	22.75
273.352	14	0	14
273.495	26.5	0	26.5
273.639	23.75	0	23.75
273.783	22.25	0	22.25
273.926	11.5	0	11.5
274.07	30	0	30
274.213	24.75	0	24.75
274.357	30.25	0	30.25
274.5	15.75	0	15.75
274.644	29.75	0	29.75
274.787	27.5	0	27.5
274.931	14.25	0	14.25
275.074	15.25	0	15.25
275.218	24.25	0	24.25
275.361	17	0	17
275.505	16.25	0	16.25
275.648	24.25	0	24.25
275.792	21	0	21
275.935	18.75	0	18.75
276.079	21	0	21
276.222	26.25	0	26.25
276.366	17	0	17
276.509	19	0	19
276.652	25.75	0	25.75
276.796	25	0	25
276.939	16.5	0	16.5
277.082	19.5	0	19.5
277.226	22.5	0	22.5
277.369	24.5	0	24.5
277.513	16	0	16
277.656	32.25	0	32.25
277.799	32.25	0	32.25
277.942	31.75	0	31.75
278.086	26.75	0	26.75
278.229	35.5	0	35.5
278.372	23	0	23
278.516	17.25	0	17.25
278.659	26.25	0	26.25
278.802	27	0	27
278.945	32.75	0	32.75
279.089	34.5	0	34.5
279.232	38	0	38
279.375	49.75	0	49.75
279.518	49.5	0	49.5
279.661	41.5	0	41.5
279.805	25.75	0	25.75
279.948	27.5	0	27.5
280.091	35.25	0	35.25
280.234	46.25	0	46.25
280.377	36.25	0	36.25
280.52	25.5	0	25.5
280.663	31.25	0	31.25
280.806	22.25	0	22.25
280.95	27	0	27
281.093	29.25	0	29.25
281.236	26.75	0	26.75
281.379	27.75	0	27.75
281.522	32.5	0	32.5
281.665	21.5	0	21.5
281.808	30	0	30
281.951	28.5	0	28.5
282.094	25.75	0	25.75
282.237	20.75	0	20.75
282.38	21.75	0	21.75
282.523	25	0	25
282.666	27.75	0	27.75
282.809	32	0	32
282.952	18.25	0	18.25
283.095	22.5	0	22.5
283.238	37	0	37
283.381	23.5	0	23.5
283.523	23	0	23
283.666	19.75	0	19.75
283.809	28.25	0	28.25
283.952	25	0	25
284.095	20.25	0	20.25
284.238	29	0	29
284.381	30.75	0	30.75
284.524	37.25	0	37.25
284.666	24.5	0	24.5
284.809	36.25	0	36.25
284.952	66.5	0	66.5
285.095	106.5	0	106.5
285.238	63.5	0	63.5
285.38	36.25	0	36.25
285.523	45.5	0	45.5
285.666	15.75	0	15.75
285.809	26.25	0	26.25
285.951	19.75	0	19.75
286.094	22.5	0	22.5
286.237	15.25	0	15.25
286.38	30.75	0	30.75
286.522	34.75	0	34.75
286.665	19.25	0	19.25
286.808	30.25	0	30.25
286.95	19	0	19
287.093	27.5	0	27.5
287.236	33.75	0	33.75
287.378	31.25	0	31.25
287.521	22	0	22
287.663	40	0	40
287.806	49.25	0	49.25
287.949	70.5	0	70.5
288.091	97.5	0	97.5
288.234	35.5	0	35.5
288.376	24.5	0	24.5
288.519	28.25	0	28.25
288.661	29.75	0	29.75
288.804	20.75	0	20.75
288.946	18.25	0	18.25
289.089	35.75	0	35.75
289.231	19	0	19
289.374	31	0	31
289.516	27.25	0	27.25
289.659	28.75	0	28.75
289.801	34.25	0	34.25
289.944	25.5	0	25.5
290.086	20.5	0	20.5
290.229	35.75	0	35.75
290.371	23.75	0	23.75
290.513	24.75	0	24.75
290.656	30.25	0	30.25
290.798	33.75	0	33.75
290.941	22.25	0	22.25
291.083	27	0	27
291.225	16.25	0	16.25
291.368	21.75	0	21.75
291.51	29.75	0	29.75
291.652	22.25	0	22.25
291.795	27.5	0	27.5
291.937	24.75	0	24.75
292.079	32.25	0	32.25
292.221	27	0	27
292.364	27.5	0	27.5
292.506	23.25	0	23.25
292.648	33.75	0	33.75
292.79	34.25	0	34.25
292.933	28.5	0	28.5
293.075	26.75	0	26.75
293.217	26	0	26
293.359	27.5	0	27.5
293.502	33.5	0	33.5
293.644	38.75	0	38.75
293.786	19.75	0	19.75
293.928	22	0	22
294.07	28.75	0	28.75
294.212	25.25	0	25.25
294.354	27.75	0	27.75
294.497	29.5	0	29.5
294.639	31	0	31
294.781	35	0	35
294.923	17	0	17
295.065	25	0	25
295.207	25.25	0	25.25
295.349	27	0	27
295.491	33	0	33
295.633	33	0	33
295.775	20	0	20
295.917	21.25	0	21.25
296.059	35.5	0	35.5
296.201	27	0	27
296.343	27	0	27
296.485	36.5	0	36.5
296.627	52	0	52
296.769	28.25	0	28.25
296.911	23.5	0	23.5
297.053	32	0	32
297.195	41.25	0	41.25
297.337	36.5	0	36.5
297.478	30	0	30
297.62	20.25	0	20.25
297.762	24	0	24
297.904	34.75	0	34.75
298.046	32.25	0	32.25
298.188	31.5	0	31.5
298.33	34.5	0	34.5
298.471	31.5	0	31.5
298.613	32.75	0	32.75
298.755	30.25	0	30.25
298.897	30.75	0	30.75
299.038	29.75	0	29.75
299.18	30.25	0	30.25
299.322	42.5	0	42.5
299.464	31	0	31
299.605	32.5	0	32.5
299.747	41.75	0	41.75
299.889	32.75	0	32.75
300.031	33.75	0	33.75
300.172	29.5	0	29.5
300.314	36.25	0	36.25
300.456	32.5	0	32.5
300.597	31.75	0	31.75
300.739	37	0	37
300.881	25.25	0	25.25
301.022	21.25	0	21.25
301.164	30.25	0	30.25
301.305	27	0	27
301.447	27	0	27
301.589	33.75	0	33.75
301.73	50.5	0	50.5
301.872	78.25	0	78.25
302.013	65.5	0	65.5
302.155	40	0	40
302.296	36.25	0	36.25
302.438	39.25	0	39.25
302.579	36.5	0	36.5
302.721	42.75	0	42.75
302.862	22.5	0	22.5
303.004	29.25	0	29.25
303.145	43.5	0	43.5
303.287	42.25	0	42.25
303.428	33.75	0	33.75
303.569	48.25	0	48.25
303.711	35.5	0	35.5
303.852	39.25	0	39.25
303.994	37	0	37
304.135	33.5	0	33.5
304.276	36.5	0	36.5
304.418	34.25	0	34.25
304.559	57	0	57
304.7	40.5	0	40.5
304.842	52.25	0	52.25
304.983	32.75	0	32.75
305.124	29	0	29
305.266	32	0	32
305.407	40.25	0	40.25
305.548	35.25	0	35.25
305.69	51.25	0	51.25
305.831	49.5	0	49.5
305.972	44.5	0	44.5
306.113	43.25	0	43.25
306.254	33	0	33
306.396	49.25	0	49.25
306.537	40.75	0	40.75
306.678	40.25	0	40.25
306.819	31.5	0	31.5
306.96	35.5	0	35.5
307.102	40	0	40
307.243	42.5	0	42.5
307.384	46.5	0	46.5
307.525	45.75	0	45.75
307.666	58.25	0	58.25
307.807	55.5	0	55.5
307.948	118.25	0	118.25
308.089	173.25	0	173.25
308.23	119.25	0	119.25
308.371	47.25	0	47.25
308.513	55.75	0	55.75
308.654	56.75	0	56.75
308.795	66.5	0	66.5
308.936	120.75	0	120.75
309.077	218.5	0	218.5
309.218	291	0	291
309.359	99.25	0	99.25
309.499	61.25	0	61.25
309.64	60.75	0	60.75
309.781	51.75	0	51.75
309.922	60.5	0	60.5
310.063	51.25	0	51.25
310.204	47	0	47
310.345	42.5	0	42.5
310.486	51.75	0	51.75
310.627	42.25	0	42.25
310.768	36	0	36
310.909	50.5	0	50.5
311.049	51.75	0	51.75
311.19	45	0	45
311.331	51	0	51
311.472	55	0	55
311.613	43.75	0	43.75
311.753	45.5	0	45.5
311.894	46.5	0	46.5
312.035	42	0	42
312.176	50	0	50
312.316	39	0	39
312.457	53.75	0	53.75
312.598	57.25	0	57.25
312.739	50	0	50
312.879	51.5	0	51.5
313.02	47.5	0	47.5
313.161	47.5	0	47.5
313.301	54.5	0	54.5
313.442	46.5	0	46.5
313.583	36.75	0	36.75
313.723	37.75	0	37.75
313.864	54.25	0	54.25
314.005	45.25	0	45.25
314.145	54.75	0	54.75
314.286	62.5	0	62.5
314.426	44.25	0	44.25
314.567	60.75	0	60.75
314.707	47	0	47
314.848	54	0	54
314.989	60.25	0	60.25
315.129	39.75	0	39.75
315.27	43.25	0	43.25
315.41	52	0	52
315.551	54	0	54
315.691	55.75	0	55.75
315.831	46.75	0	46.75
315.972	59.25	0	59.25
316.112	52.5	0	52.5
316.253	42	0	42
316.393	60.75	0	60.75
316.534	57.5	0	57.5
316.674	45.5	0	45.5
316.814	57.75	0	57.75
316.955	53	0	53
317.095	49.5	0	49.5
317.236	41.25	0	41.25
317.376	59.75	0	59.75
317.516	56.25	0	56.25
317.656	46	0	46
317.797	51.25	0	51.25
317.937	62.25	0	62.25
318.077	65.75	0	65.75
318.218	55.25	0	55.25
318.358	52.5	0	52.5
318.498	53.25	0	53.25
318.638	65.5	0	65.5
318.779	72.5	0	72.5
318.919	60	0	60
319.059	56.75	0	56.75
319.199	55	0	55
319.34	58.75	0	58.75
319.48	63.75	0	63.75
319.62	65.5	0	65.5
319.76	67.25	0	67.25
319.9	63	0	63
320.04	56.25	0	56.25
320.18	52.5	0	52.5
320.32	51.75	0	51.75
320.461	54.25	0	54.25
320.601	63	0	63
320.741	57.25	0	57.25
320.881	61.75	0	61.75
321.021	60	0	60
321.161	63	0	63
321.301	64	0	64
321.441	59.5	0	59.5
321.581	65.5	0	65.5
321.721	56.5	0	56.5
321.861	56.5	0	56.5
322.001	67	0	67
322.141	65.75	0	65.75
322.281	59.25	0	59.25
322.421	71.25	0	71.25
322.561	75.25	0	75.25
322.7	61	0	61
322.84	62.75	0	62.75
322.98	66.75	0	66.75
323.12	70	0	70
323.26	76.75	0	76.75
323.4	88	0	88
323.54	63	0	63
323.68	79.25	0	79.25
323.819	76.5	0	76.5
323.959	80.75	0	80.75
324.099	73.5	0	73.5
324.239	70	0	70
324.379	64.75	0	64.75
324.518	101.25	0	101.25
324.658	107	0	107
324.798	91.25	0	91.25
324.937	77.5	0	77.5
325.077	83.25	0	83.25
325.217	80.75	0	80.75
325.357	64	0	64
325.496	84.75	0	84.75
325.636	73.75	0	73.75
325.776	66.25	0	66.25
325.915	87.75	0	87.75
326.055	88.5	0	88.5
326.195	84.75	0	84.75
326.334	94	0	94
326.474	93.5	0	93.5
326.613	94.5	0	94.5
326.753	80.75	0	80.75
326.892	84	0	84
327.032	88	0	88
327.172	90.75	0	90.75
327.311	109.25	0	109.25
327.451	83	0	83
327.59	95	0	95
327.73	92.5	0	92.5
327.869	91.75	0	91.75
328.009	100.75	0	100.75
328.148	91.5	0	91.5
328.288	89.5	0	89.5
328.427	85.25	0	85.25
328.566	94.5	0	94.5
328.706	96.25	0	96.25
328.845	90.75	0	90.75
328.985	82.25	0	82.25
329.124	97.25	0	97.25
329.263	89.75	0	89.75
329.403	87.75	0	87.75
329.542	94.75	0	94.75
329.681	98.25	0	98.25
329.821	90	0	90
329.96	103	0	103
330.099	94.25	0	94.25
330.239	99	0	99
330.378	104.5	0	104.5
330.517	101.5	0	101.5
330.656	106.5	0	106.5
330.796	97.75	0	97.75
330.935	102	0	102
331.074	102.25	0	102.25
331.213	107.75	0	107.75
331.352	107.25	0	107.25
331.492	108.75	0	108.75
331.631	107.5	0	107.5
331.77	113	0	113
331.909	109.5	0	109.5
332.048	116	0	116
332.187	119	0	119
332.327	129.25	0	129.25
332.466	115.5	0	115.5
332.605	107.75	0	107.75
332.744	111.5	0	111.5
332.883	101.5	0	101.5
333.022	117.75	0	117.75
333.161	111.25	0	111.25
333.3	102.5	0	102.5
333.439	133.25	0	133.25
333.578	123.75	0	123.75
333.717	121.25	0	121.25
333.856	121.75	0	121.75
333.995	120.25	0	120.25
334.134	117.25	0	117.25
334.273	131.25	0	131.25
334.412	117.75	0	117.75
334.551	116.75	0	116.75
334.69	123.25	0	123.25
334.828	122	0	122
334.967	141.25	0	141.25
335.106	133.25	0	133.25
335.245	116.5	0	116.5
335.384	128	0	128
335.523	121	0	121
335.662	133	0	133
335.8	143.75	0	143.75
335.939	152.75	0	152.75
336.078	130	0	130
336.217	126	0	126
336.356	128.5	0	128.5
336.494	128.75	0	128.75
336.633	129.5	0	129.5
336.772	128	0	128
336.911	137.5	0	137.5
337.049	126.75	0	126.75
337.188	158	0	158
337.327	141.75	0	141.75
337.465	130.5	0	130.5
337.604	130.75	0	130.75
337.743	132	0	132
337.881	135.5	0	135.5
338.02	127.5	0	127.5
338.158	142.25	0	142.25
338.297	132	0	132
338.436	136	0	136
338.574	140.25	0	140.25
338.713	142.25	0	142.25
338.851	162.25	0	162.25
338.99	164	0	164
339.128	163.5	0	163.5
339.267	139.5	0	139.5
339.405	157.25	0	157.25
339.544	172	0	172
339.682	174	0	174
339.821	193.25	0	193.25
339.959	198.25	0	198.25
340.098	204.5	0	204.5
340.236	249.5	0	249.5
340.375	320.5	0	320.5
340.513	422.25	0	422.25
340.651	556	0	556
340.79	737.75	0	737.75
340.928	957.75	0	957.75
341.067	1158.25	0	1158.25
341.205	1325.5	0	1325.5
341.343	1417	0	1417
341.482	1587.25	0	1587.25
341.62	1530	0	1530
341.758	1467.5	0	1467.5
341.897	1292.75	0	1292.75
342.035	1055	0	1055
342.173	849.75	0	849.75
342.311	684.5	0	684.5
342.45	498.75	0	498.75
342.588	422.25	0	422.25
342.726	322	0	322
342.864	258.25	0	258.25
343.002	210.75	0	210.75
343.141	211.25	0	211.25
343.279	188.75	0	188.75
343.417	178.5	0	178.5
343.555	177.25	0	177.25
343.693	177.25	0	177.25
343.831	183.75	0	183.75
343.969	249.75	0	249.75
344.108	202.75	0	202.75
344.246	184	0	184
344.384	175.75	0	175.75
344.522	172.25	0	172.25
344.66	161	0	161
344.798	165.25	0	165.25
344.936	168.5	0	168.5
345.074	159.75	0	159.75
345.212	152.75	0	152.75
345.35	175	0	175
345.488	171.25	0	171.25
345.626	176.75	0	176.75
345.764	171	0	171
345.902	198.75	0	198.75
346.04	169.5	0	169.5
346.178	176.5	0	176.5
346.315	198.5	0	198.5
346.453	202	0	202
346.591	192	0	192
346.729	173.75	0	173.75
346.867	178.75	0	178.75
347.005	181.75	0	181.75
347.143	178.5	0	178.5
347.28	196.5	0	196.5
347.418	206	0	206
347.556	194.75	0	194.75
347.694	187.5	0	187.5
347.832	204.75	0	204.75
347.969	189.75	0	189.75
348.107	197	0	197
348.245	191.5	0	191.5
348.382	192.25	0	192.25
348.52	191.5	0	191.5
348.658	205.25	0	205.25
348.796	216.5	0	216.5
348.933	226.75	0	226.75
349.071	197.25	0	197.25
349.209	216.25	0	216.25
349.346	212.25	0	212.25
349.484	211.25	0	211.25
349.621	211	0	211
349.759	194.5	0	194.5
349.897	211.25	0	211.25
350.034	214	0	214
350.172	214.25	0	214.25
350.309	225	0	225
350.447	216.75	0	216.75
350.584	242.5	0	242.5
350.722	252.5	0	252.5
350.859	245	0	245
350.997	234	0	234
351.134	260.25	0	260.25
351.272	251.25	0	251.25
351.409	266.75	0	266.75
351.547	266	0	266
351.684	279	0	279
351.822	255.75	0	255.75
351.959	296.5	0	296.5
352.096	309	0	309
352.234	320	0	320
352.371	317.5	0	317.5
352.508	334.25	0	334.25
352.646	320.25	0	320.25
352.783	368.5	0	368.5
352.92	367	0	367
353.058	385.75	0	385.75
353.195	372.25	0	372.25
353.332	418	0	418
353.469	396.25	0	396.25
353.607	426.5	0	426.5
353.744	449	0	449
353.881	479.5	0	479.5
354.018	494	0	494
354.156	509	0	509
354.293	493.75	0	493.75
354.43	533	0	533
354.567	546.25	0	546.25
354.704	574	0	574
354.841	568	0	568
354.979	609.25	0	609.25
355.116	617.5	0	617.5
355.253	628.5	0	628.5
355.39	650.5	0	650.5
355.527	637.5	0	637.5
355.664	671.75	0	671.75
355.801	686.75	0	686.75
355.938	682.25	0	682.25
356.075	698.75	0	698.75
356.212	698.25	0	698.25
356.349	701.75	0	701.75
356.486	660.5	0	660.5
356.623	629.5	0	629.5
356.76	631.5	0	631.5
356.897	632.5	0	632.5
357.034	554	0	554
357.171	526.75	0	526.75
357.308	536.75	0	536.75
357.445	628.75	0	628.75
357.582	721.75	0	721.75
357.718	886.5	0	886.5
357.855	1140.5	0	1140.5
357.992	1450.25	0	1450.25
358.129	1813	0	1813
358.266	2007.25	0	2007.25
358.403	1993.75	0	1993.75
358.539	1541.75	0	1541.75
358.676	1227.75	0	1227.75
358.813	1262.5	0	1262.5
358.95	1046.25	0	1046.25
359.086	595.25	0	595.25
359.223	487.5	0	487.5
359.36	431.75	0	431.75
359.497	404.25	0	404.25
359.633	407.5	0	407.5
359.77	391.25	0	391.25
359.907	363.75	0	363.75
360.043	378	0	378
360.18	379.5	0	379.5
360.317	382.75	0	382.75
360.453	373	0	373
360.59	397	0	397
360.727	387	0	387
360.863	336.25	0	336.25
361	324.75	0	324.75
361.136	334	0	334
361.273	303	0	303
361.409	305.5	0	305.5
361.546	321	0	321
361.682	363.5	0	363.5
361.819	332	0	332
361.955	334.5	0	334.5
362.092	317.75	0	317.75
362.228	289.5	0	289.5
362.365	288.75	0	288.75
362.501	302	0	302
362.638	300.75	0	300.75
362.774	318.5	0	318.5
362.91	343.75	0	343.75
363.047	352	0	352
363.183	339.5	0	339.5
363.319	317	0	317
363.456	298.75	0	298.75
363.592	273	0	273
363.728	299.5	0	299.5
363.865	293.75	0	293.75
364.001	303	0	303
364.137	292.5	0	292.5
364.274	303	0	303
364.41	292.25	0	292.25
364.546	317.75	0	317.75
364.682	346	0	346
364.819	333.25	0	333.25
364.955	314	0	314
365.091	327.5	0	327.5
365.227	301	0	301
365.363	278.5	0	278.5
365.499	295.75	0	295.75
365.636	301.5	0	301.5
365.772	324.25	0	324.25
365.908	297	0	297
366.044	300.75	0	300.75
366.18	303.75	0	303.75
366.316	321.75	0	321.75
366.452	306	0	306
366.588	289	0	289
366.724	324.25	0	324.25
366.86	329	0	329
366.996	316.75	0	316.75
367.132	309.5	0	309.5
367.268	300.5	0	300.5
367.404	311.75	0	311.75
367.54	314.5	0	314.5
367.676	332.5	0	332.5
367.812	342.25	0	342.25
367.948	346.75	0	346.75
368.084	316.25	0	316.25
368.22	327.25	0	327.25
368.356	351.25	0	351.25
368.492	339.75	0	339.75
368.627	354.25	0	354.25
368.763	343.25	0	343.25
368.899	342.5	0	342.5
369.035	342.75	0	342.75
369.171	344.75	0	344.75
369.306	349.25	0	349.25
369.442	341.5	0	341.5
369.578	353.75	0	353.75
369.714	340.75	0	340.75
369.85	339.5	0	339.5
369.985	339	0	339
370.121	346.75	0	346.75
370.257	371.25	0	371.25
370.392	386	0	386
370.528	380.75	0	380.75
370.664	397.5	0	397.5
370.799	396.75	0	396.75
370.935	382.75	0	382.75
371.071	371	0	371
371.206	384	0	384
371.342	399.75	0	399.75
371.477	419.5	0	419.5
371.613	419.25	0	419.25
371.749	498	0	498
371.884	587	0	587
372.02	487.5	0	487.5
372.155	430.75	0	430.75
372.291	420.25	0	420.25
372.426	409	0	409
372.562	412	0	412
372.697	454.75	0	454.75
372.833	431.5	0	431.5
372.968	441.5	0	441.5
373.103	483	0	483
373.239	568	0	568
373.374	677.5	0	677.5
373.51	639.25	0	639.25
373.645	617.75	0	617.75
373.78	522	0	522
373.916	508	0	508
374.051	510.25	0	510.25
374.186	516.75	0	516.75
374.322	591.25	0	591.25
374.457	621	0	621
374.592	622.5	0	622.5
374.728	645.75	0	645.75
374.863	699.25	0	699.25
374.998	601.75	0	601.75
375.133	574	0	574
375.268	595.75	0	595.75
375.404	598.25	0	598.25
375.539	659.75	0	659.75
375.674	715.75	0	715.75
375.809	735	0	735
375.944	696.25	0	696.25
376.08	676.75	0	676.75
376.215	738.25	0	738.25
376.35	766.5	0	766.5
376.485	749.5	0	749.5
376.62	800.25	0	800.25
376.755	784.25	0	784.25
376.89	790.25	0	790.25
377.025	811.75	0	811.75
377.16	841.25	0	841.25
377.295	888.5	0	888.5
377.43	859.25	0	859.25
377.565	922	0	922
377.7	947.5	0	947.5
377.835	957.5	0	957.5
377.97	1003.75	0	1003.75
378.105	1073.5	0	1073.5
378.24	1107.5	0	1107.5
378.375	1143.75	0	1143.75
378.51	1112.25	0	1112.25
378.645	1225.25	0	1225.25
378.78	1273.25	0	1273.25
378.914	1312.75	0	1312.75
379.049	1416	0	1416
379.184	1397.5	0	1397.5
379.319	1474.75	0	1474.75
379.454	1557	0	1557
379.589	1553	0	1553
379.723	1622	0	1622
379.858	1731.25	0	1731.25
379.993	1768.75	0	1768.75
380.128	1870	0	1870
380.262	1925.5	0	1925.5
380.397	1976.5	0	1976.5
380.532	2053	0	2053
380.666	2150.5	0	2150.5
380.801	2179.5	0	2179.5
380.936	2260.25	0	2260.25
381.07	2395.75	0	2395.75
381.205	2485.5	0	2485.5
381.34	2565.25	0	2565.25
381.474	2654.25	0	2654.25
381.609	2711	0	2711
381.744	2860.5	0	2860.5
381.878	3145.75	0	3145.75
382.013	3134.25	0	3134.25
382.147	3144.5	0	3144.5
382.282	3340	0	3340
382.416	3462.75	0	3462.75
382.551	3421	0	3421
382.685	3614.5	0	3614.5
382.82	3570.75	0	3570.75
382.954	3682	0	3682
383.089	3769.5	0	3769.5
383.223	3915.5	0	3915.5
383.357	3861.25	0	3861.25
383.492	3928.75	0	3928.75
383.626	4143.5	0	4143.5
383.761	4309.75	0	4309.75
383.895	4147.75	0	4147.75
384.029	4257.5	0	4257.5
384.164	4320.5	0	4320.5
384.298	4562.25	0	4562.25
384.432	4851.5	0	4851.5
384.567	5362.25	0	5362.25
384.701	6101.75	0	6101.75
384.835	7039.75	0	7039.75
384.97	7225.75	0	7225.75
385.104	6418.75	0	6418.75
385.238	6988.75	0	6988.75
385.372	6881.75	0	6881.75
385.506	5811	0	5811
385.641	5858.25	0	5858.25
385.775	6807	0	6807
385.909	8014.75	0	8014.75
386.043	7982.5	0	7982.5
386.177	5384	0	5384
386.311	4633.75	0	4633.75
386.446	5215.5	0	5215.5
386.58	5849.5	0	5849.5
386.714	7377.75	0	7377.75
386.848	9958	0	9958
386.982	10835.8	0	10835.8
387.116	6192.25	0	6192.25
387.25	3338.75	0	3338.75
387.384	3176.5	0	3176.5
387.518	3735	0	3735
387.652	4952.5	0	4952.5
387.786	6702.5	0	6702.5
387.92	9452.5	0	9452.5
388.054	13903.2	0	13903.2
388.188	14715	0	14715
388.322	5860.25	0	5860.25
388.456	1577.75	0	1577.75
388.59	942.75	0	942.75
388.723	706.75	0	706.75
388.857	649	0	649
388.991	573.75	0	573.75
389.125	519.75	0	519.75
389.259	519	0	519
389.393	522.75	0	522.75
389.526	528	0	528
389.66	516.25	0	516.25
389.794	535	0	535
389.928	502.5	0	502.5
390.062	516.5	0	516.5
390.195	520	0	520
390.329	527.25	0	527.25
390.463	558	0	558
390.596	560.25	0	560.25
390.73	532.75	0	532.75
390.864	560	0	560
390.997	506	0	506
391.131	527	0	527
391.265	510	0	510
391.398	491.5	0	491.5
391.532	489	0	489
391.665	511.5	0	511.5
391.799	500.5	0	500.5
391.933	493	0	493
392.066	485.25	0	485.25
392.2	512.5	0	512.5
392.333	488.25	0	488.25
392.467	507.75	0	507.75
392.6	529.5	0	529.5
392.734	522.75	0	522.75
392.867	562.25	0	562.25
393.001	662.75	0	662.75
393.134	1358.75	0	1358.75
393.267	1770.25	0	1770.25
393.401	978.25	0	978.25
393.534	575.75	0	575.75
393.668	540.75	0	540.75
393.801	510.5	0	510.5
393.934	540	0	540
394.068	673.75	0	673.75
394.201	1506.75	0	1506.75
394.334	1657	0	1657
394.468	815.75	0	815.75
394.601	582	0	582
394.734	540.75	0	540.75
394.867	504.5	0	504.5
395.001	513	0	513
395.134	496.5	0	496.5
395.267	492.5	0	492.5
395.4	501.5	0	501.5
395.533	513.75	0	513.75
395.667	564.5	0	564.5
395.8	763.75	0	763.75
395.933	2027.75	0	2027.75
396.066	2680.25	0	2680.25
396.199	1177	0	1177
396.332	670.75	0	670.75
396.465	600	0	600
396.598	919.75	0	919.75
396.732	1362.75	0	1362.75
396.865	885.5	0	885.5
396.998	558	0	558
397.131	514.5	0	514.5
397.264	518.5	0	518.5
397.397	520.25	0	520.25
397.53	503.75	0	503.75
397.663	504	0	504
397.796	503.25	0	503.25
397.928	504.75	0	504.75
398.061	503.25	0	503.25
398.194	514.75	0	514.75
398.327	539	0	539
398.46	511.5	0	511.5
398.593	530.5	0	530.5
398.726	514.5	0	514.5
398.859	507	0	507
398.991	510	0	510
399.124	509.75	0	509.75
399.257	540.25	0	540.25
399.39	513.25	0	513.25
399.523	531	0	531
399.655	507	0	507
399.788	521.25	0	521.25
399.921	531.75	0	531.75
400.054	506	0	506
400.186	498.5	0	498.5
400.319	516.5	0	516.5
400.452	504.75	0	504.75
400.584	530.25	0	530.25
400.717	509	0	509
400.85	508.25	0	508.25
400.982	501.75	0	501.75
401.115	529.75	0	529.75
401.247	522.75	0	522.75
401.38	524.5	0	524.5
401.513	524.25	0	524.25
401.645	536.25	0	536.25
401.778	503	0	503
401.91	529.25	0	529.25
402.043	548.75	0	548.75
402.175	518.5	0	518.5
402.308	498.75	0	498.75
402.44	520.5	0	520.5
402.573	521.25	0	521.25
402.705	559.25	0	559.25
402.837	572.25	0	572.25
402.97	571.75	0	571.75
403.102	556.75	0	556.75
403.235	565	0	565
403.367	582.25	0	582.25
403.499	537	0	537
403.632	560	0	560
403.764	548.75	0	548.75
403.896	543.5	0	543.5
404.029	551	0	551
404.161	544.5	0	544.5
404.293	579	0	579
404.425	673.5	0	673.5
404.558	616.75	0	616.75
404.69	573	0	573
404.822	542.25	0	542.25
404.954	565.5	0	565.5
405.086	566.25	0	566.25
405.219	565.5	0	565.5
405.351	576	0	576
405.483	570.25	0	570.25
405.615	588.75	0	588.75
405.747	562.25	0	562.25
405.879	563.75	0	563.75
406.011	600.5	0	600.5
406.143	632	0	632
406.275	650.5	0	650.5
406.407	595.5	0	595.5
406.539	602.5	0	602.5
406.672	598.75	0	598.75
406.803	584	0	584
406.935	602.75	0	602.75
407.067	628.25	0	628.25
407.199	592.25	0	592.25
407.331	586	0	586
407.463	588.5	0	588.5
407.595	613.5	0	613.5
407.727	610	0	610
407.859	619.25	0	619.25
407.991	609.5	0	609.5
408.123	583.75	0	583.75
408.255	597.25	0	597.25
408.386	616	0	616
408.518	614.5	0	614.5
408.65	618.75	0	618.75
408.782	604.75	0	604.75
408.914	610.25	0	610.25
409.045	630	0	630
409.177	646.25	0	646.25
409.309	660.75	0	660.75
409.44	651	0	651
409.572	630.5	0	630.5
409.704	671	0	671
409.836	680.5	0	680.5
409.967	704.5	0	704.5
410.099	679.5	0	679.5
410.23	673.75	0	673.75
410.362	693.5	0	693.5
410.494	636.75	0	636.75
410.625	690.75	0	690.75
410.757	694.25	0	694.25
410.888	703.75	0	703.75
411.02	706.25	0	706.25
411.152	705.25	0	705.25
411.283	715	0	715
411.415	727	0	727
411.546	742.5	0	742.5
411.677	723	0	723
411.809	773.25	0	773.25
411.94	751.5	0	751.5
412.072	729.5	0	729.5
412.203	774.75	0	774.75
412.335	783.5	0	783.5
412.466	783.5	0	783.5
412.597	779.75	0	779.75
412.729	820.25	0	820.25
412.86	829.5	0	829.5
412.991	825.25	0	825.25
413.123	795.75	0	795.75
413.254	819.75	0	819.75
413.385	827.75	0	827.75
413.517	856.25	0	856.25
413.648	838.25	0	838.25
413.779	809.25	0	809.25
413.91	883.5	0	883.5
414.042	866.25	0	866.25
414.173	899.75	0	899.75
414.304	951	0	951
414.435	957.75	0	957.75
414.566	1026.75	0	1026.75
414.697	1165.75	0	1165.75
414.828	1218.75	0	1218.75
414.96	1407	0	1407
415.091	1400.75	0	1400.75
415.222	1201.5	0	1201.5
415.353	1171.75	0	1171.75
415.484	1302	0	1302
415.615	1446	0	1446
415.746	1173.5	0	1173.5
415.877	979.75	0	979.75
416.008	958.5	0	958.5
416.139	1040.5	0	1040.5
416.27	1085.5	0	1085.5
416.401	1257.75	0	1257.75
416.532	1461.5	0	1461.5
416.663	1428.75	0	1428.75
416.794	1011.75	0	1011.75
416.925	919.25	0	919.25
417.055	889.5	0	889.5
417.186	926.25	0	926.25
417.317	981.5	0	981.5
417.448	1055.25	0	1055.25
417.579	1096.25	0	1096.25
417.71	1262.25	0	1262.25
417.84	1597.75	0	1597.75
417.971	1618.25	0	1618.25
418.102	992.25	0	992.25
418.233	868	0	868
418.363	803.75	0	803.75
418.494	800.25	0	800.25
418.625	809.25	0	809.25
418.756	811	0	811
418.886	896	0	896
419.017	945.75	0	945.75
419.148	1018.25	0	1018.25
419.278	1243.5	0	1243.5
419.409	1572.5	0	1572.5
419.539	1929.5	0	1929.5
419.67	1197	0	1197
419.801	753	0	753
419.931	658.25	0	658.25
420.062	671.75	0	671.75
420.192	655.75	0	655.75
420.323	654	0	654
420.453	650	0	650
420.584	624	0	624
420.714	671.5	0	671.5
420.845	727.25	0	727.25
420.975	777	0	777
421.106	927.5	0	927.5
421.236	1107.5	0	1107.5
421.366	1592.25	0	1592.25
421.497	1428.75	0	1428.75
421.627	642.5	0	642.5
421.757	457.25	0	457.25
421.888	437.75	0	437.75
422.018	454.75	0	454.75
422.148	438.25	0	438.25
422.279	505.25	0	505.25
422.409	988.5	0	988.5
422.539	2626	0	2626
422.67	1387.25	0	1387.25
422.8	601.25	0	601.25
422.93	458	0	458
423.06	442.25	0	442.25
423.19	427	0	427
423.321	451.75	0	451.75
423.451	424.5	0	424.5
423.581	439	0	439
423.711	422.5	0	422.5
423.841	401.5	0	401.5
423.971	405.75	0	405.75
424.101	423.75	0	423.75
424.231	415.5	0	415.5
424.361	426.75	0	426.75
424.492	422.75	0	422.75
424.622	404	0	404
424.752	430.25	0	430.25
424.882	416.75	0	416.75
425.012	432.25	0	432.25
425.142	421.5	0	421.5
425.271	440	0	440
425.401	411.25	0	411.25
425.531	409.25	0	409.25
425.661	408.25	0	408.25
425.791	424.75	0	424.75
425.921	449	0	449
426.051	436	0	436
426.181	405.25	0	405.25
426.311	429.5	0	429.5
426.44	414.5	0	414.5
426.57	433	0	433
426.7	439.5	0	439.5
426.83	405	0	405
426.96	473.75	0	473.75
427.089	460.75	0	460.75
427.219	463	0	463
427.349	420.25	0	420.25
427.479	399	0	399
427.608	410.75	0	410.75
427.738	416	0	416
427.868	405.5	0	405.5
427.997	408.75	0	408.75
428.127	416.5	0	416.5
428.256	422	0	422
428.386	414	0	414
428.516	400.75	0	400.75
428.645	423.75	0	423.75
428.775	422.25	0	422.25
428.904	424	0	424
429.034	428.5	0	428.5
429.163	443.25	0	443.25
429.293	422	0	422
429.422	415	0	415
429.552	409.5	0	409.5
429.681	431.25	0	431.25
429.811	458.25	0	458.25
429.94	469.5	0	469.5
430.069	474.5	0	474.5
430.199	450.75	0	450.75
430.328	434.75	0	434.75
430.458	461	0	461
430.587	470.25	0	470.25
430.716	529.25	0	529.25
430.846	449	0	449
430.975	423.25	0	423.25
431.104	436	0	436
431.233	428.5	0	428.5
431.363	411.75	0	411.75
431.492	432	0	432
431.621	437.75	0	437.75
431.75	455.5	0	455.5
431.88	429.25	0	429.25
432.009	463.25	0	463.25
432.138	452.5	0	452.5
432.267	463.25	0	463.25
432.396	517.75	0	517.75
432.525	496.5	0	496.5
432.654	478.75	0	478.75
432.784	462.75	0	462.75
432.913	455.75	0	455.75
433.042	501.75	0	501.75
433.171	450.75	0	450.75
433.3	442.25	0	442.25
433.429	465.5	0	465.5
433.558	458.75	0	458.75
433.687	487.5	0	487.5
433.816	455.25	0	455.25
433.945	470.25	0	470.25
434.074	476.25	0	476.25
434.203	457.5	0	457.5
434.332	471.75	0	471.75
434.46	457.75	0	457.75
434.589	502	0	502
434.718	486.75	0	486.75
434.847	517.75	0	517.75
434.976	487.5	0	487.5
435.105	485.25	0	485.25
435.233	513.5	0	513.5
435.362	502.75	0	502.75
435.491	504.5	0	504.5
435.62	478.25	0	478.25
435.749	502.75	0	502.75
435.877	579.25	0	579.25
436.006	639	0	639
436.135	775.75	0	775.75
436.263	971.25	0	971.25
436.392	865.25	0	865.25
436.521	588.75	0	588.75
436.649	511	0	511
436.778	561.5	0	561.5
436.907	705	0	705
437.035	766.75	0	766.75
437.164	579.75	0	579.75
437.292	427.5	0	427.5
437.421	415.25	0	415.25
437.549	409	0	409
437.678	415.25	0	415.25
437.806	441	0	441
437.935	502.75	0	502.75
438.063	568.25	0	568.25
438.192	537.5	0	537.5
438.32	455.75	0	455.75
438.449	377	0	377
438.577	354	0	354
438.706	352	0	352
438.834	351.25	0	351.25
438.962	322.25	0	322.25
439.091	320	0	320
439.219	320.5	0	320.5
439.347	318	0	318
439.476	328	0	328
439.604	303.75	0	303.75
439.732	312.5	0	312.5
439.86	311.25	0	311.25
439.989	309.5	0	309.5
440.117	292	0	292
440.245	332.75	0	332.75
440.373	368.75	0	368.75
440.501	321	0	321
440.63	303.25	0	303.25
440.758	293	0	293
440.886	323	0	323
441.014	303.25	0	303.25
441.142	313	0	313
441.27	314	0	314
441.398	341	0	341
441.526	341.5	0	341.5
441.654	296.75	0	296.75
441.782	314.5	0	314.5
441.91	317.5	0	317.5
442.038	308.5	0	308.5
442.166	302.25	0	302.25
442.294	314.75	0	314.75
442.422	333.75	0	333.75
442.55	310.25	0	310.25
442.678	303.75	0	303.75
442.806	298	0	298
442.934	310	0	310
443.062	314.75	0	314.75
443.19	319.75	0	319.75
443.318	309.75	0	309.75
443.445	343.5	0	343.5
443.573	333.5	0	333.5
443.701	305.5	0	305.5
443.829	324.25	0	324.25
443.957	318.5	0	318.5
444.084	315.75	0	315.75
444.212	321.25	0	321.25
444.34	326.25	0	326.25
444.467	318.25	0	318.25
444.595	344.25	0	344.25
444.723	343.5	0	343.5
444.85	328	0	328
444.978	299.25	0	299.25
445.106	323.5	0	323.5
445.233	329.75	0	329.75
445.361	382.25	0	382.25
445.489	356	0	356
445.616	343.5	0	343.5
445.744	329.25	0	329.25
445.871	319.25	0	319.25
445.999	343.25	0	343.25
446.126	333	0	333
446.254	329.25	0	329.25
446.381	348	0	348
446.509	327.25	0	327.25
446.636	345	0	345
446.764	353.5	0	353.5
446.891	329.5	0	329.5
447.018	341	0	341
447.146	323	0	323
447.273	354.5	0	354.5
447.4	364.25	0	364.25
447.528	340.75	0	340.75
447.655	344	0	344
447.782	374	0	374
447.91	344.75	0	344.75
448.037	344.25	0	344.25
448.164	360.25	0	360.25
448.291	354	0	354
448.419	395	0	395
448.546	350	0	350
448.673	334.5	0	334.5
448.8	402.25	0	402.25
448.927	368	0	368
449.055	405	0	405
449.182	421	0	421
449.309	402.75	0	402.75
449.436	409	0	409
449.563	397	0	397
449.69	399.5	0	399.5
449.817	392.5	0	392.5
449.944	402.25	0	402.25
450.071	394.5	0	394.5
450.198	374.5	0	374.5
450.325	368.25	0	368.25
450.452	364.25	0	364.25
450.579	375.25	0	375.25
450.706	373.25	0	373.25
450.833	394.75	0	394.75
450.96	382.5	0	382.5
451.087	428.75	0	428.75
451.214	415	0	415
451.341	433.25	0	433.25
451.467	395.25	0	395.25
451.594	388.75	0	388.75
451.721	392.75	0	392.75
451.848	418	0	418
451.975	386	0	386
452.101	367.25	0	367.25
452.228	403.75	0	403.75
452.355	386.5	0	386.5
452.482	398	0	398
452.608	414	0	414
452.735	377.5	0	377.5
452.862	440.5	0	440.5
452.988	487.75	0	487.75
453.115	401	0	401
453.242	415	0	415
453.368	398.25	0	398.25
453.495	372.25	0	372.25
453.621	437.5	0	437.5
453.748	381.5	0	381.5
453.875	439.5	0	439.5
454.001	412.5	0	412.5
454.128	425.25	0	425.25
454.254	407.75	0	407.75
454.381	421.25	0	421.25
454.507	382.75	0	382.75
454.633	399.25	0	399.25
454.76	448.5	0	448.5
454.886	467.5	0	467.5
455.013	451	0	451
455.139	505	0	505
455.266	448	0	448
455.392	390.75	0	390.75
455.518	442.75	0	442.75
455.645	475	0	475
455.771	395	0	395
455.897	532	0	532
456.023	427.25	0	427.25
456.15	473.5	0	473.5
456.276	448.75	0	448.75
456.402	424	0	424
456.528	505.5	0	505.5
456.655	490.75	0	490.75
456.781	487.75	0	487.75
456.907	523.25	0	523.25
457.033	460.5	0	460.5
457.159	573.25	0	573.25
457.285	557.75	0	557.75
457.411	488.5	0	488.5
457.538	528.5	0	528.5
457.664	573.25	0	573.25
457.79	534	0	534
457.916	522	0	522
458.042	480.25	0	480.25
458.168	515.25	0	515.25
458.294	514	0	514
458.42	534.5	0	534.5
458.546	460.5	0	460.5
458.672	628.75	0	628.75
458.798	504.5	0	504.5
458.924	586	0	586
459.049	550.25	0	550.25
459.175	554.25	0	554.25
459.301	671.75	0	671.75
459.427	550.75	0	550.75
459.553	638	0	638
459.679	620.25	0	620.25
459.805	563	0	563
459.93	706.5	0	706.5
460.056	590.75	0	590.75
460.182	606.5	0	606.5
460.308	665.5	0	665.5
460.433	710.5	0	710.5
460.559	649.25	0	649.25
460.685	691	0	691
460.81	665.25	0	665.25
460.936	760.75	0	760.75
461.062	730.75	0	730.75
461.187	757.75	0	757.75
461.313	712.5	0	712.5
461.439	751.25	0	751.25
461.564	768.75	0	768.75
461.69	713	0	713
461.815	857.75	0	857.75
461.941	765.25	0	765.25
462.066	775	0	775
462.192	838.5	0	838.5
462.317	727	0	727
462.443	797.5	0	797.5
462.568	840.5	0	840.5
462.694	903	0	903
462.819	909.75	0	909.75
462.944	842	0	842
463.07	962.75	0	962.75
463.195	911.25	0	911.25
463.321	1077	0	1077
463.446	906	0	906
463.571	1022	0	1022
463.697	930.5	0	930.5
463.822	993	0	993
463.947	1045.5	0	1045.5
464.072	999	0	999
464.198	925.5	0	925.5
464.323	1112.25	0	1112.25
464.448	1072	0	1072
464.573	1150.75	0	1150.75
464.698	1102.5	0	1102.5
464.824	1098.75	0	1098.75
464.949	1181.25	0	1181.25
465.074	1121	0	1121
465.199	1253	0	1253
465.324	1116.75	0	1116.75
465.449	1269.5	0	1269.5
465.574	1179.5	0	1179.5
465.699	1283	0	1283
465.824	1385	0	1385
465.949	1368.5	0	1368.5
466.074	1468.75	0	1468.75
466.199	1323.75	0	1323.75
466.324	1448	0	1448
466.449	1491	0	1491
466.574	1427.75	0	1427.75
466.699	1681	0	1681
466.824	1590.25	0	1590.25
466.949	1590	0	1590
467.074	1774	0	1774
467.199	1705.5	0	1705.5
467.323	1604.5	0	1604.5
467.448	2004.75	0	2004.75
467.573	2322	0	2322
467.698	2643.5	0	2643.5
467.823	2341.25	0	2341.25
467.947	2000.75	0	2000.75
468.072	1876.75	0	1876.75
468.197	1972	0	1972
468.322	2503.25	0	2503.25
468.446	1711.75	0	1711.75
468.571	1493.25	0	1493.25
468.696	1466.5	0	1466.5
468.82	1572	0	1572
468.945	1645.25	0	1645.25
469.069	1491.25	0	1491.25
469.194	1733.75	0	1733.75
469.319	2152.25	0	2152.25
469.443	2254.5	0	2254.5
469.568	2918.5	0	2918.5
469.692	2048.75	0	2048.75
469.817	1272.75	0	1272.75
469.941	1205.75	0	1205.75
470.066	1295.25	0	1295.25
470.19	1222.25	0	1222.25
470.315	1251.25	0	1251.25
470.439	1354.5	0	1354.5
470.563	1319.75	0	1319.75
470.688	1355.25	0	1355.25
470.812	1349.5	0	1349.5
470.937	1508.25	0	1508.25
471.061	1768.75	0	1768.75
471.185	2249	0	2249
471.31	3041.5	0	3041.5
471.434	2331.75	0	2331.75
471.558	1176.5	0	1176.5
471.682	926	0	926
471.807	989	0	989
471.931	921.25	0	921.25
472.055	999.25	0	999.25
472.179	958.75	0	958.75
472.303	917	0	917
472.428	908.5	0	908.5
472.552	932.5	0	932.5
472.676	1006.75	0	1006.75
472.8	1000.75	0	1000.75
472.924	990.5	0	990.5
473.048	982.75	0	982.75
473.172	1193.75	0	1193.75
473.296	1478.75	0	1478.75
473.42	2048	0	2048
473.544	3019.75	0	3019.75
473.668	1069.5	0	1069.5
473.792	445.75	0	445.75
473.916	401	0	401
474.04	374.5	0	374.5
474.164	371	0	371
474.288	387.25	0	387.25
474.412	354	0	354
474.536	351.5	0	351.5
474.66	314.25	0	314.25
474.784	323.5	0	323.5
474.908	333.25	0	333.25
475.031	334	0	334
475.155	345.75	0	345.75
475.279	337	0	337
475.403	308.25	0	308.25
475.526	328.5	0	328.5
475.65	368.5	0	368.5
475.774	366.25	0	366.25
475.898	344	0	344
476.021	321.5	0	321.5
476.145	327.75	0	327.75
476.269	350.25	0	350.25
476.392	342.25	0	342.25
476.516	345	0	345
476.64	333.75	0	333.75
476.763	347.75	0	347.75
476.887	447.75	0	447.75
477.01	386.5	0	386.5
477.134	366	0	366
477.257	384.25	0	384.25
477.381	412	0	412
477.504	346.25	0	346.25
477.628	330.25	0	330.25
477.751	346	0	346
477.875	355.75	0	355.75
477.998	379	0	379
478.122	342.75	0	342.75
478.245	333	0	333
478.368	313	0	313
478.492	349.25	0	349.25
478.615	358	0	358
478.738	328.75	0	328.75
478.862	331.5	0	331.5
478.985	328.5	0	328.5
479.108	354.25	0	354.25
479.231	351.5	0	351.5
479.355	334.5	0	334.5
479.478	333.75	0	333.75
479.601	367.25	0	367.25
479.724	404	0	404
479.848	346.75	0	346.75
479.971	361.75	0	361.75
480.094	348	0	348
480.217	342.5	0	342.5
480.34	387	0	387
480.463	340.75	0	340.75
480.586	362.5	0	362.5
480.709	356	0	356
480.832	389.25	0	389.25
480.955	383.5	0	383.5
481.078	355.5	0	355.5
481.201	337.75	0	337.75
481.324	338.5	0	338.5
481.447	399	0	399
481.57	390.75	0	390.75
481.693	338.25	0	338.25
481.816	330.5	0	330.5
481.939	414.75	0	414.75
482.062	420.5	0	420.5
482.185	334.75	0	334.75
482.307	322.25	0	322.25
482.43	351.25	0	351.25
482.553	458	0	458
482.676	336.75	0	336.75
482.799	323.5	0	323.5
482.921	346	0	346
483.044	483.75	0	483.75
483.167	382	0	382
483.29	344.5	0	344.5
483.412	335.75	0	335.75
483.535	395.5	0	395.5
483.658	523.75	0	523.75
483.78	375	0	375
483.903	336.75	0	336.75
484.025	348.5	0	348.5
484.148	494.25	0	494.25
484.271	388	0	388
484.393	331	0	331
484.516	325	0	325
484.638	418.25	0	418.25
484.761	502.75	0	502.75
484.883	375.5	0	375.5
485.006	337.5	0	337.5
485.128	399	0	399
485.251	489.75	0	489.75
485.373	384.75	0	384.75
485.495	323.75	0	323.75
485.618	386.75	0	386.75
485.74	397	0	397
485.863	498.25	0	498.25
485.985	353	0	353
486.107	417.25	0	417.25
486.229	377	0	377
486.352	515.5	0	515.5
486.474	389.75	0	389.75
486.596	423.5	0	423.5
486.719	358.25	0	358.25
486.841	392.5	0	392.5
486.963	489.75	0	489.75
487.085	442.25	0	442.25
487.207	332.25	0	332.25
487.329	413.5	0	413.5
487.452	518.25	0	518.25
487.574	418.25	0	418.25
487.696	365.75	0	365.75
487.818	355.5	0	355.5
487.94	499.75	0	499.75
488.062	532.5	0	532.5
488.184	326.25	0	326.25
488.306	363.25	0	363.25
488.428	497.75	0	497.75
488.55	520.75	0	520.75
488.672	347.75	0	347.75
488.794	367.5	0	367.5
488.916	382.25	0	382.25
489.038	675.25	0	675.25
489.16	366.5	0	366.5
489.281	337.25	0	337.25
489.403	394.25	0	394.25
489.525	647	0	647
489.647	400.75	0	400.75
489.769	324.25	0	324.25
489.891	410.25	0	410.25
490.012	568	0	568
490.134	487	0	487
490.256	326.25	0	326.25
490.378	395.75	0	395.75
490.499	613.5	0	613.5
490.621	493.5	0	493.5
490.743	328	0	328
490.864	476.25	0	476.25
490.986	442.75	0	442.75
491.108	602.75	0	602.75
491.229	367.75	0	367.75
491.351	483.5	0	483.5
491.472	456	0	456
491.594	571.5	0	571.5
491.715	428.75	0	428.75
491.837	484.5	0	484.5
491.958	405.25	0	405.25
492.08	644	0	644
492.201	469.25	0	469.25
492.323	469.5	0	469.5
492.444	396.25	0	396.25
492.566	688.75	0	688.75
492.687	505.5	0	505.5
492.808	400.25	0	400.25
492.93	401.25	0	401.25
493.051	632.25	0	632.25
493.172	556.25	0	556.25
493.294	390.75	0	390.75
493.415	427.5	0	427.5
493.536	750.25	0	750.25
493.658	548.5	0	548.5
493.779	410.25	0	410.25
493.9	393.75	0	393.75
494.021	683.25	0	683.25
494.143	608.5	0	608.5
494.264	388.25	0	388.25
494.385	451.5	0	451.5
494.506	869	0	869
494.627	444	0	444
494.748	396.75	0	396.75
494.869	483	0	483
494.99	807.75	0	807.75
495.111	500.5	0	500.5
495.232	458.5	0	458.5
495.353	602.75	0	602.75
495.475	786	0	786
495.595	463.75	0	463.75
495.716	583.25	0	583.25
495.837	506.25	0	506.25
495.958	822.5	0	822.5
496.079	557.5	0	557.5
496.2	575	0	575
496.321	534	0	534
496.442	842.25	0	842.25
496.563	478.75	0	478.75
496.684	558.25	0	558.25
496.804	565.5	0	565.5
496.925	774.5	0	774.5
497.046	574.5	0	574.5
497.167	507	0	507
497.287	794	0	794
497.408	765.75	0	765.75
497.529	559.75	0	559.75
497.65	444.25	0	444.25
497.77	920	0	920
497.891	741	0	741
498.012	530.25	0	530.25
498.132	592	0	592
498.253	1077.5	0	1077.5
498.373	503.5	0	503.5
498.494	545.5	0	545.5
498.614	798.25	0	798.25
498.735	872.5	0	872.5
498.856	534.25	0	534.25
498.976	676.25	0	676.25
499.096	1115.25	0	1115.25
499.217	625	0	625
499.337	659.75	0	659.75
499.458	593.5	0	593.5
499.578	1093.25	0	1093.25
499.699	562.5	0	562.5
499.819	775	0	775
499.939	930.25	0	930.25
500.06	772.75	0	772.75
500.18	781	0	781
500.3	526.75	0	526.75
500.421	1127.5	0	1127.5
500.541	804.75	0	804.75
500.661	665.25	0	665.25
500.781	1033.5	0	1033.5
500.902	954.25	0	954.25
501.022	699.75	0	699.75
501.142	598.25	0	598.25
501.262	1382.25	0	1382.25
501.382	715.75	0	715.75
501.502	685.25	0	685.25
501.623	1264.25	0	1264.25
501.743	827.25	0	827.25
501.863	715	0	715
501.983	995.5	0	995.5
502.103	1228.5	0	1228.5
502.223	728.75	0	728.75
502.343	925	0	925
502.463	1285	0	1285
502.583	818.25	0	818.25
502.703	877.75	0	877.75
502.823	1003.75	0	1003.75
502.943	1199.5	0	1199.5
503.063	892	0	892
503.182	999.25	0	999.25
503.302	1375.75	0	1375.75
503.422	915.5	0	915.5
503.542	744.75	0	744.75
503.662	1690.5	0	1690.5
503.782	733	0	733
503.901	1011	0	1011
504.021	1600.25	0	1600.25
504.141	814	0	814
504.261	1023.25	0	1023.25
504.38	1444.5	0	1444.5
504.5	945	0	945
504.62	1358.75	0	1358.75
504.739	1125.5	0	1125.5
504.859	1316.25	0	1316.25
504.979	1018.25	0	1018.25
505.098	1318	0	1318
505.218	1422.75	0	1422.75
505.338	971.25	0	971.25
505.457	1690	0	1690
505.577	1219.75	0	1219.75
505.696	1028.5	0	1028.5
505.816	1620.5	0	1620.5
505.935	1165.5	0	1165.5
506.055	1258	0	1258
506.174	1659.75	0	1659.75
506.293	1303.25	0	1303.25
506.413	1202.25	0	1202.25
506.532	1599.75	0	1599.75
506.652	1446	0	1446
506.771	1241.5	0	1241.5
506.89	2215.5	0	2215.5
507.01	1077.75	0	1077.75
507.129	1416.75	0	1416.75
507.248	1811.5	0	1811.5
507.368	1375.75	0	1375.75
507.487	1541.75	0	1541.75
507.606	1694.75	0	1694.75
507.725	1360	0	1360
507.844	1779.75	0	1779.75
507.964	1414	0	1414
508.083	1567.75	0	1567.75
508.202	2035	0	2035
508.321	1502.5	0	1502.5
508.44	1590	0	1590
508.559	1892	0	1892
508.678	1504	0	1504
508.797	2293.5	0	2293.5
508.916	1451.25	0	1451.25
509.035	1840.5	0	1840.5
509.154	2002	0	2002
509.273	1802	0	1802
509.392	2328.75	0	2328.75
509.511	1978	0	1978
509.63	2348.25	0	2348.25
509.749	1785.5	0	1785.5
509.868	1802.5	0	1802.5
509.987	2197.25	0	2197.25
510.106	1571	0	1571
510.225	2142.5	0	2142.5
510.344	1732.75	0	1732.75
510.462	1995.25	0	1995.25
510.581	2019.75	0	2019.75
510.7	1960	0	1960
510.819	2058.75	0	2058.75
510.937	1869.25	0	1869.25
511.056	2285.75	0	2285.75
511.175	1930.75	0	1930.75
511.294	2274	0	2274
511.412	1894.25	0	1894.25
511.531	2497.75	0	2497.75
511.649	2019.25	0	2019.25
511.768	2173	0	2173
511.887	2127	0	2127
512.005	2578.75	0	2578.75
512.124	2294.75	0	2294.75
512.242	2452.75	0	2452.75
512.361	2363	0	2363
512.479	3105	0	3105
512.598	2780.25	0	2780.25
512.716	4210	0	4210
512.835	3676.75	0	3676.75
512.953	2033.5	0	2033.5
513.072	1973.5	0	1973.5
513.19	1712.75	0	1712.75
513.308	2106.5	0	2106.5
513.427	1929.5	0	1929.5
513.545	1830.75	0	1830.75
513.664	2151.25	0	2151.25
513.782	2008.25	0	2008.25
513.9	1862.25	0	1862.25
514.018	2159.75	0	2159.75
514.137	2069	0	2069
514.255	1961.5	0	1961.5
514.373	2308.25	0	2308.25
514.491	2273.5	0	2273.5
514.609	2101.5	0	2101.5
514.728	2238	0	2238
514.846	2083.25	0	2083.25
514.964	2322.5	0	2322.5
515.082	2268.75	0	2268.75
515.2	2318.75	0	2318.75
515.318	2330.5	0	2330.5
515.436	2317	0	2317
515.554	2370.75	0	2370.75
515.672	2613.25	0	2613.25
515.79	2590	0	2590
515.908	2815.75	0	2815.75
516.026	3447.5	0	3447.5
516.144	4463.25	0	4463.25
516.262	6512.25	0	6512.25
516.38	8603	0	8603
516.498	1851.5	0	1851.5
516.616	555.75	0	555.75
516.734	364.25	0	364.25
516.852	310.5	0	310.5
516.969	277.5	0	277.5
517.087	378.25	0	378.25
517.205	434.5	0	434.5
517.323	271	0	271
517.44	288.25	0	288.25
517.558	267.75	0	267.75
517.676	263.25	0	263.25
517.794	269.75	0	269.75
517.911	267.5	0	267.5
518.029	296.5	0	296.5
518.147	339	0	339
518.264	507	0	507
518.382	289.5	0	289.5
518.5	282.25	0	282.25
518.617	284.75	0	284.75
518.735	287.5	0	287.5
518.852	261.5	0	261.5
518.97	247.25	0	247.25
519.087	262.75	0	262.75
519.205	285.75	0	285.75
519.322	287.75	0	287.75
519.44	262.75	0	262.75
519.557	256.25	0	256.25
519.674	227.25	0	227.25
519.792	265.5	0	265.5
519.909	282.25	0	282.25
520.026	261	0	261
520.144	265.5	0	265.5
520.261	238.75	0	238.75
520.378	258.75	0	258.75
520.496	268.25	0	268.25
520.613	284.5	0	284.5
520.73	252.75	0	252.75
520.847	254.25	0	254.25
520.965	280.5	0	280.5
521.082	267.5	0	267.5
521.199	264.25	0	264.25
521.316	248.75	0	248.75
521.433	252.75	0	252.75
521.55	242.75	0	242.75
521.667	259.75	0	259.75
521.785	264.5	0	264.5
521.902	280.5	0	280.5
522.019	267.25	0	267.25
522.136	226.5	0	226.5
522.253	254.75	0	254.75
522.37	314.25	0	314.25
522.487	268.25	0	268.25
522.604	257.25	0	257.25
522.721	249.75	0	249.75
522.838	256.5	0	256.5
522.954	278	0	278
523.071	279.25	0	279.25
523.188	288	0	288
523.305	253	0	253
523.422	242.25	0	242.25
523.539	259.5	0	259.5
523.655	245	0	245
523.772	278	0	278
523.889	275.5	0	275.5
524.006	238.75	0	238.75
524.122	277.75	0	277.75
524.239	254	0	254
524.356	232	0	232
524.472	301.25	0	301.25
524.589	278.75	0	278.75
524.706	304.5	0	304.5
524.822	246.5	0	246.5
524.939	207	0	207
525.055	254	0	254
525.172	295.5	0	295.5
525.289	298.75	0	298.75
525.405	245.75	0	245.75
525.522	226	0	226
525.638	247.5	0	247.5
525.754	286.25	0	286.25
525.871	329.5	0	329.5
525.987	228.25	0	228.25
526.104	235	0	235
526.22	256.75	0	256.75
526.336	273.25	0	273.25
526.453	313.75	0	313.75
526.569	310.25	0	310.25
526.685	270	0	270
526.802	289	0	289
526.918	280.5	0	280.5
527.034	315.5	0	315.5
527.151	261	0	261
527.267	297	0	297
527.383	249.5	0	249.5
527.499	255.75	0	255.75
527.615	284.25	0	284.25
527.732	303.5	0	303.5
527.848	249	0	249
527.964	276.25	0	276.25
528.08	260.25	0	260.25
528.196	276.25	0	276.25
528.312	347.75	0	347.75
528.428	259	0	259
528.544	232	0	232
528.66	286.25	0	286.25
528.776	318.5	0	318.5
528.892	283	0	283
529.008	230	0	230
529.124	223.5	0	223.5
529.24	284	0	284
529.356	368.75	0	368.75
529.471	262.5	0	262.5
529.587	259	0	259
529.703	258.75	0	258.75
529.819	305	0	305
529.935	281.75	0	281.75
530.05	291.25	0	291.25
530.166	303.5	0	303.5
530.282	261.5	0	261.5
530.398	282.5	0	282.5
530.513	254	0	254
530.629	297	0	297
530.745	309.75	0	309.75
530.86	279.75	0	279.75
530.976	273.25	0	273.25
531.092	226	0	226
531.207	279.5	0	279.5
531.323	362.25	0	362.25
531.438	314.5	0	314.5
531.554	242	0	242
531.669	234.5	0	234.5
531.785	283.75	0	283.75
531.9	321.25	0	321.25
532.016	400.75	0	400.75
532.131	272.5	0	272.5
532.247	259.25	0	259.25
532.362	267	0	267
532.477	318	0	318
532.593	386.5	0	386.5
532.708	320.25	0	320.25
532.823	244.25	0	244.25
532.939	248.5	0	248.5
533.054	316	0	316
533.169	338.25	0	338.25
533.285	303.75	0	303.75
533.4	289	0	289
533.515	287.75	0	287.75
533.63	313.5	0	313.5
533.745	311.25	0	311.25
533.861	314.25	0	314.25
533.976	346	0	346
534.091	305.25	0	305.25
534.206	292.75	0	292.75
534.321	301.5	0	301.5
534.436	315.75	0	315.75
534.551	367.5	0	367.5
534.666	323.25	0	323.25
534.781	281.25	0	281.25
534.896	325.75	0	325.75
535.011	314.25	0	314.25
535.126	340.75	0	340.75
535.241	349.5	0	349.5
535.356	326.75	0	326.75
535.471	334.75	0	334.75
535.586	317.25	0	317.25
535.701	309.25	0	309.25
535.815	378.75	0	378.75
535.93	362.75	0	362.75
536.045	344.5	0	344.5
536.16	325	0	325