Lambda	Spectrum	Dark	SpecMinusDark
268.175	19	0	19
268.319	20.75	0	20.75
268.463	28.25	0	28.25
268.607	14.25	0	14.25
268.751	31.5	0	31.5
268.895	19.25	0	19.25
269.039	22.5	0	22.5
269.183	11.25	0	11.25
269.327	28.75	0	28.75
269.47	22.5	0	22.5
269.614	11.25	0	11.25
269.758	29.5	0	29.5
269.902	19.25	0	19.25
270.046	16.5	0	16.5
270.19	28.5	0	28.5
270.334	17.75	0	17.75
270.477	22.5	0	22.5
270.621	31.75	0	31.75
270.765	30.5	0	30.5
270.909	28	0	28
271.053	20.5	0	20.5
271.196	29.5	0	29.5
271.34	31	0	31
271.484	36.5	0	36.5
271.628	24.75	0	24.75
271.771	24	0	24
271.915	27	0	27
272.059	35.25	0	35.25
272.202	22.5	0	22.5
272.346	29.5	0	29.5
272.49	25.75	0	25.75
272.634	34.25	0	34.25
272.777	28.25	0	28.25
272.921	27	0	27
273.064	36.5	0	36.5
273.208	43.5	0	43.5
273.352	17.25	0	17.25
273.495	28.75	0	28.75
273.639	30.25	0	30.25
273.783	23	0	23
273.926	31	0	31
274.07	36.75	0	36.75
274.213	33	0	33
274.357	30.25	0	30.25
274.5	34.25	0	34.25
274.644	34.25	0	34.25
274.787	29	0	29
274.931	35.25	0	35.25
275.074	40.75	0	40.75
275.218	31.75	0	31.75
275.361	37.75	0	37.75
275.505	32.75	0	32.75
275.648	39.75	0	39.75
275.792	46.5	0	46.5
275.935	39.5	0	39.5
276.079	26.5	0	26.5
276.222	35.5	0	35.5
276.366	45.5	0	45.5
276.509	34	0	34
276.652	31	0	31
276.796	22.5	0	22.5
276.939	40	0	40
277.082	36.5	0	36.5
277.226	43.75	0	43.75
277.369	33.25	0	33.25
277.513	41	0	41
277.656	39.75	0	39.75
277.799	39	0	39
277.942	31	0	31
278.086	35.25	0	35.25
278.229	44.75	0	44.75
278.372	42.5	0	42.5
278.516	39.75	0	39.75
278.659	52.25	0	52.25
278.802	34.25	0	34.25
278.945	49	0	49
279.089	56	0	56
279.232	69	0	69
279.375	101.25	0	101.25
279.518	107.25	0	107.25
279.661	56.75	0	56.75
279.805	52.75	0	52.75
279.948	66.25	0	66.25
280.091	69.25	0	69.25
280.234	73.75	0	73.75
280.377	46	0	46
280.52	41	0	41
280.663	40.75	0	40.75
280.806	45.25	0	45.25
280.95	48	0	48
281.093	41.25	0	41.25
281.236	45.75	0	45.75
281.379	41.5	0	41.5
281.522	46.75	0	46.75
281.665	45.75	0	45.75
281.808	42.75	0	42.75
281.951	39.5	0	39.5
282.094	54.5	0	54.5
282.237	50	0	50
282.38	36	0	36
282.523	46	0	46
282.666	41	0	41
282.809	43.5	0	43.5
282.952	46.75	0	46.75
283.095	40.25	0	40.25
283.238	50.75	0	50.75
283.381	46.25	0	46.25
283.523	46	0	46
283.666	46	0	46
283.809	52.25	0	52.25
283.952	46	0	46
284.095	50.25	0	50.25
284.238	33.75	0	33.75
284.381	48.75	0	48.75
284.524	50.75	0	50.75
284.666	55.75	0	55.75
284.809	59.25	0	59.25
284.952	63	0	63
285.095	81	0	81
285.238	59	0	59
285.38	42.5	0	42.5
285.523	65.75	0	65.75
285.666	62.75	0	62.75
285.809	55.25	0	55.25
285.951	49.75	0	49.75
286.094	53.5	0	53.5
286.237	61	0	61
286.38	57	0	57
286.522	56.75	0	56.75
286.665	70	0	70
286.808	46.5	0	46.5
286.95	52.25	0	52.25
287.093	64.25	0	64.25
287.236	45	0	45
287.378	51.75	0	51.75
287.521	53.5	0	53.5
287.663	51.75	0	51.75
287.806	59.25	0	59.25
287.949	67.75	0	67.75
288.091	60.5	0	60.5
288.234	59.5	0	59.5
288.376	54	0	54
288.519	58.75	0	58.75
288.661	61.5	0	61.5
288.804	60.5	0	60.5
288.946	52.5	0	52.5
289.089	68.25	0	68.25
289.231	56	0	56
289.374	54	0	54
289.516	59.5	0	59.5
289.659	70	0	70
289.801	72.25	0	72.25
289.944	73.75	0	73.75
290.086	63.75	0	63.75
290.229	64	0	64
290.371	54.75	0	54.75
290.513	65.75	0	65.75
290.656	63.5	0	63.5
290.798	62.5	0	62.5
290.941	62.75	0	62.75
291.083	44	0	44
291.225	64	0	64
291.368	65.5	0	65.5
291.51	58.5	0	58.5
291.652	64	0	64
291.795	73.25	0	73.25
291.937	58.75	0	58.75
292.079	60	0	60
292.221	71.5	0	71.5
292.364	60.75	0	60.75
292.506	60.75	0	60.75
292.648	61.5	0	61.5
292.79	50.25	0	50.25
292.933	69	0	69
293.075	60	0	60
293.217	62.5	0	62.5
293.359	57	0	57
293.502	75.25	0	75.25
293.644	60.25	0	60.25
293.786	53.75	0	53.75
293.928	66	0	66
294.07	60.25	0	60.25
294.212	52.75	0	52.75
294.354	65.75	0	65.75
294.497	65	0	65
294.639	69.75	0	69.75
294.781	70.25	0	70.25
294.923	66.5	0	66.5
295.065	64	0	64
295.207	68.25	0	68.25
295.349	67.5	0	67.5
295.491	68.25	0	68.25
295.633	60.5	0	60.5
295.775	81.25	0	81.25
295.917	66.75	0	66.75
296.059	65.5	0	65.5
296.201	67.75	0	67.75
296.343	71.5	0	71.5
296.485	72.25	0	72.25
296.627	76	0	76
296.769	59.5	0	59.5
296.911	71.5	0	71.5
297.053	71	0	71
297.195	65.25	0	65.25
297.337	73.25	0	73.25
297.478	70.5	0	70.5
297.62	74	0	74
297.762	73.25	0	73.25
297.904	69.75	0	69.75
298.046	87.75	0	87.75
298.188	78.5	0	78.5
298.33	88.25	0	88.25
298.471	94.25	0	94.25
298.613	91	0	91
298.755	93.5	0	93.5
298.897	96.5	0	96.5
299.038	83.75	0	83.75
299.18	97.25	0	97.25
299.322	109.75	0	109.75
299.464	138	0	138
299.605	141.5	0	141.5
299.747	138.5	0	138.5
299.889	141.25	0	141.25
300.031	129.5	0	129.5
300.172	95.25	0	95.25
300.314	121.5	0	121.5
300.456	153.5	0	153.5
300.597	199.75	0	199.75
300.739	151	0	151
300.881	127.25	0	127.25
301.022	103	0	103
301.164	85.5	0	85.5
301.305	87.5	0	87.5
301.447	82.75	0	82.75
301.589	85.75	0	85.75
301.73	69.75	0	69.75
301.872	74.5	0	74.5
302.013	96.5	0	96.5
302.155	87.5	0	87.5
302.296	73.5	0	73.5
302.438	84	0	84
302.579	80.5	0	80.5
302.721	83.5	0	83.5
302.862	80	0	80
303.004	84	0	84
303.145	92.25	0	92.25
303.287	91.5	0	91.5
303.428	71.5	0	71.5
303.569	87.25	0	87.25
303.711	86.75	0	86.75
303.852	79.75	0	79.75
303.994	69.5	0	69.5
304.135	79.5	0	79.5
304.276	72.75	0	72.75
304.418	85.5	0	85.5
304.559	86.5	0	86.5
304.7	75	0	75
304.842	78	0	78
304.983	90	0	90
305.124	81	0	81
305.266	80	0	80
305.407	83.25	0	83.25
305.548	91.75	0	91.75
305.69	87.25	0	87.25
305.831	83.25	0	83.25
305.972	85.25	0	85.25
306.113	66.75	0	66.75
306.254	88.5	0	88.5
306.396	75.75	0	75.75
306.537	83.75	0	83.75
306.678	88.25	0	88.25
306.819	84	0	84
306.96	77	0	77
307.102	80.5	0	80.5
307.243	74	0	74
307.384	77.25	0	77.25
307.525	78.25	0	78.25
307.666	86.25	0	86.25
307.807	91.5	0	91.5
307.948	80.75	0	80.75
308.089	83.75	0	83.75
308.23	84.25	0	84.25
308.371	98.25	0	98.25
308.513	95	0	95
308.654	80.5	0	80.5
308.795	89	0	89
308.936	98.25	0	98.25
309.077	83.75	0	83.75
309.218	100.75	0	100.75
309.359	93.5	0	93.5
309.499	92.75	0	92.75
309.64	85.25	0	85.25
309.781	92.5	0	92.5
309.922	109.5	0	109.5
310.063	108.5	0	108.5
310.204	86.5	0	86.5
310.345	93.25	0	93.25
310.486	97	0	97
310.627	97.5	0	97.5
310.768	107	0	107
310.909	102.5	0	102.5
311.049	109.75	0	109.75
311.19	102.75	0	102.75
311.331	111.5	0	111.5
311.472	119.75	0	119.75
311.613	125.5	0	125.5
311.753	111.5	0	111.5
311.894	123	0	123
312.035	122	0	122
312.176	134	0	134
312.316	142.5	0	142.5
312.457	125.5	0	125.5
312.598	138.25	0	138.25
312.739	137.75	0	137.75
312.879	158.25	0	158.25
313.02	147	0	147
313.161	151.5	0	151.5
313.301	154.25	0	154.25
313.442	172.5	0	172.5
313.583	183.75	0	183.75
313.723	175.25	0	175.25
313.864	176	0	176
314.005	218.75	0	218.75
314.145	211	0	211
314.286	234.5	0	234.5
314.426	267.25	0	267.25
314.567	277.25	0	277.25
314.707	296	0	296
314.848	335.25	0	335.25
314.989	401.5	0	401.5
315.129	506.75	0	506.75
315.27	668.75	0	668.75
315.41	917.75	0	917.75
315.551	1468.75	0	1468.75
315.691	2416	0	2416
315.831	3002	0	3002
315.972	2428.5	0	2428.5
316.112	1686	0	1686
316.253	1293	0	1293
316.393	1078.25	0	1078.25
316.534	922.75	0	922.75
316.674	842	0	842
316.814	795.25	0	795.25
316.955	791.75	0	791.75
317.095	841.25	0	841.25
317.236	962	0	962
317.376	1249.75	0	1249.75
317.516	1724.75	0	1724.75
317.656	2770	0	2770
317.797	4107.75	0	4107.75
317.937	4283.25	0	4283.25
318.077	3431.5	0	3431.5
318.218	2514.5	0	2514.5
318.358	1878.75	0	1878.75
318.498	1447	0	1447
318.638	1220.25	0	1220.25
318.779	975.5	0	975.5
318.919	875.5	0	875.5
319.059	731	0	731
319.199	653.25	0	653.25
319.34	554.25	0	554.25
319.48	513.5	0	513.5
319.62	451.5	0	451.5
319.76	434.25	0	434.25
319.9	419.25	0	419.25
320.04	379.25	0	379.25
320.18	329	0	329
320.32	317	0	317
320.461	294.25	0	294.25
320.601	294.75	0	294.75
320.741	269.25	0	269.25
320.881	270.25	0	270.25
321.021	259.75	0	259.75
321.161	261.75	0	261.75
321.301	242	0	242
321.441	243.75	0	243.75
321.581	230.75	0	230.75
321.721	206.5	0	206.5
321.861	207	0	207
322.001	192.75	0	192.75
322.141	189	0	189
322.281	184.5	0	184.5
322.421	195.5	0	195.5
322.561	185.75	0	185.75
322.7	187.5	0	187.5
322.84	164.25	0	164.25
322.98	166.5	0	166.5
323.12	165.5	0	165.5
323.26	157	0	157
323.4	162	0	162
323.54	151.25	0	151.25
323.68	156.5	0	156.5
323.819	145	0	145
323.959	144.25	0	144.25
324.099	137.25	0	137.25
324.239	127.75	0	127.75
324.379	135	0	135
324.518	138.25	0	138.25
324.658	128.25	0	128.25
324.798	132.75	0	132.75
324.937	127.5	0	127.5
325.077	126.25	0	126.25
325.217	129.75	0	129.75
325.357	131.75	0	131.75
325.496	125	0	125
325.636	134.5	0	134.5
325.776	131.25	0	131.25
325.915	137.5	0	137.5
326.055	128	0	128
326.195	124.25	0	124.25
326.334	124	0	124
326.474	128.75	0	128.75
326.613	115.5	0	115.5
326.753	122.75	0	122.75
326.892	109.25	0	109.25
327.032	110.25	0	110.25
327.172	108.5	0	108.5
327.311	111.5	0	111.5
327.451	120	0	120
327.59	112.25	0	112.25
327.73	109.75	0	109.75
327.869	116.5	0	116.5
328.009	110.5	0	110.5
328.148	102.25	0	102.25
328.288	111.25	0	111.25
328.427	108	0	108
328.566	94	0	94
328.706	102	0	102
328.845	93.75	0	93.75
328.985	96.75	0	96.75
329.124	103.75	0	103.75
329.263	112.25	0	112.25
329.403	108.75	0	108.75
329.542	105.5	0	105.5
329.681	105.5	0	105.5
329.821	92.5	0	92.5
329.96	115.75	0	115.75
330.099	104.5	0	104.5
330.239	102	0	102
330.378	86.5	0	86.5
330.517	102	0	102
330.656	103.5	0	103.5
330.796	96	0	96
330.935	104.75	0	104.75
331.074	92.5	0	92.5
331.213	93.75	0	93.75
331.352	99.5	0	99.5
331.492	108.75	0	108.75
331.631	102	0	102
331.77	99	0	99
331.909	105.5	0	105.5
332.048	98.5	0	98.5
332.187	103.5	0	103.5
332.327	120.75	0	120.75
332.466	118.25	0	118.25
332.605	119	0	119
332.744	122.5	0	122.5
332.883	110	0	110
333.022	122	0	122
333.161	131.25	0	131.25
333.3	131.75	0	131.75
333.439	135	0	135
333.578	144.75	0	144.75
333.717	151.75	0	151.75
333.856	150.75	0	150.75
333.995	151.5	0	151.5
334.134	145.25	0	145.25
334.273	139.5	0	139.5
334.412	162	0	162
334.551	149	0	149
334.69	161.5	0	161.5
334.828	159.75	0	159.75
334.967	153	0	153
335.106	150.75	0	150.75
335.245	157.75	0	157.75
335.384	142	0	142
335.523	135.5	0	135.5
335.662	139.75	0	139.75
335.8	159	0	159
335.939	171	0	171
336.078	160.25	0	160.25
336.217	138.5	0	138.5
336.356	140.5	0	140.5
336.494	128.25	0	128.25
336.633	142.75	0	142.75
336.772	124.25	0	124.25
336.911	119.5	0	119.5
337.049	125	0	125
337.188	109.75	0	109.75
337.327	110	0	110
337.465	111.75	0	111.75
337.604	116	0	116
337.743	98.25	0	98.25
337.881	117.5	0	117.5
338.02	110.25	0	110.25
338.158	111	0	111
338.297	101.25	0	101.25
338.436	98.25	0	98.25
338.574	94	0	94
338.713	96.25	0	96.25
338.851	96.25	0	96.25
338.99	98.75	0	98.75
339.128	100.75	0	100.75
339.267	94.75	0	94.75
339.405	96.75	0	96.75
339.544	104.25	0	104.25
339.682	97	0	97
339.821	86.5	0	86.5
339.959	80.5	0	80.5
340.098	85.5	0	85.5
340.236	86.75	0	86.75
340.375	79.75	0	79.75
340.513	91.5	0	91.5
340.651	93.5	0	93.5
340.79	88	0	88
340.928	101	0	101
341.067	81	0	81
341.205	91	0	91
341.343	83.5	0	83.5
341.482	95.25	0	95.25
341.62	90.25	0	90.25
341.758	88.25	0	88.25
341.897	100.25	0	100.25
342.035	81.5	0	81.5
342.173	89.75	0	89.75
342.311	75.75	0	75.75
342.45	91.25	0	91.25
342.588	91.75	0	91.75
342.726	90.5	0	90.5
342.864	91	0	91
343.002	90.5	0	90.5
343.141	101.75	0	101.75
343.279	96	0	96
343.417	101	0	101
343.555	99.25	0	99.25
343.693	120	0	120
343.831	95.5	0	95.5
343.969	97.75	0	97.75
344.108	93.75	0	93.75
344.246	107.25	0	107.25
344.384	88.75	0	88.75
344.522	94	0	94
344.66	83	0	83
344.798	92.5	0	92.5
344.936	92.25	0	92.25
345.074	95.5	0	95.5
345.212	83.75	0	83.75
345.35	87.75	0	87.75
345.488	89.5	0	89.5
345.626	91.25	0	91.25
345.764	81	0	81
345.902	95	0	95
346.04	78	0	78
346.178	97	0	97
346.315	83.25	0	83.25
346.453	86.75	0	86.75
346.591	90.75	0	90.75
346.729	88.25	0	88.25
346.867	92.75	0	92.75
347.005	83.75	0	83.75
347.143	91.5	0	91.5
347.28	87.5	0	87.5
347.418	85.25	0	85.25
347.556	93.5	0	93.5
347.694	93	0	93
347.832	85	0	85
347.969	94	0	94
348.107	84.75	0	84.75
348.245	91	0	91
348.382	90.75	0	90.75
348.52	89.25	0	89.25
348.658	97.75	0	97.75
348.796	107.5	0	107.5
348.933	83.75	0	83.75
349.071	88	0	88
349.209	97.25	0	97.25
349.346	71	0	71
349.484	82.5	0	82.5
349.621	72.5	0	72.5
349.759	81.25	0	81.25
349.897	75.25	0	75.25
350.034	78.25	0	78.25
350.172	66.5	0	66.5
350.309	85	0	85
350.447	79.75	0	79.75
350.584	79.25	0	79.25
350.722	83.75	0	83.75
350.859	72	0	72
350.997	73.75	0	73.75
351.134	77.5	0	77.5
351.272	77.25	0	77.25
351.409	73.5	0	73.5
351.547	74.75	0	74.75
351.684	73.5	0	73.5
351.822	67	0	67
351.959	76.75	0	76.75
352.096	71.5	0	71.5
352.234	78.5	0	78.5
352.371	75.5	0	75.5
352.508	76.75	0	76.75
352.646	67.5	0	67.5
352.783	78	0	78
352.92	68.5	0	68.5
353.058	79.5	0	79.5
353.195	70.5	0	70.5
353.332	66	0	66
353.469	78.75	0	78.75
353.607	75.5	0	75.5
353.744	75.5	0	75.5
353.881	78.5	0	78.5
354.018	66.75	0	66.75
354.156	68	0	68
354.293	72	0	72
354.43	71	0	71
354.567	80	0	80
354.704	68.5	0	68.5
354.841	80.75	0	80.75
354.979	76.25	0	76.25
355.116	63.25	0	63.25
355.253	81.75	0	81.75
355.39	78	0	78
355.527	74	0	74
355.664	79.25	0	79.25
355.801	76.75	0	76.75
355.938	67	0	67
356.075	80.25	0	80.25
356.212	74.75	0	74.75
356.349	79.75	0	79.75
356.486	72	0	72
356.623	86.25	0	86.25
356.76	77.75	0	77.75
356.897	67	0	67
357.034	70	0	70
357.171	77.75	0	77.75
357.308	78.75	0	78.75
357.445	71.5	0	71.5
357.582	85.25	0	85.25
357.718	75.75	0	75.75
357.855	80.5	0	80.5
357.992	77	0	77
358.129	82.5	0	82.5
358.266	66.25	0	66.25
358.403	70	0	70
358.539	70	0	70
358.676	78.75	0	78.75
358.813	68.5	0	68.5
358.95	79.25	0	79.25
359.086	79.25	0	79.25
359.223	84.25	0	84.25
359.36	91.5	0	91.5
359.497	87	0	87
359.633	84.75	0	84.75
359.77	81.25	0	81.25
359.907	74.25	0	74.25
360.043	76	0	76
360.18	76.25	0	76.25
360.317	80.5	0	80.5
360.453	94.75	0	94.75
360.59	88.75	0	88.75
360.727	84.25	0	84.25
360.863	100.25	0	100.25
361	85	0	85
361.136	97	0	97
361.273	105.5	0	105.5
361.409	108.25	0	108.25
361.546	101.75	0	101.75
361.682	105.75	0	105.75
361.819	121.75	0	121.75
361.955	134	0	134
362.092	175.75	0	175.75
362.228	190.5	0	190.5
362.365	196.5	0	196.5
362.501	186	0	186
362.638	208.75	0	208.75
362.774	288.5	0	288.5
362.91	358	0	358
363.047	310.5	0	310.5
363.183	187.25	0	187.25
363.319	151.5	0	151.5
363.456	161.5	0	161.5
363.592	149.75	0	149.75
363.728	186.5	0	186.5
363.865	203.75	0	203.75
364.001	274.5	0	274.5
364.137	404	0	404
364.274	478.5	0	478.5
364.41	357	0	357
364.546	212.5	0	212.5
364.682	156	0	156
364.819	132.75	0	132.75
364.955	115.5	0	115.5
365.091	101.25	0	101.25
365.227	108	0	108
365.363	95.75	0	95.75
365.499	111.5	0	111.5
365.636	102	0	102
365.772	103.25	0	103.25
365.908	112.25	0	112.25
366.044	95	0	95
366.18	93.5	0	93.5
366.316	91.75	0	91.75
366.452	97.25	0	97.25
366.588	83.75	0	83.75
366.724	97.25	0	97.25
366.86	85	0	85
366.996	102	0	102
367.132	87.75	0	87.75
367.268	95	0	95
367.404	101.75	0	101.75
367.54	98.75	0	98.75
367.676	88.75	0	88.75
367.812	102.5	0	102.5
367.948	113.25	0	113.25
368.084	101	0	101
368.22	89.5	0	89.5
368.356	92	0	92
368.492	94.5	0	94.5
368.627	98.25	0	98.25
368.763	97.75	0	97.75
368.899	104.5	0	104.5
369.035	118.25	0	118.25
369.171	107.5	0	107.5
369.306	129.75	0	129.75
369.442	130	0	130
369.578	147	0	147
369.714	155.75	0	155.75
369.85	193	0	193
369.985	207.5	0	207.5
370.121	290.75	0	290.75
370.257	479.25	0	479.25
370.392	934.5	0	934.5
370.528	1382.25	0	1382.25
370.664	1199.5	0	1199.5
370.799	793	0	793
370.935	575.75	0	575.75
371.071	427.5	0	427.5
371.206	332.25	0	332.25
371.342	278	0	278
371.477	252.75	0	252.75
371.613	208.5	0	208.5
371.749	208.5	0	208.5
371.884	203.25	0	203.25
372.02	191.25	0	191.25
372.155	182	0	182
372.291	184	0	184
372.426	205	0	205
372.562	200.75	0	200.75
372.697	237.25	0	237.25
372.833	249.25	0	249.25
372.968	290.75	0	290.75
373.103	385.25	0	385.25
373.239	518	0	518
373.374	969.25	0	969.25
373.51	1882.75	0	1882.75
373.645	2476.5	0	2476.5
373.78	1891.75	0	1891.75
373.916	1294.75	0	1294.75
374.051	912.25	0	912.25
374.186	657	0	657
374.322	518.5	0	518.5
374.457	401	0	401
374.592	351.5	0	351.5
374.728	312.75	0	312.75
374.863	274.75	0	274.75
374.998	229.5	0	229.5
375.133	213.75	0	213.75
375.268	204	0	204
375.404	189	0	189
375.539	189.5	0	189.5
375.674	174	0	174
375.809	156	0	156
375.944	156.25	0	156.25
376.08	144.25	0	144.25
376.215	148	0	148
376.35	128.75	0	128.75
376.485	137.75	0	137.75
376.62	119.75	0	119.75
376.755	128.75	0	128.75
376.89	117.25	0	117.25
377.025	117.5	0	117.5
377.16	117.5	0	117.5
377.295	119	0	119
377.43	110	0	110
377.565	113.75	0	113.75
377.7	100	0	100
377.835	92.5	0	92.5
377.97	120.25	0	120.25
378.105	105.25	0	105.25
378.24	108.5	0	108.5
378.375	108.75	0	108.75
378.51	98	0	98
378.645	102.25	0	102.25
378.78	95.25	0	95.25
378.914	97.5	0	97.5
379.049	88	0	88
379.184	102.25	0	102.25
379.319	91.75	0	91.75
379.454	98.75	0	98.75
379.589	103.5	0	103.5
379.723	102.25	0	102.25
379.858	110.75	0	110.75
379.993	95	0	95
380.128	105	0	105
380.262	98	0	98
380.397	91.75	0	91.75
380.532	98	0	98
380.666	91.25	0	91.25
380.801	94.75	0	94.75
380.936	98.75	0	98.75
381.07	108	0	108
381.205	99.25	0	99.25
381.34	99.75	0	99.75
381.474	98	0	98
381.609	91.5	0	91.5
381.744	111.75	0	111.75
381.878	111.75	0	111.75
382.013	99	0	99
382.147	105.25	0	105.25
382.282	110	0	110
382.416	112.5	0	112.5
382.551	99.5	0	99.5
382.685	116.75	0	116.75
382.82	109.25	0	109.25
382.954	117.75	0	117.75
383.089	117	0	117
383.223	122.5	0	122.5
383.357	129.5	0	129.5
383.492	126.25	0	126.25
383.626	124	0	124
383.761	125.25	0	125.25
383.895	128.5	0	128.5
384.029	127	0	127
384.164	131.75	0	131.75
384.298	139.25	0	139.25
384.432	150.25	0	150.25
384.567	134.5	0	134.5
384.701	137.25	0	137.25
384.835	123.5	0	123.5
384.97	128.75	0	128.75
385.104	132.75	0	132.75
385.238	142.5	0	142.5
385.372	141.75	0	141.75
385.506	142.5	0	142.5
385.641	148.5	0	148.5
385.775	158.5	0	158.5
385.909	157	0	157
386.043	158.5	0	158.5
386.177	146.5	0	146.5
386.311	163	0	163
386.446	160	0	160
386.58	147.75	0	147.75
386.714	151.5	0	151.5
386.848	162.5	0	162.5
386.982	160.25	0	160.25
387.116	179.75	0	179.75
387.25	179.5	0	179.5
387.384	187	0	187
387.518	189	0	189
387.652	165.25	0	165.25
387.786	188.5	0	188.5
387.92	171	0	171
388.054	204.75	0	204.75
388.188	182.25	0	182.25
388.322	177.25	0	177.25
388.456	181	0	181
388.59	183.25	0	183.25
388.723	178	0	178
388.857	202.75	0	202.75
388.991	192.25	0	192.25
389.125	190.25	0	190.25
389.259	218.25	0	218.25
389.393	214.75	0	214.75
389.526	210	0	210
389.66	234.75	0	234.75
389.794	228.75	0	228.75
389.928	238.75	0	238.75
390.062	265	0	265
390.195	264.25	0	264.25
390.329	274	0	274
390.463	299.5	0	299.5
390.596	304.5	0	304.5
390.73	314.75	0	314.75
390.864	359.25	0	359.25
390.997	372.75	0	372.75
391.131	384.5	0	384.5
391.265	439	0	439
391.398	482.5	0	482.5
391.532	552.25	0	552.25
391.665	598	0	598
391.799	705.5	0	705.5
391.933	832.25	0	832.25
392.066	959	0	959
392.2	1123.75	0	1123.75
392.333	1409.75	0	1409.75
392.467	1777	0	1777
392.6	2433.75	0	2433.75
392.734	3316.25	0	3316.25
392.867	5077.5	0	5077.5
393.001	8081.5	0	8081.5
393.134	12801.8	0	12801.8
393.267	14437.5	0	14437.5
393.401	10178.8	0	10178.8
393.534	6251.5	0	6251.5
393.668	3814.5	0	3814.5
393.801	2619.5	0	2619.5
393.934	1940	0	1940
394.068	1433	0	1433
394.201	1182	0	1182
394.334	1009	0	1009
394.468	830.5	0	830.5
394.601	793.25	0	793.25
394.734	739.25	0	739.25
394.867	689.25	0	689.25
395.001	673.25	0	673.25
395.134	615	0	615
395.267	654.75	0	654.75
395.4	680.25	0	680.25
395.533	830.25	0	830.25
395.667	924.75	0	924.75
395.8	965.75	0	965.75
395.933	1153	0	1153
396.066	1472.75	0	1472.75
396.199	2006.25	0	2006.25
396.332	3138	0	3138
396.465	5511	0	5511
396.598	9915.25	0	9915.25
396.732	12659	0	12659
396.865	8914.75	0	8914.75
396.998	4687.75	0	4687.75
397.131	2795.75	0	2795.75
397.264	1979.25	0	1979.25
397.397	1404.75	0	1404.75
397.53	998	0	998
397.663	801	0	801
397.796	681.5	0	681.5
397.928	536.25	0	536.25
398.061	478	0	478
398.194	447.75	0	447.75
398.327	400.25	0	400.25
398.46	356	0	356
398.593	329.25	0	329.25
398.726	313.75	0	313.75
398.859	272	0	272
398.991	302.25	0	302.25
399.124	284.75	0	284.75
399.257	287.25	0	287.25
399.39	253.5	0	253.5
399.523	271.25	0	271.25
399.655	232.25	0	232.25
399.788	240.5	0	240.5
399.921	234.75	0	234.75
400.054	222.5	0	222.5
400.186	202.75	0	202.75
400.319	207.25	0	207.25
400.452	172.5	0	172.5
400.584	164	0	164
400.717	178	0	178
400.85	166	0	166
400.982	162.25	0	162.25
401.115	163	0	163
401.247	156.25	0	156.25
401.38	154.25	0	154.25
401.513	155.75	0	155.75
401.645	149.75	0	149.75
401.778	170.25	0	170.25
401.91	142.25	0	142.25
402.043	124.25	0	124.25
402.175	134	0	134
402.308	149.5	0	149.5
402.44	133.75	0	133.75
402.573	138.25	0	138.25
402.705	145.25	0	145.25
402.837	147.75	0	147.75
402.97	126.5	0	126.5
403.102	139	0	139
403.235	141.75	0	141.75
403.367	143.25	0	143.25
403.499	132.5	0	132.5
403.632	143	0	143
403.764	155.75	0	155.75
403.896	141	0	141
404.029	143.25	0	143.25
404.161	135	0	135
404.293	134.25	0	134.25
404.425	129.5	0	129.5
404.558	129.75	0	129.75
404.69	121.25	0	121.25
404.822	125.75	0	125.75
404.954	121.75	0	121.75
405.086	131	0	131
405.219	116.5	0	116.5
405.351	116.75	0	116.75
405.483	115	0	115
405.615	136.5	0	136.5
405.747	112.25	0	112.25
405.879	116.5	0	116.5
406.011	118	0	118
406.143	124.25	0	124.25
406.275	114.5	0	114.5
406.407	118.75	0	118.75
406.539	106.5	0	106.5
406.672	102.75	0	102.75
406.803	122.75	0	122.75
406.935	117	0	117
407.067	121.5	0	121.5
407.199	126	0	126
407.331	145.5	0	145.5
407.463	227.5	0	227.5
407.595	450.25	0	450.25
407.727	364	0	364
407.859	186.25	0	186.25
407.991	123	0	123
408.123	113	0	113
408.255	124.25	0	124.25
408.386	129.25	0	129.25
408.518	122.25	0	122.25
408.65	119.75	0	119.75
408.782	111.75	0	111.75
408.914	127.75	0	127.75
409.045	137.25	0	137.25
409.177	175.25	0	175.25
409.309	200.5	0	200.5
409.44	213.5	0	213.5
409.572	190	0	190
409.704	228.25	0	228.25
409.836	232.75	0	232.75
409.967	196	0	196
410.099	171.5	0	171.5
410.23	153.75	0	153.75
410.362	154.25	0	154.25
410.494	143	0	143
410.625	139.75	0	139.75
410.757	131.5	0	131.5
410.888	137	0	137
411.02	117.25	0	117.25
411.152	118.25	0	118.25
411.283	110	0	110
411.415	117	0	117
411.546	105.75	0	105.75
411.677	106.75	0	106.75
411.809	115.75	0	115.75
411.94	102.75	0	102.75
412.072	115.75	0	115.75
412.203	99	0	99
412.335	103.5	0	103.5
412.466	99	0	99
412.597	95.5	0	95.5
412.729	88	0	88
412.86	91.25	0	91.25
412.991	91.5	0	91.5
413.123	88.25	0	88.25
413.254	78	0	78
413.385	83.75	0	83.75
413.517	92.25	0	92.25
413.648	89.5	0	89.5
413.779	83.25	0	83.25
413.91	84.75	0	84.75
414.042	89.5	0	89.5
414.173	97.25	0	97.25
414.304	105	0	105
414.435	95.75	0	95.75
414.566	92.5	0	92.5
414.697	93.5	0	93.5
414.828	70.25	0	70.25
414.96	84.25	0	84.25
415.091	91.5	0	91.5
415.222	85	0	85
415.353	81.5	0	81.5
415.484	79.75	0	79.75
415.615	85.75	0	85.75
415.746	96	0	96
415.877	86.25	0	86.25
416.008	75	0	75
416.139	81	0	81
416.27	74	0	74
416.401	95.25	0	95.25
416.532	80.75	0	80.75
416.663	82.75	0	82.75
416.794	87.75	0	87.75
416.925	86.25	0	86.25
417.055	85.25	0	85.25
417.186	82.5	0	82.5
417.317	85	0	85
417.448	94.5	0	94.5
417.579	92.75	0	92.75
417.71	87.75	0	87.75
417.84	82.5	0	82.5
417.971	96.25	0	96.25
418.102	89	0	89
418.233	98.5	0	98.5
418.363	87	0	87
418.494	86.5	0	86.5
418.625	93.75	0	93.75
418.756	100.75	0	100.75
418.886	101.5	0	101.5
419.017	93.25	0	93.25
419.148	97	0	97
419.278	111	0	111
419.409	108.5	0	108.5
419.539	112.5	0	112.5
419.67	103.75	0	103.75
419.801	110.75	0	110.75
419.931	113.75	0	113.75
420.062	125	0	125
420.192	123	0	123
420.323	137.5	0	137.5
420.453	133	0	133
420.584	157.5	0	157.5
420.714	146.25	0	146.25
420.845	173.75	0	173.75
420.975	182.5	0	182.5
421.106	218.25	0	218.25
421.236	260	0	260
421.366	454.75	0	454.75
421.497	456	0	456
421.627	398.5	0	398.5
421.757	474.25	0	474.25
421.888	606.75	0	606.75
422.018	906.5	0	906.5
422.148	1367.75	0	1367.75
422.279	2596.5	0	2596.5
422.409	5837.75	0	5837.75
422.539	10319.5	0	10319.5
422.67	7317	0	7317
422.8	3381	0	3381
422.93	1723.5	0	1723.5
423.06	1066.5	0	1066.5
423.19	705	0	705
423.321	532.25	0	532.25
423.451	423.75	0	423.75
423.581	359.5	0	359.5
423.711	311.5	0	311.5
423.841	297.25	0	297.25
423.971	251.25	0	251.25
424.101	239.5	0	239.5
424.231	200	0	200
424.361	195	0	195
424.492	174.75	0	174.75
424.622	157.75	0	157.75
424.752	148.5	0	148.5
424.882	158.25	0	158.25
425.012	129.75	0	129.75
425.142	127	0	127
425.271	116	0	116
425.401	118	0	118
425.531	116.75	0	116.75
425.661	119.5	0	119.5
425.791	88.25	0	88.25
425.921	119.75	0	119.75
426.051	113.25	0	113.25
426.181	85.5	0	85.5
426.311	100	0	100
426.44	102.75	0	102.75
426.57	111.5	0	111.5
426.7	100.75	0	100.75
426.83	106.5	0	106.5
426.96	104.25	0	104.25
427.089	106	0	106
427.219	103	0	103
427.349	99	0	99
427.479	113.5	0	113.5
427.608	113.75	0	113.75
427.738	132.75	0	132.75
427.868	205.25	0	205.25
427.997	458.75	0	458.75
428.127	1450	0	1450
428.256	1147.5	0	1147.5
428.386	402.5	0	402.5
428.516	273.75	0	273.75
428.645	503	0	503
428.775	1349.25	0	1349.25
428.904	919.5	0	919.5
429.034	312.5	0	312.5
429.163	168.5	0	168.5
429.293	159.75	0	159.75
429.422	181.25	0	181.25
429.552	309.5	0	309.5
429.681	924	0	924
429.811	1297.5	0	1297.5
429.94	1062.5	0	1062.5
430.069	2623.75	0	2623.75
430.199	2212	0	2212
430.328	770.75	0	770.75
430.458	570.5	0	570.5
430.587	1307.5	0	1307.5
430.716	1150.5	0	1150.5
430.846	402.25	0	402.25
430.975	166.5	0	166.5
431.104	151.5	0	151.5
431.233	122	0	122
431.363	153.5	0	153.5
431.492	257.75	0	257.75
431.621	767.5	0	767.5
431.75	1554	0	1554
431.88	634.75	0	634.75
432.009	219.5	0	219.5
432.138	128	0	128
432.267	99.5	0	99.5
432.396	77.25	0	77.25
432.525	81.5	0	81.5
432.654	63.5	0	63.5
432.784	88.25	0	88.25
432.913	79.5	0	79.5
433.042	63.75	0	63.75
433.171	73	0	73
433.3	80	0	80
433.429	71.75	0	71.75
433.558	75	0	75
433.687	68.5	0	68.5
433.816	74.25	0	74.25
433.945	82.25	0	82.25
434.074	77	0	77
434.203	83.25	0	83.25
434.332	74	0	74
434.46	83.75	0	83.75
434.589	73.75	0	73.75
434.718	78.25	0	78.25
434.847	82.25	0	82.25
434.976	82.25	0	82.25
435.105	76	0	76
435.233	81.5	0	81.5
435.362	117.75	0	117.75
435.491	127.25	0	127.25
435.62	114.25	0	114.25
435.749	98.25	0	98.25
435.877	87	0	87
436.006	84	0	84
436.135	78.75	0	78.75
436.263	68.25	0	68.25
436.392	71.25	0	71.25
436.521	81.75	0	81.75
436.649	71.75	0	71.75
436.778	72	0	72
436.907	65.75	0	65.75
437.035	59.25	0	59.25
437.164	66	0	66
437.292	50.5	0	50.5
437.421	64.75	0	64.75
437.549	67	0	67
437.678	58.75	0	58.75
437.806	52.75	0	52.75
437.935	67	0	67
438.063	73.5	0	73.5
438.192	57.75	0	57.75
438.32	73	0	73
438.449	57.5	0	57.5
438.577	65.75	0	65.75
438.706	63	0	63
438.834	63	0	63
438.962	63.75	0	63.75
439.091	57	0	57
439.219	54	0	54
439.347	59.25	0	59.25
439.476	64.75	0	64.75
439.604	68	0	68
439.732	64.25	0	64.25
439.86	68.75	0	68.75
439.989	54.25	0	54.25
440.117	69	0	69
440.245	55.75	0	55.75
440.373	67.25	0	67.25
440.501	76	0	76
440.63	68.25	0	68.25
440.758	73.25	0	73.25
440.886	73	0	73
441.014	74.25	0	74.25
441.142	88.25	0	88.25
441.27	84.25	0	84.25
441.398	100.25	0	100.25
441.526	95.25	0	95.25
441.654	95.75	0	95.75
441.782	114.25	0	114.25
441.91	161.25	0	161.25
442.038	184.25	0	184.25
442.166	313.75	0	313.75
442.294	776.5	0	776.5
442.422	1672.25	0	1672.25
442.55	789.25	0	789.25
442.678	343.25	0	343.25
442.806	273	0	273
442.934	314	0	314
443.062	452.25	0	452.25
443.19	868.25	0	868.25
443.318	2641.25	0	2641.25
443.445	2988.75	0	2988.75
443.573	1190.25	0	1190.25
443.701	488.25	0	488.25
443.829	286.25	0	286.25
443.957	212.25	0	212.25
444.084	190	0	190
444.212	185.25	0	185.25
444.34	189.25	0	189.25
444.467	204.75	0	204.75
444.595	223.25	0	223.25
444.723	262.25	0	262.25
444.85	322.75	0	322.75
444.978	469.75	0	469.75
445.106	806.5	0	806.5
445.233	2064.25	0	2064.25
445.361	4351.75	0	4351.75
445.489	2921.5	0	2921.5
445.616	1097	0	1097
445.744	514	0	514
445.871	297.25	0	297.25
445.999	226	0	226
446.126	171	0	171
446.254	148.75	0	148.75
446.381	135.25	0	135.25
446.509	110.25	0	110.25
446.636	105.75	0	105.75
446.764	93.25	0	93.25
446.891	102	0	102
447.018	80.25	0	80.25
447.146	79.25	0	79.25
447.273	58.5	0	58.5
447.4	68.25	0	68.25
447.528	73.25	0	73.25
447.655	72.25	0	72.25
447.782	62.75	0	62.75
447.91	55.5	0	55.5
448.037	62.75	0	62.75
448.164	61.25	0	61.25
448.291	62.25	0	62.25
448.419	51	0	51
448.546	60.5	0	60.5
448.673	49.5	0	49.5
448.8	56.25	0	56.25
448.927	51.25	0	51.25
449.055	62.75	0	62.75
449.182	48	0	48
449.309	50	0	50
449.436	56.25	0	56.25
449.563	61.25	0	61.25
449.69	48	0	48
449.817	52.75	0	52.75
449.944	43.25	0	43.25
450.071	60.75	0	60.75
450.198	45.25	0	45.25
450.325	48.25	0	48.25
450.452	51.5	0	51.5
450.579	53.75	0	53.75
450.706	53.5	0	53.5
450.833	57.75	0	57.75
450.96	51.75	0	51.75
451.087	55.5	0	55.5
451.214	60.5	0	60.5
451.341	57.5	0	57.5
451.467	57.5	0	57.5
451.594	62	0	62
451.721	55.5	0	55.5
451.848	61	0	61
451.975	68	0	68
452.101	54	0	54
452.228	54.75	0	54.75
452.355	78	0	78
452.482	126.25	0	126.25
452.608	193.75	0	193.75
452.735	136.25	0	136.25
452.862	83.5	0	83.5
452.988	89.75	0	89.75
453.115	70.25	0	70.25
453.242	57	0	57
453.368	52.75	0	52.75
453.495	64.5	0	64.5
453.621	45	0	45
453.748	55.25	0	55.25
453.875	55.25	0	55.25
454.001	47	0	47
454.128	47	0	47
454.254	48.25	0	48.25
454.381	44.75	0	44.75
454.507	52.25	0	52.25
454.633	48.75	0	48.75
454.76	50.25	0	50.25
454.886	47.75	0	47.75
455.013	43.5	0	43.5
455.139	44.25	0	44.25
455.266	54	0	54
455.392	48.25	0	48.25
455.518	43	0	43
455.645	49.5	0	49.5
455.771	45.25	0	45.25
455.897	39.25	0	39.25
456.023	47.75	0	47.75
456.15	48.25	0	48.25
456.276	46.25	0	46.25
456.402	44.25	0	44.25
456.528	46.75	0	46.75
456.655	48.5	0	48.5
456.781	48.25	0	48.25
456.907	54	0	54
457.033	56.25	0	56.25
457.159	61.5	0	61.5
457.285	51	0	51
457.411	85.75	0	85.75
457.538	88.75	0	88.75
457.664	199.75	0	199.75
457.79	312	0	312
457.916	316.25	0	316.25
458.042	478.5	0	478.5
458.168	327.5	0	327.5
458.294	241	0	241
458.42	485.75	0	485.75
458.546	570.25	0	570.25
458.672	299	0	299
458.798	184	0	184
458.924	132.25	0	132.25
459.049	114.5	0	114.5
459.175	96.75	0	96.75
459.301	91.75	0	91.75
459.427	63.25	0	63.25
459.553	70.25	0	70.25
459.679	67.5	0	67.5
459.805	61.5	0	61.5
459.93	63.5	0	63.5
460.056	58.25	0	58.25
460.182	59.75	0	59.75
460.308	57	0	57
460.433	73.5	0	73.5
460.559	254.5	0	254.5
460.685	232.75	0	232.75
460.81	83	0	83
460.936	66.75	0	66.75
461.062	53	0	53
461.187	54	0	54
461.313	54.5	0	54.5
461.439	45.25	0	45.25
461.564	49.5	0	49.5
461.69	55.25	0	55.25
461.815	46.75	0	46.75
461.941	47.5	0	47.5
462.066	51.75	0	51.75
462.192	41.5	0	41.5
462.317	50.75	0	50.75
462.443	52	0	52
462.568	41.5	0	41.5
462.694	39.5	0	39.5
462.819	58.5	0	58.5
462.944	47	0	47
463.07	52.75	0	52.75
463.195	40.5	0	40.5
463.321	59	0	59
463.446	51.5	0	51.5
463.571	47.75	0	47.75
463.697	46	0	46
463.822	55.5	0	55.5
463.947	43.25	0	43.25
464.072	49	0	49
464.198	48	0	48
464.323	57.75	0	57.75
464.448	50.5	0	50.5
464.573	45.75	0	45.75
464.698	52.25	0	52.25
464.824	47.75	0	47.75
464.949	45	0	45
465.074	52	0	52
465.199	46.5	0	46.5
465.324	34.25	0	34.25
465.449	46	0	46
465.574	45.75	0	45.75
465.699	30.75	0	30.75
465.824	49	0	49
465.949	41.25	0	41.25
466.074	42.25	0	42.25
466.199	45	0	45
466.324	31	0	31
466.449	39.25	0	39.25
466.574	42.25	0	42.25
466.699	33.75	0	33.75
466.824	37.25	0	37.25
466.949	29.75	0	29.75
467.074	36.75	0	36.75
467.199	37.75	0	37.75
467.323	35.5	0	35.5
467.448	34.75	0	34.75
467.573	42	0	42
467.698	35.5	0	35.5
467.823	47	0	47
467.947	41	0	41
468.072	49	0	49
468.197	42.25	0	42.25
468.322	69	0	69
468.446	72.75	0	72.75
468.571	54.25	0	54.25
468.696	44.75	0	44.75
468.82	46.75	0	46.75
468.945	31.25	0	31.25
469.069	44	0	44
469.194	39.25	0	39.25
469.319	33	0	33
469.443	32.5	0	32.5
469.568	41.25	0	41.25
469.692	37.75	0	37.75
469.817	36.25	0	36.25
469.941	41.75	0	41.75
470.066	36	0	36
470.19	42.25	0	42.25
470.315	43.5	0	43.5
470.439	36.25	0	36.25
470.563	51.5	0	51.5
470.688	44.25	0	44.25
470.812	50.75	0	50.75
470.937	32	0	32
471.061	38.25	0	38.25
471.185	30.5	0	30.5
471.31	31.25	0	31.25
471.434	37.5	0	37.5
471.558	41.25	0	41.25
471.682	39.25	0	39.25
471.807	43.5	0	43.5
471.931	28.75	0	28.75
472.055	44	0	44
472.179	41.75	0	41.75
472.303	41.25	0	41.25
472.428	36.5	0	36.5
472.552	41.5	0	41.5
472.676	34.75	0	34.75
472.8	39.5	0	39.5
472.924	31.25	0	31.25
473.048	45	0	45
473.172	34	0	34
473.296	37.5	0	37.5
473.42	34.5	0	34.5
473.544	42.75	0	42.75
473.668	40.75	0	40.75
473.792	39.25	0	39.25
473.916	32	0	32
474.04	37	0	37
474.164	34.5	0	34.5
474.288	36.5	0	36.5
474.412	45.25	0	45.25
474.536	37.25	0	37.25
474.66	40.75	0	40.75
474.784	38	0	38
474.908	42	0	42
475.031	47.75	0	47.75
475.155	42.75	0	42.75
475.279	39	0	39
475.403	39.75	0	39.75
475.526	41.25	0	41.25
475.65	39.5	0	39.5
475.774	31.5	0	31.5
475.898	50.75	0	50.75
476.021	40.5	0	40.5
476.145	31.75	0	31.75
476.269	39.5	0	39.5
476.392	36	0	36
476.516	47.5	0	47.5
476.64	28.5	0	28.5
476.763	41.5	0	41.5
476.887	31.5	0	31.5
477.01	38.75	0	38.75
477.134	37	0	37
477.257	43.5	0	43.5
477.381	39	0	39
477.504	33	0	33
477.628	35	0	35
477.751	44.25	0	44.25
477.875	46.5	0	46.5
477.998	43.25	0	43.25
478.122	44.25	0	44.25
478.245	54.75	0	54.75
478.368	38.75	0	38.75
478.492	36	0	36
478.615	39.75	0	39.75
478.738	39.25	0	39.25
478.862	47	0	47
478.985	51	0	51
479.108	45.75	0	45.75
479.231	45	0	45
479.355	46.25	0	46.25
479.478	52.75	0	52.75
479.601	39.25	0	39.25
479.724	44	0	44
479.848	47.75	0	47.75
479.971	51.25	0	51.25
480.094	46.5	0	46.5
480.217	51.25	0	51.25
480.34	35.75	0	35.75
480.463	51	0	51
480.586	39.75	0	39.75
480.709	59	0	59
480.832	53.25	0	53.25
480.955	51	0	51
481.078	59.75	0	59.75
481.201	56	0	56
481.324	46.25	0	46.25
481.447	52.75	0	52.75
481.57	49.25	0	49.25
481.693	59.5	0	59.5
481.816	53.75	0	53.75
481.939	54.25	0	54.25
482.062	54	0	54
482.185	65.25	0	65.25
482.307	51	0	51
482.43	60	0	60
482.553	55.25	0	55.25
482.676	57.25	0	57.25
482.799	56.75	0	56.75
482.921	54.75	0	54.75
483.044	61.75	0	61.75
483.167	48.75	0	48.75
483.29	59.75	0	59.75
483.412	73.5	0	73.5
483.535	56	0	56
483.658	50.5	0	50.5
483.78	58.5	0	58.5
483.903	56	0	56
484.025	61	0	61
484.148	61.25	0	61.25
484.271	45	0	45
484.393	64.5	0	64.5
484.516	61.25	0	61.25
484.638	60.25	0	60.25
484.761	49.75	0	49.75
484.883	65.75	0	65.75
485.006	53	0	53
485.128	51.25	0	51.25
485.251	64.25	0	64.25
485.373	61	0	61
485.495	44.5	0	44.5
485.618	52.75	0	52.75
485.74	54.75	0	54.75
485.863	53.25	0	53.25
485.985	52.25	0	52.25
486.107	61	0	61
486.229	43.5	0	43.5
486.352	55	0	55
486.474	59.25	0	59.25
486.596	61.25	0	61.25
486.719	57.75	0	57.75
486.841	68.5	0	68.5
486.963	69.25	0	69.25
487.085	74.75	0	74.75
487.207	78.25	0	78.25
487.329	99	0	99
487.452	123	0	123
487.574	259.75	0	259.75
487.696	924	0	924
487.818	611.75	0	611.75
487.94	313.75	0	313.75
488.062	213.25	0	213.25
488.184	150.5	0	150.5
488.306	120.75	0	120.75
488.428	99.5	0	99.5
488.55	86.5	0	86.5
488.672	95.75	0	95.75
488.794	77.5	0	77.5
488.916	70.5	0	70.5
489.038	70	0	70
489.16	66	0	66
489.281	50.5	0	50.5
489.403	52.5	0	52.5
489.525	61.5	0	61.5
489.647	64.25	0	64.25
489.769	56.25	0	56.25
489.891	61.5	0	61.5
490.012	55	0	55
490.134	54.5	0	54.5
490.256	57.75	0	57.75
490.378	54.25	0	54.25
490.499	56.5	0	56.5
490.621	55.25	0	55.25
490.743	43	0	43
490.864	51	0	51
490.986	53.25	0	53.25
491.108	51.5	0	51.5
491.229	50.25	0	50.25
491.351	49.25	0	49.25
491.472	51.25	0	51.25
491.594	37.25	0	37.25
491.715	43.5	0	43.5
491.837	36.75	0	36.75
491.958	42.25	0	42.25
492.08	34.75	0	34.75
492.201	40.75	0	40.75
492.323	49.5	0	49.5
492.444	47.5	0	47.5
492.566	39.25	0	39.25
492.687	42	0	42
492.808	47.5	0	47.5
492.93	41	0	41
493.051	35	0	35
493.172	43.25	0	43.25
493.294	34.75	0	34.75
493.415	38	0	38
493.536	35.75	0	35.75
493.658	43.25	0	43.25
493.779	40.75	0	40.75
493.9	46	0	46
494.021	39.25	0	39.25
494.143	44.5	0	44.5
494.264	43.25	0	43.25
494.385	45.5	0	45.5
494.506	40.75	0	40.75
494.627	43.25	0	43.25
494.748	44	0	44
494.869	46.25	0	46.25
494.99	41.5	0	41.5
495.111	38	0	38
495.232	35.75	0	35.75
495.353	36.75	0	36.75
495.475	36.25	0	36.25
495.595	49	0	49
495.716	39.25	0	39.25
495.837	49.5	0	49.5
495.958	42.5	0	42.5
496.079	55.25	0	55.25
496.2	40.75	0	40.75
496.321	26.75	0	26.75
496.442	51.5	0	51.5
496.563	49.5	0	49.5
496.684	43.25	0	43.25
496.804	35	0	35
496.925	41	0	41
497.046	43.5	0	43.5
497.167	50	0	50
497.287	48.25	0	48.25
497.408	44.75	0	44.75
497.529	42.75	0	42.75
497.65	34.5	0	34.5
497.77	48.25	0	48.25
497.891	43.75	0	43.75
498.012	44	0	44
498.132	46	0	46
498.253	44.5	0	44.5
498.373	48.75	0	48.75
498.494	45.5	0	45.5
498.614	47.75	0	47.75
498.735	55.25	0	55.25
498.856	60	0	60
498.976	56	0	56
499.096	63.5	0	63.5
499.217	43	0	43
499.337	61.75	0	61.75
499.458	59.75	0	59.75
499.578	70.75	0	70.75
499.699	70.5	0	70.5
499.819	84.25	0	84.25
499.939	89	0	89
500.06	73	0	73
500.18	91.5	0	91.5
500.3	85.5	0	85.5
500.421	84.75	0	84.75
500.541	96.25	0	96.25
500.661	87.75	0	87.75
500.781	75	0	75
500.902	74	0	74
501.022	70.5	0	70.5
501.142	82.75	0	82.75
501.262	69	0	69
501.382	69.75	0	69.75
501.502	62.75	0	62.75
501.623	65.5	0	65.5
501.743	60.5	0	60.5
501.863	68.25	0	68.25
501.983	66.5	0	66.5
502.103	60	0	60
502.223	77.5	0	77.5
502.343	65	0	65
502.463	61.75	0	61.75
502.583	57.5	0	57.5
502.703	61.75	0	61.75
502.823	68.5	0	68.5
502.943	60.75	0	60.75
503.063	69.5	0	69.5
503.182	61.5	0	61.5
503.302	59	0	59
503.422	70.5	0	70.5
503.542	92	0	92
503.662	84	0	84
503.782	110.5	0	110.5
503.901	161.25	0	161.25
504.021	431	0	431
504.141	352.25	0	352.25
504.261	202.75	0	202.75
504.38	145	0	145
504.5	109.75	0	109.75
504.62	91.25	0	91.25
504.739	94.75	0	94.75
504.859	62.5	0	62.5
504.979	64.75	0	64.75
505.098	61.5	0	61.5
505.218	67.25	0	67.25
505.338	57.5	0	57.5
505.457	64	0	64
505.577	50	0	50
505.696	58	0	58
505.816	54.25	0	54.25
505.935	44.5	0	44.5
506.055	45.25	0	45.25
506.174	48.75	0	48.75
506.293	43.25	0	43.25
506.413	47.25	0	47.25
506.532	43	0	43
506.652	47.25	0	47.25
506.771	45.5	0	45.5
506.89	42.75	0	42.75
507.01	43.25	0	43.25
507.129	57.75	0	57.75
507.248	43.75	0	43.75
507.368	45.5	0	45.5
507.487	57	0	57
507.606	43.75	0	43.75
507.725	36	0	36
507.844	44.5	0	44.5
507.964	36	0	36
508.083	42.75	0	42.75
508.202	51	0	51
508.321	43.75	0	43.75
508.44	34	0	34
508.559	32.75	0	32.75
508.678	26	0	26
508.797	45.75	0	45.75
508.916	45.5	0	45.5
509.035	50.25	0	50.25
509.154	42.5	0	42.5
509.273	35.25	0	35.25
509.392	36.5	0	36.5
509.511	45.5	0	45.5
509.63	47.25	0	47.25
509.749	43	0	43
509.868	38.25	0	38.25
509.987	45.5	0	45.5
510.106	39.5	0	39.5
510.225	34.25	0	34.25
510.344	46.75	0	46.75
510.462	53.75	0	53.75
510.581	41.5	0	41.5
510.7	50.5	0	50.5
510.819	36.75	0	36.75
510.937	33.5	0	33.5
511.056	44.5	0	44.5
511.175	44.5	0	44.5
511.294	40.5	0	40.5
511.412	32.5	0	32.5
511.531	34	0	34
511.649	43	0	43
511.768	45	0	45
511.887	42.5	0	42.5
512.005	32.5	0	32.5
512.124	41.25	0	41.25
512.242	50.25	0	50.25
512.361	45.75	0	45.75
512.479	29.5	0	29.5
512.598	45.5	0	45.5
512.716	42.75	0	42.75
512.835	45.25	0	45.25
512.953	40	0	40
513.072	48	0	48
513.19	49.5	0	49.5
513.308	44	0	44
513.427	34.25	0	34.25
513.545	43.25	0	43.25
513.664	38.25	0	38.25
513.782	44	0	44
513.9	44.25	0	44.25
514.018	51.25	0	51.25
514.137	49.75	0	49.75
514.255	41.75	0	41.75
514.373	39.75	0	39.75
514.491	47.75	0	47.75
514.609	43.75	0	43.75
514.728	36	0	36
514.846	38.5	0	38.5
514.964	46	0	46
515.082	46.5	0	46.5
515.2	52.5	0	52.5
515.318	47.25	0	47.25
515.436	36.5	0	36.5
515.554	45.75	0	45.75
515.672	50.5	0	50.5
515.79	49.5	0	49.5
515.908	48.25	0	48.25
516.026	51	0	51
516.144	55.5	0	55.5
516.262	55	0	55
516.38	61	0	61
516.498	68.25	0	68.25
516.616	56.25	0	56.25
516.734	51.5	0	51.5
516.852	69.75	0	69.75
516.969	64.75	0	64.75
517.087	67.25	0	67.25
517.205	66.25	0	66.25
517.323	75.5	0	75.5
517.44	77	0	77
517.558	83.5	0	83.5
517.676	71.75	0	71.75
517.794	76.25	0	76.25
517.911	93	0	93
518.029	91.25	0	91.25
518.147	93	0	93
518.264	113.5	0	113.5
518.382	134.25	0	134.25
518.5	202.75	0	202.75
518.617	322.75	0	322.75
518.735	708.25	0	708.25
518.852	556	0	556
518.97	249.25	0	249.25
519.087	160.5	0	160.5
519.205	131	0	131
519.322	111.75	0	111.75
519.44	95.75	0	95.75
519.557	84.75	0	84.75
519.674	88.5	0	88.5
519.792	65.75	0	65.75
519.909	70	0	70
520.026	63	0	63
520.144	72.5	0	72.5
520.261	73	0	73
520.378	60	0	60
520.496	60.75	0	60.75
520.613	67.75	0	67.75
520.73	63	0	63
520.847	55.75	0	55.75
520.965	62.25	0	62.25
521.082	65.5	0	65.5
521.199	56	0	56
521.316	44.25	0	44.25
521.433	48.5	0	48.5
521.55	61.75	0	61.75
521.667	48.5	0	48.5
521.785	52.25	0	52.25
521.902	49.75	0	49.75
522.019	51	0	51
522.136	52.5	0	52.5
522.253	61	0	61
522.37	55.25	0	55.25
522.487	57.5	0	57.5
522.604	54.75	0	54.75
522.721	53	0	53
522.838	52.25	0	52.25
522.954	55.25	0	55.25
523.071	51	0	51
523.188	61.5	0	61.5
523.305	53.25	0	53.25
523.422	59.25	0	59.25
523.539	51.75	0	51.75
523.655	53.75	0	53.75
523.772	55.5	0	55.5
523.889	55.25	0	55.25
524.006	58.25	0	58.25
524.122	54.5	0	54.5
524.239	53.5	0	53.5
524.356	63.5	0	63.5
524.472	64.25	0	64.25
524.589	55.75	0	55.75
524.706	71.5	0	71.5
524.822	67.5	0	67.5
524.939	73	0	73
525.055	81.25	0	81.25
525.172	74.5	0	74.5
525.289	84	0	84
525.405	83.5	0	83.5
525.522	111.75	0	111.75
525.638	136.25	0	136.25
525.754	181.5	0	181.5
525.871	293.25	0	293.25
525.987	879	0	879
526.104	1824	0	1824
526.22	1179.75	0	1179.75
526.336	1649.5	0	1649.5
526.453	2261.75	0	2261.75
526.569	1030.75	0	1030.75
526.685	586.25	0	586.25
526.802	1108.5	0	1108.5
526.918	2874.5	0	2874.5
527.034	1334.5	0	1334.5
527.151	517	0	517
527.267	296.25	0	296.25
527.383	221.5	0	221.5
527.499	167.5	0	167.5
527.615	142.5	0	142.5
527.732	114.25	0	114.25
527.848	106.25	0	106.25
527.964	106.5	0	106.5
528.08	90	0	90
528.196	80	0	80
528.312	92.25	0	92.25
528.428	77.75	0	77.75
528.544	78	0	78
528.66	74.75	0	74.75
528.776	68.75	0	68.75
528.892	68.75	0	68.75
529.008	67.5	0	67.5
529.124	70.25	0	70.25
529.24	62.5	0	62.5
529.356	70	0	70
529.471	66	0	66
529.587	58.5	0	58.5
529.703	53.75	0	53.75
529.819	57.5	0	57.5
529.935	53.25	0	53.25
530.05	58.75	0	58.75
530.166	64.5	0	64.5
530.282	45.5	0	45.5
530.398	58.5	0	58.5
530.513	48.25	0	48.25
530.629	65	0	65
530.745	55	0	55
530.86	55.5	0	55.5
530.976	59.5	0	59.5
531.092	74.25	0	74.25
531.207	60.75	0	60.75
531.323	48.25	0	48.25
531.438	59.5	0	59.5
531.554	55	0	55
531.669	48.75	0	48.75
531.785	47	0	47
531.9	54.75	0	54.75
532.016	62	0	62
532.131	61.25	0	61.25
532.247	62.5	0	62.5
532.362	55.75	0	55.75
532.477	59.5	0	59.5
532.593	59.25	0	59.25
532.708	59.25	0	59.25
532.823	57.5	0	57.5
532.939	67	0	67
533.054	58.5	0	58.5
533.169	60.75	0	60.75
533.285	59.75	0	59.75
533.4	59.5	0	59.5
533.515	48.75	0	48.75
533.63	64	0	64
533.745	60	0	60
533.861	75.5	0	75.5
533.976	57.5	0	57.5
534.091	80.5	0	80.5
534.206	74.75	0	74.75
534.321	84.75	0	84.75
534.436	91.5	0	91.5
534.551	100.5	0	100.5
534.666	192	0	192
534.781	729	0	729
534.896	836.5	0	836.5
535.011	256.5	0	256.5
535.126	129.5	0	129.5
535.241	101.75	0	101.75
535.356	78.25	0	78.25
535.471	84	0	84
535.586	75.5	0	75.5
535.701	74	0	74
535.815	71.5	0	71.5
535.93	73.25	0	73.25
536.045	56.25	0	56.25
536.16	62.5	0	62.5