Lambda	Spectrum	Dark	SpecMinusDark
268.175	61.25	0	61.25
268.319	68.75	0	68.75
268.463	59.25	0	59.25
268.607	55	0	55
268.751	60.75	0	60.75
268.895	55.5	0	55.5
269.039	66.5	0	66.5
269.183	60	0	60
269.327	71.25	0	71.25
269.47	75.25	0	75.25
269.614	65.5	0	65.5
269.758	54.75	0	54.75
269.902	71.75	0	71.75
270.046	67.5	0	67.5
270.19	52.75	0	52.75
270.334	57.75	0	57.75
270.477	59	0	59
270.621	68.25	0	68.25
270.765	62	0	62
270.909	64.25	0	64.25
271.053	67	0	67
271.196	89	0	89
271.34	88.25	0	88.25
271.484	105	0	105
271.628	100.25	0	100.25
271.771	85.5	0	85.5
271.915	79.25	0	79.25
272.059	66	0	66
272.202	64.75	0	64.75
272.346	68	0	68
272.49	67.5	0	67.5
272.634	59	0	59
272.777	75.75	0	75.75
272.921	89.25	0	89.25
273.064	90.75	0	90.75
273.208	75.75	0	75.75
273.352	66.25	0	66.25
273.495	65.75	0	65.75
273.639	65.75	0	65.75
273.783	80.25	0	80.25
273.926	77.5	0	77.5
274.07	71.5	0	71.5
274.213	92	0	92
274.357	94.75	0	94.75
274.5	103.25	0	103.25
274.644	69.75	0	69.75
274.787	85	0	85
274.931	83	0	83
275.074	81	0	81
275.218	76.5	0	76.5
275.361	88	0	88
275.505	78.5	0	78.5
275.648	62.75	0	62.75
275.792	78	0	78
275.935	89.5	0	89.5
276.079	94	0	94
276.222	102.5	0	102.5
276.366	110.75	0	110.75
276.509	124.25	0	124.25
276.652	112.75	0	112.75
276.796	81.25	0	81.25
276.939	83.75	0	83.75
277.082	102	0	102
277.226	87.5	0	87.5
277.369	84	0	84
277.513	95.5	0	95.5
277.656	102.5	0	102.5
277.799	89	0	89
277.942	89.5	0	89.5
278.086	96.5	0	96.5
278.229	79.5	0	79.5
278.372	92.25	0	92.25
278.516	92.25	0	92.25
278.659	87.25	0	87.25
278.802	95	0	95
278.945	86.75	0	86.75
279.089	86.25	0	86.25
279.232	86	0	86
279.375	90.75	0	90.75
279.518	93.5	0	93.5
279.661	112	0	112
279.805	97.5	0	97.5
279.948	81.75	0	81.75
280.091	94.25	0	94.25
280.234	95.5	0	95.5
280.377	88	0	88
280.52	84.5	0	84.5
280.663	77.25	0	77.25
280.806	92.25	0	92.25
280.95	92.75	0	92.75
281.093	100.25	0	100.25
281.236	96.75	0	96.75
281.379	101.75	0	101.75
281.522	103	0	103
281.665	92.5	0	92.5
281.808	88	0	88
281.951	85	0	85
282.094	88.25	0	88.25
282.237	86.25	0	86.25
282.38	104.75	0	104.75
282.523	102.25	0	102.25
282.666	98	0	98
282.809	94.25	0	94.25
282.952	81.5	0	81.5
283.095	82	0	82
283.238	99.5	0	99.5
283.381	106.25	0	106.25
283.523	105	0	105
283.666	117.5	0	117.5
283.809	95	0	95
283.952	102	0	102
284.095	96.5	0	96.5
284.238	82.25	0	82.25
284.381	91.25	0	91.25
284.524	97.25	0	97.25
284.666	92.5	0	92.5
284.809	94	0	94
284.952	97	0	97
285.095	99.25	0	99.25
285.238	94	0	94
285.38	84	0	84
285.523	104	0	104
285.666	105.25	0	105.25
285.809	98.5	0	98.5
285.951	94.75	0	94.75
286.094	93	0	93
286.237	105.25	0	105.25
286.38	93	0	93
286.522	99.5	0	99.5
286.665	97.75	0	97.75
286.808	103.25	0	103.25
286.95	98.5	0	98.5
287.093	108.25	0	108.25
287.236	110.75	0	110.75
287.378	94	0	94
287.521	106.5	0	106.5
287.663	106.5	0	106.5
287.806	92	0	92
287.949	121	0	121
288.091	104.5	0	104.5
288.234	127.5	0	127.5
288.376	114.75	0	114.75
288.519	121.25	0	121.25
288.661	109.5	0	109.5
288.804	107	0	107
288.946	109.25	0	109.25
289.089	91.5	0	91.5
289.231	99.5	0	99.5
289.374	102.5	0	102.5
289.516	104	0	104
289.659	104.75	0	104.75
289.801	109.25	0	109.25
289.944	121	0	121
290.086	111.75	0	111.75
290.229	121.75	0	121.75
290.371	108.25	0	108.25
290.513	106.75	0	106.75
290.656	112	0	112
290.798	108	0	108
290.941	107.75	0	107.75
291.083	107.75	0	107.75
291.225	92.75	0	92.75
291.368	112.75	0	112.75
291.51	119	0	119
291.652	102.5	0	102.5
291.795	99.75	0	99.75
291.937	127.5	0	127.5
292.079	103.75	0	103.75
292.221	129.25	0	129.25
292.364	122.25	0	122.25
292.506	139.5	0	139.5
292.648	138.25	0	138.25
292.79	157	0	157
292.933	137	0	137
293.075	115.25	0	115.25
293.217	108.75	0	108.75
293.359	112.75	0	112.75
293.502	125.5	0	125.5
293.644	109.25	0	109.25
293.786	114	0	114
293.928	110	0	110
294.07	103.75	0	103.75
294.212	109.5	0	109.5
294.354	120	0	120
294.497	111.25	0	111.25
294.639	108	0	108
294.781	94	0	94
294.923	113.75	0	113.75
295.065	114.75	0	114.75
295.207	121.5	0	121.5
295.349	117.75	0	117.75
295.491	128	0	128
295.633	133	0	133
295.775	121.75	0	121.75
295.917	114	0	114
296.059	109.25	0	109.25
296.201	103.25	0	103.25
296.343	108	0	108
296.485	111.5	0	111.5
296.627	103	0	103
296.769	126.75	0	126.75
296.911	112	0	112
297.053	131.75	0	131.75
297.195	113.25	0	113.25
297.337	116.75	0	116.75
297.478	117.75	0	117.75
297.62	120.75	0	120.75
297.762	134.25	0	134.25
297.904	126.25	0	126.25
298.046	131.25	0	131.25
298.188	133.5	0	133.5
298.33	159.25	0	159.25
298.471	220.25	0	220.25
298.613	276	0	276
298.755	282.75	0	282.75
298.897	264.75	0	264.75
299.038	206.25	0	206.25
299.18	186.5	0	186.5
299.322	155.75	0	155.75
299.464	180.75	0	180.75
299.605	143.5	0	143.5
299.747	158.5	0	158.5
299.889	185.5	0	185.5
300.031	174.25	0	174.25
300.172	181.5	0	181.5
300.314	171.25	0	171.25
300.456	155.5	0	155.5
300.597	144.75	0	144.75
300.739	146.75	0	146.75
300.881	143.25	0	143.25
301.022	170.75	0	170.75
301.164	192.25	0	192.25
301.305	213.5	0	213.5
301.447	239.75	0	239.75
301.589	280.25	0	280.25
301.73	277.25	0	277.25
301.872	215.75	0	215.75
302.013	182.25	0	182.25
302.155	177	0	177
302.296	177.5	0	177.5
302.438	197.25	0	197.25
302.579	189.25	0	189.25
302.721	188.25	0	188.25
302.862	167.5	0	167.5
303.004	167	0	167
303.145	160	0	160
303.287	186.25	0	186.25
303.428	186	0	186
303.569	168.5	0	168.5
303.711	198.5	0	198.5
303.852	256.75	0	256.75
303.994	336	0	336
304.135	538.25	0	538.25
304.276	655.25	0	655.25
304.418	592.5	0	592.5
304.559	436.75	0	436.75
304.7	376.25	0	376.25
304.842	383	0	383
304.983	320.25	0	320.25
305.124	251.75	0	251.75
305.266	225	0	225
305.407	220.5	0	220.5
305.548	230.25	0	230.25
305.69	270.5	0	270.5
305.831	349.5	0	349.5
305.972	515	0	515
306.113	587	0	587
306.254	451.5	0	451.5
306.396	308.5	0	308.5
306.537	254.75	0	254.75
306.678	245.75	0	245.75
306.819	270	0	270
306.96	344.5	0	344.5
307.102	501.25	0	501.25
307.243	455.5	0	455.5
307.384	307.25	0	307.25
307.525	255.75	0	255.75
307.666	248.25	0	248.25
307.807	263.25	0	263.25
307.948	314.25	0	314.25
308.089	383.75	0	383.75
308.23	412.25	0	412.25
308.371	423.25	0	423.25
308.513	500	0	500
308.654	540.75	0	540.75
308.795	407.25	0	407.25
308.936	363.25	0	363.25
309.077	271.5	0	271.5
309.218	256.75	0	256.75
309.359	250.75	0	250.75
309.499	297.75	0	297.75
309.64	286	0	286
309.781	320	0	320
309.922	281.25	0	281.25
310.063	323	0	323
310.204	290.25	0	290.25
310.345	275.75	0	275.75
310.486	245	0	245
310.627	246.75	0	246.75
310.768	291	0	291
310.909	293.25	0	293.25
311.049	294.25	0	294.25
311.19	277.75	0	277.75
311.331	269.75	0	269.75
311.472	253.25	0	253.25
311.613	252	0	252
311.753	286.75	0	286.75
311.894	325.75	0	325.75
312.035	387	0	387
312.176	353.5	0	353.5
312.316	273.75	0	273.75
312.457	263.25	0	263.25
312.598	284	0	284
312.739	268	0	268
312.879	259.5	0	259.5
313.02	251.25	0	251.25
313.161	256.25	0	256.25
313.301	261.5	0	261.5
313.442	338.75	0	338.75
313.583	463.75	0	463.75
313.723	478.75	0	478.75
313.864	437	0	437
314.005	385	0	385
314.145	327.25	0	327.25
314.286	317.5	0	317.5
314.426	394.25	0	394.25
314.567	498.25	0	498.25
314.707	509	0	509
314.848	422.25	0	422.25
314.989	445.25	0	445.25
315.129	549.25	0	549.25
315.27	710.5	0	710.5
315.41	839.25	0	839.25
315.551	630.5	0	630.5
315.691	591.75	0	591.75
315.831	550	0	550
315.972	440.5	0	440.5
316.112	383.5	0	383.5
316.253	338	0	338
316.393	313.75	0	313.75
316.534	332.75	0	332.75
316.674	392.25	0	392.25
316.814	409	0	409
316.955	427	0	427
317.095	348.5	0	348.5
317.236	358.25	0	358.25
317.376	417.75	0	417.75
317.516	472.5	0	472.5
317.656	509.25	0	509.25
317.797	431.25	0	431.25
317.937	409.25	0	409.25
318.077	397.75	0	397.75
318.218	368	0	368
318.358	377	0	377
318.498	375.25	0	375.25
318.638	415	0	415
318.779	423	0	423
318.919	376.5	0	376.5
319.059	345.25	0	345.25
319.199	323.5	0	323.5
319.34	311.25	0	311.25
319.48	310.5	0	310.5
319.62	310	0	310
319.76	330.5	0	330.5
319.9	292.5	0	292.5
320.04	316	0	316
320.18	304.5	0	304.5
320.32	302.5	0	302.5
320.461	307.5	0	307.5
320.601	322.75	0	322.75
320.741	340.25	0	340.25
320.881	360.25	0	360.25
321.021	356.5	0	356.5
321.161	332.25	0	332.25
321.301	336	0	336
321.441	343.5	0	343.5
321.581	348.75	0	348.75
321.721	369.75	0	369.75
321.861	351.25	0	351.25
322.001	373	0	373
322.141	376	0	376
322.281	369.25	0	369.25
322.421	407.5	0	407.5
322.561	417	0	417
322.7	391.75	0	391.75
322.84	385	0	385
322.98	430.25	0	430.25
323.12	495.75	0	495.75
323.26	576.25	0	576.25
323.4	580.75	0	580.75
323.54	594.75	0	594.75
323.68	527.5	0	527.5
323.819	470.5	0	470.5
323.959	488	0	488
324.099	607	0	607
324.239	726.75	0	726.75
324.379	789	0	789
324.518	834.75	0	834.75
324.658	863.75	0	863.75
324.798	693	0	693
324.937	632.5	0	632.5
325.077	611	0	611
325.217	691.5	0	691.5
325.357	763.75	0	763.75
325.496	622.75	0	622.75
325.636	563.75	0	563.75
325.776	625.75	0	625.75
325.915	715.25	0	715.25
326.055	733	0	733
326.195	708.75	0	708.75
326.334	695	0	695
326.474	629.25	0	629.25
326.613	560.25	0	560.25
326.753	560	0	560
326.892	578	0	578
327.032	647	0	647
327.172	677.75	0	677.75
327.311	619.5	0	619.5
327.451	650.25	0	650.25
327.59	730	0	730
327.73	743.25	0	743.25
327.869	765.75	0	765.75
328.009	868	0	868
328.148	1087	0	1087
328.288	1208.75	0	1208.75
328.427	928.5	0	928.5
328.566	867.5	0	867.5
328.706	739.5	0	739.5
328.845	665.25	0	665.25
328.985	654.25	0	654.25
329.124	673.5	0	673.5
329.263	622.75	0	622.75
329.403	628	0	628
329.542	615.5	0	615.5
329.681	632.75	0	632.75
329.821	663.75	0	663.75
329.96	694	0	694
330.099	692.5	0	692.5
330.239	739.5	0	739.5
330.378	813.25	0	813.25
330.517	884	0	884
330.656	948	0	948
330.796	926.5	0	926.5
330.935	965.25	0	965.25
331.074	1090.25	0	1090.25
331.213	1270.5	0	1270.5
331.352	1331.25	0	1331.25
331.492	1197.25	0	1197.25
331.631	1217.75	0	1217.75
331.77	1241.5	0	1241.5
331.909	1367.5	0	1367.5
332.048	1462	0	1462
332.187	1527.25	0	1527.25
332.327	1441.25	0	1441.25
332.466	1421	0	1421
332.605	1269.75	0	1269.75
332.744	1160.25	0	1160.25
332.883	1060	0	1060
333.022	1058.75	0	1058.75
333.161	1283.5	0	1283.5
333.3	1465	0	1465
333.439	1275.5	0	1275.5
333.578	1117.75	0	1117.75
333.717	1090.25	0	1090.25
333.856	1231.5	0	1231.5
333.995	1306.5	0	1306.5
334.134	1329	0	1329
334.273	1187.75	0	1187.75
334.412	1058.25	0	1058.25
334.551	1086.75	0	1086.75
334.69	1139	0	1139
334.828	1121	0	1121
334.967	1053.5	0	1053.5
335.106	1195	0	1195
335.245	1383.5	0	1383.5
335.384	1527	0	1527
335.523	1350.25	0	1350.25
335.662	1215.25	0	1215.25
335.8	1161.25	0	1161.25
335.939	1206.75	0	1206.75
336.078	1206.25	0	1206.25
336.217	1215	0	1215
336.356	1246.25	0	1246.25
336.494	1389.5	0	1389.5
336.633	1543	0	1543
336.772	1354.5	0	1354.5
336.911	1240.25	0	1240.25
337.049	1225.5	0	1225.5
337.188	1232	0	1232
337.327	1212.5	0	1212.5
337.465	1186.5	0	1186.5
337.604	1271	0	1271
337.743	1320.5	0	1320.5
337.881	1350.5	0	1350.5
338.02	1416	0	1416
338.158	1407.75	0	1407.75
338.297	1675.75	0	1675.75
338.436	1921.25	0	1921.25
338.574	2000	0	2000
338.713	2163	0	2163
338.851	1880	0	1880
338.99	1674.25	0	1674.25
339.128	1764.25	0	1764.25
339.267	2167.5	0	2167.5
339.405	2681.75	0	2681.75
339.544	2581	0	2581
339.682	2084.25	0	2084.25
339.821	2087	0	2087
339.959	2429.5	0	2429.5
340.098	2932.25	0	2932.25
340.236	3827.75	0	3827.75
340.375	4607	0	4607
340.513	4880.25	0	4880.25
340.651	4918.75	0	4918.75
340.79	5448.25	0	5448.25
340.928	5637.75	0	5637.75
341.067	6003.25	0	6003.25
341.205	6250.5	0	6250.5
341.343	6131	0	6131
341.482	5958.5	0	5958.5
341.62	5762.5	0	5762.5
341.758	4833	0	4833
341.897	4246	0	4246
342.035	3540.5	0	3540.5
342.173	3162	0	3162
342.311	2863.25	0	2863.25
342.45	2599.75	0	2599.75
342.588	2436.5	0	2436.5
342.726	2544.5	0	2544.5
342.864	2835	0	2835
343.002	3692.75	0	3692.75
343.141	4357.75	0	4357.75
343.279	3874.5	0	3874.5
343.417	3232.25	0	3232.25
343.555	2736.25	0	2736.25
343.693	2728.75	0	2728.75
343.831	2864	0	2864
343.969	3290.25	0	3290.25
344.108	4235.75	0	4235.75
344.246	5088	0	5088
344.384	4899.5	0	4899.5
344.522	4457	0	4457
344.66	4670.25	0	4670.25
344.798	5321.75	0	5321.75
344.936	5644.75	0	5644.75
345.074	5546.75	0	5546.75
345.212	5764.25	0	5764.25
345.35	5972.5	0	5972.5
345.488	5665	0	5665
345.626	4857.25	0	4857.25
345.764	4336.5	0	4336.5
345.902	4418	0	4418
346.04	4811	0	4811
346.178	5337.5	0	5337.5
346.315	5191.75	0	5191.75
346.453	4861.25	0	4861.25
346.591	4212.75	0	4212.75
346.729	3401.5	0	3401.5
346.867	3143	0	3143
347.005	3432.75	0	3432.75
347.143	4144.25	0	4144.25
347.28	4925.75	0	4925.75
347.418	4619.5	0	4619.5
347.556	3695	0	3695
347.694	3454	0	3454
347.832	3096.5	0	3096.5
347.969	2961.5	0	2961.5
348.107	3152.25	0	3152.25
348.245	3614.75	0	3614.75
348.382	3440.5	0	3440.5
348.52	3518.5	0	3518.5
348.658	4193.75	0	4193.75
348.796	5394.25	0	5394.25
348.933	5445.75	0	5445.75
349.071	4788	0	4788
349.209	4237.75	0	4237.75
349.346	4602.5	0	4602.5
349.484	5249.5	0	5249.5
349.621	4653	0	4653
349.759	4175.5	0	4175.5
349.897	4705	0	4705
350.034	5745.75	0	5745.75
350.172	6294.5	0	6294.5
350.309	6338	0	6338
350.447	6402	0	6402
350.584	6482.5	0	6482.5
350.722	6228.5	0	6228.5
350.859	6444.75	0	6444.75
350.997	6579.75	0	6579.75
351.134	6574.5	0	6574.5
351.272	6118	0	6118
351.409	5134.75	0	5134.75
351.547	5050.5	0	5050.5
351.684	5830.75	0	5830.75
351.822	6059.5	0	6059.5
351.959	5864.5	0	5864.5
352.096	6088.5	0	6088.5
352.234	6161.25	0	6161.25
352.371	5822	0	5822
352.508	5942.25	0	5942.25
352.646	6473.5	0	6473.5
352.783	6782.75	0	6782.75
352.92	6649.75	0	6649.75
353.058	5630	0	5630
353.195	4902.25	0	4902.25
353.332	3958.75	0	3958.75
353.469	3018.5	0	3018.5
353.607	2496.75	0	2496.75
353.744	2267.75	0	2267.75
353.881	2139	0	2139
354.018	2183	0	2183
354.156	2449.75	0	2449.75
354.293	2365.5	0	2365.5
354.43	2087.75	0	2087.75
354.567	2039.25	0	2039.25
354.704	2058	0	2058
354.841	2290	0	2290
354.979	2417.75	0	2417.75
355.116	2306	0	2306
355.253	2157	0	2157
355.39	1955.75	0	1955.75
355.527	1907	0	1907
355.664	2114.5	0	2114.5
355.801	2668	0	2668
355.938	3424.75	0	3424.75
356.075	3508.25	0	3508.25
356.212	3417.75	0	3417.75
356.349	3928.75	0	3928.75
356.486	4065.75	0	4065.75
356.623	4957.25	0	4957.25
356.76	6512.25	0	6512.25
356.897	6807.25	0	6807.25
357.034	5700.5	0	5700.5
357.171	5019.75	0	5019.75
357.308	5398.75	0	5398.75
357.445	5513	0	5513
357.582	4444.75	0	4444.75
357.718	3558.25	0	3558.25
357.855	3041.5	0	3041.5
357.992	2894.25	0	2894.25
358.129	3148.25	0	3148.25
358.266	3874.75	0	3874.75
358.403	5471.25	0	5471.25
358.539	6501.75	0	6501.75
358.676	6507.75	0	6507.75
358.813	5098	0	5098
358.95	3894.5	0	3894.5
359.086	3435	0	3435
359.223	3493.5	0	3493.5
359.36	3894.75	0	3894.75
359.497	3305.75	0	3305.75
359.633	2526.25	0	2526.25
359.77	2230.75	0	2230.75
359.907	2499.25	0	2499.25
360.043	3187.5	0	3187.5
360.18	3122.25	0	3122.25
360.317	2863.75	0	2863.75
360.453	2698.25	0	2698.25
360.59	2184.25	0	2184.25
360.727	1995.25	0	1995.25
360.863	2071.75	0	2071.75
361	2248.25	0	2248.25
361.136	2204.25	0	2204.25
361.273	1925.5	0	1925.5
361.409	1851.25	0	1851.25
361.546	1681.25	0	1681.25
361.682	1881.25	0	1881.25
361.819	1967.5	0	1967.5
361.955	1894	0	1894
362.092	1731	0	1731
362.228	1831.75	0	1831.75
362.365	1979.5	0	1979.5
362.501	2380.5	0	2380.5
362.638	2974	0	2974
362.774	2767.25	0	2767.25
362.91	2489.25	0	2489.25
363.047	2694.5	0	2694.5
363.183	2759.25	0	2759.25
363.319	2500.75	0	2500.75
363.456	2331	0	2331
363.592	2329.25	0	2329.25
363.728	2427.25	0	2427.25
363.865	2481.75	0	2481.75
364.001	2433.75	0	2433.75
364.137	2459.25	0	2459.25
364.274	2377.5	0	2377.5
364.41	2198.25	0	2198.25
364.546	2359.75	0	2359.75
364.682	2376.5	0	2376.5
364.819	2151	0	2151
364.955	2070	0	2070
365.091	2131.5	0	2131.5
365.227	2110	0	2110
365.363	1787.25	0	1787.25
365.499	1666.75	0	1666.75
365.636	1650	0	1650
365.772	1579.5	0	1579.5
365.908	1736	0	1736
366.044	2202.75	0	2202.75
366.18	2236.75	0	2236.75
366.316	1770.75	0	1770.75
366.452	1555.25	0	1555.25
366.588	1437.25	0	1437.25
366.724	1374.25	0	1374.25
366.86	1383.5	0	1383.5
366.996	1350.25	0	1350.25
367.132	1418.25	0	1418.25
367.268	1553.5	0	1553.5
367.404	2120.75	0	2120.75
367.54	2710.25	0	2710.25
367.676	2434.25	0	2434.25
367.812	1970.5	0	1970.5
367.948	1977.5	0	1977.5
368.084	2495.75	0	2495.75
368.22	3104.25	0	3104.25
368.356	2632.5	0	2632.5
368.492	2061	0	2061
368.627	1765.75	0	1765.75
368.763	1611.5	0	1611.5
368.899	1768	0	1768
369.035	2051.5	0	2051.5
369.171	2473.5	0	2473.5
369.306	2413.5	0	2413.5
369.442	1951.25	0	1951.25
369.578	1675.75	0	1675.75
369.714	1655.25	0	1655.25
369.85	1946.5	0	1946.5
369.985	2618.75	0	2618.75
370.121	3657.25	0	3657.25
370.257	4020.75	0	4020.75
370.392	3275.75	0	3275.75
370.528	2690.75	0	2690.75
370.664	2709.5	0	2709.5
370.799	2689.5	0	2689.5
370.935	2175.5	0	2175.5
371.071	1830.25	0	1830.25
371.206	1601.5	0	1601.5
371.342	1411.75	0	1411.75
371.477	1368.5	0	1368.5
371.613	1260.25	0	1260.25
371.749	1286.25	0	1286.25
371.884	1276.75	0	1276.75
372.02	1251	0	1251
372.155	1227.75	0	1227.75
372.291	1229.75	0	1229.75
372.426	1335	0	1335
372.562	1505	0	1505
372.697	1828	0	1828
372.833	2525.5	0	2525.5
372.968	3574.75	0	3574.75
373.103	4358.25	0	4358.25
373.239	4335.5	0	4335.5
373.374	3575.25	0	3575.25
373.51	2880.25	0	2880.25
373.645	2275	0	2275
373.78	1849.5	0	1849.5
373.916	1710	0	1710
374.051	1567	0	1567
374.186	1758.25	0	1758.25
374.322	2433.5	0	2433.5
374.457	2838.5	0	2838.5
374.592	2323	0	2323
374.728	1998.75	0	1998.75
374.863	2152.5	0	2152.5
374.998	2072	0	2072
375.133	1815.25	0	1815.25
375.268	1788.25	0	1788.25
375.404	1890.75	0	1890.75
375.539	1744.5	0	1744.5
375.674	1460	0	1460
375.809	1471.75	0	1471.75
375.944	1367	0	1367
376.08	1207	0	1207
376.215	1167.75	0	1167.75
376.35	1142.75	0	1142.75
376.485	1098.75	0	1098.75
376.62	1093.75	0	1093.75
376.755	1076	0	1076
376.89	1024	0	1024
377.025	1062.75	0	1062.75
377.16	1141.5	0	1141.5
377.295	1212.25	0	1212.25
377.43	1311.75	0	1311.75
377.565	1322.5	0	1322.5
377.7	1243	0	1243
377.835	1159.75	0	1159.75
377.97	1118.25	0	1118.25
378.105	1061.25	0	1061.25
378.24	1126.5	0	1126.5
378.375	1044	0	1044
378.51	1049.5	0	1049.5
378.645	1063.5	0	1063.5
378.78	1057.25	0	1057.25
378.914	1025.25	0	1025.25
379.049	1036.25	0	1036.25
379.184	994.75	0	994.75
379.319	1038.5	0	1038.5
379.454	1066	0	1066
379.589	1066.25	0	1066.25
379.723	1065	0	1065
379.858	1095.5	0	1095.5
379.993	1179.75	0	1179.75
380.128	1153.75	0	1153.75
380.262	1170.5	0	1170.5
380.397	1172.25	0	1172.25
380.532	1287.75	0	1287.75
380.666	1333	0	1333
380.801	1326.75	0	1326.75
380.936	1335.5	0	1335.5
381.07	1462.5	0	1462.5
381.205	1651	0	1651
381.34	2104.5	0	2104.5
381.474	2828.5	0	2828.5
381.609	2793.75	0	2793.75
381.744	2149	0	2149
381.878	1885	0	1885
382.013	1690.5	0	1690.5
382.147	1491.25	0	1491.25
382.282	1470.5	0	1470.5
382.416	1421.5	0	1421.5
382.551	1399.75	0	1399.75
382.685	1406.25	0	1406.25
382.82	1371.75	0	1371.75
382.954	1476.25	0	1476.25
383.089	1522.5	0	1522.5
383.223	1595.75	0	1595.75
383.357	1752.75	0	1752.75
383.492	1915.75	0	1915.75
383.626	2087.75	0	2087.75
383.761	2484.25	0	2484.25
383.895	3511	0	3511
384.029	5498.25	0	5498.25
384.164	6750.5	0	6750.5
384.298	8229.75	0	8229.75
384.432	10142.2	0	10142.2
384.567	8887	0	8887
384.701	6139.75	0	6139.75
384.835	4471.25	0	4471.25
384.97	3652	0	3652
385.104	2994.5	0	2994.5
385.238	2548.75	0	2548.75
385.372	2346.75	0	2346.75
385.506	2242.75	0	2242.75
385.641	2202	0	2202
385.775	2444	0	2444
385.909	3212.25	0	3212.25
386.043	3509.5	0	3509.5
386.177	2692.75	0	2692.75
386.311	2255.75	0	2255.75
386.446	2057.5	0	2057.5
386.58	2071.25	0	2071.25
386.714	2290.25	0	2290.25
386.848	2806.5	0	2806.5
386.982	4150.25	0	4150.25
387.116	7260.5	0	7260.5
387.25	9347	0	9347
387.384	7467.25	0	7467.25
387.518	5378.25	0	5378.25
387.652	4237.25	0	4237.25
387.786	3411.75	0	3411.75
387.92	3728.25	0	3728.25
388.054	4703.5	0	4703.5
388.188	3987.75	0	3987.75
388.322	3221	0	3221
388.456	2732	0	2732
388.59	2514	0	2514
388.723	2598.5	0	2598.5
388.857	2922.25	0	2922.25
388.991	4034.75	0	4034.75
389.125	6327	0	6327
389.259	9564.75	0	9564.75
389.393	9764.75	0	9764.75
389.526	6930.75	0	6930.75
389.66	4869.25	0	4869.25
389.794	3639.25	0	3639.25
389.928	3028.75	0	3028.75
390.062	2548.5	0	2548.5
390.195	2344.25	0	2344.25
390.329	2200.25	0	2200.25
390.463	2174	0	2174
390.596	2035	0	2035
390.73	1899.25	0	1899.25
390.864	2014.25	0	2014.25
390.997	1775	0	1775
391.131	1585.25	0	1585.25
391.265	1547.5	0	1547.5
391.398	1647.75	0	1647.75
391.532	1924	0	1924
391.665	2016.75	0	2016.75
391.799	1887.5	0	1887.5
391.933	1945.5	0	1945.5
392.066	1801.25	0	1801.25
392.2	1744.75	0	1744.75
392.333	1683.75	0	1683.75
392.467	1615.5	0	1615.5
392.6	1479.25	0	1479.25
392.734	1485.75	0	1485.75
392.867	1486.75	0	1486.75
393.001	1524.5	0	1524.5
393.134	1714.75	0	1714.75
393.267	2295.75	0	2295.75
393.401	3625.25	0	3625.25
393.534	3980	0	3980
393.668	2852.75	0	2852.75
393.801	2262	0	2262
393.934	2407.75	0	2407.75
394.068	2466.25	0	2466.25
394.201	2108	0	2108
394.334	2163.5	0	2163.5
394.468	2144.5	0	2144.5
394.601	1818	0	1818
394.734	1665.5	0	1665.5
394.867	1601.75	0	1601.75
395.001	1849.25	0	1849.25
395.134	2405	0	2405
395.267	2147.5	0	2147.5
395.4	1768.5	0	1768.5
395.533	1779.25	0	1779.25
395.667	1937.25	0	1937.25
395.8	1813.5	0	1813.5
395.933	1842.5	0	1842.5
396.066	1846.75	0	1846.75
396.199	1666.25	0	1666.25
396.332	1602	0	1602
396.465	1561.5	0	1561.5
396.598	1733.75	0	1733.75
396.732	2115	0	2115
396.865	2223	0	2223
396.998	2071.75	0	2071.75
397.131	2310.75	0	2310.75
397.264	2437	0	2437
397.397	2352	0	2352
397.53	2136.25	0	2136.25
397.663	2262.75	0	2262.75
397.796	2337	0	2337
397.928	1996.5	0	1996.5
398.061	1785.75	0	1785.75
398.194	1696.5	0	1696.5
398.327	1686.5	0	1686.5
398.46	1779.5	0	1779.5
398.593	1906.5	0	1906.5
398.726	1988.75	0	1988.75
398.859	2360.5	0	2360.5
398.991	3004.25	0	3004.25
399.124	3662.5	0	3662.5
399.257	5589.25	0	5589.25
399.39	8648	0	8648
399.523	8577.25	0	8577.25
399.655	7232.25	0	7232.25
399.788	5267.25	0	5267.25
399.921	3533.25	0	3533.25
400.054	2835	0	2835
400.186	2432.25	0	2432.25
400.319	2108	0	2108
400.452	1908.75	0	1908.75
400.584	1820	0	1820
400.717	1651.25	0	1651.25
400.85	1626	0	1626
400.982	1580.25	0	1580.25
401.115	1642.25	0	1642.25
401.247	1785.25	0	1785.25
401.38	1686.5	0	1686.5
401.513	1545.25	0	1545.25
401.645	1525.5	0	1525.5
401.778	1660.25	0	1660.25
401.91	1915	0	1915
402.043	1881	0	1881
402.175	1641	0	1641
402.308	1595	0	1595
402.44	1445	0	1445
402.573	1477.25	0	1477.25
402.705	1416.5	0	1416.5
402.837	1426.25	0	1426.25
402.97	1431.5	0	1431.5
403.102	1452.25	0	1452.25
403.235	1402.5	0	1402.5
403.367	1507.5	0	1507.5
403.499	1541.5	0	1541.5
403.632	1508	0	1508
403.764	1430	0	1430
403.896	1423	0	1423
404.029	1442.75	0	1442.75
404.161	1451	0	1451
404.293	1867	0	1867
404.425	2449.25	0	2449.25
404.558	1934	0	1934
404.69	1597.5	0	1597.5
404.822	1391.5	0	1391.5
404.954	1321.75	0	1321.75
405.086	1338.5	0	1338.5
405.219	1382.25	0	1382.25
405.351	1392.75	0	1392.75
405.483	1391	0	1391
405.615	1585.25	0	1585.25
405.747	1628	0	1628
405.879	1488	0	1488
406.011	1362.5	0	1362.5
406.143	1355	0	1355
406.275	1383.25	0	1383.25
406.407	1712	0	1712
406.539	1997.75	0	1997.75
406.672	1830.25	0	1830.25
406.803	1702.75	0	1702.75
406.935	1427	0	1427
407.067	1316.25	0	1316.25
407.199	1230.75	0	1230.75
407.331	1283.75	0	1283.75
407.463	1311.75	0	1311.75
407.595	1293.75	0	1293.75
407.727	1272	0	1272
407.859	1271.5	0	1271.5
407.991	1262.75	0	1262.75
408.123	1303.5	0	1303.5
408.255	1416.75	0	1416.75
408.386	1735.75	0	1735.75
408.518	2284.75	0	2284.75
408.65	2009.5	0	2009.5
408.782	1755.75	0	1755.75
408.914	1894.5	0	1894.5
409.045	2994.75	0	2994.75
409.177	3174	0	3174
409.309	2182.25	0	2182.25
409.44	1697.5	0	1697.5
409.572	1462.75	0	1462.75
409.704	1392.5	0	1392.5
409.836	1270	0	1270
409.967	1273.25	0	1273.25
410.099	1249.75	0	1249.75
410.23	1277.5	0	1277.5
410.362	1368.25	0	1368.25
410.494	1378.25	0	1378.25
410.625	1404	0	1404
410.757	1750	0	1750
410.888	2555.75	0	2555.75
411.02	2490.75	0	2490.75
411.152	1970.5	0	1970.5
411.283	1821.25	0	1821.25
411.415	2169.5	0	2169.5
411.546	3017	0	3017
411.677	5391.75	0	5391.75
411.809	7295	0	7295
411.94	7947.5	0	7947.5
412.072	7719.5	0	7719.5
412.203	5026	0	5026
412.335	3354	0	3354
412.466	2468	0	2468
412.597	1971.5	0	1971.5
412.729	1754.25	0	1754.25
412.86	1580.75	0	1580.75
412.991	1445.5	0	1445.5
413.123	1351.75	0	1351.75
413.254	1271.75	0	1271.75
413.385	1176.75	0	1176.75
413.517	1137.25	0	1137.25
413.648	1123	0	1123
413.779	1073.25	0	1073.25
413.91	1125.5	0	1125.5
414.042	1064.25	0	1064.25
414.173	1057.75	0	1057.75
414.304	1022.5	0	1022.5
414.435	1027.75	0	1027.75
414.566	983.25	0	983.25
414.697	995.75	0	995.75
414.828	985.25	0	985.25
414.96	965	0	965
415.091	957.75	0	957.75
415.222	965.75	0	965.75
415.353	968.25	0	968.25
415.484	992.75	0	992.75
415.615	1003.5	0	1003.5
415.746	1046.5	0	1046.5
415.877	1037.75	0	1037.75
416.008	1010.75	0	1010.75
416.139	1020.75	0	1020.75
416.27	972	0	972
416.401	967.25	0	967.25
416.532	956.5	0	956.5
416.663	935.25	0	935.25
416.794	918.5	0	918.5
416.925	948.5	0	948.5
417.055	975.75	0	975.75
417.186	965.75	0	965.75
417.317	961.75	0	961.75
417.448	946.25	0	946.25
417.579	930	0	930
417.71	977.25	0	977.25
417.84	1006	0	1006
417.971	925.75	0	925.75
418.102	907.75	0	907.75
418.233	887.5	0	887.5
418.363	865.25	0	865.25
418.494	897.5	0	897.5
418.625	935.5	0	935.5
418.756	924.75	0	924.75
418.886	1001	0	1001
419.017	1003.5	0	1003.5
419.148	916.5	0	916.5
419.278	903.25	0	903.25
419.409	865	0	865
419.539	874.5	0	874.5
419.67	837.5	0	837.5
419.801	835.75	0	835.75
419.931	817.75	0	817.75
420.062	799.5	0	799.5
420.192	827	0	827
420.323	837.25	0	837.25
420.453	820.5	0	820.5
420.584	895.25	0	895.25
420.714	837	0	837
420.845	834	0	834
420.975	809.75	0	809.75
421.106	838.25	0	838.25
421.236	817.75	0	817.75
421.366	805.5	0	805.5
421.497	811.25	0	811.25
421.627	792.25	0	792.25
421.757	827.75	0	827.75
421.888	816.75	0	816.75
422.018	861	0	861
422.148	797.5	0	797.5
422.279	796.75	0	796.75
422.409	816.75	0	816.75
422.539	825.5	0	825.5
422.67	806	0	806
422.8	813	0	813
422.93	766.75	0	766.75
423.06	779.5	0	779.5
423.19	771.25	0	771.25
423.321	834.25	0	834.25
423.451	796.5	0	796.5
423.581	797	0	797
423.711	793.25	0	793.25
423.841	808.75	0	808.75
423.971	835.5	0	835.5
424.101	842.5	0	842.5
424.231	809.5	0	809.5
424.361	774.25	0	774.25
424.492	798.25	0	798.25
424.622	803	0	803
424.752	801.25	0	801.25
424.882	805	0	805
425.012	860.5	0	860.5
425.142	875.25	0	875.25
425.271	802	0	802
425.401	802.25	0	802.25
425.531	784	0	784
425.661	779.5	0	779.5
425.791	766.5	0	766.5
425.921	793.75	0	793.75
426.051	793.5	0	793.5
426.181	791.75	0	791.75
426.311	773.75	0	773.75
426.44	768	0	768
426.57	796.75	0	796.75
426.7	805	0	805
426.83	792.25	0	792.25
426.96	798.5	0	798.5
427.089	773.5	0	773.5
427.219	777.5	0	777.5
427.349	750	0	750
427.479	761.75	0	761.75
427.608	758.75	0	758.75
427.738	740	0	740
427.868	722.25	0	722.25
427.997	732.25	0	732.25
428.127	710.75	0	710.75
428.256	720.5	0	720.5
428.386	785.5	0	785.5
428.516	784.75	0	784.75
428.645	741	0	741
428.775	700.5	0	700.5
428.904	744.75	0	744.75
429.034	772	0	772
429.163	772.75	0	772.75
429.293	740.75	0	740.75
429.422	716.75	0	716.75
429.552	690.5	0	690.5
429.681	727.5	0	727.5
429.811	746	0	746
429.94	721.25	0	721.25
430.069	732.5	0	732.5
430.199	734.25	0	734.25
430.328	683	0	683
430.458	705.5	0	705.5
430.587	730.25	0	730.25
430.716	746.25	0	746.25
430.846	729.75	0	729.75
430.975	690	0	690
431.104	684.5	0	684.5
431.233	689	0	689
431.363	672.25	0	672.25
431.492	676.25	0	676.25
431.621	675.25	0	675.25
431.75	654.75	0	654.75
431.88	671.25	0	671.25
432.009	670.5	0	670.5
432.138	675.25	0	675.25
432.267	668	0	668
432.396	697	0	697
432.525	697.5	0	697.5
432.654	681.5	0	681.5
432.784	669	0	669
432.913	682.25	0	682.25
433.042	700.5	0	700.5
433.171	700	0	700
433.3	683.75	0	683.75
433.429	669.25	0	669.25
433.558	664.5	0	664.5
433.687	699	0	699
433.816	788.5	0	788.5
433.945	770.5	0	770.5
434.074	702	0	702
434.203	679	0	679
434.332	649	0	649
434.46	673	0	673
434.589	670.25	0	670.25
434.718	647.25	0	647.25
434.847	684	0	684
434.976	639.75	0	639.75
435.105	664.5	0	664.5
435.233	657.75	0	657.75
435.362	661	0	661
435.491	635.75	0	635.75
435.62	661.75	0	661.75
435.749	659.5	0	659.5
435.877	680.75	0	680.75
436.006	645.25	0	645.25
436.135	660.25	0	660.25
436.263	691.5	0	691.5
436.392	664.25	0	664.25
436.521	682.5	0	682.5
436.649	695	0	695
436.778	726.25	0	726.25
436.907	696.75	0	696.75
437.035	723.75	0	723.75
437.164	745.25	0	745.25
437.292	751.25	0	751.25
437.421	831.5	0	831.5
437.549	797	0	797
437.678	705.75	0	705.75
437.806	715.75	0	715.75
437.935	721	0	721
438.063	744.5	0	744.5
438.192	721	0	721
438.32	738	0	738
438.449	679.75	0	679.75
438.577	698.75	0	698.75
438.706	650.75	0	650.75
438.834	696.75	0	696.75
438.962	714	0	714
439.091	742	0	742
439.219	754.75	0	754.75
439.347	715.5	0	715.5
439.476	722.25	0	722.25
439.604	703.25	0	703.25
439.732	668.5	0	668.5
439.86	672.5	0	672.5
439.989	681.75	0	681.75
440.117	685.75	0	685.75
440.245	706.5	0	706.5
440.373	729	0	729
440.501	689.25	0	689.25
440.63	687	0	687
440.758	641.75	0	641.75
440.886	663	0	663
441.014	653	0	653
441.142	659.25	0	659.25
441.27	667.5	0	667.5
441.398	689.5	0	689.5
441.526	713	0	713
441.654	736.25	0	736.25
441.782	694	0	694
441.91	723.5	0	723.5
442.038	721.75	0	721.75
442.166	708.75	0	708.75
442.294	691.5	0	691.5
442.422	680.75	0	680.75
442.55	699.75	0	699.75
442.678	671.5	0	671.5
442.806	711.25	0	711.25
442.934	724	0	724
443.062	730.75	0	730.75
443.19	719.5	0	719.5
443.318	697.25	0	697.25
443.445	707.75	0	707.75
443.573	678	0	678
443.701	682	0	682
443.829	690.75	0	690.75
443.957	676.75	0	676.75
444.084	669.25	0	669.25
444.212	696.75	0	696.75
444.34	702.5	0	702.5
444.467	709.5	0	709.5
444.595	721.25	0	721.25
444.723	710.75	0	710.75
444.85	650.25	0	650.25
444.978	700.5	0	700.5
445.106	698.75	0	698.75
445.233	689.25	0	689.25
445.361	726.75	0	726.75
445.489	695.25	0	695.25
445.616	717.25	0	717.25
445.744	688.5	0	688.5
445.871	701.5	0	701.5
445.999	727.5	0	727.5
446.126	729.5	0	729.5
446.254	752.25	0	752.25
446.381	746.25	0	746.25
446.509	838	0	838
446.636	902.75	0	902.75
446.764	961.5	0	961.5
446.891	1109.5	0	1109.5
447.018	1077.25	0	1077.25
447.146	968.5	0	968.5
447.273	964.5	0	964.5
447.4	894.25	0	894.25
447.528	870	0	870
447.655	884	0	884
447.782	905.5	0	905.5
447.91	813.75	0	813.75
448.037	841.25	0	841.25
448.164	853.5	0	853.5
448.291	889.75	0	889.75
448.419	841.75	0	841.75
448.546	839	0	839
448.673	810	0	810
448.8	847.5	0	847.5
448.927	786.75	0	786.75
449.055	789.5	0	789.5
449.182	795	0	795
449.309	784.75	0	784.75
449.436	795.25	0	795.25
449.563	778.5	0	778.5
449.69	800.25	0	800.25
449.817	776.75	0	776.75
449.944	740.75	0	740.75
450.071	752.25	0	752.25
450.198	762.75	0	762.75
450.325	730.75	0	730.75
450.452	714.25	0	714.25
450.579	731.5	0	731.5
450.706	695	0	695
450.833	737	0	737
450.96	724.75	0	724.75
451.087	748.25	0	748.25
451.214	736.25	0	736.25
451.341	759.75	0	759.75
451.467	782	0	782
451.594	839	0	839
451.721	844	0	844
451.848	848.75	0	848.75
451.975	792.25	0	792.25
452.101	782.25	0	782.25
452.228	818	0	818
452.355	834.75	0	834.75
452.482	834.25	0	834.25
452.608	864.75	0	864.75
452.735	967.5	0	967.5
452.862	1083.25	0	1083.25
452.988	1671.75	0	1671.75
453.115	1533.25	0	1533.25
453.242	1499.75	0	1499.75
453.368	1365	0	1365
453.495	1207	0	1207
453.621	1177	0	1177
453.748	1095.5	0	1095.5
453.875	1075	0	1075
454.001	1037.5	0	1037.5
454.128	1063.25	0	1063.25
454.254	1203.5	0	1203.5
454.381	1148	0	1148
454.507	1070	0	1070
454.633	1040.5	0	1040.5
454.76	1046.5	0	1046.5
454.886	1174	0	1174
455.013	1152	0	1152
455.139	1072.75	0	1072.75
455.266	995.75	0	995.75
455.392	975.5	0	975.5
455.518	960.5	0	960.5
455.645	944.25	0	944.25
455.771	911.75	0	911.75
455.897	910.5	0	910.5
456.023	892.25	0	892.25
456.15	952.5	0	952.5
456.276	1051	0	1051
456.402	1149.5	0	1149.5
456.528	1246.25	0	1246.25
456.655	1142.25	0	1142.25
456.781	1091.25	0	1091.25
456.907	989.5	0	989.5
457.033	953.25	0	953.25
457.159	933.75	0	933.75
457.285	932.5	0	932.5
457.411	916.25	0	916.25
457.538	884.25	0	884.25
457.664	916.25	0	916.25
457.79	937.25	0	937.25
457.916	1083	0	1083
458.042	1301	0	1301
458.168	1259.75	0	1259.75
458.294	1179.5	0	1179.5
458.42	1087.75	0	1087.75
458.546	1031.5	0	1031.5
458.672	1020.25	0	1020.25
458.798	954.75	0	954.75
458.924	963	0	963
459.049	933.75	0	933.75
459.175	939.5	0	939.5
459.301	953	0	953
459.427	981.5	0	981.5
459.553	932	0	932
459.679	852.5	0	852.5
459.805	838.75	0	838.75
459.93	811.75	0	811.75
460.056	813.75	0	813.75
460.182	820.25	0	820.25
460.308	780.25	0	780.25
460.433	789.5	0	789.5
460.559	758.75	0	758.75
460.685	772	0	772
460.81	779.5	0	779.5
460.936	750.75	0	750.75
461.062	768.25	0	768.25
461.187	768.5	0	768.5
461.313	732.5	0	732.5
461.439	785.5	0	785.5
461.564	772.75	0	772.75
461.69	785.75	0	785.75
461.815	743.25	0	743.25
461.941	788	0	788
462.066	774.75	0	774.75
462.192	803	0	803
462.317	810.25	0	810.25
462.443	829.75	0	829.75
462.568	820.5	0	820.5
462.694	878.5	0	878.5
462.819	1114.5	0	1114.5
462.944	1094.75	0	1094.75
463.07	988.25	0	988.25
463.195	954	0	954
463.321	953.25	0	953.25
463.446	907	0	907
463.571	829.75	0	829.75
463.697	849.25	0	849.25
463.822	837.5	0	837.5
463.947	844.25	0	844.25
464.072	779.5	0	779.5
464.198	823.5	0	823.5
464.323	826.5	0	826.5
464.448	870	0	870
464.573	790	0	790
464.698	787.5	0	787.5
464.824	794.75	0	794.75
464.949	784	0	784
465.074	763.5	0	763.5
465.199	797.25	0	797.25
465.324	784.25	0	784.25
465.449	816.5	0	816.5
465.574	783.5	0	783.5
465.699	800	0	800
465.824	795	0	795
465.949	787.75	0	787.75
466.074	843.25	0	843.25
466.199	962	0	962
466.324	1051	0	1051
466.449	987.25	0	987.25
466.574	970.25	0	970.25
466.699	925.75	0	925.75
466.824	920	0	920
466.949	859.25	0	859.25
467.074	847	0	847
467.199	811.75	0	811.75
467.323	827.25	0	827.25
467.448	849.25	0	849.25
467.573	839	0	839
467.698	835.25	0	835.25
467.823	826.75	0	826.75
467.947	835.75	0	835.75
468.072	908.5	0	908.5
468.197	988.25	0	988.25
468.322	953	0	953
468.446	918	0	918
468.571	880.25	0	880.25
468.696	880	0	880
468.82	833.5	0	833.5
468.945	854.25	0	854.25
469.069	874	0	874
469.194	931.25	0	931.25
469.319	932.5	0	932.5
469.443	933.5	0	933.5
469.568	894.5	0	894.5
469.692	920.25	0	920.25
469.817	918	0	918
469.941	912.5	0	912.5
470.066	865.75	0	865.75
470.19	844	0	844
470.315	866	0	866
470.439	846.25	0	846.25
470.563	810.25	0	810.25
470.688	813.5	0	813.5
470.812	825	0	825
470.937	822.75	0	822.75
471.061	822	0	822
471.185	795.75	0	795.75
471.31	800.75	0	800.75
471.434	853.25	0	853.25
471.558	844.25	0	844.25
471.682	849.25	0	849.25
471.807	868.75	0	868.75
471.931	882.5	0	882.5
472.055	860	0	860
472.179	901.75	0	901.75
472.303	846	0	846
472.428	887.5	0	887.5
472.552	823.25	0	823.25
472.676	923.25	0	923.25
472.8	878.25	0	878.25
472.924	839.25	0	839.25
473.048	837.25	0	837.25
473.172	829.75	0	829.75
473.296	864.5	0	864.5
473.42	851.75	0	851.75
473.544	874.5	0	874.5
473.668	908.75	0	908.75
473.792	879.25	0	879.25
473.916	880.5	0	880.5
474.04	862.75	0	862.75
474.164	854	0	854
474.288	850.25	0	850.25
474.412	880.75	0	880.75
474.536	849.25	0	849.25
474.66	881.5	0	881.5
474.784	968.5	0	968.5
474.908	1097.25	0	1097.25
475.031	1063.25	0	1063.25
475.155	1072.75	0	1072.75
475.279	1026.25	0	1026.25
475.403	1075	0	1075
475.526	1034	0	1034
475.65	1008.25	0	1008.25
475.774	978.75	0	978.75
475.898	945.75	0	945.75
476.021	975	0	975
476.145	963.75	0	963.75
476.269	945.5	0	945.5
476.392	963	0	963
476.516	1003.25	0	1003.25
476.64	1039.25	0	1039.25
476.763	1105.75	0	1105.75
476.887	1121	0	1121
477.01	1126	0	1126
477.134	1140.25	0	1140.25
477.257	1089.5	0	1089.5
477.381	1106.5	0	1106.5
477.504	1166.5	0	1166.5
477.628	1222.25	0	1222.25
477.751	1253	0	1253
477.875	1405	0	1405
477.998	1416.75	0	1416.75
478.122	1308	0	1308
478.245	1261	0	1261
478.368	1220.25	0	1220.25
478.492	1153	0	1153
478.615	1156.5	0	1156.5
478.738	1101.5	0	1101.5
478.862	1149.25	0	1149.25
478.985	1133.5	0	1133.5
479.108	1317.25	0	1317.25
479.231	1542.25	0	1542.25
479.355	1457.5	0	1457.5
479.478	1397	0	1397
479.601	1299	0	1299
479.724	1241.5	0	1241.5
479.848	1227.75	0	1227.75
479.971	1161.25	0	1161.25
480.094	1185.75	0	1185.75
480.217	1123	0	1123
480.34	1125.5	0	1125.5
480.463	1065.25	0	1065.25
480.586	1075.75	0	1075.75
480.709	1081.25	0	1081.25
480.832	1097.25	0	1097.25
480.955	1141.75	0	1141.75
481.078	1199.75	0	1199.75
481.201	1524.75	0	1524.75
481.324	1713.75	0	1713.75
481.447	1553	0	1553
481.57	1430	0	1430
481.693	1378.75	0	1378.75
481.816	1272.5	0	1272.5
481.939	1242.75	0	1242.75
482.062	1225.25	0	1225.25
482.185	1218.5	0	1218.5
482.307	1154	0	1154
482.43	1174.75	0	1174.75
482.553	1107.5	0	1107.5
482.676	1110.5	0	1110.5
482.799	1116	0	1116
482.921	1087	0	1087
483.044	1091.5	0	1091.5
483.167	1065.25	0	1065.25
483.29	1070.5	0	1070.5
483.412	1071	0	1071
483.535	1064.25	0	1064.25
483.658	1140.75	0	1140.75
483.78	1238.75	0	1238.75
483.903	1709.25	0	1709.25
484.025	1823.25	0	1823.25
484.148	1571	0	1571
484.271	1508.5	0	1508.5
484.393	1396.75	0	1396.75
484.516	1325.75	0	1325.75
484.638	1258	0	1258
484.761	1226.75	0	1226.75
484.883	1196.75	0	1196.75
485.006	1166.5	0	1166.5
485.128	1156.25	0	1156.25
485.251	1127.25	0	1127.25
485.373	1109.25	0	1109.25
485.495	1081.5	0	1081.5
485.618	1049.25	0	1049.25
485.74	1084.25	0	1084.25
485.863	1052.5	0	1052.5
485.985	1091.75	0	1091.75
486.107	1111.25	0	1111.25
486.229	1097.25	0	1097.25
486.352	1106.5	0	1106.5
486.474	1182.5	0	1182.5
486.596	1496.75	0	1496.75
486.719	2128.75	0	2128.75
486.841	1915	0	1915
486.963	1666.5	0	1666.5
487.085	1498.25	0	1498.25
487.207	1362.5	0	1362.5
487.329	1336.25	0	1336.25
487.452	1258.25	0	1258.25
487.574	1217.75	0	1217.75
487.696	1178.75	0	1178.75
487.818	1144.25	0	1144.25
487.94	1121.75	0	1121.75
488.062	1128	0	1128
488.184	1140.5	0	1140.5
488.306	1119.75	0	1119.75
488.428	1096.25	0	1096.25
488.55	1051.75	0	1051.75
488.672	1068.75	0	1068.75
488.794	995.75	0	995.75
488.916	994.5	0	994.5
489.038	1004.5	0	1004.5
489.16	1010.5	0	1010.5
489.281	966.25	0	966.25
489.403	952	0	952
489.525	984.25	0	984.25
489.647	938	0	938
489.769	996.25	0	996.25
489.891	1036.75	0	1036.75
490.012	935	0	935
490.134	954.25	0	954.25
490.256	964.5	0	964.5
490.378	960.75	0	960.75
490.499	924.75	0	924.75
490.621	901.25	0	901.25
490.743	917	0	917
490.864	886.5	0	886.5
490.986	869.75	0	869.75
491.108	878	0	878
491.229	863.5	0	863.5
491.351	882.25	0	882.25
491.472	858.25	0	858.25
491.594	862	0	862
491.715	873.5	0	873.5
491.837	860	0	860
491.958	881	0	881
492.08	893.75	0	893.75
492.201	852	0	852
492.323	863	0	863
492.444	848.5	0	848.5
492.566	854.75	0	854.75
492.687	875.75	0	875.75
492.808	843.25	0	843.25
492.93	857.5	0	857.5
493.051	878.5	0	878.5
493.172	873.25	0	873.25
493.294	856.5	0	856.5
493.415	896	0	896
493.536	890	0	890
493.658	864.25	0	864.25
493.779	880.25	0	880.25
493.9	854.75	0	854.75
494.021	875.75	0	875.75
494.143	868.5	0	868.5
494.264	856.75	0	856.75
494.385	848	0	848
494.506	848	0	848
494.627	843.75	0	843.75
494.748	872	0	872
494.869	827.75	0	827.75
494.99	797.25	0	797.25
495.111	814.5	0	814.5
495.232	808.5	0	808.5
495.353	831	0	831
495.475	815.5	0	815.5
495.595	793.5	0	793.5
495.716	810	0	810
495.837	814.75	0	814.75
495.958	794.25	0	794.25
496.079	821.25	0	821.25
496.2	812	0	812
496.321	802	0	802
496.442	838	0	838
496.563	833	0	833
496.684	839.75	0	839.75
496.804	806	0	806
496.925	830.25	0	830.25
497.046	826	0	826
497.167	862.75	0	862.75
497.287	822.75	0	822.75
497.408	832.25	0	832.25
497.529	812	0	812
497.65	810.75	0	810.75
497.77	837.25	0	837.25
497.891	827	0	827
498.012	801.5	0	801.5
498.132	809.25	0	809.25
498.253	809.75	0	809.75
498.373	787.25	0	787.25
498.494	812.5	0	812.5
498.614	813.5	0	813.5
498.735	853.5	0	853.5
498.856	817.5	0	817.5
498.976	786.5	0	786.5
499.096	784	0	784
499.217	779.75	0	779.75
499.337	796.5	0	796.5
499.458	757.75	0	757.75
499.578	765	0	765
499.699	746	0	746
499.819	736.5	0	736.5
499.939	749.25	0	749.25
500.06	747	0	747
500.18	759	0	759
500.3	782.25	0	782.25
500.421	738.75	0	738.75
500.541	743.25	0	743.25
500.661	760.5	0	760.5
500.781	753.25	0	753.25
500.902	757	0	757
501.022	744.5	0	744.5
501.142	727	0	727
501.262	729	0	729
501.382	748	0	748
501.502	740.25	0	740.25
501.623	748.75	0	748.75
501.743	745.75	0	745.75
501.863	718.5	0	718.5
501.983	725.25	0	725.25
502.103	753	0	753
502.223	766.5	0	766.5
502.343	750.25	0	750.25
502.463	728	0	728
502.583	691.5	0	691.5
502.703	720.25	0	720.25
502.823	702.25	0	702.25
502.943	711.25	0	711.25
503.063	724	0	724
503.182	731	0	731
503.302	744	0	744
503.422	740.75	0	740.75
503.542	726.5	0	726.5
503.662	741.25	0	741.25
503.782	738.5	0	738.5
503.901	715.25	0	715.25
504.021	717.25	0	717.25
504.141	716	0	716
504.261	708	0	708
504.38	704.5	0	704.5
504.5	713	0	713
504.62	692.75	0	692.75
504.739	691	0	691
504.859	698.25	0	698.25
504.979	747.75	0	747.75
505.098	721.25	0	721.25
505.218	703.75	0	703.75
505.338	736.25	0	736.25
505.457	711.5	0	711.5
505.577	725.5	0	725.5
505.696	724.5	0	724.5
505.816	744	0	744
505.935	727.5	0	727.5
506.055	730.5	0	730.5
506.174	749.25	0	749.25
506.293	751	0	751
506.413	724.5	0	724.5
506.532	753.5	0	753.5
506.652	740.75	0	740.75
506.771	724.75	0	724.75
506.89	755.5	0	755.5
507.01	723.5	0	723.5
507.129	738.75	0	738.75
507.248	743.5	0	743.5
507.368	737.25	0	737.25
507.487	756	0	756
507.606	738.75	0	738.75
507.725	743	0	743
507.844	757.25	0	757.25
507.964	755.75	0	755.75
508.083	710	0	710
508.202	754	0	754
508.321	729	0	729
508.44	728.75	0	728.75
508.559	766.75	0	766.75
508.678	756.25	0	756.25
508.797	784.5	0	784.5
508.916	761.75	0	761.75
509.035	766.75	0	766.75
509.154	764.5	0	764.5
509.273	743	0	743
509.392	792	0	792
509.511	791.75	0	791.75
509.63	755	0	755
509.749	765.75	0	765.75
509.868	790.25	0	790.25
509.987	803	0	803
510.106	763.5	0	763.5
510.225	827.5	0	827.5
510.344	796	0	796
510.462	793.5	0	793.5
510.581	825.25	0	825.25
510.7	818.75	0	818.75
510.819	845	0	845
510.937	866	0	866
511.056	848.5	0	848.5
511.175	888	0	888
511.294	902	0	902
511.412	894.5	0	894.5
511.531	877.25	0	877.25
511.649	931.25	0	931.25
511.768	901.25	0	901.25
511.887	948	0	948
512.005	976.5	0	976.5
512.124	1025.5	0	1025.5
512.242	964.25	0	964.25
512.361	996	0	996
512.479	1032.75	0	1032.75
512.598	1002.75	0	1002.75
512.716	980	0	980
512.835	963	0	963
512.953	972.25	0	972.25
513.072	927.75	0	927.75
513.19	942.5	0	942.5
513.308	908	0	908
513.427	902.75	0	902.75
513.545	855.5	0	855.5
513.664	844	0	844
513.782	856.75	0	856.75
513.9	817.25	0	817.25
514.018	864.75	0	864.75
514.137	871	0	871
514.255	848.5	0	848.5
514.373	848.5	0	848.5
514.491	871.5	0	871.5
514.609	970.5	0	970.5
514.728	905	0	905
514.846	904	0	904
514.964	892.25	0	892.25
515.082	881	0	881
515.2	874.25	0	874.25
515.318	889.25	0	889.25
515.436	865	0	865
515.554	864.75	0	864.75
515.672	856	0	856
515.79	837.75	0	837.75
515.908	839.5	0	839.5
516.026	821.25	0	821.25
516.144	823.75	0	823.75
516.262	830.25	0	830.25
516.38	823.75	0	823.75
516.498	878.5	0	878.5
516.616	820	0	820
516.734	800.5	0	800.5
516.852	815	0	815
516.969	843	0	843
517.087	806.25	0	806.25
517.205	832.25	0	832.25
517.323	828.25	0	828.25
517.44	877.75	0	877.75
517.558	903	0	903
517.676	851.25	0	851.25
517.794	813.5	0	813.5
517.911	867.25	0	867.25
518.029	800.75	0	800.75
518.147	782.75	0	782.75
518.264	817.5	0	817.5
518.382	792.5	0	792.5
518.5	793.5	0	793.5
518.617	787	0	787
518.735	812.75	0	812.75
518.852	811.5	0	811.5
518.97	800.25	0	800.25
519.087	822	0	822
519.205	813.5	0	813.5
519.322	786	0	786
519.44	779.25	0	779.25
519.557	776.25	0	776.25
519.674	804	0	804
519.792	792	0	792
519.909	825.5	0	825.5
520.026	766.75	0	766.75
520.144	780.5	0	780.5
520.261	792.25	0	792.25
520.378	780.5	0	780.5
520.496	777	0	777
520.613	814.25	0	814.25
520.73	815	0	815
520.847	804	0	804
520.965	894	0	894
521.082	926.5	0	926.5
521.199	974.75	0	974.75
521.316	916.5	0	916.5
521.433	892.25	0	892.25
521.55	864.5	0	864.5
521.667	853.5	0	853.5
521.785	839.75	0	839.75
521.902	842	0	842
522.019	832.5	0	832.5
522.136	823.5	0	823.5
522.253	823.75	0	823.75
522.37	778	0	778
522.487	847	0	847
522.604	828.5	0	828.5
522.721	826.25	0	826.25
522.838	881.5	0	881.5
522.954	909.5	0	909.5
523.071	852.75	0	852.75
523.188	844.75	0	844.75
523.305	882.75	0	882.75
523.422	942.75	0	942.75
523.539	924	0	924
523.655	825.25	0	825.25
523.772	787.5	0	787.5
523.889	799.25	0	799.25
524.006	783.5	0	783.5
524.122	813.5	0	813.5
524.239	791.25	0	791.25
524.356	810.25	0	810.25
524.472	788.75	0	788.75
524.589	826.75	0	826.75
524.706	871	0	871
524.822	819	0	819
524.939	808.75	0	808.75
525.055	820.25	0	820.25
525.172	808	0	808
525.289	826.5	0	826.5
525.405	829.75	0	829.75
525.522	810.75	0	810.75
525.638	826.75	0	826.75
525.754	821.5	0	821.5
525.871	829	0	829
525.987	752.75	0	752.75
526.104	801.5	0	801.5
526.22	820.25	0	820.25
526.336	852	0	852
526.453	1030.5	0	1030.5
526.569	1170.5	0	1170.5
526.685	1112.75	0	1112.75
526.802	1022.25	0	1022.25
526.918	920	0	920
527.034	924	0	924
527.151	876.25	0	876.25
527.267	854	0	854
527.383	863	0	863
527.499	900.25	0	900.25
527.615	838.5	0	838.5
527.732	849.25	0	849.25
527.848	869.5	0	869.5
527.964	951.75	0	951.75
528.08	952	0	952
528.196	895	0	895
528.312	881.5	0	881.5
528.428	862.5	0	862.5
528.544	861.75	0	861.75
528.66	874.25	0	874.25
528.776	859.5	0	859.5
528.892	818.5	0	818.5
529.008	811.75	0	811.75
529.124	818.5	0	818.5
529.24	781	0	781
529.356	802.5	0	802.5
529.471	789.25	0	789.25
529.587	779.5	0	779.5
529.703	765.75	0	765.75
529.819	808.25	0	808.25
529.935	830.75	0	830.75
530.05	871.25	0	871.25
530.166	800.25	0	800.25
530.282	800	0	800
530.398	778	0	778
530.513	795	0	795
530.629	794.5	0	794.5
530.745	777.75	0	777.75
530.86	789.5	0	789.5
530.976	821.75	0	821.75
531.092	796	0	796
531.207	791.5	0	791.5
531.323	803.75	0	803.75
531.438	833	0	833
531.554	813.25	0	813.25
531.669	812.25	0	812.25
531.785	796.25	0	796.25
531.9	804	0	804
532.016	782	0	782
532.131	781.75	0	781.75
532.247	819.5	0	819.5
532.362	853.25	0	853.25
532.477	851.5	0	851.5
532.593	786.75	0	786.75
532.708	846.75	0	846.75
532.823	856.5	0	856.5
532.939	897.5	0	897.5
533.054	936	0	936
533.169	913.25	0	913.25
533.285	928.5	0	928.5
533.4	900.25	0	900.25
533.515	916	0	916
533.63	961	0	961
533.745	904.25	0	904.25
533.861	944.75	0	944.75
533.976	972.25	0	972.25
534.091	1051	0	1051
534.206	1050.75	0	1050.75
534.321	972.5	0	972.5
534.436	920	0	920
534.551	925.5	0	925.5
534.666	893.75	0	893.75
534.781	892.25	0	892.25
534.896	891	0	891
535.011	928.5	0	928.5
535.126	1054	0	1054
535.241	1051.25	0	1051.25
535.356	959.25	0	959.25
535.471	902.5	0	902.5
535.586	898.5	0	898.5
535.701	893	0	893
535.815	891.25	0	891.25
535.93	850.5	0	850.5
536.045	860	0	860
536.16	826.25	0	826.25