Lambda	Spectrum	Dark	SpecMinusDark
268.175	96.5	0	96.5
268.319	88.25	0	88.25
268.463	86.25	0	86.25
268.607	105.25	0	105.25
268.751	120.5	0	120.5
268.895	121.25	0	121.25
269.039	115.5	0	115.5
269.183	103.5	0	103.5
269.327	113.5	0	113.5
269.47	133.25	0	133.25
269.614	113	0	113
269.758	146.75	0	146.75
269.902	148.5	0	148.5
270.046	152.25	0	152.25
270.19	165	0	165
270.334	165	0	165
270.477	134.25	0	134.25
270.621	161.75	0	161.75
270.765	172.5	0	172.5
270.909	171.5	0	171.5
271.053	195.25	0	195.25
271.196	212	0	212
271.34	192.75	0	192.75
271.484	196.75	0	196.75
271.628	184.5	0	184.5
271.771	176	0	176
271.915	165.25	0	165.25
272.059	173.25	0	173.25
272.202	191.25	0	191.25
272.346	202.75	0	202.75
272.49	204.25	0	204.25
272.634	200	0	200
272.777	184.5	0	184.5
272.921	189.5	0	189.5
273.064	177.25	0	177.25
273.208	177.5	0	177.5
273.352	185.25	0	185.25
273.495	194.25	0	194.25
273.639	190.5	0	190.5
273.783	218	0	218
273.926	234.5	0	234.5
274.07	260.5	0	260.5
274.213	265	0	265
274.357	249.25	0	249.25
274.5	222.25	0	222.25
274.644	228.75	0	228.75
274.787	259.5	0	259.5
274.931	259.5	0	259.5
275.074	248	0	248
275.218	235	0	235
275.361	248.25	0	248.25
275.505	283.75	0	283.75
275.648	267.5	0	267.5
275.792	267	0	267
275.935	295.75	0	295.75
276.079	302.5	0	302.5
276.222	290.25	0	290.25
276.366	304.75	0	304.75
276.509	330.75	0	330.75
276.652	314.25	0	314.25
276.796	265	0	265
276.939	257	0	257
277.082	242.25	0	242.25
277.226	229.75	0	229.75
277.369	226	0	226
277.513	244	0	244
277.656	246.75	0	246.75
277.799	269	0	269
277.942	274.25	0	274.25
278.086	266.5	0	266.5
278.229	216.25	0	216.25
278.372	228.25	0	228.25
278.516	212.75	0	212.75
278.659	225	0	225
278.802	216.5	0	216.5
278.945	221	0	221
279.089	202.5	0	202.5
279.232	193.75	0	193.75
279.375	193.25	0	193.25
279.518	193.25	0	193.25
279.661	213.25	0	213.25
279.805	213.25	0	213.25
279.948	208.25	0	208.25
280.091	203.5	0	203.5
280.234	191.5	0	191.5
280.377	190	0	190
280.52	173	0	173
280.663	190	0	190
280.806	169.5	0	169.5
280.95	186.75	0	186.75
281.093	192.25	0	192.25
281.236	196	0	196
281.379	200.25	0	200.25
281.522	213.25	0	213.25
281.665	231.25	0	231.25
281.808	230	0	230
281.951	239.25	0	239.25
282.094	257.5	0	257.5
282.237	261.5	0	261.5
282.38	243.5	0	243.5
282.523	234.25	0	234.25
282.666	261	0	261
282.809	289	0	289
282.952	312.25	0	312.25
283.095	353.5	0	353.5
283.238	393.5	0	393.5
283.381	445.25	0	445.25
283.523	453	0	453
283.666	421.5	0	421.5
283.809	391.25	0	391.25
283.952	415.5	0	415.5
284.095	445	0	445
284.238	468.25	0	468.25
284.381	405.25	0	405.25
284.524	375	0	375
284.666	382.25	0	382.25
284.809	422.25	0	422.25
284.952	424	0	424
285.095	387.5	0	387.5
285.238	414.5	0	414.5
285.38	394.5	0	394.5
285.523	411.5	0	411.5
285.666	401.75	0	401.75
285.809	423.25	0	423.25
285.951	408.5	0	408.5
286.094	428.25	0	428.25
286.237	477.5	0	477.5
286.38	451.25	0	451.25
286.522	445.5	0	445.5
286.665	447.25	0	447.25
286.808	423	0	423
286.95	422.25	0	422.25
287.093	449.5	0	449.5
287.236	432.25	0	432.25
287.378	409.5	0	409.5
287.521	437	0	437
287.663	423	0	423
287.806	424.25	0	424.25
287.949	405.5	0	405.5
288.091	352.75	0	352.75
288.234	361.25	0	361.25
288.376	376.5	0	376.5
288.519	403.5	0	403.5
288.661	483.75	0	483.75
288.804	538.25	0	538.25
288.946	490	0	490
289.089	520	0	520
289.231	554.75	0	554.75
289.374	533.25	0	533.25
289.516	448	0	448
289.659	432.25	0	432.25
289.801	372	0	372
289.944	338.75	0	338.75
290.086	320	0	320
290.229	333.25	0	333.25
290.371	359.5	0	359.5
290.513	406.25	0	406.25
290.656	375.25	0	375.25
290.798	436.75	0	436.75
290.941	483	0	483
291.083	434.5	0	434.5
291.225	392	0	392
291.368	344.5	0	344.5
291.51	335.75	0	335.75
291.652	301.75	0	301.75
291.795	299.75	0	299.75
291.937	315.75	0	315.75
292.079	343.25	0	343.25
292.221	341.25	0	341.25
292.364	316.75	0	316.75
292.506	339.25	0	339.25
292.648	346.75	0	346.75
292.79	351	0	351
292.933	340	0	340
293.075	324.75	0	324.75
293.217	349	0	349
293.359	347.25	0	347.25
293.502	348	0	348
293.644	341.25	0	341.25
293.786	344.25	0	344.25
293.928	325.25	0	325.25
294.07	313	0	313
294.212	306.25	0	306.25
294.354	331.5	0	331.5
294.497	319.5	0	319.5
294.639	323.5	0	323.5
294.781	327.75	0	327.75
294.923	318.5	0	318.5
295.065	316.5	0	316.5
295.207	341.75	0	341.75
295.349	341	0	341
295.491	351.25	0	351.25
295.633	351.5	0	351.5
295.775	338.75	0	338.75
295.917	345.25	0	345.25
296.059	364	0	364
296.201	385.5	0	385.5
296.343	422.75	0	422.75
296.485	493.25	0	493.25
296.627	590.5	0	590.5
296.769	606.25	0	606.25
296.911	640.25	0	640.25
297.053	682.25	0	682.25
297.195	629	0	629
297.337	625.5	0	625.5
297.478	661.5	0	661.5
297.62	622.5	0	622.5
297.762	634.5	0	634.5
297.904	671.25	0	671.25
298.046	697.75	0	697.75
298.188	712	0	712
298.33	868.25	0	868.25
298.471	1025.5	0	1025.5
298.613	1042	0	1042
298.755	1003.75	0	1003.75
298.897	896	0	896
299.038	822.5	0	822.5
299.18	826.25	0	826.25
299.322	830.75	0	830.75
299.464	871.75	0	871.75
299.605	882.25	0	882.25
299.747	898.75	0	898.75
299.889	848	0	848
300.031	823.25	0	823.25
300.172	797.75	0	797.75
300.314	775	0	775
300.456	770.25	0	770.25
300.597	698.5	0	698.5
300.739	670.5	0	670.5
300.881	687.75	0	687.75
301.022	793.75	0	793.75
301.164	1040.5	0	1040.5
301.305	1154.5	0	1154.5
301.447	1189.25	0	1189.25
301.589	1292.75	0	1292.75
301.73	1325.75	0	1325.75
301.872	1308	0	1308
302.013	1276.25	0	1276.25
302.155	1290.5	0	1290.5
302.296	1293.75	0	1293.75
302.438	1137.75	0	1137.75
302.579	1028.5	0	1028.5
302.721	1067.5	0	1067.5
302.862	1086.25	0	1086.25
303.004	1061.25	0	1061.25
303.145	934.25	0	934.25
303.287	869.5	0	869.5
303.428	866.75	0	866.75
303.569	897.5	0	897.5
303.711	873	0	873
303.852	827.5	0	827.5
303.994	837.75	0	837.75
304.135	792.25	0	792.25
304.276	643.75	0	643.75
304.418	609.75	0	609.75
304.559	617.75	0	617.75
304.7	558.25	0	558.25
304.842	614.5	0	614.5
304.983	666.75	0	666.75
305.124	736.75	0	736.75
305.266	841.75	0	841.75
305.407	780	0	780
305.548	691	0	691
305.69	573.75	0	573.75
305.831	521.75	0	521.75
305.972	514.75	0	514.75
306.113	520.75	0	520.75
306.254	510	0	510
306.396	533.25	0	533.25
306.537	498.75	0	498.75
306.678	449.25	0	449.25
306.819	423.25	0	423.25
306.96	441.75	0	441.75
307.102	459.5	0	459.5
307.243	484.25	0	484.25
307.384	518.5	0	518.5
307.525	461.5	0	461.5
307.666	471.75	0	471.75
307.807	446	0	446
307.948	441	0	441
308.089	394.5	0	394.5
308.23	405.75	0	405.75
308.371	390.25	0	390.25
308.513	379.5	0	379.5
308.654	395.25	0	395.25
308.795	401.25	0	401.25
308.936	395.75	0	395.75
309.077	396	0	396
309.218	401.5	0	401.5
309.359	433.5	0	433.5
309.499	447	0	447
309.64	406.25	0	406.25
309.781	395.25	0	395.25
309.922	387.25	0	387.25
310.063	386.5	0	386.5
310.204	395.5	0	395.5
310.345	394.5	0	394.5
310.486	407	0	407
310.627	436	0	436
310.768	447.75	0	447.75
310.909	495.5	0	495.5
311.049	495.25	0	495.25
311.19	483.75	0	483.75
311.331	516	0	516
311.472	545.25	0	545.25
311.613	627.75	0	627.75
311.753	761	0	761
311.894	798.25	0	798.25
312.035	746.25	0	746.25
312.176	752	0	752
312.316	738.25	0	738.25
312.457	781	0	781
312.598	731	0	731
312.739	725	0	725
312.879	758.75	0	758.75
313.02	819.5	0	819.5
313.161	859.25	0	859.25
313.301	698.5	0	698.5
313.442	640.25	0	640.25
313.583	622.25	0	622.25
313.723	537.5	0	537.5
313.864	515.5	0	515.5
314.005	521.5	0	521.5
314.145	510.5	0	510.5
314.286	523.5	0	523.5
314.426	516.25	0	516.25
314.567	575.5	0	575.5
314.707	636.25	0	636.25
314.848	582	0	582
314.989	561.25	0	561.25
315.129	566	0	566
315.27	626.75	0	626.75
315.41	646.5	0	646.5
315.551	572	0	572
315.691	546	0	546
315.831	562	0	562
315.972	531.75	0	531.75
316.112	549.25	0	549.25
316.253	633.25	0	633.25
316.393	544	0	544
316.534	445.75	0	445.75
316.674	422.25	0	422.25
316.814	406	0	406
316.955	397.5	0	397.5
317.095	377.25	0	377.25
317.236	379.75	0	379.75
317.376	397	0	397
317.516	392	0	392
317.656	417	0	417
317.797	462	0	462
317.937	502.75	0	502.75
318.077	468	0	468
318.218	432.75	0	432.75
318.358	453	0	453
318.498	455.25	0	455.25
318.638	511.75	0	511.75
318.779	488.25	0	488.25
318.919	473.25	0	473.25
319.059	410.75	0	410.75
319.199	418.5	0	418.5
319.34	434.25	0	434.25
319.48	463.5	0	463.5
319.62	509	0	509
319.76	487.25	0	487.25
319.9	443	0	443
320.04	419	0	419
320.18	402.5	0	402.5
320.32	425	0	425
320.461	413.5	0	413.5
320.601	444	0	444
320.741	466.25	0	466.25
320.881	492.75	0	492.75
321.021	495.75	0	495.75
321.161	467.75	0	467.75
321.301	435.75	0	435.75
321.441	459.5	0	459.5
321.581	474.25	0	474.25
321.721	538.25	0	538.25
321.861	512.25	0	512.25
322.001	491.25	0	491.25
322.141	458.5	0	458.5
322.281	427.5	0	427.5
322.421	434.5	0	434.5
322.561	447	0	447
322.7	496.5	0	496.5
322.84	493.25	0	493.25
322.98	476.5	0	476.5
323.12	458.75	0	458.75
323.26	489.25	0	489.25
323.4	530.75	0	530.75
323.54	579.5	0	579.5
323.68	638.25	0	638.25
323.819	586.25	0	586.25
323.959	510.5	0	510.5
324.099	523.75	0	523.75
324.239	534.75	0	534.75
324.379	646.5	0	646.5
324.518	676	0	676
324.658	608	0	608
324.798	601.75	0	601.75
324.937	685.75	0	685.75
325.077	810.25	0	810.25
325.217	711.25	0	711.25
325.357	620.5	0	620.5
325.496	623.25	0	623.25
325.636	759.25	0	759.25
325.776	778	0	778
325.915	712	0	712
326.055	592.5	0	592.5
326.195	525.5	0	525.5
326.334	498.5	0	498.5
326.474	504.5	0	504.5
326.613	475.75	0	475.75
326.753	479.25	0	479.25
326.892	466	0	466
327.032	499.75	0	499.75
327.172	480	0	480
327.311	467.75	0	467.75
327.451	450	0	450
327.59	471.5	0	471.5
327.73	443.25	0	443.25
327.869	460.5	0	460.5
328.009	469.75	0	469.75
328.148	467.5	0	467.5
328.288	462	0	462
328.427	463	0	463
328.566	516.5	0	516.5
328.706	494.25	0	494.25
328.845	475.5	0	475.5
328.985	529	0	529
329.124	526.25	0	526.25
329.263	496.25	0	496.25
329.403	503.5	0	503.5
329.542	550.75	0	550.75
329.681	548.25	0	548.25
329.821	558	0	558
329.96	584.5	0	584.5
330.099	574.25	0	574.25
330.239	593.75	0	593.75
330.378	558	0	558
330.517	558.25	0	558.25
330.656	623.25	0	623.25
330.796	579	0	579
330.935	631.25	0	631.25
331.074	620.25	0	620.25
331.213	655.5	0	655.5
331.352	628.5	0	628.5
331.492	641.5	0	641.5
331.631	649	0	649
331.77	615.5	0	615.5
331.909	622.5	0	622.5
332.048	621.25	0	621.25
332.187	636.5	0	636.5
332.327	702	0	702
332.466	706.5	0	706.5
332.605	778.75	0	778.75
332.744	795.5	0	795.5
332.883	797.25	0	797.25
333.022	726.75	0	726.75
333.161	823.25	0	823.25
333.3	853.75	0	853.75
333.439	852.25	0	852.25
333.578	869.5	0	869.5
333.717	850.75	0	850.75
333.856	904	0	904
333.995	927.25	0	927.25
334.134	1027.5	0	1027.5
334.273	1154.25	0	1154.25
334.412	1190.25	0	1190.25
334.551	1310.5	0	1310.5
334.69	1164.5	0	1164.5
334.828	1031.75	0	1031.75
334.967	970	0	970
335.106	933.5	0	933.5
335.245	855	0	855
335.384	783.25	0	783.25
335.523	789.25	0	789.25
335.662	805.5	0	805.5
335.8	850.5	0	850.5
335.939	871	0	871
336.078	902.5	0	902.5
336.217	902	0	902
336.356	939	0	939
336.494	960.75	0	960.75
336.633	1046.25	0	1046.25
336.772	1031.25	0	1031.25
336.911	973.75	0	973.75
337.049	919	0	919
337.188	858.75	0	858.75
337.327	857.5	0	857.5
337.465	937.5	0	937.5
337.604	950.75	0	950.75
337.743	944.25	0	944.25
337.881	895.75	0	895.75
338.02	935.5	0	935.5
338.158	905.75	0	905.75
338.297	869.25	0	869.25
338.436	880.5	0	880.5
338.574	870.75	0	870.75
338.713	855.25	0	855.25
338.851	861.25	0	861.25
338.99	901	0	901
339.128	867	0	867
339.267	844.25	0	844.25
339.405	802	0	802
339.544	845.5	0	845.5
339.682	811.25	0	811.25
339.821	809.5	0	809.5
339.959	855.5	0	855.5
340.098	948	0	948
340.236	1055	0	1055
340.375	1124	0	1124
340.513	1129.5	0	1129.5
340.651	1289.25	0	1289.25
340.79	1372.75	0	1372.75
340.928	1444.5	0	1444.5
341.067	1476.75	0	1476.75
341.205	1594.75	0	1594.75
341.343	1729	0	1729
341.482	1850.75	0	1850.75
341.62	1825.5	0	1825.5
341.758	1796.25	0	1796.25
341.897	1835.75	0	1835.75
342.035	1710.5	0	1710.5
342.173	1569.75	0	1569.75
342.311	1346.25	0	1346.25
342.45	1194	0	1194
342.588	1091.25	0	1091.25
342.726	1131.5	0	1131.5
342.864	1144.25	0	1144.25
343.002	1466	0	1466
343.141	2053	0	2053
343.279	2456.5	0	2456.5
343.417	2325.25	0	2325.25
343.555	2041.5	0	2041.5
343.693	1556.5	0	1556.5
343.831	1486.75	0	1486.75
343.969	1735.75	0	1735.75
344.108	1784	0	1784
344.246	1707.25	0	1707.25
344.384	1895.5	0	1895.5
344.522	2125.25	0	2125.25
344.66	1986.75	0	1986.75
344.798	1486.5	0	1486.5
344.936	1293.5	0	1293.5
345.074	1425.75	0	1425.75
345.212	1740	0	1740
345.35	1758.75	0	1758.75
345.488	1623.5	0	1623.5
345.626	1309.75	0	1309.75
345.764	1205.25	0	1205.25
345.902	1175.5	0	1175.5
346.04	1137.75	0	1137.75
346.178	1103.25	0	1103.25
346.315	1211.25	0	1211.25
346.453	1365.5	0	1365.5
346.591	1384.5	0	1384.5
346.729	1374.75	0	1374.75
346.867	1316	0	1316
347.005	1321.5	0	1321.5
347.143	1265.5	0	1265.5
347.28	1239.75	0	1239.75
347.418	1109.75	0	1109.75
347.556	1115.5	0	1115.5
347.694	1115	0	1115
347.832	1195.75	0	1195.75
347.969	1378.25	0	1378.25
348.107	1376.25	0	1376.25
348.245	1168.5	0	1168.5
348.382	1066.5	0	1066.5
348.52	1042.75	0	1042.75
348.658	1038	0	1038
348.796	1018	0	1018
348.933	964.75	0	964.75
349.071	993.5	0	993.5
349.209	1053.25	0	1053.25
349.346	1116.75	0	1116.75
349.484	1118	0	1118
349.621	986.25	0	986.25
349.759	1029.75	0	1029.75
349.897	1004.5	0	1004.5
350.034	1081.75	0	1081.75
350.172	1078.75	0	1078.75
350.309	1108	0	1108
350.447	1129.25	0	1129.25
350.584	1186.75	0	1186.75
350.722	1297.25	0	1297.25
350.859	1405.25	0	1405.25
350.997	1400.75	0	1400.75
351.134	1318.5	0	1318.5
351.272	1239.75	0	1239.75
351.409	1304.5	0	1304.5
351.547	1319	0	1319
351.684	1330.25	0	1330.25
351.822	1369.5	0	1369.5
351.959	1373.25	0	1373.25
352.096	1455.5	0	1455.5
352.234	1467.5	0	1467.5
352.371	1491.5	0	1491.5
352.508	1552.25	0	1552.25
352.646	1505.5	0	1505.5
352.783	1543.25	0	1543.25
352.92	1584.5	0	1584.5
353.058	1603.75	0	1603.75
353.195	1670.5	0	1670.5
353.332	1625.25	0	1625.25
353.469	1706	0	1706
353.607	1633.25	0	1633.25
353.744	1698.25	0	1698.25
353.881	1735.25	0	1735.25
354.018	1805.5	0	1805.5
354.156	1853.5	0	1853.5
354.293	1943	0	1943
354.43	2064	0	2064
354.567	2215.5	0	2215.5
354.704	2390.75	0	2390.75
354.841	2532	0	2532
354.979	2574.5	0	2574.5
355.116	2700.25	0	2700.25
355.253	2733.75	0	2733.75
355.39	2700.25	0	2700.25
355.527	2882	0	2882
355.664	2958	0	2958
355.801	3107	0	3107
355.938	3140.25	0	3140.25
356.075	3231.5	0	3231.5
356.212	3419.25	0	3419.25
356.349	3659	0	3659
356.486	3970.25	0	3970.25
356.623	4073	0	4073
356.76	4484.5	0	4484.5
356.897	4737.5	0	4737.5
357.034	5361.25	0	5361.25
357.171	6120.5	0	6120.5
357.308	7310.75	0	7310.75
357.445	8233.25	0	8233.25
357.582	8633	0	8633
357.718	7981	0	7981
357.855	8666	0	8666
357.992	8703.75	0	8703.75
358.129	8002	0	8002
358.266	7174	0	7174
358.403	6546.75	0	6546.75
358.539	6276	0	6276
358.676	6467.25	0	6467.25
358.813	6936	0	6936
358.95	8042.25	0	8042.25
359.086	8885.25	0	8885.25
359.223	8447.25	0	8447.25
359.36	9101	0	9101
359.497	8862.75	0	8862.75
359.633	7739	0	7739
359.77	6952.5	0	6952.5
359.907	6713.5	0	6713.5
360.043	7162.25	0	7162.25
360.18	8039.75	0	8039.75
360.317	8761.25	0	8761.25
360.453	9074.25	0	9074.25
360.59	9216.5	0	9216.5
360.727	8348.5	0	8348.5
360.863	7172.75	0	7172.75
361	6139	0	6139
361.136	5458	0	5458
361.273	4871.75	0	4871.75
361.409	4434.5	0	4434.5
361.546	4082.75	0	4082.75
361.682	3777.25	0	3777.25
361.819	3495.5	0	3495.5
361.955	3233.25	0	3233.25
362.092	3061.25	0	3061.25
362.228	2901.25	0	2901.25
362.365	2871	0	2871
362.501	2761	0	2761
362.638	2749	0	2749
362.774	2696.5	0	2696.5
362.91	2715	0	2715
363.047	2896.25	0	2896.25
363.183	3043.5	0	3043.5
363.319	3147.75	0	3147.75
363.456	3479.25	0	3479.25
363.592	3938.75	0	3938.75
363.728	4179.5	0	4179.5
363.865	4708	0	4708
364.001	4946.25	0	4946.25
364.137	4495.5	0	4495.5
364.274	3973.25	0	3973.25
364.41	3606.5	0	3606.5
364.546	3559	0	3559
364.682	3560	0	3560
364.819	3619.75	0	3619.75
364.955	3393	0	3393
365.091	3190.25	0	3190.25
365.227	3166.75	0	3166.75
365.363	3287	0	3287
365.499	3500.75	0	3500.75
365.636	3386	0	3386
365.772	3149.5	0	3149.5
365.908	2876.75	0	2876.75
366.044	2929.25	0	2929.25
366.18	3075.75	0	3075.75
366.316	3121.75	0	3121.75
366.452	3116.25	0	3116.25
366.588	3074.25	0	3074.25
366.724	2969	0	2969
366.86	2767.75	0	2767.75
366.996	2647.75	0	2647.75
367.132	2431	0	2431
367.268	2441.5	0	2441.5
367.404	2558.25	0	2558.25
367.54	2537.25	0	2537.25
367.676	2540.75	0	2540.75
367.812	2561.5	0	2561.5
367.948	2463	0	2463
368.084	2370.5	0	2370.5
368.22	2333.5	0	2333.5
368.356	2304.75	0	2304.75
368.492	2407	0	2407
368.627	2580.5	0	2580.5
368.763	2551.5	0	2551.5
368.899	2289.25	0	2289.25
369.035	2108.25	0	2108.25
369.171	2005.5	0	2005.5
369.306	2013.5	0	2013.5
369.442	1913.25	0	1913.25
369.578	1850	0	1850
369.714	1778.5	0	1778.5
369.85	1823	0	1823
369.985	1760.75	0	1760.75
370.121	1720	0	1720
370.257	1761	0	1761
370.392	1722	0	1722
370.528	1791.5	0	1791.5
370.664	1762.25	0	1762.25
370.799	1816.5	0	1816.5
370.935	1799.75	0	1799.75
371.071	1745	0	1745
371.206	1764	0	1764
371.342	1772	0	1772
371.477	1857.5	0	1857.5
371.613	1868.75	0	1868.75
371.749	1777.75	0	1777.75
371.884	1793.5	0	1793.5
372.02	1802.75	0	1802.75
372.155	1728.75	0	1728.75
372.291	1771.25	0	1771.25
372.426	1756.25	0	1756.25
372.562	1726.5	0	1726.5
372.697	1822.75	0	1822.75
372.833	2038.75	0	2038.75
372.968	2292	0	2292
373.103	2368.5	0	2368.5
373.239	2131.75	0	2131.75
373.374	2043.25	0	2043.25
373.51	2048.25	0	2048.25
373.645	2075.25	0	2075.25
373.78	2261.25	0	2261.25
373.916	2718.25	0	2718.25
374.051	3904	0	3904
374.186	6158.5	0	6158.5
374.322	6605.5	0	6605.5
374.457	4975.5	0	4975.5
374.592	4378	0	4378
374.728	4827.75	0	4827.75
374.863	4378.75	0	4378.75
374.998	3207.5	0	3207.5
375.133	2685.25	0	2685.25
375.268	2402.75	0	2402.75
375.404	2596.75	0	2596.75
375.539	3469.75	0	3469.75
375.674	4011.75	0	4011.75
375.809	3087	0	3087
375.944	2454.25	0	2454.25
376.08	2176.75	0	2176.75
376.215	2180.25	0	2180.25
376.35	2102.25	0	2102.25
376.485	2373	0	2373
376.62	3323	0	3323
376.755	3660.25	0	3660.25
376.89	2795.5	0	2795.5
377.025	2286	0	2286
377.16	2079.25	0	2079.25
377.295	1969.5	0	1969.5
377.43	1962.5	0	1962.5
377.565	2045.25	0	2045.25
377.7	2052.25	0	2052.25
377.835	2062.5	0	2062.5
377.97	2095.5	0	2095.5
378.105	2090.75	0	2090.75
378.24	2164.5	0	2164.5
378.375	2181.5	0	2181.5
378.51	2317	0	2317
378.645	2612.25	0	2612.25
378.78	3142.25	0	3142.25
378.914	3756.75	0	3756.75
379.049	4220.5	0	4220.5
379.184	4434.5	0	4434.5
379.319	4244.5	0	4244.5
379.454	4195.5	0	4195.5
379.589	4552.75	0	4552.75
379.723	4420.25	0	4420.25
379.858	3719.5	0	3719.5
379.993	3489.75	0	3489.75
380.128	3607.5	0	3607.5
380.262	4536.75	0	4536.75
380.397	5297.5	0	5297.5
380.532	4929.25	0	4929.25
380.666	4453.75	0	4453.75
380.801	3859.75	0	3859.75
380.936	3732.25	0	3732.25
381.07	3874.75	0	3874.75
381.205	4056	0	4056
381.34	4512.75	0	4512.75
381.474	4741.25	0	4741.25
381.609	4528	0	4528
381.744	4707.75	0	4707.75
381.878	4864	0	4864
382.013	4732.25	0	4732.25
382.147	4407.5	0	4407.5
382.282	4353.75	0	4353.75
382.416	4424.75	0	4424.75
382.551	4554.25	0	4554.25
382.685	4623	0	4623
382.82	4580	0	4580
382.954	4602.25	0	4602.25
383.089	4369.25	0	4369.25
383.223	4187.5	0	4187.5
383.357	4217.75	0	4217.75
383.492	4127	0	4127
383.626	4049.5	0	4049.5
383.761	4272.5	0	4272.5
383.895	4839.5	0	4839.5
384.029	5531.25	0	5531.25
384.164	5266.25	0	5266.25
384.298	4772.75	0	4772.75
384.432	4593	0	4593
384.567	4738.75	0	4738.75
384.701	5369.5	0	5369.5
384.835	6629	0	6629
384.97	7043.25	0	7043.25
385.104	6889	0	6889
385.238	6536.75	0	6536.75
385.372	6612.75	0	6612.75
385.506	6348.75	0	6348.75
385.641	5877.5	0	5877.5
385.775	5613.25	0	5613.25
385.909	5070.25	0	5070.25
386.043	5239.25	0	5239.25
386.177	5462.25	0	5462.25
386.311	5255	0	5255
386.446	4715	0	4715
386.58	4242	0	4242
386.714	4178	0	4178
386.848	4375.5	0	4375.5
386.982	4687	0	4687
387.116	4633.75	0	4633.75
387.25	4236.5	0	4236.5
387.384	4139.75	0	4139.75
387.518	4063.75	0	4063.75
387.652	4231.75	0	4231.75
387.786	4249.75	0	4249.75
387.92	4290	0	4290
388.054	4814.25	0	4814.25
388.188	5999.75	0	5999.75
388.322	6113.75	0	6113.75
388.456	6056.75	0	6056.75
388.59	5266	0	5266
388.723	3973	0	3973
388.857	3361.75	0	3361.75
388.991	3288.75	0	3288.75
389.125	3417.25	0	3417.25
389.259	3785.75	0	3785.75
389.393	3420	0	3420
389.526	2977.75	0	2977.75
389.66	2747.75	0	2747.75
389.794	2682.5	0	2682.5
389.928	2822.75	0	2822.75
390.062	3522.75	0	3522.75
390.195	4113.75	0	4113.75
390.329	3475.75	0	3475.75
390.463	3182.25	0	3182.25
390.596	3929.25	0	3929.25
390.73	5216.25	0	5216.25
390.864	4727.25	0	4727.25
390.997	3718.75	0	3718.75
391.131	3460.5	0	3460.5
391.265	3459	0	3459
391.398	3937	0	3937
391.532	4676.5	0	4676.5
391.665	5616.25	0	5616.25
391.799	7033.25	0	7033.25
391.933	6286.75	0	6286.75
392.066	4527.5	0	4527.5
392.2	3404.5	0	3404.5
392.333	2925.5	0	2925.5
392.467	2978	0	2978
392.6	3446.25	0	3446.25
392.734	4213.5	0	4213.5
392.867	3507.25	0	3507.25
393.001	2603.5	0	2603.5
393.134	2300.5	0	2300.5
393.267	2219.5	0	2219.5
393.401	2140.75	0	2140.75
393.534	2146	0	2146
393.668	2240.75	0	2240.75
393.801	2424.5	0	2424.5
393.934	3260.75	0	3260.75
394.068	3567.25	0	3567.25
394.201	2896	0	2896
394.334	2530.25	0	2530.25
394.468	2439.75	0	2439.75
394.601	2324.25	0	2324.25
394.734	2269.5	0	2269.5
394.867	2243.25	0	2243.25
395.001	2266.5	0	2266.5
395.134	2269.25	0	2269.25
395.267	2249	0	2249
395.4	2327.5	0	2327.5
395.533	2549	0	2549
395.667	2657	0	2657
395.8	3019.5	0	3019.5
395.933	3551.25	0	3551.25
396.066	5146.75	0	5146.75
396.199	7934.25	0	7934.25
396.332	8582.5	0	8582.5
396.465	6535.5	0	6535.5
396.598	5927.5	0	5927.5
396.732	7521.75	0	7521.75
396.865	9179	0	9179
396.998	7718	0	7718
397.131	5918.25	0	5918.25
397.264	5399	0	5399
397.397	6370.75	0	6370.75
397.53	8367.25	0	8367.25
397.663	7931.5	0	7931.5
397.796	6134	0	6134
397.928	5321.5	0	5321.5
398.061	5483.75	0	5483.75
398.194	7144	0	7144
398.327	8062	0	8062
398.46	6159	0	6159
398.593	5044	0	5044
398.726	4839.75	0	4839.75
398.859	6471.25	0	6471.25
398.991	8332	0	8332
399.124	7184.75	0	7184.75
399.257	5403.5	0	5403.5
399.39	4096.75	0	4096.75
399.523	3411.5	0	3411.5
399.655	3184.25	0	3184.25
399.788	3090.25	0	3090.25
399.921	3328.5	0	3328.5
400.054	3513.75	0	3513.75
400.186	3147	0	3147
400.319	2673	0	2673
400.452	2387.5	0	2387.5
400.584	2339.25	0	2339.25
400.717	2167.25	0	2167.25
400.85	2229.5	0	2229.5
400.982	2429.25	0	2429.25
401.115	2949.75	0	2949.75
401.247	2788.5	0	2788.5
401.38	2495.5	0	2495.5
401.513	2281	0	2281
401.645	2137	0	2137
401.778	2128.25	0	2128.25
401.91	2209.75	0	2209.75
402.043	2576.5	0	2576.5
402.175	2689.5	0	2689.5
402.308	2863.75	0	2863.75
402.44	3111	0	3111
402.573	3064.75	0	3064.75
402.705	2629.75	0	2629.75
402.837	2551	0	2551
402.97	2585.75	0	2585.75
403.102	2498.75	0	2498.75
403.235	2344.25	0	2344.25
403.367	2221.75	0	2221.75
403.499	2323.5	0	2323.5
403.632	2767.25	0	2767.25
403.764	3635.75	0	3635.75
403.896	3389.5	0	3389.5
404.029	2659.75	0	2659.75
404.161	2348	0	2348
404.293	2310.5	0	2310.5
404.425	2235.25	0	2235.25
404.558	2450.25	0	2450.25
404.69	3136.75	0	3136.75
404.822	3327	0	3327
404.954	2771.5	0	2771.5
405.086	2329.5	0	2329.5
405.219	2149.5	0	2149.5
405.351	2076.25	0	2076.25
405.483	2208.25	0	2208.25
405.615	2647.25	0	2647.25
405.747	3162	0	3162
405.879	2979.25	0	2979.25
406.011	2481.5	0	2481.5
406.143	2203.5	0	2203.5
406.275	2158.5	0	2158.5
406.407	2528	0	2528
406.539	2776.5	0	2776.5
406.672	2521.25	0	2521.25
406.803	2096	0	2096
406.935	1951.75	0	1951.75
407.067	1936.25	0	1936.25
407.199	1894.75	0	1894.75
407.331	2148	0	2148
407.463	2465.5	0	2465.5
407.595	2542.25	0	2542.25
407.727	2290	0	2290
407.859	2121.25	0	2121.25
407.991	1904	0	1904
408.123	1754.5	0	1754.5
408.255	1804	0	1804
408.386	1776.75	0	1776.75
408.518	1782	0	1782
408.65	1721.75	0	1721.75
408.782	1834.25	0	1834.25
408.914	1928.25	0	1928.25
409.045	1844.25	0	1844.25
409.177	1794.25	0	1794.25
409.309	1751.25	0	1751.25
409.44	1660	0	1660
409.572	1604	0	1604
409.704	1715	0	1715
409.836	1756.5	0	1756.5
409.967	1720.5	0	1720.5
410.099	1692	0	1692
410.23	1698.25	0	1698.25
410.362	1823.5	0	1823.5
410.494	1767	0	1767
410.625	1747.75	0	1747.75
410.757	1823.75	0	1823.75
410.888	1853	0	1853
411.02	1721.5	0	1721.5
411.152	1719	0	1719
411.283	1608.75	0	1608.75
411.415	1615.25	0	1615.25
411.546	1682.75	0	1682.75
411.677	1742.75	0	1742.75
411.809	2031.25	0	2031.25
411.94	2414.75	0	2414.75
412.072	2819.5	0	2819.5
412.203	2761.25	0	2761.25
412.335	2615.75	0	2615.75
412.466	3090	0	3090
412.597	3346.75	0	3346.75
412.729	2861.25	0	2861.25
412.86	2458.5	0	2458.5
412.991	2328.75	0	2328.75
413.123	2094.75	0	2094.75
413.254	1894.75	0	1894.75
413.385	1750	0	1750
413.517	1697.75	0	1697.75
413.648	1685.25	0	1685.25
413.779	1614.75	0	1614.75
413.91	1697.75	0	1697.75
414.042	1763.5	0	1763.5
414.173	1743.75	0	1743.75
414.304	1701	0	1701
414.435	1695.75	0	1695.75
414.566	1722.25	0	1722.25
414.697	1782.5	0	1782.5
414.828	1687.25	0	1687.25
414.96	1750.75	0	1750.75
415.091	2008.25	0	2008.25
415.222	2609.5	0	2609.5
415.353	2256.25	0	2256.25
415.484	1814	0	1814
415.615	1734.75	0	1734.75
415.746	1732.5	0	1732.5
415.877	1939.25	0	1939.25
416.008	2457	0	2457
416.139	3066.5	0	3066.5
416.27	3422.25	0	3422.25
416.401	3242.25	0	3242.25
416.532	2650	0	2650
416.663	2365	0	2365
416.794	2348.5	0	2348.5
416.925	2548.5	0	2548.5
417.055	2688.5	0	2688.5
417.186	2897.5	0	2897.5
417.317	3325.25	0	3325.25
417.448	3279.75	0	3279.75
417.579	2773.5	0	2773.5
417.71	3037.75	0	3037.75
417.84	3266	0	3266
417.971	2666	0	2666
418.102	2310.25	0	2310.25
418.233	2150.75	0	2150.75
418.363	2338.75	0	2338.75
418.494	2278.5	0	2278.5
418.625	2191.25	0	2191.25
418.756	2185.5	0	2185.5
418.886	2527.25	0	2527.25
419.017	3074.75	0	3074.75
419.148	3106.5	0	3106.5
419.278	3224.5	0	3224.5
419.409	2952.5	0	2952.5
419.539	2849	0	2849
419.67	3037.25	0	3037.25
419.801	2771.25	0	2771.25
419.931	2318.5	0	2318.5
420.062	2220.75	0	2220.75
420.192	2353.75	0	2353.75
420.323	2726.5	0	2726.5
420.453	2440	0	2440
420.584	2549.75	0	2549.75
420.714	3026.25	0	3026.25
420.845	3310.25	0	3310.25
420.975	2805	0	2805
421.106	2610	0	2610
421.236	2225.75	0	2225.75
421.366	2061.5	0	2061.5
421.497	2043	0	2043
421.627	2165	0	2165
421.757	2108.75	0	2108.75
421.888	2137.75	0	2137.75
422.018	2412	0	2412
422.148	2384.5	0	2384.5
422.279	2391.75	0	2391.75
422.409	2451.25	0	2451.25
422.539	3014.75	0	3014.75
422.67	2604	0	2604
422.8	2183.5	0	2183.5
422.93	2196.75	0	2196.75
423.06	2273	0	2273
423.19	2131.75	0	2131.75
423.321	2273.25	0	2273.25
423.451	2296.25	0	2296.25
423.581	2427.75	0	2427.75
423.711	2672.5	0	2672.5
423.841	2969.25	0	2969.25
423.971	3295	0	3295
424.101	3289	0	3289
424.231	3428.25	0	3428.25
424.361	3685	0	3685
424.492	4291.5	0	4291.5
424.622	5012.25	0	5012.25
424.752	6234	0	6234
424.882	7802	0	7802
425.012	10446	0	10446
425.142	14130.5	0	14130.5
425.271	15922.5	0	15922.5
425.401	16078.2	0	16078.2
425.531	14006.5	0	14006.5
425.661	10503.2	0	10503.2
425.791	7874.25	0	7874.25
425.921	6586	0	6586
426.051	6140.5	0	6140.5
426.181	5832	0	5832
426.311	5250.5	0	5250.5
426.44	4625.5	0	4625.5
426.57	4653.5	0	4653.5
426.7	4975.5	0	4975.5
426.83	5807.5	0	5807.5
426.96	7211.5	0	7211.5
427.089	9548.25	0	9548.25
427.219	14180	0	14180
427.349	15595.2	0	15595.2
427.479	14853.5	0	14853.5
427.608	11612.8	0	11612.8
427.738	8933.5	0	8933.5
427.868	7138	0	7138
427.997	6230.5	0	6230.5
428.127	4972.25	0	4972.25
428.256	5006.25	0	5006.25
428.386	5237.75	0	5237.75
428.516	6214.75	0	6214.75
428.645	9169.25	0	9169.25
428.775	13502.5	0	13502.5
428.904	14720.5	0	14720.5
429.034	12213.8	0	12213.8
429.163	8918.25	0	8918.25
429.293	6776	0	6776
429.422	5604.25	0	5604.25
429.552	5171	0	5171
429.681	4782.75	0	4782.75
429.811	4395	0	4395
429.94	4156	0	4156
430.069	3607.5	0	3607.5
430.199	3131	0	3131
430.328	2695.25	0	2695.25
430.458	2659	0	2659
430.587	2455.25	0	2455.25
430.716	2382.25	0	2382.25
430.846	2290.75	0	2290.75
430.975	2077	0	2077
431.104	2100.25	0	2100.25
431.233	2029.5	0	2029.5
431.363	1898	0	1898
431.492	1893.25	0	1893.25
431.621	1912.75	0	1912.75
431.75	1882	0	1882
431.88	1974	0	1974
432.009	2038	0	2038
432.138	1961.5	0	1961.5
432.267	2064.75	0	2064.75
432.396	2238.75	0	2238.75
432.525	2083	0	2083
432.654	1941.75	0	1941.75
432.784	1846.75	0	1846.75
432.913	1842.75	0	1842.75
433.042	1823.75	0	1823.75
433.171	1902.25	0	1902.25
433.3	2070.25	0	2070.25
433.429	2490.25	0	2490.25
433.558	4514.25	0	4514.25
433.687	6468.75	0	6468.75
433.816	8108	0	8108
433.945	6023.5	0	6023.5
434.074	4245	0	4245
434.203	5038	0	5038
434.332	7516.25	0	7516.25
434.46	5488.25	0	5488.25
434.589	4000.75	0	4000.75
434.718	3349.75	0	3349.75
434.847	4096.5	0	4096.5
434.976	7384.5	0	7384.5
435.105	8032	0	8032
435.233	5034.75	0	5034.75
435.362	3417.25	0	3417.25
435.491	2819.5	0	2819.5
435.62	2701.25	0	2701.25
435.749	3387.75	0	3387.75
435.877	4256.25	0	4256.25
436.006	2875	0	2875
436.135	2461.75	0	2461.75
436.263	2240	0	2240
436.392	1844.25	0	1844.25
436.521	1792	0	1792
436.649	1874	0	1874
436.778	2019.25	0	2019.25
436.907	2964.5	0	2964.5
437.035	4094	0	4094
437.164	3331	0	3331
437.292	3080.25	0	3080.25
437.421	2856	0	2856
437.549	2424	0	2424
437.678	1994.5	0	1994.5
437.806	1741.75	0	1741.75
437.935	1850.5	0	1850.5
438.063	1788.25	0	1788.25
438.192	1831	0	1831
438.32	3066.5	0	3066.5
438.449	2929.75	0	2929.75
438.577	2264	0	2264
438.706	1830	0	1830
438.834	1540.75	0	1540.75
438.962	1551.25	0	1551.25
439.091	1635.75	0	1635.75
439.219	1450.5	0	1450.5
439.347	1367.25	0	1367.25
439.476	1307.75	0	1307.75
439.604	1293.5	0	1293.5
439.732	1245.25	0	1245.25
439.86	1288	0	1288
439.989	1332	0	1332
440.117	1466.75	0	1466.75
440.245	1774.75	0	1774.75
440.373	1561	0	1561
440.501	1354.5	0	1354.5
440.63	1337.75	0	1337.75
440.758	1343.25	0	1343.25
440.886	1452.75	0	1452.75
441.014	1607.5	0	1607.5
441.142	1665	0	1665
441.27	1700.75	0	1700.75
441.398	1489	0	1489
441.526	1392.25	0	1392.25
441.654	1358.5	0	1358.5
441.782	1405.5	0	1405.5
441.91	1458.75	0	1458.75
442.038	1671	0	1671
442.166	1943.5	0	1943.5
442.294	2179.25	0	2179.25
442.422	1930	0	1930
442.55	1718.25	0	1718.25
442.678	1641.25	0	1641.25
442.806	1781.25	0	1781.25
442.934	1898	0	1898
443.062	1911	0	1911
443.19	1784	0	1784
443.318	1589	0	1589
443.445	1441.5	0	1441.5
443.573	1372.5	0	1372.5
443.701	1273.25	0	1273.25
443.829	1275	0	1275
443.957	1262.75	0	1262.75
444.084	1300.25	0	1300.25
444.212	1321.5	0	1321.5
444.34	1313.5	0	1313.5
444.467	1199.75	0	1199.75
444.595	1162.25	0	1162.25
444.723	1162	0	1162
444.85	1140.25	0	1140.25
444.978	1197	0	1197
445.106	1168.75	0	1168.75
445.233	1184	0	1184
445.361	1272	0	1272
445.489	1283.5	0	1283.5
445.616	1640.5	0	1640.5
445.744	2269.75	0	2269.75
445.871	2001	0	2001
445.999	1565.75	0	1565.75
446.126	1406.75	0	1406.75
446.254	1483.5	0	1483.5
446.381	1816.25	0	1816.25
446.509	1669.25	0	1669.25
446.636	1498.25	0	1498.25
446.764	1300.25	0	1300.25
446.891	1241.25	0	1241.25
447.018	1163.5	0	1163.5
447.146	1146	0	1146
447.273	1262	0	1262
447.4	1254	0	1254
447.528	1268.5	0	1268.5
447.655	1231.75	0	1231.75
447.782	1264.75	0	1264.75
447.91	1263	0	1263
448.037	1310.75	0	1310.75
448.164	1398.75	0	1398.75
448.291	1373.75	0	1373.75
448.419	1357.25	0	1357.25
448.546	1418.75	0	1418.75
448.673	1632.25	0	1632.25
448.8	1843.25	0	1843.25
448.927	1709.25	0	1709.25
449.055	1803.5	0	1803.5
449.182	1963.75	0	1963.75
449.309	1960	0	1960
449.436	2863	0	2863
449.563	4943.5	0	4943.5
449.69	3344.25	0	3344.25
449.817	2458.25	0	2458.25
449.944	2513	0	2513
450.071	2320.75	0	2320.75
450.198	1767.25	0	1767.25
450.325	1538.5	0	1538.5
450.452	1488	0	1488
450.579	1552.75	0	1552.75
450.706	1425.25	0	1425.25
450.833	1459.5	0	1459.5
450.96	1624.25	0	1624.25
451.087	1988.75	0	1988.75
451.214	1797.75	0	1797.75
451.341	1707.5	0	1707.5
451.467	1657.75	0	1657.75
451.594	1472.5	0	1472.5
451.721	1433.75	0	1433.75
451.848	1525.25	0	1525.25
451.975	1713.75	0	1713.75
452.101	1730.75	0	1730.75
452.228	1827.25	0	1827.25
452.355	2395.75	0	2395.75
452.482	3994.5	0	3994.5
452.608	4293.25	0	4293.25
452.735	3060.25	0	3060.25
452.862	3462	0	3462
452.988	4193.25	0	4193.25
453.115	2638.5	0	2638.5
453.242	2353.5	0	2353.5
453.368	3238	0	3238
453.495	3638	0	3638
453.621	2497.5	0	2497.5
453.748	2425.75	0	2425.75
453.875	3812	0	3812
454.001	4493.5	0	4493.5
454.128	3165.25	0	3165.25
454.254	3149.25	0	3149.25
454.381	4331.75	0	4331.75
454.507	4180.5	0	4180.5
454.633	2365	0	2365
454.76	1699.5	0	1699.5
454.886	1444.5	0	1444.5
455.013	1368.25	0	1368.25
455.139	1309.5	0	1309.5
455.266	1391	0	1391
455.392	1605.5	0	1605.5
455.518	1606.75	0	1606.75
455.645	1389.5	0	1389.5
455.771	1251.25	0	1251.25
455.897	1225.25	0	1225.25
456.023	1296.25	0	1296.25
456.15	1398.75	0	1398.75
456.276	1765.25	0	1765.25
456.402	2132	0	2132
456.528	1777	0	1777
456.655	1439	0	1439
456.781	1528.75	0	1528.75
456.907	1880	0	1880
457.033	2226.5	0	2226.5
457.159	1827.25	0	1827.25
457.285	1479.5	0	1479.5
457.411	1422.75	0	1422.75
457.538	1284	0	1284
457.664	1335	0	1335
457.79	1958.5	0	1958.5
457.916	2600	0	2600
458.042	1567.25	0	1567.25
458.168	1301.25	0	1301.25
458.294	1424.5	0	1424.5
458.42	1434.5	0	1434.5
458.546	1357	0	1357
458.672	1256	0	1256
458.798	1229	0	1229
458.924	1752	0	1752
459.049	2489.25	0	2489.25
459.175	1742.75	0	1742.75
459.301	1576.5	0	1576.5
459.427	1913.75	0	1913.75
459.553	1631	0	1631
459.679	1590	0	1590
459.805	2193.25	0	2193.25
459.93	4160	0	4160
460.056	3121.25	0	3121.25
460.182	1922.25	0	1922.25
460.308	1424	0	1424
460.433	1338.5	0	1338.5
460.559	1249	0	1249
460.685	1233	0	1233
460.81	1194.5	0	1194.5
460.936	1316.75	0	1316.75
461.062	1659.25	0	1659.25
461.187	2891.25	0	2891.25
461.313	2788	0	2788
461.439	3987.5	0	3987.5
461.564	3892.25	0	3892.25
461.69	2473	0	2473
461.815	2376.5	0	2376.5
461.941	2566.75	0	2566.75
462.066	3005.25	0	3005.25
462.192	2471	0	2471
462.317	2274.5	0	2274.5
462.443	3771.5	0	3771.5
462.568	3634.75	0	3634.75
462.694	2195	0	2195
462.819	1686.5	0	1686.5
462.944	1482.5	0	1482.5
463.07	1435.75	0	1435.75
463.195	1386.25	0	1386.25
463.321	1392	0	1392
463.446	1385	0	1385
463.571	1589.75	0	1589.75
463.697	1706.75	0	1706.75
463.822	1654.5	0	1654.5
463.947	1711.75	0	1711.75
464.072	1735.5	0	1735.5
464.198	1936.25	0	1936.25
464.323	2618.25	0	2618.25
464.448	5560	0	5560
464.573	5709.75	0	5709.75
464.698	3705	0	3705
464.824	3350.5	0	3350.5
464.949	4382.5	0	4382.5
465.074	6528	0	6528
465.199	4344.25	0	4344.25
465.324	2602	0	2602
465.449	2077.5	0	2077.5
465.574	1835.75	0	1835.75
465.699	1603.75	0	1603.75
465.824	1538	0	1538
465.949	1468.75	0	1468.75
466.074	1581.25	0	1581.25
466.199	1887.25	0	1887.25
466.324	2377.75	0	2377.75
466.449	2761.75	0	2761.75
466.574	2700.25	0	2700.25
466.699	2260.5	0	2260.5
466.824	2097	0	2097
466.949	1851.75	0	1851.75
467.074	1661.75	0	1661.75
467.199	1489.5	0	1489.5
467.323	1510.75	0	1510.75
467.448	1413.75	0	1413.75
467.573	1457.25	0	1457.25
467.698	1398.75	0	1398.75
467.823	1403.75	0	1403.75
467.947	1604.75	0	1604.75
468.072	1542.25	0	1542.25
468.197	1403.5	0	1403.5
468.322	1377.75	0	1377.75
468.446	1415.75	0	1415.75
468.571	1464.25	0	1464.25
468.696	1423.5	0	1423.5
468.82	1652.75	0	1652.75
468.945	1631.25	0	1631.25
469.069	1637.25	0	1637.25
469.194	1691	0	1691
469.319	1960.25	0	1960.25
469.443	2026.75	0	2026.75
469.568	2305.5	0	2305.5
469.692	2804	0	2804
469.817	2892.5	0	2892.5
469.941	2365.5	0	2365.5
470.066	1971.25	0	1971.25
470.19	1762.5	0	1762.5
470.315	1741	0	1741
470.439	1805.5	0	1805.5
470.563	1932.25	0	1932.25
470.688	2406	0	2406
470.812	2341.75	0	2341.75
470.937	1998.75	0	1998.75
471.061	1841.25	0	1841.25
471.185	1761	0	1761
471.31	1734	0	1734
471.434	1769.75	0	1769.75
471.558	1879.25	0	1879.25
471.682	2444.5	0	2444.5
471.807	2784	0	2784
471.931	2335.25	0	2335.25
472.055	2185.25	0	2185.25
472.179	2462	0	2462
472.303	2516.25	0	2516.25
472.428	2283.75	0	2283.75
472.552	2371	0	2371
472.676	2423	0	2423
472.8	2381.5	0	2381.5
472.924	3075	0	3075
473.048	2767.25	0	2767.25
473.172	2123.25	0	2123.25
473.296	1929	0	1929
473.42	1887	0	1887
473.544	2438.5	0	2438.5
473.668	3062	0	3062
473.792	2220.5	0	2220.5
473.916	1862.25	0	1862.25
474.04	1746.5	0	1746.5
474.164	1604	0	1604
474.288	1633.5	0	1633.5
474.412	1783.5	0	1783.5
474.536	1673.5	0	1673.5
474.66	1617.5	0	1617.5
474.784	1662	0	1662
474.908	1758	0	1758
475.031	2386.25	0	2386.25
475.155	2815	0	2815
475.279	2577.75	0	2577.75
475.403	3594.75	0	3594.75
475.526	5099	0	5099
475.65	3763	0	3763
475.774	2779.5	0	2779.5
475.898	2365.75	0	2365.75
476.021	2147.75	0	2147.75
476.145	2012.75	0	2012.75
476.269	2324.5	0	2324.5
476.392	2377	0	2377
476.516	2335.25	0	2335.25
476.64	2449.75	0	2449.75
476.763	2113.25	0	2113.25
476.887	1864.5	0	1864.5
477.01	1697.5	0	1697.5
477.134	1626	0	1626
477.257	1611.25	0	1611.25
477.381	1634	0	1634
477.504	1518.25	0	1518.25
477.628	1506.5	0	1506.5
477.751	1459	0	1459
477.875	1472	0	1472
477.998	1424	0	1424
478.122	1444	0	1444
478.245	1535.75	0	1535.75
478.368	1519.25	0	1519.25
478.492	1511	0	1511
478.615	1808.75	0	1808.75
478.738	2632	0	2632
478.862	3716.25	0	3716.25
478.985	2752	0	2752
479.108	2987.25	0	2987.25
479.231	2754.75	0	2754.75
479.355	2119.25	0	2119.25
479.478	1967.5	0	1967.5
479.601	1811.25	0	1811.25
479.724	1854	0	1854
479.848	1994.75	0	1994.75
479.971	3082	0	3082
480.094	2697.5	0	2697.5
480.217	2055.5	0	2055.5
480.34	1878.25	0	1878.25
480.463	1759.75	0	1759.75
480.586	1618.75	0	1618.75
480.709	1487.25	0	1487.25
480.832	1529	0	1529
480.955	1622	0	1622
481.078	1505.25	0	1505.25
481.201	1529.75	0	1529.75
481.324	1595.5	0	1595.5
481.447	1546	0	1546
481.57	1535.25	0	1535.25
481.693	1500.5	0	1500.5
481.816	1442.25	0	1442.25
481.939	1404.75	0	1404.75
482.062	1443.25	0	1443.25
482.185	1518.5	0	1518.5
482.307	1561	0	1561
482.43	1601	0	1601
482.553	1585.25	0	1585.25
482.676	1845	0	1845
482.799	3277.5	0	3277.5
482.921	2689	0	2689
483.044	2050.25	0	2050.25
483.167	1726.5	0	1726.5
483.29	1614.25	0	1614.25
483.412	1535.25	0	1535.25
483.535	1712.25	0	1712.25
483.658	1672.5	0	1672.5
483.78	1585.5	0	1585.5
483.903	1466	0	1466
484.025	1433.5	0	1433.5
484.148	1430	0	1430
484.271	1405	0	1405
484.393	1458.75	0	1458.75
484.516	1581.25	0	1581.25
484.638	1505.75	0	1505.75
484.761	1478.75	0	1478.75
484.883	1426.5	0	1426.5
485.006	1515.25	0	1515.25
485.128	1485	0	1485
485.251	1413.75	0	1413.75
485.373	1407.75	0	1407.75
485.495	1413.5	0	1413.5
485.618	1471	0	1471
485.74	1495.25	0	1495.25
485.863	1633.75	0	1633.75
485.985	2278.25	0	2278.25
486.107	2899.25	0	2899.25
486.229	2107.75	0	2107.75
486.352	1819.5	0	1819.5
486.474	1691.25	0	1691.25
486.596	1667	0	1667
486.719	1776	0	1776
486.841	2275.25	0	2275.25
486.963	3927	0	3927
487.085	3043.5	0	3043.5
487.207	2231.25	0	2231.25
487.329	1904	0	1904
487.452	1771.5	0	1771.5
487.574	1651.5	0	1651.5
487.696	1632	0	1632
487.818	1587.5	0	1587.5
487.94	1636.25	0	1636.25
488.062	1619.75	0	1619.75
488.184	1656.5	0	1656.5
488.306	1911.5	0	1911.5
488.428	2757	0	2757
488.55	4543.5	0	4543.5
488.672	4215.25	0	4215.25
488.794	2875.25	0	2875.25
488.916	2228.5	0	2228.5
489.038	1946.5	0	1946.5
489.16	1783.5	0	1783.5
489.281	1737.5	0	1737.5
489.403	1645.5	0	1645.5
489.525	1548.25	0	1548.25
489.647	1543	0	1543
489.769	1481.25	0	1481.25
489.891	1499.5	0	1499.5
490.012	1447.75	0	1447.75
490.134	1799	0	1799
490.256	1948.5	0	1948.5
490.378	1657	0	1657
490.499	1504.75	0	1504.75
490.621	1476.75	0	1476.75
490.743	1409	0	1409
490.864	1409	0	1409
490.986	1441.5	0	1441.5
491.108	1391.25	0	1391.25
491.229	1462.75	0	1462.75
491.351	1481.75	0	1481.75
491.472	1548.5	0	1548.5
491.594	1606	0	1606
491.715	1748.5	0	1748.5
491.837	2057.25	0	2057.25
491.958	2928.75	0	2928.75
492.08	5560	0	5560
492.201	5019	0	5019
492.323	3120.5	0	3120.5
492.444	2464	0	2464
492.566	2084.25	0	2084.25
492.687	1897	0	1897
492.808	1783.75	0	1783.75
492.93	1860.75	0	1860.75
493.051	1809.25	0	1809.25
493.172	1737	0	1737
493.294	1722.25	0	1722.25
493.415	2048.75	0	2048.75
493.536	2999.25	0	2999.25
493.658	2224	0	2224
493.779	1860.25	0	1860.25
493.9	1735	0	1735
494.021	1819.25	0	1819.25
494.143	2363.5	0	2363.5
494.264	1741.25	0	1741.25
494.385	1576	0	1576
494.506	1457.75	0	1457.75
494.627	1395	0	1395
494.748	1386.5	0	1386.5
494.869	1402	0	1402
494.99	1415.75	0	1415.75
495.111	1556.75	0	1556.75
495.232	1814.25	0	1814.25
495.353	2918.25	0	2918.25
495.475	2425.75	0	2425.75
495.595	1797.75	0	1797.75
495.716	1572.25	0	1572.25
495.837	1440.5	0	1440.5
495.958	1430	0	1430
496.079	1352.75	0	1352.75
496.2	1393.25	0	1393.25
496.321	1680	0	1680
496.442	1710	0	1710
496.563	1403	0	1403
496.684	1359.25	0	1359.25
496.804	1310.5	0	1310.5
496.925	1245.25	0	1245.25
497.046	1231	0	1231
497.167	1287.25	0	1287.25
497.287	1235	0	1235
497.408	1229.5	0	1229.5
497.529	1236.5	0	1236.5
497.65	1187.75	0	1187.75
497.77	1190.5	0	1190.5
497.891	1221.25	0	1221.25
498.012	1169.75	0	1169.75
498.132	1201.5	0	1201.5
498.253	1213.75	0	1213.75
498.373	1210.5	0	1210.5
498.494	1265	0	1265
498.614	1187.25	0	1187.25
498.735	1178.75	0	1178.75
498.856	1141.75	0	1141.75
498.976	1124.75	0	1124.75
499.096	1141.25	0	1141.25
499.217	1116	0	1116
499.337	1156.25	0	1156.25
499.458	1114.25	0	1114.25
499.578	1107.25	0	1107.25
499.699	1157	0	1157
499.819	1130.75	0	1130.75
499.939	1091	0	1091
500.06	1155.5	0	1155.5
500.18	1094.5	0	1094.5
500.3	1154.75	0	1154.75
500.421	1145.75	0	1145.75
500.541	1141.75	0	1141.75
500.661	1165.25	0	1165.25
500.781	1182	0	1182
500.902	1185.75	0	1185.75
501.022	1255.75	0	1255.75
501.142	1551.25	0	1551.25
501.262	1884	0	1884
501.382	1412.5	0	1412.5
501.502	1257.75	0	1257.75
501.623	1239.75	0	1239.75
501.743	1275	0	1275
501.863	1224.5	0	1224.5
501.983	1233	0	1233
502.103	1196.25	0	1196.25
502.223	1145.25	0	1145.25
502.343	1149	0	1149
502.463	1149	0	1149
502.583	1151	0	1151
502.703	1146.5	0	1146.5
502.823	1107	0	1107
502.943	1140.75	0	1140.75
503.063	1164.5	0	1164.5
503.182	1134.25	0	1134.25
503.302	1179.75	0	1179.75
503.422	1174.25	0	1174.25
503.542	1161.25	0	1161.25
503.662	1149	0	1149
503.782	1156.5	0	1156.5
503.901	1135.25	0	1135.25
504.021	1111	0	1111
504.141	1082	0	1082
504.261	1058	0	1058
504.38	1131.5	0	1131.5
504.5	1072	0	1072
504.62	1082.25	0	1082.25
504.739	1189.5	0	1189.5
504.859	1162.75	0	1162.75
504.979	1161.75	0	1161.75
505.098	1292.75	0	1292.75
505.218	1139	0	1139
505.338	1083.5	0	1083.5
505.457	1111.75	0	1111.75
505.577	1112.75	0	1112.75
505.696	1078.75	0	1078.75
505.816	1108.25	0	1108.25
505.935	1115.25	0	1115.25
506.055	1107.75	0	1107.75
506.174	1090.25	0	1090.25
506.293	1124.25	0	1124.25
506.413	1246.5	0	1246.5
506.532	1431.5	0	1431.5
506.652	1634.75	0	1634.75
506.771	1442.5	0	1442.5
506.89	1307	0	1307
507.01	1280.5	0	1280.5
507.129	1501.75	0	1501.75
507.248	1390.25	0	1390.25
507.368	1175.75	0	1175.75
507.487	1186.75	0	1186.75
507.606	1242.75	0	1242.75
507.725	1324.25	0	1324.25
507.844	1293.5	0	1293.5
507.964	1208.75	0	1208.75
508.083	1158.25	0	1158.25
508.202	1159.75	0	1159.75
508.321	1113.5	0	1113.5
508.44	1102	0	1102
508.559	1118.75	0	1118.75
508.678	1157.5	0	1157.5
508.797	1177.25	0	1177.25
508.916	1139.5	0	1139.5
509.035	1210	0	1210
509.154	1175.25	0	1175.25
509.273	1150.75	0	1150.75
509.392	1133	0	1133
509.511	1127.25	0	1127.25
509.63	1129.75	0	1129.75
509.749	1135.5	0	1135.5
509.868	1153.25	0	1153.25
509.987	1158.5	0	1158.5
510.106	1156.5	0	1156.5
510.225	1141.75	0	1141.75
510.344	1172	0	1172
510.462	1176	0	1176
510.581	1194.5	0	1194.5
510.7	1256.25	0	1256.25
510.819	1293.25	0	1293.25
510.937	1414	0	1414
511.056	1438.75	0	1438.75
511.175	1495.25	0	1495.25
511.294	1402	0	1402
511.412	1310.5	0	1310.5
511.531	1246.75	0	1246.75
511.649	1280.25	0	1280.25
511.768	1223.5	0	1223.5
511.887	1319.5	0	1319.5
512.005	1375	0	1375
512.124	1477.25	0	1477.25
512.242	1464.5	0	1464.5
512.361	1359.25	0	1359.25
512.479	1292.5	0	1292.5
512.598	1324	0	1324
512.716	1294	0	1294
512.835	1270.75	0	1270.75
512.953	1269.5	0	1269.5
513.072	1253.25	0	1253.25
513.19	1283.75	0	1283.75
513.308	1298.5	0	1298.5
513.427	1310.25	0	1310.25
513.545	1340.25	0	1340.25
513.664	1402	0	1402
513.782	1612.25	0	1612.25
513.9	1793	0	1793
514.018	1635	0	1635
514.137	1523	0	1523
514.255	1503.5	0	1503.5
514.373	1617	0	1617
514.491	1479	0	1479
514.609	1345.75	0	1345.75
514.728	1373	0	1373
514.846	1346	0	1346
514.964	1367.5	0	1367.5
515.082	1322.25	0	1322.25
515.2	1359.25	0	1359.25
515.318	1313.75	0	1313.75
515.436	1361.5	0	1361.5
515.554	1376.5	0	1376.5
515.672	1361.5	0	1361.5
515.79	1398.5	0	1398.5
515.908	1410.75	0	1410.75
516.026	1485.5	0	1485.5
516.144	1522.75	0	1522.75
516.262	1501.5	0	1501.5
516.38	1615.25	0	1615.25
516.498	2005.75	0	2005.75
516.616	1974.75	0	1974.75
516.734	1749.75	0	1749.75
516.852	1656.25	0	1656.25
516.969	1629	0	1629
517.087	1637.75	0	1637.75
517.205	1647.25	0	1647.25
517.323	1654.75	0	1654.75
517.44	1729	0	1729
517.558	1765	0	1765
517.676	1843.25	0	1843.25
517.794	1887.5	0	1887.5
517.911	1851.25	0	1851.25
518.029	1933.5	0	1933.5
518.147	1979.25	0	1979.25
518.264	2113	0	2113
518.382	2258	0	2258
518.5	2255.5	0	2255.5
518.617	2315	0	2315
518.735	2401.5	0	2401.5
518.852	2504.75	0	2504.75
518.97	2688	0	2688
519.087	2961.5	0	2961.5
519.205	3148.5	0	3148.5
519.322	3322	0	3322
519.44	3584.75	0	3584.75
519.557	4220.25	0	4220.25
519.674	4253.25	0	4253.25
519.792	4604.5	0	4604.5
519.909	5323	0	5323
520.026	6074.25	0	6074.25
520.144	7700	0	7700
520.261	11596	0	11596
520.378	14759.2	0	14759.2
520.496	15068.2	0	15068.2
520.613	13715.5	0	13715.5
520.73	15059.8	0	15059.8
520.847	12066	0	12066
520.965	9252.5	0	9252.5
521.082	7571.5	0	7571.5
521.199	6681	0	6681
521.316	5946.25	0	5946.25
521.433	5320.25	0	5320.25
521.55	4749.75	0	4749.75
521.667	4303	0	4303
521.785	4004	0	4004
521.902	3809	0	3809
522.019	3875.5	0	3875.5
522.136	3701.75	0	3701.75
522.253	3428.5	0	3428.5
522.37	3741.75	0	3741.75
522.487	3663	0	3663
522.604	3337.5	0	3337.5
522.721	3067.25	0	3067.25
522.838	2854	0	2854
522.954	2679.25	0	2679.25
523.071	2530.25	0	2530.25
523.188	2467.25	0	2467.25
523.305	2342	0	2342
523.422	2249	0	2249
523.539	2233	0	2233
523.655	2189	0	2189
523.772	2221	0	2221
523.889	2172	0	2172
524.006	2132.75	0	2132.75
524.122	2168	0	2168
524.239	2199.75	0	2199.75
524.356	2218	0	2218
524.472	2296.25	0	2296.25
524.589	3523.25	0	3523.25
524.706	3800.75	0	3800.75
524.822	2435.25	0	2435.25
524.939	2127.25	0	2127.25
525.055	2049.5	0	2049.5
525.172	2011	0	2011
525.289	2049.75	0	2049.75
525.405	2372	0	2372
525.522	2280	0	2280
525.638	2155.5	0	2155.5
525.754	2084.5	0	2084.5
525.871	2073.75	0	2073.75
525.987	2165	0	2165
526.104	2385.75	0	2385.75
526.22	3792.75	0	3792.75
526.336	5929	0	5929
526.453	4894.75	0	4894.75
526.569	3321.75	0	3321.75
526.685	2611.75	0	2611.75
526.802	2379.75	0	2379.75
526.918	2273.5	0	2273.5
527.034	2350.25	0	2350.25
527.151	2458.75	0	2458.75
527.267	2665.75	0	2665.75
527.383	3125.25	0	3125.25
527.499	2994.5	0	2994.5
527.615	2449	0	2449
527.732	2297.75	0	2297.75
527.848	2222.75	0	2222.75
527.964	2188.5	0	2188.5
528.08	2104.75	0	2104.75
528.196	2012.75	0	2012.75
528.312	1960.25	0	1960.25
528.428	2027.75	0	2027.75
528.544	1980.25	0	1980.25
528.66	2039.25	0	2039.25
528.776	2024.25	0	2024.25
528.892	2022	0	2022
529.008	2096.25	0	2096.25
529.124	2172.5	0	2172.5
529.24	2299	0	2299
529.356	2577.5	0	2577.5
529.471	3715	0	3715
529.587	6074	0	6074
529.703	6731.25	0	6731.25
529.819	4848.25	0	4848.25
529.935	3673.25	0	3673.25
530.05	3085.75	0	3085.75
530.166	2442.5	0	2442.5
530.282	2290	0	2290
530.398	2185.5	0	2185.5
530.513	2064.5	0	2064.5
530.629	1993.25	0	1993.25
530.745	1912.5	0	1912.5
530.86	1863	0	1863
530.976	1903.5	0	1903.5
531.092	1833.75	0	1833.75
531.207	1893.5	0	1893.5
531.323	1897.75	0	1897.75
531.438	1851.75	0	1851.75
531.554	1773.25	0	1773.25
531.669	1758.25	0	1758.25
531.785	1868.75	0	1868.75
531.9	1817.25	0	1817.25
532.016	1822.25	0	1822.25
532.131	1889	0	1889
532.247	1918	0	1918
532.362	1883.25	0	1883.25
532.477	2000.5	0	2000.5
532.593	2120	0	2120
532.708	2746.5	0	2746.5
532.823	2703.75	0	2703.75
532.939	2328	0	2328
533.054	2055	0	2055
533.169	1945.5	0	1945.5
533.285	1832	0	1832
533.4	1761.25	0	1761.25
533.515	1684.25	0	1684.25
533.63	1720.5	0	1720.5
533.745	1697.5	0	1697.5
533.861	1698.5	0	1698.5
533.976	1794.5	0	1794.5
534.091	1803	0	1803
534.206	1959	0	1959
534.321	2599.25	0	2599.25
534.436	5192.5	0	5192.5
534.551	5153.25	0	5153.25
534.666	4487.25	0	4487.25
534.781	4468	0	4468
534.896	2574.5	0	2574.5
535.011	1998.25	0	1998.25
535.126	1812	0	1812
535.241	1618.5	0	1618.5
535.356	1554.25	0	1554.25
535.471	1450.75	0	1450.75
535.586	1445.5	0	1445.5
535.701	1454	0	1454
535.815	1433	0	1433
535.93	1449.5	0	1449.5
536.045	1433.75	0	1433.75
536.16	1420.25	0	1420.25