Lambda	Spectrum	Dark	SpecMinusDark
268.175	8.5	0	8.5
268.319	17.25	0	17.25
268.463	12.25	0	12.25
268.607	9.75	0	9.75
268.751	10	0	10
268.895	11.5	0	11.5
269.039	13	0	13
269.183	8	0	8
269.327	7.25	0	7.25
269.47	6.25	0	6.25
269.614	13.75	0	13.75
269.758	8.75	0	8.75
269.902	14.5	0	14.5
270.046	6.5	0	6.5
270.19	13	0	13
270.334	12.25	0	12.25
270.477	24.75	0	24.75
270.621	8	0	8
270.765	15.25	0	15.25
270.909	20.25	0	20.25
271.053	14	0	14
271.196	14.25	0	14.25
271.34	16	0	16
271.484	22	0	22
271.628	19.5	0	19.5
271.771	22.25	0	22.25
271.915	23	0	23
272.059	12.25	0	12.25
272.202	13.5	0	13.5
272.346	14	0	14
272.49	21	0	21
272.634	13.25	0	13.25
272.777	23	0	23
272.921	23	0	23
273.064	16.5	0	16.5
273.208	16.75	0	16.75
273.352	15.5	0	15.5
273.495	15.75	0	15.75
273.639	6.5	0	6.5
273.783	14	0	14
273.926	17.25	0	17.25
274.07	20	0	20
274.213	19.75	0	19.75
274.357	12.5	0	12.5
274.5	11	0	11
274.644	11	0	11
274.787	16.5	0	16.5
274.931	11.25	0	11.25
275.074	23.75	0	23.75
275.218	17.75	0	17.75
275.361	20.5	0	20.5
275.505	19	0	19
275.648	16	0	16
275.792	16.75	0	16.75
275.935	18.75	0	18.75
276.079	19	0	19
276.222	25.5	0	25.5
276.366	27.75	0	27.75
276.509	24.25	0	24.25
276.652	16.25	0	16.25
276.796	18	0	18
276.939	26.5	0	26.5
277.082	17.75	0	17.75
277.226	20.5	0	20.5
277.369	16	0	16
277.513	17.25	0	17.25
277.656	15.75	0	15.75
277.799	21.25	0	21.25
277.942	21.75	0	21.75
278.086	8.25	0	8.25
278.229	15	0	15
278.372	20.25	0	20.25
278.516	23.5	0	23.5
278.659	14.25	0	14.25
278.802	12.5	0	12.5
278.945	18.25	0	18.25
279.089	13	0	13
279.232	14	0	14
279.375	7	0	7
279.518	17.5	0	17.5
279.661	24.5	0	24.5
279.805	26.75	0	26.75
279.948	26.5	0	26.5
280.091	21.25	0	21.25
280.234	16.75	0	16.75
280.377	15.5	0	15.5
280.52	10.25	0	10.25
280.663	18	0	18
280.806	25.5	0	25.5
280.95	22.25	0	22.25
281.093	20.75	0	20.75
281.236	27	0	27
281.379	17	0	17
281.522	25	0	25
281.665	23.5	0	23.5
281.808	22.25	0	22.25
281.951	21.5	0	21.5
282.094	36.75	0	36.75
282.237	51	0	51
282.38	58.5	0	58.5
282.523	39	0	39
282.666	33.5	0	33.5
282.809	24.25	0	24.25
282.952	31.75	0	31.75
283.095	26.75	0	26.75
283.238	29.75	0	29.75
283.381	18.25	0	18.25
283.523	27	0	27
283.666	21.25	0	21.25
283.809	26.25	0	26.25
283.952	35.75	0	35.75
284.095	27.5	0	27.5
284.238	29	0	29
284.381	27.5	0	27.5
284.524	22	0	22
284.666	14.25	0	14.25
284.809	25.25	0	25.25
284.952	37.25	0	37.25
285.095	20.25	0	20.25
285.238	25.25	0	25.25
285.38	19	0	19
285.523	28	0	28
285.666	28.5	0	28.5
285.809	30.5	0	30.5
285.951	20	0	20
286.094	16.75	0	16.75
286.237	29.5	0	29.5
286.38	20	0	20
286.522	32.75	0	32.75
286.665	23.25	0	23.25
286.808	26.75	0	26.75
286.95	23.5	0	23.5
287.093	29	0	29
287.236	23.25	0	23.25
287.378	24	0	24
287.521	28.75	0	28.75
287.663	26.25	0	26.25
287.806	23.25	0	23.25
287.949	31	0	31
288.091	29.25	0	29.25
288.234	33.25	0	33.25
288.376	18.5	0	18.5
288.519	20	0	20
288.661	24.75	0	24.75
288.804	33.5	0	33.5
288.946	27.5	0	27.5
289.089	19.75	0	19.75
289.231	26.25	0	26.25
289.374	26.75	0	26.75
289.516	25	0	25
289.659	25.25	0	25.25
289.801	24.75	0	24.75
289.944	31	0	31
290.086	17.75	0	17.75
290.229	29	0	29
290.371	25	0	25
290.513	32.25	0	32.25
290.656	23.75	0	23.75
290.798	28.25	0	28.25
290.941	31.25	0	31.25
291.083	26.5	0	26.5
291.225	31.5	0	31.5
291.368	27.25	0	27.25
291.51	23.5	0	23.5
291.652	34	0	34
291.795	23	0	23
291.937	25.75	0	25.75
292.079	26.5	0	26.5
292.221	34.25	0	34.25
292.364	26.75	0	26.75
292.506	22.5	0	22.5
292.648	34.25	0	34.25
292.79	26.25	0	26.25
292.933	32.5	0	32.5
293.075	23.75	0	23.75
293.217	26	0	26
293.359	29.5	0	29.5
293.502	29	0	29
293.644	27.75	0	27.75
293.786	32.75	0	32.75
293.928	28.5	0	28.5
294.07	22.5	0	22.5
294.212	38	0	38
294.354	34.25	0	34.25
294.497	37.25	0	37.25
294.639	41	0	41
294.781	33.25	0	33.25
294.923	36.75	0	36.75
295.065	36.5	0	36.5
295.207	29.5	0	29.5
295.349	32.5	0	32.5
295.491	30.5	0	30.5
295.633	44.75	0	44.75
295.775	44.5	0	44.5
295.917	63.75	0	63.75
296.059	77	0	77
296.201	56.75	0	56.75
296.343	40.75	0	40.75
296.485	51.75	0	51.75
296.627	39.25	0	39.25
296.769	37	0	37
296.911	32.25	0	32.25
297.053	37.25	0	37.25
297.195	36.75	0	36.75
297.337	41.5	0	41.5
297.478	32.75	0	32.75
297.62	34	0	34
297.762	39	0	39
297.904	31.25	0	31.25
298.046	34	0	34
298.188	35.25	0	35.25
298.33	37.25	0	37.25
298.471	31	0	31
298.613	39	0	39
298.755	35.5	0	35.5
298.897	31	0	31
299.038	40.5	0	40.5
299.18	36.25	0	36.25
299.322	36.5	0	36.5
299.464	33.5	0	33.5
299.605	45	0	45
299.747	43	0	43
299.889	31.5	0	31.5
300.031	29	0	29
300.172	49.25	0	49.25
300.314	36.75	0	36.75
300.456	27.5	0	27.5
300.597	40	0	40
300.739	39.5	0	39.5
300.881	38.5	0	38.5
301.022	55.75	0	55.75
301.164	36	0	36
301.305	37.5	0	37.5
301.447	33.5	0	33.5
301.589	47.75	0	47.75
301.73	33.75	0	33.75
301.872	51.5	0	51.5
302.013	45	0	45
302.155	43.25	0	43.25
302.296	45.75	0	45.75
302.438	46.25	0	46.25
302.579	42	0	42
302.721	41	0	41
302.862	51.5	0	51.5
303.004	41.75	0	41.75
303.145	42	0	42
303.287	58.5	0	58.5
303.428	48.25	0	48.25
303.569	64.25	0	64.25
303.711	56.75	0	56.75
303.852	50	0	50
303.994	46	0	46
304.135	28	0	28
304.276	42.5	0	42.5
304.418	34.75	0	34.75
304.559	39.75	0	39.75
304.7	47	0	47
304.842	48.25	0	48.25
304.983	38.75	0	38.75
305.124	52.25	0	52.25
305.266	37.75	0	37.75
305.407	49.25	0	49.25
305.548	49.5	0	49.5
305.69	47.75	0	47.75
305.831	50.5	0	50.5
305.972	42.25	0	42.25
306.113	66	0	66
306.254	69	0	69
306.396	53.75	0	53.75
306.537	54	0	54
306.678	52.5	0	52.5
306.819	41.25	0	41.25
306.96	51	0	51
307.102	56.75	0	56.75
307.243	63.5	0	63.5
307.384	47.5	0	47.5
307.525	54	0	54
307.666	56.75	0	56.75
307.807	48.25	0	48.25
307.948	62	0	62
308.089	51.25	0	51.25
308.23	59.25	0	59.25
308.371	50.75	0	50.75
308.513	67	0	67
308.654	60.5	0	60.5
308.795	56.5	0	56.5
308.936	61.5	0	61.5
309.077	53.75	0	53.75
309.218	67.5	0	67.5
309.359	74.5	0	74.5
309.499	64.75	0	64.75
309.64	70	0	70
309.781	77.25	0	77.25
309.922	66	0	66
310.063	68.75	0	68.75
310.204	70.25	0	70.25
310.345	69.5	0	69.5
310.486	78.5	0	78.5
310.627	86.5	0	86.5
310.768	90.25	0	90.25
310.909	76	0	76
311.049	75	0	75
311.19	65.75	0	65.75
311.331	71.5	0	71.5
311.472	76	0	76
311.613	69.75	0	69.75
311.753	76.5	0	76.5
311.894	79.75	0	79.75
312.035	80.25	0	80.25
312.176	86.25	0	86.25
312.316	97.75	0	97.75
312.457	90	0	90
312.598	93.25	0	93.25
312.739	83.5	0	83.5
312.879	86	0	86
313.02	87.25	0	87.25
313.161	81	0	81
313.301	83.5	0	83.5
313.442	70.25	0	70.25
313.583	94.75	0	94.75
313.723	88.5	0	88.5
313.864	83.75	0	83.75
314.005	96.25	0	96.25
314.145	80.5	0	80.5
314.286	82.75	0	82.75
314.426	92.5	0	92.5
314.567	92.75	0	92.75
314.707	93.5	0	93.5
314.848	90.75	0	90.75
314.989	92.75	0	92.75
315.129	75.75	0	75.75
315.27	94.75	0	94.75
315.41	86.25	0	86.25
315.551	89.75	0	89.75
315.691	86.25	0	86.25
315.831	83.75	0	83.75
315.972	82.75	0	82.75
316.112	84.5	0	84.5
316.253	98.25	0	98.25
316.393	89.5	0	89.5
316.534	91.25	0	91.25
316.674	103.75	0	103.75
316.814	99.75	0	99.75
316.955	109	0	109
317.095	96.75	0	96.75
317.236	98	0	98
317.376	97.25	0	97.25
317.516	103.25	0	103.25
317.656	117.5	0	117.5
317.797	111.75	0	111.75
317.937	107.5	0	107.5
318.077	100.5	0	100.5
318.218	103.5	0	103.5
318.358	100.5	0	100.5
318.498	106.75	0	106.75
318.638	123.5	0	123.5
318.779	100.75	0	100.75
318.919	118	0	118
319.059	131.25	0	131.25
319.199	135.25	0	135.25
319.34	143.75	0	143.75
319.48	135.75	0	135.75
319.62	140	0	140
319.76	126	0	126
319.9	149.5	0	149.5
320.04	136.75	0	136.75
320.18	138.25	0	138.25
320.32	156.25	0	156.25
320.461	161.5	0	161.5
320.601	167	0	167
320.741	154.25	0	154.25
320.881	185	0	185
321.021	165.5	0	165.5
321.161	198	0	198
321.301	179	0	179
321.441	204	0	204
321.581	201.5	0	201.5
321.721	226	0	226
321.861	208.5	0	208.5
322.001	245.25	0	245.25
322.141	262	0	262
322.281	270	0	270
322.421	290	0	290
322.561	326	0	326
322.7	342	0	342
322.84	359.25	0	359.25
322.98	414	0	414
323.12	426.75	0	426.75
323.26	461.5	0	461.5
323.4	523.75	0	523.75
323.54	582	0	582
323.68	629.75	0	629.75
323.819	726.25	0	726.25
323.959	811.5	0	811.5
324.099	964.25	0	964.25
324.239	959.75	0	959.75
324.379	955.75	0	955.75
324.518	828.5	0	828.5
324.658	777.25	0	777.25
324.798	916	0	916
324.937	1037.25	0	1037.25
325.077	1023.75	0	1023.75
325.217	887.75	0	887.75
325.357	829.5	0	829.5
325.496	703	0	703
325.636	630	0	630
325.776	548.75	0	548.75
325.915	560.25	0	560.25
326.055	512.75	0	512.75
326.195	505.75	0	505.75
326.334	535.5	0	535.5
326.474	573.75	0	573.75
326.613	636.5	0	636.5
326.753	681.25	0	681.25
326.892	838.75	0	838.75
327.032	967.5	0	967.5
327.172	939.75	0	939.75
327.311	915	0	915
327.451	1070.5	0	1070.5
327.59	1032.25	0	1032.25
327.73	940.75	0	940.75
327.869	845.25	0	845.25
328.009	779	0	779
328.148	675	0	675
328.288	597	0	597
328.427	538.25	0	538.25
328.566	524.5	0	524.5
328.706	468.25	0	468.25
328.845	437.5	0	437.5
328.985	446.25	0	446.25
329.124	403	0	403
329.263	360.5	0	360.5
329.403	359.5	0	359.5
329.542	334.5	0	334.5
329.681	300	0	300
329.821	323.75	0	323.75
329.96	301.25	0	301.25
330.099	319	0	319
330.239	303.75	0	303.75
330.378	325.25	0	325.25
330.517	335.75	0	335.75
330.656	323	0	323
330.796	319	0	319
330.935	303.75	0	303.75
331.074	249	0	249
331.213	262.25	0	262.25
331.352	252	0	252
331.492	246.25	0	246.25
331.631	249.25	0	249.25
331.77	241.25	0	241.25
331.909	249.5	0	249.5
332.048	237.75	0	237.75
332.187	232	0	232
332.327	203	0	203
332.466	226.5	0	226.5
332.605	219.5	0	219.5
332.744	205.25	0	205.25
332.883	216.25	0	216.25
333.022	203	0	203
333.161	206	0	206
333.3	212.25	0	212.25
333.439	204.5	0	204.5
333.578	250	0	250
333.717	222.25	0	222.25
333.856	201	0	201
333.995	204.5	0	204.5
334.134	195.75	0	195.75
334.273	185.25	0	185.25
334.412	171.5	0	171.5
334.551	209.25	0	209.25
334.69	184.25	0	184.25
334.828	192.25	0	192.25
334.967	188.5	0	188.5
335.106	185	0	185
335.245	171	0	171
335.384	173.5	0	173.5
335.523	178	0	178
335.662	184.5	0	184.5
335.8	178.5	0	178.5
335.939	177.75	0	177.75
336.078	201.25	0	201.25
336.217	196.75	0	196.75
336.356	192.25	0	192.25
336.494	181.5	0	181.5
336.633	204.75	0	204.75
336.772	199.5	0	199.5
336.911	177.25	0	177.25
337.049	186.5	0	186.5
337.188	161.75	0	161.75
337.327	170.25	0	170.25
337.465	172.75	0	172.75
337.604	176	0	176
337.743	169.25	0	169.25
337.881	180.75	0	180.75
338.02	174.5	0	174.5
338.158	180.75	0	180.75
338.297	175	0	175
338.436	185	0	185
338.574	184.75	0	184.75
338.713	187.5	0	187.5
338.851	171.75	0	171.75
338.99	180.75	0	180.75
339.128	180	0	180
339.267	163.25	0	163.25
339.405	201.75	0	201.75
339.544	200.25	0	200.25
339.682	192.25	0	192.25
339.821	221.25	0	221.25
339.959	258	0	258
340.098	268.75	0	268.75
340.236	301.5	0	301.5
340.375	334.5	0	334.5
340.513	380.5	0	380.5
340.651	457.25	0	457.25
340.79	564.25	0	564.25
340.928	690.5	0	690.5
341.067	836.25	0	836.25
341.205	960	0	960
341.343	1077.5	0	1077.5
341.482	1205.5	0	1205.5
341.62	1226.25	0	1226.25
341.758	1161.5	0	1161.5
341.897	1127	0	1127
342.035	962.5	0	962.5
342.173	806.25	0	806.25
342.311	690	0	690
342.45	531.25	0	531.25
342.588	436.25	0	436.25
342.726	363.25	0	363.25
342.864	331	0	331
343.002	265	0	265
343.141	247	0	247
343.279	239.5	0	239.5
343.417	212.5	0	212.5
343.555	196	0	196
343.693	202.75	0	202.75
343.831	206	0	206
343.969	190	0	190
344.108	184.25	0	184.25
344.246	189.75	0	189.75
344.384	195.75	0	195.75
344.522	194.25	0	194.25
344.66	179.5	0	179.5
344.798	197	0	197
344.936	206.25	0	206.25
345.074	185.25	0	185.25
345.212	203	0	203
345.35	184	0	184
345.488	186	0	186
345.626	197.5	0	197.5
345.764	190.5	0	190.5
345.902	187.75	0	187.75
346.04	183	0	183
346.178	189.75	0	189.75
346.315	205.25	0	205.25
346.453	203.5	0	203.5
346.591	214.75	0	214.75
346.729	199.25	0	199.25
346.867	190.25	0	190.25
347.005	195	0	195
347.143	217.75	0	217.75
347.28	211.75	0	211.75
347.418	199	0	199
347.556	197.5	0	197.5
347.694	209	0	209
347.832	194.25	0	194.25
347.969	195.25	0	195.25
348.107	224.75	0	224.75
348.245	212.75	0	212.75
348.382	235.75	0	235.75
348.52	203	0	203
348.658	202.5	0	202.5
348.796	208.25	0	208.25
348.933	218.75	0	218.75
349.071	192.25	0	192.25
349.209	202.25	0	202.25
349.346	211.75	0	211.75
349.484	213.5	0	213.5
349.621	215.25	0	215.25
349.759	228.5	0	228.5
349.897	215	0	215
350.034	208.25	0	208.25
350.172	228.75	0	228.75
350.309	214	0	214
350.447	205.75	0	205.75
350.584	202.75	0	202.75
350.722	208.5	0	208.5
350.859	212.25	0	212.25
350.997	242	0	242
351.134	224.75	0	224.75
351.272	209.75	0	209.75
351.409	222	0	222
351.547	233.5	0	233.5
351.684	236.75	0	236.75
351.822	227.75	0	227.75
351.959	221.75	0	221.75
352.096	236	0	236
352.234	240.5	0	240.5
352.371	251.25	0	251.25
352.508	237.25	0	237.25
352.646	249.25	0	249.25
352.783	264.75	0	264.75
352.92	267.25	0	267.25
353.058	231.5	0	231.5
353.195	241.5	0	241.5
353.332	219	0	219
353.469	226.75	0	226.75
353.607	209.5	0	209.5
353.744	229.25	0	229.25
353.881	205	0	205
354.018	211.5	0	211.5
354.156	226.25	0	226.25
354.293	219.75	0	219.75
354.43	220	0	220
354.567	232	0	232
354.704	222.5	0	222.5
354.841	202	0	202
354.979	219.25	0	219.25
355.116	225.5	0	225.5
355.253	210.75	0	210.75
355.39	193.75	0	193.75
355.527	209.25	0	209.25
355.664	222	0	222
355.801	205	0	205
355.938	204.25	0	204.25
356.075	212.25	0	212.25
356.212	207	0	207
356.349	211.75	0	211.75
356.486	205.5	0	205.5
356.623	207	0	207
356.76	212.5	0	212.5
356.897	203.25	0	203.25
357.034	203.75	0	203.75
357.171	205.5	0	205.5
357.308	212	0	212
357.445	216.5	0	216.5
357.582	225	0	225
357.718	197.75	0	197.75
357.855	214.75	0	214.75
357.992	217.25	0	217.25
358.129	228.75	0	228.75
358.266	220.75	0	220.75
358.403	232.75	0	232.75
358.539	228.75	0	228.75
358.676	234.5	0	234.5
358.813	223.25	0	223.25
358.95	222.25	0	222.25
359.086	245.25	0	245.25
359.223	249.75	0	249.75
359.36	265	0	265
359.497	281.5	0	281.5
359.633	289	0	289
359.77	302	0	302
359.907	310.75	0	310.75
360.043	299	0	299
360.18	278	0	278
360.317	294	0	294
360.453	281.75	0	281.75
360.59	272.25	0	272.25
360.727	264.75	0	264.75
360.863	278.5	0	278.5
361	269.25	0	269.25
361.136	276.25	0	276.25
361.273	267.5	0	267.5
361.409	267.75	0	267.75
361.546	272.5	0	272.5
361.682	257	0	257
361.819	258	0	258
361.955	285.75	0	285.75
362.092	263.75	0	263.75
362.228	264.75	0	264.75
362.365	269.75	0	269.75
362.501	256.5	0	256.5
362.638	271.25	0	271.25
362.774	243.75	0	243.75
362.91	252.25	0	252.25
363.047	248.75	0	248.75
363.183	248	0	248
363.319	253.5	0	253.5
363.456	249.75	0	249.75
363.592	242.5	0	242.5
363.728	252.75	0	252.75
363.865	242	0	242
364.001	243.5	0	243.5
364.137	247.75	0	247.75
364.274	257	0	257
364.41	254.75	0	254.75
364.546	254.25	0	254.25
364.682	240.25	0	240.25
364.819	249.25	0	249.25
364.955	252.5	0	252.5
365.091	257.75	0	257.75
365.227	253	0	253
365.363	287.5	0	287.5
365.499	266	0	266
365.636	271	0	271
365.772	270.25	0	270.25
365.908	254.75	0	254.75
366.044	264.75	0	264.75
366.18	250.25	0	250.25
366.316	263.5	0	263.5
366.452	254.5	0	254.5
366.588	250.25	0	250.25
366.724	255.25	0	255.25
366.86	256.5	0	256.5
366.996	259	0	259
367.132	263.25	0	263.25
367.268	244	0	244
367.404	254.5	0	254.5
367.54	262	0	262
367.676	266.5	0	266.5
367.812	262	0	262
367.948	272.5	0	272.5
368.084	262	0	262
368.22	263	0	263
368.356	261	0	261
368.492	284.5	0	284.5
368.627	269	0	269
368.763	273	0	273
368.899	263.75	0	263.75
369.035	243	0	243
369.171	267.5	0	267.5
369.306	267	0	267
369.442	248.75	0	248.75
369.578	272.25	0	272.25
369.714	270.75	0	270.75
369.85	263.75	0	263.75
369.985	255.75	0	255.75
370.121	259.25	0	259.25
370.257	236.5	0	236.5
370.392	259.25	0	259.25
370.528	264.75	0	264.75
370.664	242.25	0	242.25
370.799	248.5	0	248.5
370.935	275.25	0	275.25
371.071	256.5	0	256.5
371.206	253.75	0	253.75
371.342	258.5	0	258.5
371.477	242.25	0	242.25
371.613	261	0	261
371.749	251.75	0	251.75
371.884	260.25	0	260.25
372.02	273.75	0	273.75
372.155	251.5	0	251.5
372.291	250.5	0	250.5
372.426	258.75	0	258.75
372.562	243	0	243
372.697	247.75	0	247.75
372.833	254.25	0	254.25
372.968	255	0	255
373.103	269.75	0	269.75
373.239	264.75	0	264.75
373.374	256.75	0	256.75
373.51	242	0	242
373.645	262	0	262
373.78	248.25	0	248.25
373.916	257.75	0	257.75
374.051	265.25	0	265.25
374.186	273.5	0	273.5
374.322	269.25	0	269.25
374.457	246	0	246
374.592	257.25	0	257.25
374.728	252.5	0	252.5
374.863	262.5	0	262.5
374.998	269	0	269
375.133	259.75	0	259.75
375.268	275.5	0	275.5
375.404	263.5	0	263.5
375.539	275.25	0	275.25
375.674	272.25	0	272.25
375.809	279.75	0	279.75
375.944	251	0	251
376.08	263.25	0	263.25
376.215	277	0	277
376.35	269	0	269
376.485	261.25	0	261.25
376.62	274.5	0	274.5
376.755	276	0	276
376.89	269	0	269
377.025	257.25	0	257.25
377.16	264.5	0	264.5
377.295	277	0	277
377.43	270	0	270
377.565	260.75	0	260.75
377.7	258.5	0	258.5
377.835	269.5	0	269.5
377.97	268	0	268
378.105	262.25	0	262.25
378.24	276.75	0	276.75
378.375	286.5	0	286.5
378.51	269.75	0	269.75
378.645	280.75	0	280.75
378.78	273.5	0	273.5
378.914	250.75	0	250.75
379.049	281.25	0	281.25
379.184	273.25	0	273.25
379.319	285.75	0	285.75
379.454	261.5	0	261.5
379.589	291.25	0	291.25
379.723	273	0	273
379.858	269	0	269
379.993	292.75	0	292.75
380.128	286.25	0	286.25
380.262	290	0	290
380.397	294	0	294
380.532	294.25	0	294.25
380.666	274.25	0	274.25
380.801	291.5	0	291.5
380.936	282.5	0	282.5
381.07	273.75	0	273.75
381.205	297.5	0	297.5
381.34	283.5	0	283.5
381.474	297.75	0	297.75
381.609	297.5	0	297.5
381.744	310.75	0	310.75
381.878	288.5	0	288.5
382.013	304.75	0	304.75
382.147	308.75	0	308.75
382.282	312.25	0	312.25
382.416	295.25	0	295.25
382.551	297.25	0	297.25
382.685	296.25	0	296.25
382.82	280.25	0	280.25
382.954	310	0	310
383.089	304.5	0	304.5
383.223	292	0	292
383.357	300.5	0	300.5
383.492	288.5	0	288.5
383.626	305.5	0	305.5
383.761	312.5	0	312.5
383.895	299.5	0	299.5
384.029	318	0	318
384.164	285.75	0	285.75
384.298	305	0	305
384.432	311.25	0	311.25
384.567	300	0	300
384.701	291.5	0	291.5
384.835	298.75	0	298.75
384.97	295.5	0	295.5
385.104	315.5	0	315.5
385.238	296	0	296
385.372	306	0	306
385.506	296.75	0	296.75
385.641	306.5	0	306.5
385.775	315.25	0	315.25
385.909	308.75	0	308.75
386.043	312.5	0	312.5
386.177	293.75	0	293.75
386.311	318.25	0	318.25
386.446	303	0	303
386.58	304.25	0	304.25
386.714	292	0	292
386.848	303.75	0	303.75
386.982	317.5	0	317.5
387.116	302.5	0	302.5
387.25	287.5	0	287.5
387.384	286.5	0	286.5
387.518	297.25	0	297.25
387.652	312.25	0	312.25
387.786	314	0	314
387.92	300.25	0	300.25
388.054	296	0	296
388.188	288.5	0	288.5
388.322	296.5	0	296.5
388.456	294.5	0	294.5
388.59	287.5	0	287.5
388.723	289.5	0	289.5
388.857	302.5	0	302.5
388.991	280.75	0	280.75
389.125	287	0	287
389.259	280.75	0	280.75
389.393	293.5	0	293.5
389.526	284.75	0	284.75
389.66	295.75	0	295.75
389.794	297	0	297
389.928	296.25	0	296.25
390.062	292.25	0	292.25
390.195	292.75	0	292.75
390.329	293.75	0	293.75
390.463	300.75	0	300.75
390.596	304	0	304
390.73	286.5	0	286.5
390.864	293.25	0	293.25
390.997	276.75	0	276.75
391.131	285.25	0	285.25
391.265	282.25	0	282.25
391.398	278.25	0	278.25
391.532	315	0	315
391.665	282.75	0	282.75
391.799	301	0	301
391.933	290.5	0	290.5
392.066	317.5	0	317.5
392.2	295.5	0	295.5
392.333	301.75	0	301.75
392.467	293	0	293
392.6	283.5	0	283.5
392.734	295.25	0	295.25
392.867	307	0	307
393.001	306.75	0	306.75
393.134	290.75	0	290.75
393.267	290.75	0	290.75
393.401	297	0	297
393.534	294.5	0	294.5
393.668	295.75	0	295.75
393.801	294.75	0	294.75
393.934	291.75	0	291.75
394.068	294	0	294
394.201	294.5	0	294.5
394.334	293.75	0	293.75
394.468	291.75	0	291.75
394.601	292.75	0	292.75
394.734	295.75	0	295.75
394.867	279.25	0	279.25
395.001	304.75	0	304.75
395.134	284.25	0	284.25
395.267	273.25	0	273.25
395.4	288.25	0	288.25
395.533	318	0	318
395.667	295.75	0	295.75
395.8	293	0	293
395.933	318.5	0	318.5
396.066	319	0	319
396.199	313	0	313
396.332	286.25	0	286.25
396.465	301	0	301
396.598	316.5	0	316.5
396.732	292	0	292
396.865	302.25	0	302.25
396.998	305.5	0	305.5
397.131	295.75	0	295.75
397.264	319.25	0	319.25
397.397	303.75	0	303.75
397.53	302.5	0	302.5
397.663	312.5	0	312.5
397.796	313.75	0	313.75
397.928	305.5	0	305.5
398.061	321.75	0	321.75
398.194	296.5	0	296.5
398.327	315.75	0	315.75
398.46	298.75	0	298.75
398.593	339.75	0	339.75
398.726	310.75	0	310.75
398.859	305.25	0	305.25
398.991	298.25	0	298.25
399.124	314.75	0	314.75
399.257	320.75	0	320.75
399.39	325.75	0	325.75
399.523	328.5	0	328.5
399.655	339	0	339
399.788	322.25	0	322.25
399.921	328.75	0	328.75
400.054	309.75	0	309.75
400.186	325.25	0	325.25
400.319	348.25	0	348.25
400.452	343	0	343
400.584	359.25	0	359.25
400.717	334.25	0	334.25
400.85	359	0	359
400.982	338.5	0	338.5
401.115	364.75	0	364.75
401.247	358.5	0	358.5
401.38	355.5	0	355.5
401.513	328.5	0	328.5
401.645	330.5	0	330.5
401.778	319.75	0	319.75
401.91	347	0	347
402.043	350.25	0	350.25
402.175	353	0	353
402.308	362.75	0	362.75
402.44	363.75	0	363.75
402.573	355.5	0	355.5
402.705	364	0	364
402.837	331.5	0	331.5
402.97	363.75	0	363.75
403.102	350.25	0	350.25
403.235	350	0	350
403.367	350.5	0	350.5
403.499	340.5	0	340.5
403.632	348.25	0	348.25
403.764	344	0	344
403.896	367.5	0	367.5
404.029	361	0	361
404.161	336.25	0	336.25
404.293	345	0	345
404.425	368	0	368
404.558	360	0	360
404.69	387.5	0	387.5
404.822	345.5	0	345.5
404.954	366	0	366
405.086	371.25	0	371.25
405.219	361	0	361
405.351	358	0	358
405.483	351.25	0	351.25
405.615	359.25	0	359.25
405.747	354	0	354
405.879	366.25	0	366.25
406.011	369.5	0	369.5
406.143	367.5	0	367.5
406.275	367	0	367
406.407	392.25	0	392.25
406.539	352.5	0	352.5
406.672	347.5	0	347.5
406.803	366.75	0	366.75
406.935	355.75	0	355.75
407.067	353.5	0	353.5
407.199	369.5	0	369.5
407.331	367.75	0	367.75
407.463	355.75	0	355.75
407.595	360.25	0	360.25
407.727	349.5	0	349.5
407.859	339.75	0	339.75
407.991	332.75	0	332.75
408.123	351.25	0	351.25
408.255	348	0	348
408.386	323.25	0	323.25
408.518	326.25	0	326.25
408.65	332.75	0	332.75
408.782	339.5	0	339.5
408.914	310.5	0	310.5
409.045	306.5	0	306.5
409.177	351	0	351
409.309	314.75	0	314.75
409.44	333.75	0	333.75
409.572	325.5	0	325.5
409.704	348.75	0	348.75
409.836	331.25	0	331.25
409.967	337.75	0	337.75
410.099	337.75	0	337.75
410.23	312.25	0	312.25
410.362	311.25	0	311.25
410.494	330	0	330
410.625	289.75	0	289.75
410.757	316.25	0	316.25
410.888	319	0	319
411.02	307	0	307
411.152	307.25	0	307.25
411.283	318.75	0	318.75
411.415	321.5	0	321.5
411.546	321	0	321
411.677	303.25	0	303.25
411.809	323.5	0	323.5
411.94	287.75	0	287.75
412.072	302.25	0	302.25
412.203	304.25	0	304.25
412.335	307.5	0	307.5
412.466	322.5	0	322.5
412.597	315.25	0	315.25
412.729	329	0	329
412.86	307.5	0	307.5
412.991	285.5	0	285.5
413.123	297.25	0	297.25
413.254	308	0	308
413.385	291.5	0	291.5
413.517	295	0	295
413.648	301.25	0	301.25
413.779	277	0	277
413.91	296.5	0	296.5
414.042	320.5	0	320.5
414.173	293	0	293
414.304	273.5	0	273.5
414.435	286	0	286
414.566	304	0	304
414.697	308.75	0	308.75
414.828	290.75	0	290.75
414.96	294.25	0	294.25
415.091	281.75	0	281.75
415.222	297	0	297
415.353	294.25	0	294.25
415.484	285.25	0	285.25
415.615	301.5	0	301.5
415.746	294.75	0	294.75
415.877	296.25	0	296.25
416.008	302.5	0	302.5
416.139	312.5	0	312.5
416.27	298.75	0	298.75
416.401	301.75	0	301.75
416.532	305.5	0	305.5
416.663	284.5	0	284.5
416.794	302.25	0	302.25
416.925	301.25	0	301.25
417.055	315.75	0	315.75
417.186	308	0	308
417.317	321.25	0	321.25
417.448	299	0	299
417.579	300.5	0	300.5
417.71	309.75	0	309.75
417.84	300.5	0	300.5
417.971	332.5	0	332.5
418.102	310.5	0	310.5
418.233	293.5	0	293.5
418.363	290.75	0	290.75
418.494	312.5	0	312.5
418.625	311.75	0	311.75
418.756	320.5	0	320.5
418.886	313.75	0	313.75
419.017	297.75	0	297.75
419.148	294.75	0	294.75
419.278	287.25	0	287.25
419.409	304.75	0	304.75
419.539	317.75	0	317.75
419.67	283.75	0	283.75
419.801	303.75	0	303.75
419.931	286.5	0	286.5
420.062	315.75	0	315.75
420.192	302.25	0	302.25
420.323	299.25	0	299.25
420.453	280.25	0	280.25
420.584	308	0	308
420.714	281.25	0	281.25
420.845	304	0	304
420.975	294	0	294
421.106	313	0	313
421.236	305.5	0	305.5
421.366	293	0	293
421.497	309.5	0	309.5
421.627	289.75	0	289.75
421.757	310.5	0	310.5
421.888	300.5	0	300.5
422.018	299.5	0	299.5
422.148	302	0	302
422.279	316.25	0	316.25
422.409	293.5	0	293.5
422.539	328.75	0	328.75
422.67	307.5	0	307.5
422.8	301	0	301
422.93	290.5	0	290.5
423.06	313.75	0	313.75
423.19	281.75	0	281.75
423.321	303.75	0	303.75
423.451	299.75	0	299.75
423.581	301.25	0	301.25
423.711	303.75	0	303.75
423.841	285.75	0	285.75
423.971	293.75	0	293.75
424.101	307.25	0	307.25
424.231	311	0	311
424.361	302.25	0	302.25
424.492	299.25	0	299.25
424.622	307.25	0	307.25
424.752	318	0	318
424.882	334	0	334
425.012	319.5	0	319.5
425.142	313	0	313
425.271	318	0	318
425.401	318	0	318
425.531	325.25	0	325.25
425.661	316.25	0	316.25
425.791	329.75	0	329.75
425.921	306.5	0	306.5
426.051	338.75	0	338.75
426.181	318.5	0	318.5
426.311	315.5	0	315.5
426.44	317.75	0	317.75
426.57	310.5	0	310.5
426.7	317.25	0	317.25
426.83	307	0	307
426.96	313.75	0	313.75
427.089	312.25	0	312.25
427.219	363.75	0	363.75
427.349	399.5	0	399.5
427.479	468.5	0	468.5
427.608	441.75	0	441.75
427.738	424	0	424
427.868	384.25	0	384.25
427.997	386.75	0	386.75
428.127	347	0	347
428.256	333.25	0	333.25
428.386	320.25	0	320.25
428.516	339.5	0	339.5
428.645	316.75	0	316.75
428.775	310.5	0	310.5
428.904	294	0	294
429.034	301	0	301
429.163	310	0	310
429.293	315.25	0	315.25
429.422	289	0	289
429.552	285	0	285
429.681	297.25	0	297.25
429.811	282.5	0	282.5
429.94	289.5	0	289.5
430.069	292	0	292
430.199	290.75	0	290.75
430.328	289.5	0	289.5
430.458	286.5	0	286.5
430.587	281.25	0	281.25
430.716	290.75	0	290.75
430.846	275.25	0	275.25
430.975	253	0	253
431.104	266.25	0	266.25
431.233	271	0	271
431.363	261.25	0	261.25
431.492	290	0	290
431.621	280.5	0	280.5
431.75	273.5	0	273.5
431.88	277.5	0	277.5
432.009	281.5	0	281.5
432.138	267.5	0	267.5
432.267	273	0	273
432.396	277.75	0	277.75
432.525	280.5	0	280.5
432.654	260.25	0	260.25
432.784	269.5	0	269.5
432.913	297	0	297
433.042	275.25	0	275.25
433.171	273.75	0	273.75
433.3	274.5	0	274.5
433.429	266.75	0	266.75
433.558	261.25	0	261.25
433.687	250	0	250
433.816	253.75	0	253.75
433.945	250.75	0	250.75
434.074	257.75	0	257.75
434.203	261.5	0	261.5
434.332	257.75	0	257.75
434.46	252.25	0	252.25
434.589	265.25	0	265.25
434.718	252.25	0	252.25
434.847	266	0	266
434.976	263.75	0	263.75
435.105	262.5	0	262.5
435.233	265.5	0	265.5
435.362	270	0	270
435.491	269.5	0	269.5
435.62	261.75	0	261.75
435.749	265.25	0	265.25
435.877	272.5	0	272.5
436.006	253.5	0	253.5
436.135	262.5	0	262.5
436.263	267.75	0	267.75
436.392	255	0	255
436.521	261.25	0	261.25
436.649	255.5	0	255.5
436.778	261.75	0	261.75
436.907	251.75	0	251.75
437.035	271	0	271
437.164	267.5	0	267.5
437.292	285.75	0	285.75
437.421	273.75	0	273.75
437.549	278.75	0	278.75
437.678	295.75	0	295.75
437.806	308.75	0	308.75
437.935	288.25	0	288.25
438.063	296.25	0	296.25
438.192	284.25	0	284.25
438.32	287.75	0	287.75
438.449	280.25	0	280.25
438.577	278.5	0	278.5
438.706	276	0	276
438.834	280	0	280
438.962	271.25	0	271.25
439.091	282.5	0	282.5
439.219	286.5	0	286.5
439.347	253	0	253
439.476	260.75	0	260.75
439.604	262	0	262
439.732	241	0	241
439.86	265.25	0	265.25
439.989	265.75	0	265.75
440.117	262.25	0	262.25
440.245	264.75	0	264.75
440.373	268.5	0	268.5
440.501	288.5	0	288.5
440.63	271.25	0	271.25
440.758	274	0	274
440.886	246.75	0	246.75
441.014	278	0	278
441.142	261.75	0	261.75
441.27	256.5	0	256.5
441.398	272.5	0	272.5
441.526	272.25	0	272.25
441.654	261	0	261
441.782	270.75	0	270.75
441.91	278.25	0	278.25
442.038	286.5	0	286.5
442.166	263	0	263
442.294	255.25	0	255.25
442.422	274.25	0	274.25
442.55	265	0	265
442.678	251.75	0	251.75
442.806	286.75	0	286.75
442.934	249.5	0	249.5
443.062	258	0	258
443.19	268	0	268
443.318	239.25	0	239.25
443.445	258.75	0	258.75
443.573	258.5	0	258.5
443.701	255.5	0	255.5
443.829	260.75	0	260.75
443.957	268	0	268
444.084	276.75	0	276.75
444.212	255.25	0	255.25
444.34	268	0	268
444.467	265.25	0	265.25
444.595	277.25	0	277.25
444.723	254.25	0	254.25
444.85	250.5	0	250.5
444.978	279.5	0	279.5
445.106	267.5	0	267.5
445.233	268	0	268
445.361	269	0	269
445.489	256.75	0	256.75
445.616	259	0	259
445.744	280.25	0	280.25
445.871	264.25	0	264.25
445.999	260.5	0	260.5
446.126	269.75	0	269.75
446.254	253	0	253
446.381	271.5	0	271.5
446.509	261.5	0	261.5
446.636	284.5	0	284.5
446.764	277.25	0	277.25
446.891	259.25	0	259.25
447.018	280.75	0	280.75
447.146	283	0	283
447.273	262.75	0	262.75
447.4	278.5	0	278.5
447.528	286.5	0	286.5
447.655	269.25	0	269.25
447.782	273.5	0	273.5
447.91	262.25	0	262.25
448.037	273.25	0	273.25
448.164	289.5	0	289.5
448.291	263.5	0	263.5
448.419	288	0	288
448.546	268.5	0	268.5
448.673	256	0	256
448.8	293.25	0	293.25
448.927	276	0	276
449.055	275	0	275
449.182	257	0	257
449.309	254	0	254
449.436	268.5	0	268.5
449.563	274	0	274
449.69	279.75	0	279.75
449.817	272.5	0	272.5
449.944	253.75	0	253.75
450.071	282.75	0	282.75
450.198	272.75	0	272.75
450.325	303.25	0	303.25
450.452	291	0	291
450.579	297.75	0	297.75
450.706	299.75	0	299.75
450.833	322.25	0	322.25
450.96	355	0	355
451.087	341.5	0	341.5
451.214	327.75	0	327.75
451.341	306.75	0	306.75
451.467	306.5	0	306.5
451.594	290.5	0	290.5
451.721	285.5	0	285.5
451.848	287.75	0	287.75
451.975	277.75	0	277.75
452.101	286.75	0	286.75
452.228	284.5	0	284.5
452.355	291.75	0	291.75
452.482	272.75	0	272.75
452.608	291.75	0	291.75
452.735	280.75	0	280.75
452.862	289.25	0	289.25
452.988	282.25	0	282.25
453.115	289.75	0	289.75
453.242	284.25	0	284.25
453.368	299.25	0	299.25
453.495	287	0	287
453.621	303.5	0	303.5
453.748	315.25	0	315.25
453.875	323	0	323
454.001	347	0	347
454.128	313	0	313
454.254	316	0	316
454.381	299	0	299
454.507	305.75	0	305.75
454.633	278.5	0	278.5
454.76	302.25	0	302.25
454.886	290.5	0	290.5
455.013	284.75	0	284.75
455.139	279.25	0	279.25
455.266	273.5	0	273.5
455.392	285.5	0	285.5
455.518	260.5	0	260.5
455.645	272.75	0	272.75
455.771	273	0	273
455.897	257.25	0	257.25
456.023	270.5	0	270.5
456.15	267.25	0	267.25
456.276	267.25	0	267.25
456.402	267.5	0	267.5
456.528	276.5	0	276.5
456.655	271.75	0	271.75
456.781	256.5	0	256.5
456.907	257	0	257
457.033	272	0	272
457.159	267.75	0	267.75
457.285	273.75	0	273.75
457.411	275.25	0	275.25
457.538	270.25	0	270.25
457.664	263	0	263
457.79	267.25	0	267.25
457.916	265.25	0	265.25
458.042	269	0	269
458.168	263	0	263
458.294	285.25	0	285.25
458.42	275.5	0	275.5
458.546	354.5	0	354.5
458.672	368	0	368
458.798	344.75	0	344.75
458.924	337.5	0	337.5
459.049	320.5	0	320.5
459.175	332.75	0	332.75
459.301	305.25	0	305.25
459.427	279.75	0	279.75
459.553	293	0	293
459.679	292.25	0	292.25
459.805	268.25	0	268.25
459.93	259.5	0	259.5
460.056	262.75	0	262.75
460.182	267.5	0	267.5
460.308	270	0	270
460.433	274.5	0	274.5
460.559	237.5	0	237.5
460.685	263.25	0	263.25
460.81	254	0	254
460.936	271	0	271
461.062	263.5	0	263.5
461.187	277.25	0	277.25
461.313	262.5	0	262.5
461.439	271	0	271
461.564	261.25	0	261.25
461.69	292.75	0	292.75
461.815	247.5	0	247.5
461.941	273.25	0	273.25
462.066	253.75	0	253.75
462.192	256.5	0	256.5
462.317	259.25	0	259.25
462.443	245.25	0	245.25
462.568	274	0	274
462.694	268.25	0	268.25
462.819	272	0	272
462.944	259.5	0	259.5
463.07	262.5	0	262.5
463.195	281	0	281
463.321	268	0	268
463.446	269.5	0	269.5
463.571	256.5	0	256.5
463.697	271.25	0	271.25
463.822	281.25	0	281.25
463.947	272.5	0	272.5
464.072	282.5	0	282.5
464.198	291.25	0	291.25
464.323	307.5	0	307.5
464.448	286.5	0	286.5
464.573	305.5	0	305.5
464.698	294.25	0	294.25
464.824	332.5	0	332.5
464.949	425.75	0	425.75
465.074	490.5	0	490.5
465.199	482.75	0	482.75
465.324	430.5	0	430.5
465.449	396.25	0	396.25
465.574	370.75	0	370.75
465.699	341.25	0	341.25
465.824	366.25	0	366.25
465.949	339.75	0	339.75
466.074	345.5	0	345.5
466.199	335.75	0	335.75
466.324	342.5	0	342.5
466.449	314.5	0	314.5
466.574	315.75	0	315.75
466.699	319.75	0	319.75
466.824	320.25	0	320.25
466.949	314.25	0	314.25
467.074	314	0	314
467.199	303.75	0	303.75
467.323	321.25	0	321.25
467.448	337	0	337
467.573	336	0	336
467.698	338.5	0	338.5
467.823	313.25	0	313.25
467.947	310.5	0	310.5
468.072	308.75	0	308.75
468.197	307	0	307
468.322	305.5	0	305.5
468.446	291	0	291
468.571	320.5	0	320.5
468.696	312.25	0	312.25
468.82	297.25	0	297.25
468.945	321.75	0	321.75
469.069	292.75	0	292.75
469.194	314.75	0	314.75
469.319	316.5	0	316.5
469.443	310.5	0	310.5
469.568	309.75	0	309.75
469.692	333.75	0	333.75
469.817	322.25	0	322.25
469.941	338.75	0	338.75
470.066	329.5	0	329.5
470.19	322.75	0	322.75
470.315	351.25	0	351.25
470.439	364.5	0	364.5
470.563	346.25	0	346.25
470.688	335.25	0	335.25
470.812	335.25	0	335.25
470.937	324	0	324
471.061	327	0	327
471.185	332.5	0	332.5
471.31	296.5	0	296.5
471.434	306	0	306
471.558	314.25	0	314.25
471.682	319.5	0	319.5
471.807	305	0	305
471.931	307.75	0	307.75
472.055	318.75	0	318.75
472.179	307	0	307
472.303	298.5	0	298.5
472.428	317.5	0	317.5
472.552	288.75	0	288.75
472.676	323.25	0	323.25
472.8	293.75	0	293.75
472.924	280.75	0	280.75
473.048	296	0	296
473.172	298.75	0	298.75
473.296	330	0	330
473.42	296.25	0	296.25
473.544	297.75	0	297.75
473.668	303	0	303
473.792	281.75	0	281.75
473.916	285.5	0	285.5
474.04	302.5	0	302.5
474.164	302.75	0	302.75
474.288	295.75	0	295.75
474.412	296.75	0	296.75
474.536	306	0	306
474.66	319.75	0	319.75
474.784	324.25	0	324.25
474.908	313.75	0	313.75
475.031	320.75	0	320.75
475.155	301	0	301
475.279	306.75	0	306.75
475.403	308	0	308
475.526	302.25	0	302.25
475.65	316.25	0	316.25
475.774	315.75	0	315.75
475.898	291.25	0	291.25
476.021	288.25	0	288.25
476.145	306.5	0	306.5
476.269	296.5	0	296.5
476.392	292.75	0	292.75
476.516	318	0	318
476.64	325	0	325
476.763	318.5	0	318.5
476.887	324.25	0	324.25
477.01	329.25	0	329.25
477.134	323.5	0	323.5
477.257	310.25	0	310.25
477.381	306.25	0	306.25
477.504	345	0	345
477.628	319	0	319
477.751	326.5	0	326.5
477.875	302	0	302
477.998	315.5	0	315.5
478.122	318.5	0	318.5
478.245	318.25	0	318.25
478.368	331.75	0	331.75
478.492	325.75	0	325.75
478.615	349.25	0	349.25
478.738	321.5	0	321.5
478.862	323	0	323
478.985	329.25	0	329.25
479.108	335.75	0	335.75
479.231	347.5	0	347.5
479.355	339.25	0	339.25
479.478	341.75	0	341.75
479.601	359.5	0	359.5
479.724	328.25	0	328.25
479.848	343.75	0	343.75
479.971	347.5	0	347.5
480.094	324.25	0	324.25
480.217	318.5	0	318.5
480.34	332	0	332
480.463	315.25	0	315.25
480.586	336.75	0	336.75
480.709	341.5	0	341.5
480.832	322.75	0	322.75
480.955	332.25	0	332.25
481.078	325.5	0	325.5
481.201	335.25	0	335.25
481.324	333.25	0	333.25
481.447	312.75	0	312.75
481.57	316.5	0	316.5
481.693	328.5	0	328.5
481.816	335.5	0	335.5
481.939	334.5	0	334.5
482.062	334.25	0	334.25
482.185	320.5	0	320.5
482.307	313.75	0	313.75
482.43	338.5	0	338.5
482.553	322.25	0	322.25
482.676	301	0	301
482.799	329.25	0	329.25
482.921	326.75	0	326.75
483.044	340.25	0	340.25
483.167	324.5	0	324.5
483.29	320.5	0	320.5
483.412	329.5	0	329.5
483.535	312.75	0	312.75
483.658	321	0	321
483.78	318.75	0	318.75
483.903	314	0	314
484.025	326.25	0	326.25
484.148	326.25	0	326.25
484.271	330.5	0	330.5
484.393	333.25	0	333.25
484.516	338	0	338
484.638	324	0	324
484.761	333	0	333
484.883	341	0	341
485.006	342.5	0	342.5
485.128	344.25	0	344.25
485.251	350	0	350
485.373	306.25	0	306.25
485.495	339	0	339
485.618	329	0	329
485.74	317.5	0	317.5
485.863	334.25	0	334.25
485.985	325	0	325
486.107	350.25	0	350.25
486.229	338.5	0	338.5
486.352	340.5	0	340.5
486.474	366.5	0	366.5
486.596	336.25	0	336.25
486.719	374.5	0	374.5
486.841	327	0	327
486.963	351.25	0	351.25
487.085	347.5	0	347.5
487.207	342	0	342
487.329	341.5	0	341.5
487.452	327	0	327
487.574	334	0	334
487.696	316.25	0	316.25
487.818	319.25	0	319.25
487.94	320.75	0	320.75
488.062	317.75	0	317.75
488.184	333	0	333
488.306	342	0	342
488.428	340.5	0	340.5
488.55	337.25	0	337.25
488.672	328.75	0	328.75
488.794	324.75	0	324.75
488.916	324.5	0	324.5
489.038	322.5	0	322.5
489.16	312.5	0	312.5
489.281	327.75	0	327.75
489.403	311.75	0	311.75
489.525	317.5	0	317.5
489.647	331.25	0	331.25
489.769	328	0	328
489.891	343.75	0	343.75
490.012	329.25	0	329.25
490.134	326.25	0	326.25
490.256	329	0	329
490.378	312	0	312
490.499	344.25	0	344.25
490.621	319	0	319
490.743	319	0	319
490.864	326	0	326
490.986	328.25	0	328.25
491.108	310	0	310
491.229	327.25	0	327.25
491.351	310	0	310
491.472	309.25	0	309.25
491.594	320.5	0	320.5
491.715	320.75	0	320.75
491.837	354	0	354
491.958	319.25	0	319.25
492.08	306.5	0	306.5
492.201	326	0	326
492.323	332.75	0	332.75
492.444	322.25	0	322.25
492.566	329.5	0	329.5
492.687	325.5	0	325.5
492.808	327.5	0	327.5
492.93	300.25	0	300.25
493.051	312	0	312
493.172	322.5	0	322.5
493.294	300.75	0	300.75
493.415	320	0	320
493.536	319	0	319
493.658	303.25	0	303.25
493.779	327.75	0	327.75
493.9	315.25	0	315.25
494.021	292	0	292
494.143	312.25	0	312.25
494.264	304.5	0	304.5
494.385	310.75	0	310.75
494.506	308	0	308
494.627	310.75	0	310.75
494.748	308	0	308
494.869	310	0	310
494.99	317.75	0	317.75
495.111	293.75	0	293.75
495.232	305.25	0	305.25
495.353	297.75	0	297.75
495.475	291.5	0	291.5
495.595	309.75	0	309.75
495.716	313.25	0	313.25
495.837	296	0	296
495.958	302.75	0	302.75
496.079	332	0	332
496.2	314.25	0	314.25
496.321	322	0	322
496.442	341	0	341
496.563	309.25	0	309.25
496.684	301	0	301
496.804	302	0	302
496.925	313.5	0	313.5
497.046	308.75	0	308.75
497.167	293	0	293
497.287	309.25	0	309.25
497.408	300.5	0	300.5
497.529	292	0	292
497.65	310.25	0	310.25
497.77	313.75	0	313.75
497.891	302.5	0	302.5
498.012	295.5	0	295.5
498.132	299	0	299
498.253	334	0	334
498.373	326.75	0	326.75
498.494	307.5	0	307.5
498.614	308.25	0	308.25
498.735	298.75	0	298.75
498.856	324.5	0	324.5
498.976	296.25	0	296.25
499.096	307.75	0	307.75
499.217	311.5	0	311.5
499.337	315.75	0	315.75
499.458	316	0	316
499.578	305.5	0	305.5
499.699	337.75	0	337.75
499.819	311.75	0	311.75
499.939	316.75	0	316.75
500.06	330	0	330
500.18	311	0	311
500.3	320.25	0	320.25
500.421	321.25	0	321.25
500.541	305.25	0	305.25
500.661	294.25	0	294.25
500.781	327.5	0	327.5
500.902	317.5	0	317.5
501.022	326.5	0	326.5
501.142	313.5	0	313.5
501.262	320.5	0	320.5
501.382	323.5	0	323.5
501.502	327.75	0	327.75
501.623	327.5	0	327.5
501.743	345.25	0	345.25
501.863	325	0	325
501.983	334.75	0	334.75
502.103	323.25	0	323.25
502.223	336.75	0	336.75
502.343	332.5	0	332.5
502.463	339	0	339
502.583	329.25	0	329.25
502.703	314.5	0	314.5
502.823	327.25	0	327.25
502.943	342.75	0	342.75
503.063	312.25	0	312.25
503.182	328.5	0	328.5
503.302	348.5	0	348.5
503.422	339.5	0	339.5
503.542	336.25	0	336.25
503.662	350.5	0	350.5
503.782	343	0	343
503.901	325.75	0	325.75
504.021	349	0	349
504.141	322.5	0	322.5
504.261	317	0	317
504.38	316	0	316
504.5	304.25	0	304.25
504.62	320.5	0	320.5
504.739	324.5	0	324.5
504.859	326	0	326
504.979	325.75	0	325.75
505.098	327	0	327
505.218	306	0	306
505.338	318.75	0	318.75
505.457	330.25	0	330.25
505.577	341.75	0	341.75
505.696	320.75	0	320.75
505.816	337.5	0	337.5
505.935	342.75	0	342.75
506.055	340.5	0	340.5
506.174	305.75	0	305.75
506.293	327.75	0	327.75
506.413	320.5	0	320.5
506.532	333.75	0	333.75
506.652	331.5	0	331.5
506.771	324.25	0	324.25
506.89	350.25	0	350.25
507.01	345.75	0	345.75
507.129	352.75	0	352.75
507.248	353.25	0	353.25
507.368	348.5	0	348.5
507.487	359	0	359
507.606	387.25	0	387.25
507.725	380.25	0	380.25
507.844	344	0	344
507.964	361.25	0	361.25
508.083	388.25	0	388.25
508.202	367	0	367
508.321	359.5	0	359.5
508.44	376.5	0	376.5
508.559	361.5	0	361.5
508.678	358	0	358
508.797	371.25	0	371.25
508.916	382.25	0	382.25
509.035	363	0	363
509.154	387.25	0	387.25
509.273	415.75	0	415.75
509.392	417	0	417
509.511	438	0	438
509.63	445.5	0	445.5
509.749	473	0	473
509.868	544.25	0	544.25
509.987	589.75	0	589.75
510.106	696.5	0	696.5
510.225	967.5	0	967.5
510.344	1554	0	1554
510.462	2122	0	2122
510.581	1548.25	0	1548.25
510.7	1020.5	0	1020.5
510.819	779.75	0	779.75
510.937	642.25	0	642.25
511.056	570.5	0	570.5
511.175	511.5	0	511.5
511.294	485.25	0	485.25
511.412	478.75	0	478.75
511.531	450	0	450
511.649	449	0	449
511.768	456.25	0	456.25
511.887	447	0	447
512.005	424.75	0	424.75
512.124	425.75	0	425.75
512.242	408	0	408
512.361	425	0	425
512.479	401.5	0	401.5
512.598	419.25	0	419.25
512.716	406.25	0	406.25
512.835	421.25	0	421.25
512.953	447.5	0	447.5
513.072	397.5	0	397.5
513.19	406	0	406
513.308	447.5	0	447.5
513.427	431	0	431
513.545	432.5	0	432.5
513.664	443.75	0	443.75
513.782	487.75	0	487.75
513.9	473.25	0	473.25
514.018	499.25	0	499.25
514.137	520.25	0	520.25
514.255	534.75	0	534.75
514.373	568.75	0	568.75
514.491	606	0	606
514.609	620	0	620
514.728	635	0	635
514.846	682.75	0	682.75
514.964	787.25	0	787.25
515.082	849	0	849
515.2	904.25	0	904.25
515.318	786.5	0	786.5
515.436	700.75	0	700.75
515.554	613.5	0	613.5
515.672	544.25	0	544.25
515.79	506	0	506
515.908	547	0	547
516.026	497.25	0	497.25
516.144	479.5	0	479.5
516.262	492.5	0	492.5
516.38	469.75	0	469.75
516.498	465	0	465
516.616	459	0	459
516.734	442.75	0	442.75
516.852	421	0	421
516.969	417.75	0	417.75
517.087	414.75	0	414.75
517.205	434.5	0	434.5
517.323	418.25	0	418.25
517.44	404	0	404
517.558	401.25	0	401.25
517.676	403.75	0	403.75
517.794	423	0	423
517.911	415.5	0	415.5
518.029	415.75	0	415.75
518.147	417.5	0	417.5
518.264	427.75	0	427.75
518.382	432.5	0	432.5
518.5	420.5	0	420.5
518.617	421.25	0	421.25
518.735	416.5	0	416.5
518.852	392.25	0	392.25
518.97	409	0	409
519.087	459.25	0	459.25
519.205	436.5	0	436.5
519.322	453.25	0	453.25
519.44	438	0	438
519.557	459	0	459
519.674	455.5	0	455.5
519.792	456.25	0	456.25
519.909	496	0	496
520.026	506.5	0	506.5
520.144	519.75	0	519.75
520.261	518.75	0	518.75
520.378	540	0	540
520.496	566.5	0	566.5
520.613	580.5	0	580.5
520.73	623.25	0	623.25
520.847	644.25	0	644.25
520.965	672	0	672
521.082	688	0	688
521.199	774.75	0	774.75
521.316	815	0	815
521.433	899	0	899
521.55	1009.75	0	1009.75
521.667	1153	0	1153
521.785	1076.25	0	1076.25
521.902	904.5	0	904.5
522.019	771.75	0	771.75
522.136	697.25	0	697.25
522.253	643.25	0	643.25
522.37	609.5	0	609.5
522.487	543	0	543
522.604	538.75	0	538.75
522.721	528	0	528
522.838	507	0	507
522.954	485.5	0	485.5
523.071	436	0	436
523.188	442.75	0	442.75
523.305	456.5	0	456.5
523.422	398.75	0	398.75
523.539	427.25	0	427.25
523.655	431.75	0	431.75
523.772	408.75	0	408.75
523.889	395	0	395
524.006	406.75	0	406.75
524.122	386.5	0	386.5
524.239	396.75	0	396.75
524.356	365.25	0	365.25
524.472	376	0	376
524.589	352.75	0	352.75
524.706	347.25	0	347.25
524.822	364.75	0	364.75
524.939	361	0	361
525.055	348.75	0	348.75
525.172	336.75	0	336.75
525.289	367.5	0	367.5
525.405	335.75	0	335.75
525.522	343.75	0	343.75
525.638	349.75	0	349.75
525.754	323.75	0	323.75
525.871	333.75	0	333.75
525.987	337.75	0	337.75
526.104	327.75	0	327.75
526.22	317.25	0	317.25
526.336	334.25	0	334.25
526.453	309.75	0	309.75
526.569	312.25	0	312.25
526.685	294.75	0	294.75
526.802	321	0	321
526.918	318	0	318
527.034	315.25	0	315.25
527.151	297.5	0	297.5
527.267	295.25	0	295.25
527.383	302.75	0	302.75
527.499	281.5	0	281.5
527.615	285	0	285
527.732	305.25	0	305.25
527.848	303.5	0	303.5
527.964	321.25	0	321.25
528.08	316.5	0	316.5
528.196	303.5	0	303.5
528.312	296.5	0	296.5
528.428	296.25	0	296.25
528.544	300.5	0	300.5
528.66	309.25	0	309.25
528.776	310	0	310
528.892	303.75	0	303.75
529.008	304.5	0	304.5
529.124	337.25	0	337.25
529.24	340	0	340
529.356	347.5	0	347.5
529.471	340.75	0	340.75
529.587	331.75	0	331.75
529.703	306.5	0	306.5
529.819	324.5	0	324.5
529.935	293	0	293
530.05	286.75	0	286.75
530.166	296.75	0	296.75
530.282	290.75	0	290.75
530.398	290	0	290
530.513	285.5	0	285.5
530.629	287.25	0	287.25
530.745	281.75	0	281.75
530.86	283.25	0	283.25
530.976	284	0	284
531.092	272	0	272
531.207	290	0	290
531.323	283.75	0	283.75
531.438	276.5	0	276.5
531.554	274.25	0	274.25
531.669	263.5	0	263.5
531.785	279.25	0	279.25
531.9	275.75	0	275.75
532.016	283	0	283
532.131	270	0	270
532.247	270	0	270
532.362	272	0	272
532.477	271.25	0	271.25
532.593	272.5	0	272.5
532.708	266.25	0	266.25
532.823	275	0	275
532.939	261.25	0	261.25
533.054	263	0	263
533.169	259	0	259
533.285	261	0	261
533.4	270.75	0	270.75
533.515	268	0	268
533.63	276.25	0	276.25
533.745	249	0	249
533.861	260.75	0	260.75
533.976	245.25	0	245.25
534.091	270.25	0	270.25
534.206	261	0	261
534.321	241.75	0	241.75
534.436	259.75	0	259.75
534.551	253.5	0	253.5
534.666	263	0	263
534.781	249.25	0	249.25
534.896	267.75	0	267.75
535.011	264.25	0	264.25
535.126	257.25	0	257.25
535.241	237.25	0	237.25
535.356	267	0	267
535.471	265.75	0	265.75
535.586	259	0	259
535.701	261	0	261
535.815	256	0	256
535.93	267.75	0	267.75
536.045	250.75	0	250.75
536.16	270.25	0	270.25