Lambda	Spectrum	Dark	SpecMinusDark
268.175	70.75	0	70.75
268.319	74.75	0	74.75
268.463	77	0	77
268.607	64.5	0	64.5
268.751	90.75	0	90.75
268.895	93.25	0	93.25
269.039	80	0	80
269.183	79.75	0	79.75
269.327	88.5	0	88.5
269.47	77.25	0	77.25
269.614	84.75	0	84.75
269.758	80.25	0	80.25
269.902	89.5	0	89.5
270.046	81.5	0	81.5
270.19	103.25	0	103.25
270.334	111.75	0	111.75
270.477	106.75	0	106.75
270.621	120.5	0	120.5
270.765	124.5	0	124.5
270.909	125	0	125
271.053	130	0	130
271.196	131.25	0	131.25
271.34	154	0	154
271.484	168	0	168
271.628	195.25	0	195.25
271.771	264.75	0	264.75
271.915	276.75	0	276.75
272.059	272.25	0	272.25
272.202	231.75	0	231.75
272.346	234.5	0	234.5
272.49	197	0	197
272.634	191.25	0	191.25
272.777	186.75	0	186.75
272.921	178.75	0	178.75
273.064	194	0	194
273.208	235.75	0	235.75
273.352	282.75	0	282.75
273.495	292.25	0	292.25
273.639	292	0	292
273.783	294.25	0	294.25
273.926	306.5	0	306.5
274.07	324.25	0	324.25
274.213	345.75	0	345.75
274.357	330.75	0	330.75
274.5	343.25	0	343.25
274.644	365	0	365
274.787	365.75	0	365.75
274.931	352.75	0	352.75
275.074	305.5	0	305.5
275.218	285.5	0	285.5
275.361	336.75	0	336.75
275.505	322.75	0	322.75
275.648	289.5	0	289.5
275.792	231	0	231
275.935	233	0	233
276.079	209.75	0	209.75
276.222	212.5	0	212.5
276.366	165.5	0	165.5
276.509	193.75	0	193.75
276.652	200.25	0	200.25
276.796	192	0	192
276.939	176	0	176
277.082	192	0	192
277.226	175.25	0	175.25
277.369	175.25	0	175.25
277.513	170.25	0	170.25
277.656	172.75	0	172.75
277.799	165.25	0	165.25
277.942	140.75	0	140.75
278.086	161	0	161
278.229	145.75	0	145.75
278.372	171.75	0	171.75
278.516	203.75	0	203.75
278.659	228.25	0	228.25
278.802	227.25	0	227.25
278.945	164.25	0	164.25
279.089	157	0	157
279.232	183.25	0	183.25
279.375	210.75	0	210.75
279.518	194.5	0	194.5
279.661	209.75	0	209.75
279.805	192.75	0	192.75
279.948	182.75	0	182.75
280.091	170.25	0	170.25
280.234	168.5	0	168.5
280.377	166.25	0	166.25
280.52	159	0	159
280.663	169.25	0	169.25
280.806	126.25	0	126.25
280.95	154.5	0	154.5
281.093	170.25	0	170.25
281.236	216.25	0	216.25
281.379	159.25	0	159.25
281.522	127.5	0	127.5
281.665	133.5	0	133.5
281.808	121	0	121
281.951	122.25	0	122.25
282.094	155	0	155
282.237	168.5	0	168.5
282.38	167.5	0	167.5
282.523	166.25	0	166.25
282.666	153.5	0	153.5
282.809	137.25	0	137.25
282.952	144.5	0	144.5
283.095	187	0	187
283.238	196	0	196
283.381	159.5	0	159.5
283.523	155	0	155
283.666	145.5	0	145.5
283.809	162.75	0	162.75
283.952	157.75	0	157.75
284.095	159.5	0	159.5
284.238	218.75	0	218.75
284.381	222.5	0	222.5
284.524	161.5	0	161.5
284.666	155.25	0	155.25
284.809	139	0	139
284.952	146.75	0	146.75
285.095	171.5	0	171.5
285.238	152.5	0	152.5
285.38	133.75	0	133.75
285.523	129.25	0	129.25
285.666	121	0	121
285.809	138	0	138
285.951	110.5	0	110.5
286.094	132.25	0	132.25
286.237	137.75	0	137.75
286.38	136.75	0	136.75
286.522	140.25	0	140.25
286.665	141	0	141
286.808	146.75	0	146.75
286.95	146.25	0	146.25
287.093	145.5	0	145.5
287.236	141	0	141
287.378	151.75	0	151.75
287.521	145.75	0	145.75
287.663	148.25	0	148.25
287.806	136	0	136
287.949	141.75	0	141.75
288.091	129.25	0	129.25
288.234	144	0	144
288.376	113.5	0	113.5
288.519	110.75	0	110.75
288.661	122.75	0	122.75
288.804	120.75	0	120.75
288.946	116.25	0	116.25
289.089	136	0	136
289.231	151.25	0	151.25
289.374	176.5	0	176.5
289.516	159.25	0	159.25
289.659	138.75	0	138.75
289.801	144.25	0	144.25
289.944	121.75	0	121.75
290.086	142.5	0	142.5
290.229	117.75	0	117.75
290.371	132.25	0	132.25
290.513	131.25	0	131.25
290.656	147.25	0	147.25
290.798	142	0	142
290.941	155.25	0	155.25
291.083	182.75	0	182.75
291.225	150.5	0	150.5
291.368	152.25	0	152.25
291.51	151.75	0	151.75
291.652	184.25	0	184.25
291.795	207.75	0	207.75
291.937	179	0	179
292.079	193	0	193
292.221	200	0	200
292.364	214	0	214
292.506	199	0	199
292.648	218.25	0	218.25
292.79	249.25	0	249.25
292.933	219.75	0	219.75
293.075	185.25	0	185.25
293.217	182.75	0	182.75
293.359	225.25	0	225.25
293.502	292	0	292
293.644	338.5	0	338.5
293.786	267	0	267
293.928	227.5	0	227.5
294.07	221.5	0	221.5
294.212	191.25	0	191.25
294.354	231.5	0	231.5
294.497	278.75	0	278.75
294.639	366.5	0	366.5
294.781	371.5	0	371.5
294.923	282	0	282
295.065	274	0	274
295.207	346.75	0	346.75
295.349	367	0	367
295.491	328	0	328
295.633	334.25	0	334.25
295.775	308.25	0	308.25
295.917	302	0	302
296.059	264.75	0	264.75
296.201	288.75	0	288.75
296.343	376	0	376
296.485	513.25	0	513.25
296.627	549.75	0	549.75
296.769	518.5	0	518.5
296.911	502.75	0	502.75
297.053	508.75	0	508.75
297.195	534	0	534
297.337	457	0	457
297.478	330	0	330
297.62	272	0	272
297.762	272.25	0	272.25
297.904	332.25	0	332.25
298.046	404.25	0	404.25
298.188	510.75	0	510.75
298.33	514.25	0	514.25
298.471	400.25	0	400.25
298.613	340	0	340
298.755	322.25	0	322.25
298.897	310.25	0	310.25
299.038	329.25	0	329.25
299.18	405	0	405
299.322	497.25	0	497.25
299.464	489	0	489
299.605	423.25	0	423.25
299.747	499.5	0	499.5
299.889	620.75	0	620.75
300.031	604	0	604
300.172	454.75	0	454.75
300.314	405.5	0	405.5
300.456	375	0	375
300.597	468.25	0	468.25
300.739	566.25	0	566.25
300.881	501.25	0	501.25
301.022	416	0	416
301.164	345.25	0	345.25
301.305	358.25	0	358.25
301.447	396.5	0	396.5
301.589	491.75	0	491.75
301.73	699.25	0	699.25
301.872	854.75	0	854.75
302.013	900.5	0	900.5
302.155	920	0	920
302.296	772.75	0	772.75
302.438	756.75	0	756.75
302.579	628.75	0	628.75
302.721	500	0	500
302.862	527.25	0	527.25
303.004	483.5	0	483.5
303.145	410.75	0	410.75
303.287	354	0	354
303.428	413.75	0	413.75
303.569	522.25	0	522.25
303.711	525	0	525
303.852	435.5	0	435.5
303.994	436.25	0	436.25
304.135	439.5	0	439.5
304.276	372.5	0	372.5
304.418	419.75	0	419.75
304.559	550.5	0	550.5
304.7	614.25	0	614.25
304.842	460.5	0	460.5
304.983	365	0	365
305.124	322.75	0	322.75
305.266	346.5	0	346.5
305.407	407.5	0	407.5
305.548	560	0	560
305.69	767.75	0	767.75
305.831	707	0	707
305.972	522	0	522
306.113	400.5	0	400.5
306.254	344.75	0	344.75
306.396	367.5	0	367.5
306.537	477.25	0	477.25
306.678	543.25	0	543.25
306.819	422	0	422
306.96	331.5	0	331.5
307.102	290.5	0	290.5
307.243	315.75	0	315.75
307.384	406	0	406
307.525	420.25	0	420.25
307.666	359	0	359
307.807	281.5	0	281.5
307.948	291.75	0	291.75
308.089	304.75	0	304.75
308.23	365	0	365
308.371	340.25	0	340.25
308.513	302.5	0	302.5
308.654	246	0	246
308.795	253.25	0	253.25
308.936	280.75	0	280.75
309.077	334	0	334
309.218	319.5	0	319.5
309.359	286.75	0	286.75
309.499	288.75	0	288.75
309.64	344.75	0	344.75
309.781	495.25	0	495.25
309.922	630.5	0	630.5
310.063	531	0	531
310.204	394.25	0	394.25
310.345	319.5	0	319.5
310.486	259.5	0	259.5
310.627	270.5	0	270.5
310.768	245.25	0	245.25
310.909	239.75	0	239.75
311.049	232	0	232
311.19	267.5	0	267.5
311.331	256.5	0	256.5
311.472	264.25	0	264.25
311.613	275.75	0	275.75
311.753	298.25	0	298.25
311.894	296.5	0	296.5
312.035	260	0	260
312.176	254	0	254
312.316	268	0	268
312.457	285.5	0	285.5
312.598	297.5	0	297.5
312.739	264.25	0	264.25
312.879	251.25	0	251.25
313.02	246.75	0	246.75
313.161	267	0	267
313.301	259.5	0	259.5
313.442	253.25	0	253.25
313.583	265.5	0	265.5
313.723	259	0	259
313.864	248.75	0	248.75
314.005	282	0	282
314.145	262.5	0	262.5
314.286	296	0	296
314.426	295.75	0	295.75
314.567	295	0	295
314.707	294.25	0	294.25
314.848	286.5	0	286.5
314.989	294.25	0	294.25
315.129	309	0	309
315.27	298.75	0	298.75
315.41	326.75	0	326.75
315.551	338.5	0	338.5
315.691	322.75	0	322.75
315.831	337.25	0	337.25
315.972	347.5	0	347.5
316.112	321.25	0	321.25
316.253	332.5	0	332.5
316.393	336.25	0	336.25
316.534	344.25	0	344.25
316.674	350.5	0	350.5
316.814	356.75	0	356.75
316.955	332	0	332
317.095	370.75	0	370.75
317.236	340.5	0	340.5
317.376	372	0	372
317.516	395.75	0	395.75
317.656	403.75	0	403.75
317.797	419.25	0	419.25
317.937	440.5	0	440.5
318.077	407.25	0	407.25
318.218	385.5	0	385.5
318.358	398.25	0	398.25
318.498	403.25	0	403.25
318.638	392.5	0	392.5
318.779	459.75	0	459.75
318.919	491	0	491
319.059	499.25	0	499.25
319.199	552	0	552
319.34	517	0	517
319.48	532.75	0	532.75
319.62	556.75	0	556.75
319.76	540	0	540
319.9	543.25	0	543.25
320.04	502.75	0	502.75
320.18	527	0	527
320.32	515.75	0	515.75
320.461	528.25	0	528.25
320.601	574.5	0	574.5
320.741	599	0	599
320.881	667.25	0	667.25
321.021	712.5	0	712.5
321.161	748	0	748
321.301	791	0	791
321.441	743.75	0	743.75
321.581	716.75	0	716.75
321.721	745	0	745
321.861	774.25	0	774.25
322.001	789.75	0	789.75
322.141	748.5	0	748.5
322.281	764.25	0	764.25
322.421	779.25	0	779.25
322.561	761	0	761
322.7	721.5	0	721.5
322.84	676	0	676
322.98	665.25	0	665.25
323.12	659.5	0	659.5
323.26	676.25	0	676.25
323.4	586	0	586
323.54	561.25	0	561.25
323.68	501.5	0	501.5
323.819	526	0	526
323.959	477.5	0	477.5
324.099	495.25	0	495.25
324.239	482	0	482
324.379	479.5	0	479.5
324.518	504.25	0	504.25
324.658	524.5	0	524.5
324.798	487	0	487
324.937	439.25	0	439.25
325.077	496.5	0	496.5
325.217	530.75	0	530.75
325.357	545.5	0	545.5
325.496	483.25	0	483.25
325.636	442.5	0	442.5
325.776	411	0	411
325.915	423.75	0	423.75
326.055	382	0	382
326.195	423	0	423
326.334	456	0	456
326.474	481.75	0	481.75
326.613	448.5	0	448.5
326.753	429.25	0	429.25
326.892	454.25	0	454.25
327.032	465.25	0	465.25
327.172	445.5	0	445.5
327.311	397	0	397
327.451	391.25	0	391.25
327.59	407.5	0	407.5
327.73	448.75	0	448.75
327.869	477.5	0	477.5
328.009	496.75	0	496.75
328.148	461	0	461
328.288	486.5	0	486.5
328.427	539.25	0	539.25
328.566	634.5	0	634.5
328.706	601.75	0	601.75
328.845	536.75	0	536.75
328.985	527	0	527
329.124	552.75	0	552.75
329.263	470	0	470
329.403	430	0	430
329.542	429.75	0	429.75
329.681	415.75	0	415.75
329.821	413.25	0	413.25
329.96	416.25	0	416.25
330.099	417.75	0	417.75
330.239	487	0	487
330.378	658.75	0	658.75
330.517	824.75	0	824.75
330.656	770	0	770
330.796	582.5	0	582.5
330.935	508.25	0	508.25
331.074	491	0	491
331.213	458.25	0	458.25
331.352	473.25	0	473.25
331.492	461	0	461
331.631	437.75	0	437.75
331.77	393.25	0	393.25
331.909	394.25	0	394.25
332.048	417.5	0	417.5
332.187	417.75	0	417.75
332.327	461.25	0	461.25
332.466	409.25	0	409.25
332.605	415.5	0	415.5
332.744	444.5	0	444.5
332.883	417.25	0	417.25
333.022	393.25	0	393.25
333.161	374.5	0	374.5
333.3	385.5	0	385.5
333.439	398	0	398
333.578	388.75	0	388.75
333.717	395	0	395
333.856	410.5	0	410.5
333.995	405	0	405
334.134	388.25	0	388.25
334.273	364.75	0	364.75
334.412	356.75	0	356.75
334.551	358	0	358
334.69	370.25	0	370.25
334.828	364.5	0	364.5
334.967	371	0	371
335.106	390.75	0	390.75
335.245	417.25	0	417.25
335.384	423.5	0	423.5
335.523	420.5	0	420.5
335.662	400.75	0	400.75
335.8	372	0	372
335.939	377.5	0	377.5
336.078	354.5	0	354.5
336.217	391	0	391
336.356	389	0	389
336.494	441.75	0	441.75
336.633	482	0	482
336.772	576.5	0	576.5
336.911	663.75	0	663.75
337.049	634.25	0	634.25
337.188	496	0	496
337.327	439.25	0	439.25
337.465	438.5	0	438.5
337.604	480.75	0	480.75
337.743	543.25	0	543.25
337.881	562.75	0	562.75
338.02	552.25	0	552.25
338.158	535	0	535
338.297	512.5	0	512.5
338.436	493.5	0	493.5
338.574	467.5	0	467.5
338.713	475	0	475
338.851	501.75	0	501.75
338.99	591	0	591
339.128	704.5	0	704.5
339.267	679	0	679
339.405	630.75	0	630.75
339.544	621.25	0	621.25
339.682	686.25	0	686.25
339.821	770.5	0	770.5
339.959	817.75	0	817.75
340.098	833.25	0	833.25
340.236	915.75	0	915.75
340.375	1045	0	1045
340.513	1297	0	1297
340.651	1566.75	0	1566.75
340.79	1482.75	0	1482.75
340.928	1469.25	0	1469.25
341.067	1639.25	0	1639.25
341.205	1800.75	0	1800.75
341.343	1851.5	0	1851.5
341.482	1853.25	0	1853.25
341.62	1927.75	0	1927.75
341.758	1875.5	0	1875.5
341.897	1650	0	1650
342.035	1465.5	0	1465.5
342.173	1432.75	0	1432.75
342.311	1430.25	0	1430.25
342.45	1494.5	0	1494.5
342.588	1647.75	0	1647.75
342.726	1476	0	1476
342.864	1162.75	0	1162.75
343.002	929.25	0	929.25
343.141	868.5	0	868.5
343.279	851	0	851
343.417	895.25	0	895.25
343.555	960.5	0	960.5
343.693	1306.5	0	1306.5
343.831	1919.5	0	1919.5
343.969	2568.25	0	2568.25
344.108	2341.25	0	2341.25
344.246	1950.5	0	1950.5
344.384	1630	0	1630
344.522	1248.5	0	1248.5
344.66	1015.75	0	1015.75
344.798	913	0	913
344.936	973.5	0	973.5
345.074	914.75	0	914.75
345.212	876	0	876
345.35	800.25	0	800.25
345.488	743.25	0	743.25
345.626	738.5	0	738.5
345.764	755.5	0	755.5
345.902	799.25	0	799.25
346.04	772.25	0	772.25
346.178	823.5	0	823.5
346.315	1040	0	1040
346.453	1395.5	0	1395.5
346.591	1250.25	0	1250.25
346.729	994.5	0	994.5
346.867	928	0	928
347.005	931.75	0	931.75
347.143	1017.5	0	1017.5
347.28	1358	0	1358
347.418	1899.5	0	1899.5
347.556	1839.25	0	1839.25
347.694	1332	0	1332
347.832	1004	0	1004
347.969	902.25	0	902.25
348.107	849.5	0	849.5
348.245	860.25	0	860.25
348.382	915.75	0	915.75
348.52	950.25	0	950.25
348.658	993.5	0	993.5
348.796	1367	0	1367
348.933	1814.5	0	1814.5
349.071	1479.5	0	1479.5
349.209	1135	0	1135
349.346	1034.5	0	1034.5
349.484	1174.25	0	1174.25
349.621	1366.5	0	1366.5
349.759	1245.5	0	1245.5
349.897	1013.75	0	1013.75
350.034	866	0	866
350.172	858.25	0	858.25
350.309	828	0	828
350.447	912.5	0	912.5
350.584	866.75	0	866.75
350.722	908.25	0	908.25
350.859	1000.5	0	1000.5
350.997	969.75	0	969.75
351.134	1172.5	0	1172.5
351.272	1411	0	1411
351.409	1193	0	1193
351.547	1160.5	0	1160.5
351.684	1065.25	0	1065.25
351.822	1219	0	1219
351.959	1568.25	0	1568.25
352.096	1678.25	0	1678.25
352.234	1530	0	1530
352.371	1758.25	0	1758.25
352.508	1940.75	0	1940.75
352.646	1640.75	0	1640.75
352.783	1468	0	1468
352.92	1422.25	0	1422.25
353.058	1397.5	0	1397.5
353.195	1440.5	0	1440.5
353.332	1426.25	0	1426.25
353.469	1442.75	0	1442.75
353.607	1514	0	1514
353.744	1536	0	1536
353.881	1561	0	1561
354.018	1709.75	0	1709.75
354.156	1649.25	0	1649.25
354.293	1567.75	0	1567.75
354.43	1523.25	0	1523.25
354.567	1533.25	0	1533.25
354.704	1468.25	0	1468.25
354.841	1495.25	0	1495.25
354.979	1576.75	0	1576.75
355.116	1807.75	0	1807.75
355.253	2152	0	2152
355.39	2200.75	0	2200.75
355.527	2240	0	2240
355.664	2551.5	0	2551.5
355.801	2677.75	0	2677.75
355.938	2215.25	0	2215.25
356.075	2164.75	0	2164.75
356.212	2679.75	0	2679.75
356.349	3623.5	0	3623.5
356.486	4096	0	4096
356.623	3922.5	0	3922.5
356.76	4546.5	0	4546.5
356.897	5239.25	0	5239.25
357.034	4574.5	0	4574.5
357.171	3699.25	0	3699.25
357.308	3241.5	0	3241.5
357.445	3022	0	3022
357.582	2999.75	0	2999.75
357.718	3550	0	3550
357.855	4681.75	0	4681.75
357.992	5587	0	5587
358.129	5710.25	0	5710.25
358.266	5273.75	0	5273.75
358.403	5291.75	0	5291.75
358.539	4927.25	0	4927.25
358.676	3939.75	0	3939.75
358.813	3032.5	0	3032.5
358.95	2514	0	2514
359.086	2315.25	0	2315.25
359.223	2052.75	0	2052.75
359.36	1966.25	0	1966.25
359.497	1858	0	1858
359.633	1791.75	0	1791.75
359.77	1828.25	0	1828.25
359.907	1829.25	0	1829.25
360.043	2101.25	0	2101.25
360.18	2402.75	0	2402.75
360.317	2932	0	2932
360.453	3682.5	0	3682.5
360.59	4431.25	0	4431.25
360.727	4865.5	0	4865.5
360.863	4558.5	0	4558.5
361	3457.25	0	3457.25
361.136	2748	0	2748
361.273	2573.5	0	2573.5
361.409	2626.5	0	2626.5
361.546	3293.5	0	3293.5
361.682	4614.75	0	4614.75
361.819	5054.75	0	5054.75
361.955	4450.5	0	4450.5
362.092	3946	0	3946
362.228	3179	0	3179
362.365	2587.25	0	2587.25
362.501	2322.5	0	2322.5
362.638	2365.5	0	2365.5
362.774	2856.75	0	2856.75
362.91	3987.25	0	3987.25
363.047	5188.25	0	5188.25
363.183	4412	0	4412
363.319	3211.5	0	3211.5
363.456	2702.25	0	2702.25
363.592	2604.25	0	2604.25
363.728	2600.5	0	2600.5
363.865	2533.25	0	2533.25
364.001	2443.5	0	2443.5
364.137	2172.75	0	2172.75
364.274	2247	0	2247
364.41	2775	0	2775
364.546	3976.5	0	3976.5
364.682	5083	0	5083
364.819	4656.25	0	4656.25
364.955	3804.25	0	3804.25
365.091	3166.25	0	3166.25
365.227	2375	0	2375
365.363	2021.75	0	2021.75
365.499	1790.75	0	1790.75
365.636	1656.5	0	1656.5
365.772	1603.25	0	1603.25
365.908	1552.75	0	1552.75
366.044	1456.5	0	1456.5
366.18	1437.25	0	1437.25
366.316	1373	0	1373
366.452	1390.5	0	1390.5
366.588	1480	0	1480
366.724	1691	0	1691
366.86	1939.75	0	1939.75
366.996	1762.25	0	1762.25
367.132	1613	0	1613
367.268	1625.75	0	1625.75
367.404	1861.75	0	1861.75
367.54	2250.75	0	2250.75
367.676	2757.25	0	2757.25
367.812	2845.25	0	2845.25
367.948	2728.5	0	2728.5
368.084	2467.25	0	2467.25
368.22	2557.5	0	2557.5
368.356	2654	0	2654
368.492	2834.25	0	2834.25
368.627	3379.5	0	3379.5
368.763	2895.25	0	2895.25
368.899	2365.5	0	2365.5
369.035	2090.25	0	2090.25
369.171	1995.5	0	1995.5
369.306	2069	0	2069
369.442	1978	0	1978
369.578	1868.5	0	1868.5
369.714	1768	0	1768
369.85	1807	0	1807
369.985	1917.25	0	1917.25
370.121	2082.25	0	2082.25
370.257	2633.5	0	2633.5
370.392	3391.25	0	3391.25
370.528	3646.75	0	3646.75
370.664	3937.25	0	3937.25
370.799	4280	0	4280
370.935	3435.5	0	3435.5
371.071	2556.5	0	2556.5
371.206	2261	0	2261
371.342	2183.5	0	2183.5
371.477	2621.75	0	2621.75
371.613	3343	0	3343
371.749	4843	0	4843
371.884	6253.25	0	6253.25
372.02	6117.5	0	6117.5
372.155	5098.25	0	5098.25
372.291	4062.75	0	4062.75
372.426	3678.75	0	3678.75
372.562	4180.25	0	4180.25
372.697	4683	0	4683
372.833	4165.25	0	4165.25
372.968	4476.75	0	4476.75
373.103	5912	0	5912
373.239	7667.5	0	7667.5
373.374	8661.75	0	8661.75
373.51	8686	0	8686
373.645	7760.5	0	7760.5
373.78	6182.75	0	6182.75
373.916	5026.5	0	5026.5
374.051	4829.25	0	4829.25
374.186	5767.25	0	5767.25
374.322	6686	0	6686
374.457	7008	0	7008
374.592	7436	0	7436
374.728	8122.75	0	8122.75
374.863	8130	0	8130
374.998	6584.75	0	6584.75
375.133	5009.25	0	5009.25
375.268	4285.25	0	4285.25
375.404	4128.25	0	4128.25
375.539	5253.75	0	5253.75
375.674	6859.25	0	6859.25
375.809	6734.25	0	6734.25
375.944	5315	0	5315
376.08	5040.25	0	5040.25
376.215	6294.25	0	6294.25
376.35	6811.75	0	6811.75
376.485	6733	0	6733
376.62	6402.25	0	6402.25
376.755	4585.5	0	4585.5
376.89	3315.75	0	3315.75
377.025	2629.75	0	2629.75
377.16	2201.25	0	2201.25
377.295	2073.5	0	2073.5
377.43	1940.5	0	1940.5
377.565	1871.75	0	1871.75
377.7	1800.5	0	1800.5
377.835	1741	0	1741
377.97	1698.5	0	1698.5
378.105	1646	0	1646
378.24	1731	0	1731
378.375	2019	0	2019
378.51	2714.25	0	2714.25
378.645	3444.5	0	3444.5
378.78	3181.75	0	3181.75
378.914	2587.25	0	2587.25
379.049	2399.75	0	2399.75
379.184	2684.5	0	2684.5
379.319	3746.5	0	3746.5
379.454	4099.75	0	4099.75
379.589	4169.75	0	4169.75
379.723	4854.75	0	4854.75
379.858	4710.5	0	4710.5
379.993	3551	0	3551
380.128	2845.5	0	2845.5
380.262	2938.75	0	2938.75
380.397	3635.5	0	3635.5
380.532	3953	0	3953
380.666	3544.25	0	3544.25
380.801	3095.5	0	3095.5
380.936	3111.5	0	3111.5
381.07	3893.5	0	3893.5
381.205	5105.25	0	5105.25
381.34	6439.5	0	6439.5
381.474	7775	0	7775
381.609	7715.5	0	7715.5
381.744	7802.5	0	7802.5
381.878	9321.5	0	9321.5
382.013	9586	0	9586
382.147	8333.75	0	8333.75
382.282	8758	0	8758
382.416	9848.5	0	9848.5
382.551	10068	0	10068
382.685	9301.25	0	9301.25
382.82	7308.5	0	7308.5
382.954	5819.25	0	5819.25
383.089	5386.5	0	5386.5
383.223	6744.25	0	6744.25
383.357	7242.75	0	7242.75
383.492	5658.5	0	5658.5
383.626	4694.25	0	4694.25
383.761	5524	0	5524
383.895	7564.75	0	7564.75
384.029	7893.25	0	7893.25
384.164	6044.5	0	6044.5
384.298	4620	0	4620
384.432	3855.75	0	3855.75
384.567	3579.25	0	3579.25
384.701	3587.25	0	3587.25
384.835	4405.5	0	4405.5
384.97	4188.75	0	4188.75
385.104	3182.25	0	3182.25
385.238	2892.75	0	2892.75
385.372	3581.5	0	3581.5
385.506	4814	0	4814
385.641	5005.25	0	5005.25
385.775	6395.25	0	6395.25
385.909	6768.25	0	6768.25
386.043	4985	0	4985
386.177	3436.75	0	3436.75
386.311	3388.25	0	3388.25
386.446	3830	0	3830
386.58	3131.75	0	3131.75
386.714	2588.25	0	2588.25
386.848	2343	0	2343
386.982	2794.5	0	2794.5
387.116	3867.75	0	3867.75
387.25	3436.25	0	3436.25
387.384	2803.25	0	2803.25
387.518	3110.75	0	3110.75
387.652	4763	0	4763
387.786	4890.75	0	4890.75
387.92	3127.25	0	3127.25
388.054	2374.5	0	2374.5
388.188	2440	0	2440
388.322	3297.75	0	3297.75
388.456	5203.5	0	5203.5
388.59	5965	0	5965
388.723	4911.5	0	4911.5
388.857	3621.25	0	3621.25
388.991	2698.5	0	2698.5
389.125	2480	0	2480
389.259	2600.75	0	2600.75
389.393	3128	0	3128
389.526	3028.75	0	3028.75
389.66	3010.5	0	3010.5
389.794	3417.25	0	3417.25
389.928	3296.75	0	3296.75
390.062	3116.25	0	3116.25
390.195	3735.25	0	3735.25
390.329	3173.5	0	3173.5
390.463	2575.5	0	2575.5
390.596	2267.5	0	2267.5
390.73	1849	0	1849
390.864	1631.25	0	1631.25
390.997	1486.5	0	1486.5
391.131	1381	0	1381
391.265	1431	0	1431
391.398	1521.25	0	1521.25
391.532	1815	0	1815
391.665	2141.5	0	2141.5
391.799	2601.75	0	2601.75
391.933	2882.75	0	2882.75
392.066	2814.5	0	2814.5
392.2	2893.25	0	2893.25
392.333	2290.5	0	2290.5
392.467	2213.5	0	2213.5
392.6	2931.75	0	2931.75
392.734	3429	0	3429
392.867	3576.5	0	3576.5
393.001	2838.5	0	2838.5
393.134	1996.5	0	1996.5
393.267	1622.5	0	1622.5
393.401	1507.25	0	1507.25
393.534	1490	0	1490
393.668	1385.5	0	1385.5
393.801	1243.5	0	1243.5
393.934	1313	0	1313
394.068	1346.25	0	1346.25
394.201	1459.75	0	1459.75
394.334	1511.5	0	1511.5
394.468	1468	0	1468
394.601	1556.75	0	1556.75
394.734	1858	0	1858
394.867	2016.5	0	2016.5
395.001	1945	0	1945
395.134	1867.25	0	1867.25
395.267	1764.75	0	1764.75
395.4	1973.25	0	1973.25
395.533	2514	0	2514
395.667	2236.75	0	2236.75
395.8	1788	0	1788
395.933	1653.5	0	1653.5
396.066	1704.5	0	1704.5
396.199	1625.25	0	1625.25
396.332	1768.75	0	1768.75
396.465	1973.75	0	1973.75
396.598	2601	0	2601
396.732	3811	0	3811
396.865	4074	0	4074
396.998	2893.5	0	2893.5
397.131	2060.25	0	2060.25
397.264	1722.75	0	1722.75
397.397	1623.75	0	1623.75
397.53	1665.75	0	1665.75
397.663	1752.5	0	1752.5
397.796	1494.75	0	1494.75
397.928	1357.25	0	1357.25
398.061	1451	0	1451
398.194	1452.25	0	1452.25
398.327	1511	0	1511
398.46	1455.75	0	1455.75
398.593	1378.75	0	1378.75
398.726	1249.75	0	1249.75
398.859	1212.75	0	1212.75
398.991	1252.75	0	1252.75
399.124	1168	0	1168
399.257	1234.25	0	1234.25
399.39	1360	0	1360
399.523	1793.75	0	1793.75
399.655	2167	0	2167
399.788	1854.25	0	1854.25
399.921	1548.75	0	1548.75
400.054	1552.25	0	1552.25
400.186	1796.5	0	1796.5
400.319	2845.25	0	2845.25
400.452	3373.25	0	3373.25
400.584	2510.75	0	2510.75
400.717	1934.75	0	1934.75
400.85	1738	0	1738
400.982	1562.75	0	1562.75
401.115	1483	0	1483
401.247	1636.5	0	1636.5
401.38	1707.75	0	1707.75
401.513	1497.25	0	1497.25
401.645	1486.75	0	1486.75
401.778	1455.75	0	1455.75
401.91	1413.5	0	1413.5
402.043	1661	0	1661
402.175	1543	0	1543
402.308	1428	0	1428
402.44	1384.75	0	1384.75
402.573	1399.5	0	1399.5
402.705	1481.25	0	1481.25
402.837	2110.75	0	2110.75
402.97	2780.25	0	2780.25
403.102	2761	0	2761
403.235	2748	0	2748
403.367	2471.75	0	2471.75
403.499	1995.25	0	1995.25
403.632	1866.25	0	1866.25
403.764	1904.75	0	1904.75
403.896	2285.75	0	2285.75
404.029	2828.25	0	2828.25
404.161	3493.75	0	3493.75
404.293	5701.5	0	5701.5
404.425	8943	0	8943
404.558	8504.25	0	8504.25
404.69	6138.75	0	6138.75
404.822	4034.25	0	4034.25
404.954	3171	0	3171
405.086	2614.25	0	2614.25
405.219	2414.75	0	2414.75
405.351	2338.75	0	2338.75
405.483	2289.75	0	2289.75
405.615	2275.25	0	2275.25
405.747	2294.75	0	2294.75
405.879	2708.75	0	2708.75
406.011	3670.5	0	3670.5
406.143	6188.25	0	6188.25
406.275	7496.25	0	7496.25
406.407	5840.25	0	5840.25
406.539	4223	0	4223
406.672	3517.5	0	3517.5
406.803	3689.25	0	3689.25
406.935	5139.5	0	5139.5
407.067	6999.75	0	6999.75
407.199	5216.75	0	5216.75
407.331	3661.5	0	3661.5
407.463	2797	0	2797
407.595	2401	0	2401
407.727	2154.25	0	2154.25
407.859	2045.5	0	2045.5
407.991	1850	0	1850
408.123	1734.25	0	1734.25
408.255	1840.75	0	1840.75
408.386	1773.25	0	1773.25
408.518	1588	0	1588
408.65	1405.75	0	1405.75
408.782	1395.5	0	1395.5
408.914	1322	0	1322
409.045	1290	0	1290
409.177	1223.25	0	1223.25
409.309	1272.75	0	1272.75
409.44	1317.5	0	1317.5
409.572	1266.25	0	1266.25
409.704	1264.75	0	1264.75
409.836	1200.5	0	1200.5
409.967	1240	0	1240
410.099	1234	0	1234
410.23	1164.25	0	1164.25
410.362	1181.25	0	1181.25
410.494	1280	0	1280
410.625	1465.75	0	1465.75
410.757	1504.75	0	1504.75
410.888	1416	0	1416
411.02	1293.75	0	1293.75
411.152	1269.25	0	1269.25
411.283	1252	0	1252
411.415	1325.75	0	1325.75
411.546	1518.75	0	1518.75
411.677	2139.25	0	2139.25
411.809	2356.25	0	2356.25
411.94	1840.25	0	1840.25
412.072	1653.5	0	1653.5
412.203	1480.75	0	1480.75
412.335	1417.75	0	1417.75
412.466	1377.5	0	1377.5
412.597	1451.75	0	1451.75
412.729	1542	0	1542
412.86	1701.5	0	1701.5
412.991	2447.25	0	2447.25
413.123	3178.5	0	3178.5
413.254	2595.25	0	2595.25
413.385	2178.25	0	2178.25
413.517	1904	0	1904
413.648	1760.25	0	1760.25
413.779	1559	0	1559
413.91	1684.75	0	1684.75
414.042	2023	0	2023
414.173	3421.25	0	3421.25
414.304	4076.5	0	4076.5
414.435	2790.25	0	2790.25
414.566	1964.25	0	1964.25
414.697	1730.25	0	1730.25
414.828	1471	0	1471
414.96	1413	0	1413
415.091	1357	0	1357
415.222	1539.25	0	1539.25
415.353	1735	0	1735
415.484	1739.75	0	1739.75
415.615	1679.25	0	1679.25
415.746	1456.25	0	1456.25
415.877	1253	0	1253
416.008	1218.75	0	1218.75
416.139	1190.75	0	1190.75
416.27	1130.75	0	1130.75
416.401	1096.5	0	1096.5
416.532	1092.75	0	1092.75
416.663	1145.75	0	1145.75
416.794	1142.5	0	1142.5
416.925	1223.75	0	1223.75
417.055	1415	0	1415
417.186	1445.75	0	1445.75
417.317	1536	0	1536
417.448	1583.5	0	1583.5
417.579	1459.5	0	1459.5
417.71	1385.75	0	1385.75
417.84	1432.5	0	1432.5
417.971	1832.75	0	1832.75
418.102	2161	0	2161
418.233	1833	0	1833
418.363	1762.5	0	1762.5
418.494	1777.5	0	1777.5
418.625	2101	0	2101
418.756	2060.25	0	2060.25
418.886	1901.25	0	1901.25
419.017	1920	0	1920
419.148	1839.5	0	1839.5
419.278	1776.75	0	1776.75
419.409	1733.75	0	1733.75
419.539	1999.5	0	1999.5
419.67	2707.25	0	2707.25
419.801	3736.5	0	3736.5
419.931	3505	0	3505
420.062	4127.25	0	4127.25
420.192	3512	0	3512
420.323	2619.5	0	2619.5
420.453	2072.5	0	2072.5
420.584	1890.75	0	1890.75
420.714	1619.25	0	1619.25
420.845	1621.25	0	1621.25
420.975	1613	0	1613
421.106	1591.5	0	1591.5
421.236	1486.5	0	1486.5
421.366	1553.5	0	1553.5
421.497	1593.25	0	1593.25
421.627	1641.75	0	1641.75
421.757	1965.5	0	1965.5
421.888	2089	0	2089
422.018	1918	0	1918
422.148	1730	0	1730
422.279	1672.5	0	1672.5
422.409	1716	0	1716
422.539	1828.25	0	1828.25
422.67	1843.75	0	1843.75
422.8	1731.75	0	1731.75
422.93	1601.5	0	1601.5
423.06	1599.75	0	1599.75
423.19	1728.5	0	1728.5
423.321	1965	0	1965
423.451	2277.75	0	2277.75
423.581	2250.5	0	2250.5
423.711	2095.75	0	2095.75
423.841	2045	0	2045
423.971	1871.25	0	1871.25
424.101	1713	0	1713
424.231	1632.5	0	1632.5
424.361	1653.5	0	1653.5
424.492	1745.25	0	1745.25
424.622	1842.25	0	1842.25
424.752	2084.75	0	2084.75
424.882	3212	0	3212
425.012	3609.5	0	3609.5
425.142	2568.75	0	2568.75
425.271	2060	0	2060
425.401	1833	0	1833
425.531	1746.25	0	1746.25
425.661	1811.5	0	1811.5
425.791	1948.25	0	1948.25
425.921	2908.75	0	2908.75
426.051	2939.75	0	2939.75
426.181	2413.75	0	2413.75
426.311	2205.5	0	2205.5
426.44	2022.25	0	2022.25
426.57	2137.75	0	2137.75
426.7	2223	0	2223
426.83	2757.75	0	2757.75
426.96	4736	0	4736
427.089	6218.5	0	6218.5
427.219	4776	0	4776
427.349	3107.25	0	3107.25
427.479	2431.5	0	2431.5
427.608	2015.25	0	2015.25
427.738	1873.5	0	1873.5
427.868	1684.25	0	1684.25
427.997	1887.75	0	1887.75
428.127	2083	0	2083
428.256	1843.75	0	1843.75
428.386	1576	0	1576
428.516	1361.75	0	1361.75
428.645	1378.25	0	1378.25
428.775	1304.25	0	1304.25
428.904	1310.25	0	1310.25
429.034	1365.25	0	1365.25
429.163	1569.75	0	1569.75
429.293	2079.25	0	2079.25
429.422	1720.5	0	1720.5
429.552	1407.75	0	1407.75
429.681	1490	0	1490
429.811	1757	0	1757
429.94	1721.5	0	1721.5
430.069	1621	0	1621
430.199	1621.25	0	1621.25
430.328	1779.25	0	1779.25
430.458	2396.25	0	2396.25
430.587	4352	0	4352
430.716	5984.75	0	5984.75
430.846	4030.25	0	4030.25
430.975	2622.5	0	2622.5
431.104	2060.25	0	2060.25
431.233	1850.25	0	1850.25
431.363	1950.5	0	1950.5
431.492	1684	0	1684
431.621	1448	0	1448
431.75	1343	0	1343
431.88	1337.75	0	1337.75
432.009	1488	0	1488
432.138	1718.75	0	1718.75
432.267	2377.25	0	2377.25
432.396	4743.75	0	4743.75
432.525	5580.75	0	5580.75
432.654	3566.75	0	3566.75
432.784	2399.75	0	2399.75
432.913	1827.25	0	1827.25
433.042	1501.25	0	1501.25
433.171	1331.5	0	1331.5
433.3	1222.25	0	1222.25
433.429	1135.5	0	1135.5
433.558	1268	0	1268
433.687	1126.75	0	1126.75
433.816	1017.5	0	1017.5
433.945	940.25	0	940.25
434.074	934.5	0	934.5
434.203	924.25	0	924.25
434.332	898.75	0	898.75
434.46	853.5	0	853.5
434.589	882.5	0	882.5
434.718	836.5	0	836.5
434.847	838	0	838
434.976	913.5	0	913.5
435.105	1038	0	1038
435.233	981.5	0	981.5
435.362	859.5	0	859.5
435.491	855.25	0	855.25
435.62	817.5	0	817.5
435.749	833.25	0	833.25
435.877	803	0	803
436.006	779.5	0	779.5
436.135	831.5	0	831.5
436.263	813	0	813
436.392	797.5	0	797.5
436.521	870.25	0	870.25
436.649	966	0	966
436.778	965	0	965
436.907	1016.75	0	1016.75
437.035	982.5	0	982.5
437.164	968	0	968
437.292	994.25	0	994.25
437.421	1178.25	0	1178.25
437.549	1278.5	0	1278.5
437.678	1277.5	0	1277.5
437.806	1512.25	0	1512.25
437.935	2049.5	0	2049.5
438.063	3272.75	0	3272.75
438.192	5949	0	5949
438.32	6574	0	6574
438.449	4279	0	4279
438.577	3070.5	0	3070.5
438.706	2241.75	0	2241.75
438.834	1878.25	0	1878.25
438.962	1588.25	0	1588.25
439.091	1433.25	0	1433.25
439.219	1302	0	1302
439.347	1248.5	0	1248.5
439.476	1170	0	1170
439.604	1089.75	0	1089.75
439.732	1102	0	1102
439.86	1181.75	0	1181.75
439.989	1341	0	1341
440.117	1643.25	0	1643.25
440.245	2987.75	0	2987.75
440.373	4884.75	0	4884.75
440.501	3542.25	0	3542.25
440.63	2366.75	0	2366.75
440.758	1822	0	1822
440.886	1486	0	1486
441.014	1294.75	0	1294.75
441.142	1309.75	0	1309.75
441.27	1788.25	0	1788.25
441.398	2735.75	0	2735.75
441.526	2165.75	0	2165.75
441.654	1445	0	1445
441.782	1168.75	0	1168.75
441.91	1062.25	0	1062.25
442.038	1042.75	0	1042.75
442.166	1042	0	1042
442.294	927.75	0	927.75
442.422	868.5	0	868.5
442.55	901.5	0	901.5
442.678	931.5	0	931.5
442.806	861.25	0	861.25
442.934	851	0	851
443.062	864.5	0	864.5
443.19	800.5	0	800.5
443.318	802.5	0	802.5
443.445	799.75	0	799.75
443.573	773.25	0	773.25
443.701	730.5	0	730.5
443.829	773.5	0	773.5
443.957	810.5	0	810.5
444.084	961.25	0	961.25
444.212	1032.75	0	1032.75
444.34	910.5	0	910.5
444.467	828.5	0	828.5
444.595	891.5	0	891.5
444.723	892.25	0	892.25
444.85	834.75	0	834.75
444.978	828	0	828
445.106	832	0	832
445.233	862.5	0	862.5
445.361	874.5	0	874.5
445.489	816.5	0	816.5
445.616	812.75	0	812.75
445.744	925.75	0	925.75
445.871	924	0	924
445.999	962	0	962
446.126	895.5	0	895.5
446.254	861	0	861
446.381	864.75	0	864.75
446.509	1171.25	0	1171.25
446.636	1103.75	0	1103.75
446.764	862	0	862
446.891	841.75	0	841.75
447.018	800	0	800
447.146	758	0	758
447.273	802	0	802
447.4	893.75	0	893.75
447.528	1031.5	0	1031.5
447.655	866.25	0	866.25
447.782	796.75	0	796.75
447.91	785.75	0	785.75
448.037	837.5	0	837.5
448.164	890.5	0	890.5
448.291	802.75	0	802.75
448.419	814.25	0	814.25
448.546	755	0	755
448.673	732.5	0	732.5
448.8	776	0	776
448.927	756.75	0	756.75
449.055	718.25	0	718.25
449.182	721.75	0	721.75
449.309	884.5	0	884.5
449.436	885.75	0	885.75
449.563	802	0	802
449.69	719	0	719
449.817	706	0	706
449.944	678	0	678
450.071	667	0	667
450.198	678.75	0	678.75
450.325	641.75	0	641.75
450.452	634.25	0	634.25
450.579	649.75	0	649.75
450.706	629.25	0	629.25
450.833	637	0	637
450.96	626.75	0	626.75
451.087	619.75	0	619.75
451.214	634.75	0	634.75
451.341	646.75	0	646.75
451.467	635.75	0	635.75
451.594	652.5	0	652.5
451.721	622.75	0	622.75
451.848	664.5	0	664.5
451.975	623.75	0	623.75
452.101	629.5	0	629.5
452.228	621	0	621
452.355	659	0	659
452.482	696.5	0	696.5
452.608	785	0	785
452.735	1094	0	1094
452.862	1059.25	0	1059.25
452.988	908.75	0	908.75
453.115	753.5	0	753.5
453.242	708.25	0	708.25
453.368	694.75	0	694.75
453.495	619	0	619
453.621	632.5	0	632.5
453.748	618.5	0	618.5
453.875	608.25	0	608.25
454.001	607.75	0	607.75
454.128	612.75	0	612.75
454.254	598.5	0	598.5
454.381	610.5	0	610.5
454.507	593.5	0	593.5
454.633	684.5	0	684.5
454.76	653.25	0	653.25
454.886	641.5	0	641.5
455.013	599.5	0	599.5
455.139	631	0	631
455.266	608	0	608
455.392	596.25	0	596.25
455.518	582	0	582
455.645	612.5	0	612.5
455.771	576.75	0	576.75
455.897	551.75	0	551.75
456.023	557.5	0	557.5
456.15	561.75	0	561.75
456.276	564.25	0	564.25
456.402	567	0	567
456.528	579.75	0	579.75
456.655	600	0	600
456.781	537.25	0	537.25
456.907	561	0	561
457.033	547.25	0	547.25
457.159	558.5	0	558.5
457.285	548.75	0	548.75
457.411	553.25	0	553.25
457.538	581.75	0	581.75
457.664	559.25	0	559.25
457.79	531	0	531
457.916	568.5	0	568.5
458.042	535.5	0	535.5
458.168	558.5	0	558.5
458.294	548	0	548
458.42	543.75	0	543.75
458.546	566	0	566
458.672	542.5	0	542.5
458.798	528	0	528
458.924	516.75	0	516.75
459.049	539.75	0	539.75
459.175	596.75	0	596.75
459.301	537.5	0	537.5
459.427	575.75	0	575.75
459.553	562.25	0	562.25
459.679	567	0	567
459.805	554.25	0	554.25
459.93	547	0	547
460.056	578.75	0	578.75
460.182	624.75	0	624.75
460.308	576.25	0	576.25
460.433	536.25	0	536.25
460.559	543.75	0	543.75
460.685	578.5	0	578.5
460.81	563.25	0	563.25
460.936	551.75	0	551.75
461.062	575.5	0	575.5
461.187	548	0	548
461.313	591.5	0	591.5
461.439	546.75	0	546.75
461.564	555.25	0	555.25
461.69	565.5	0	565.5
461.815	571.25	0	571.25
461.941	547.5	0	547.5
462.066	550.75	0	550.75
462.192	540.75	0	540.75
462.317	544	0	544
462.443	563.75	0	563.75
462.568	570	0	570
462.694	572.5	0	572.5
462.819	560.75	0	560.75
462.944	536.25	0	536.25
463.07	576.25	0	576.25
463.195	580.25	0	580.25
463.321	562.5	0	562.5
463.446	571	0	571
463.571	556.5	0	556.5
463.697	580.75	0	580.75
463.822	556	0	556
463.947	574.5	0	574.5
464.072	566.75	0	566.75
464.198	578	0	578
464.323	562.25	0	562.25
464.448	618.25	0	618.25
464.573	641	0	641
464.698	664	0	664
464.824	642.25	0	642.25
464.949	606.25	0	606.25
465.074	602.5	0	602.5
465.199	587.75	0	587.75
465.324	631.25	0	631.25
465.449	630.75	0	630.75
465.574	603.5	0	603.5
465.699	603	0	603
465.824	629.75	0	629.75
465.949	603.25	0	603.25
466.074	636.25	0	636.25
466.199	624.5	0	624.5
466.324	584.25	0	584.25
466.449	625	0	625
466.574	627	0	627
466.699	690.25	0	690.25
466.824	690.5	0	690.5
466.949	660.25	0	660.25
467.074	640.75	0	640.75
467.199	637.25	0	637.25
467.323	651	0	651
467.448	632.5	0	632.5
467.573	658.5	0	658.5
467.698	660	0	660
467.823	651.5	0	651.5
467.947	682.25	0	682.25
468.072	633.5	0	633.5
468.197	630	0	630
468.322	654.75	0	654.75
468.446	620.5	0	620.5
468.571	645.5	0	645.5
468.696	668.5	0	668.5
468.82	674.25	0	674.25
468.945	690.5	0	690.5
469.069	723.5	0	723.5
469.194	669.5	0	669.5
469.319	671.5	0	671.5
469.443	646.75	0	646.75
469.568	645.5	0	645.5
469.692	642	0	642
469.817	670	0	670
469.941	648.5	0	648.5
470.066	674.75	0	674.75
470.19	688.5	0	688.5
470.315	662.25	0	662.25
470.439	663.25	0	663.25
470.563	703	0	703
470.688	729.5	0	729.5
470.812	733.5	0	733.5
470.937	751.75	0	751.75
471.061	709	0	709
471.185	685.25	0	685.25
471.31	666.5	0	666.5
471.434	655.5	0	655.5
471.558	654.75	0	654.75
471.682	655.25	0	655.25
471.807	669	0	669
471.931	659	0	659
472.055	659	0	659
472.179	686	0	686
472.303	653	0	653
472.428	660.75	0	660.75
472.552	676.25	0	676.25
472.676	717.25	0	717.25
472.8	712.75	0	712.75
472.924	683.75	0	683.75
473.048	676.75	0	676.75
473.172	701.25	0	701.25
473.296	708.5	0	708.5
473.42	722	0	722
473.544	761.25	0	761.25
473.668	768.5	0	768.5
473.792	767.5	0	767.5
473.916	762.5	0	762.5
474.04	727.75	0	727.75
474.164	731.75	0	731.75
474.288	738	0	738
474.412	730.5	0	730.5
474.536	698.5	0	698.5
474.66	728	0	728
474.784	743.75	0	743.75
474.908	759.25	0	759.25
475.031	717	0	717
475.155	760.5	0	760.5
475.279	775.25	0	775.25
475.403	769	0	769
475.526	792.5	0	792.5
475.65	803.25	0	803.25
475.774	742	0	742
475.898	726.25	0	726.25
476.021	833.75	0	833.75
476.145	891	0	891
476.269	790.5	0	790.5
476.392	817.25	0	817.25
476.516	910.5	0	910.5
476.64	849	0	849
476.763	781.25	0	781.25
476.887	759	0	759
477.01	743.5	0	743.5
477.134	754.5	0	754.5
477.257	764.75	0	764.75
477.381	731.25	0	731.25
477.504	732.25	0	732.25
477.628	751.5	0	751.5
477.751	747	0	747
477.875	741.5	0	741.5
477.998	737.5	0	737.5
478.122	748.25	0	748.25
478.245	831	0	831
478.368	822.75	0	822.75
478.492	768	0	768
478.615	820.5	0	820.5
478.738	825	0	825
478.862	873.25	0	873.25
478.985	815.25	0	815.25
479.108	743.25	0	743.25
479.231	800.5	0	800.5
479.355	770.75	0	770.75
479.478	753.5	0	753.5
479.601	761.75	0	761.75
479.724	750.5	0	750.5
479.848	794	0	794
479.971	809.75	0	809.75
480.094	760.5	0	760.5
480.217	784.75	0	784.75
480.34	775.5	0	775.5
480.463	747.75	0	747.75
480.586	776	0	776
480.709	734	0	734
480.832	769	0	769
480.955	778.5	0	778.5
481.078	736	0	736
481.201	769.75	0	769.75
481.324	762.75	0	762.75
481.447	743.25	0	743.25
481.57	736	0	736
481.693	771.75	0	771.75
481.816	748	0	748
481.939	763.25	0	763.25
482.062	759.25	0	759.25
482.185	815.25	0	815.25
482.307	844	0	844
482.43	838.75	0	838.75
482.553	808.75	0	808.75
482.676	790.5	0	790.5
482.799	798.25	0	798.25
482.921	767.75	0	767.75
483.044	766.5	0	766.5
483.167	802.25	0	802.25
483.29	783	0	783
483.412	749.5	0	749.5
483.535	781	0	781
483.658	775.5	0	775.5
483.78	799.25	0	799.25
483.903	779.75	0	779.75
484.025	755	0	755
484.148	768.25	0	768.25
484.271	789	0	789
484.393	822.5	0	822.5
484.516	808.5	0	808.5
484.638	776.25	0	776.25
484.761	779.25	0	779.25
484.883	803.25	0	803.25
485.006	776.5	0	776.5
485.128	763	0	763
485.251	801.25	0	801.25
485.373	791.5	0	791.5
485.495	777.25	0	777.25
485.618	832.5	0	832.5
485.74	840.25	0	840.25
485.863	873.5	0	873.5
485.985	937	0	937
486.107	871	0	871
486.229	869.5	0	869.5
486.352	861.5	0	861.5
486.474	874.5	0	874.5
486.596	872.75	0	872.75
486.719	883.75	0	883.75
486.841	944.5	0	944.5
486.963	1090	0	1090
487.085	1433.5	0	1433.5
487.207	1353	0	1353
487.329	1164.25	0	1164.25
487.452	1097.5	0	1097.5
487.574	1064.75	0	1064.75
487.696	1109	0	1109
487.818	1105.75	0	1105.75
487.94	1020.75	0	1020.75
488.062	1038	0	1038
488.184	995	0	995
488.306	984.25	0	984.25
488.428	988.5	0	988.5
488.55	981.25	0	981.25
488.672	1017.75	0	1017.75
488.794	1084.75	0	1084.75
488.916	1332.25	0	1332.25
489.038	1819.5	0	1819.5
489.16	1686.75	0	1686.75
489.281	1459.25	0	1459.25
489.403	1293	0	1293
489.525	1220	0	1220
489.647	1214	0	1214
489.769	1088.75	0	1088.75
489.891	1075.75	0	1075.75
490.012	1065.25	0	1065.25
490.134	1049.25	0	1049.25
490.256	1082.75	0	1082.75
490.378	1060.5	0	1060.5
490.499	1023.25	0	1023.25
490.621	1024.75	0	1024.75
490.743	1027	0	1027
490.864	997	0	997
490.986	1002	0	1002
491.108	1018.75	0	1018.75
491.229	1003.25	0	1003.25
491.351	1020.25	0	1020.25
491.472	999.25	0	999.25
491.594	1071.75	0	1071.75
491.715	1243.75	0	1243.75
491.837	1634.75	0	1634.75
491.958	2171.5	0	2171.5
492.08	1908.75	0	1908.75
492.201	1624.25	0	1624.25
492.323	1495.5	0	1495.5
492.444	1423.75	0	1423.75
492.566	1327.5	0	1327.5
492.687	1235.25	0	1235.25
492.808	1176.25	0	1176.25
492.93	1140.5	0	1140.5
493.051	1107	0	1107
493.172	1101.5	0	1101.5
493.294	1078.75	0	1078.75
493.415	1075.5	0	1075.5
493.536	1039.5	0	1039.5
493.658	1053.25	0	1053.25
493.779	1097.5	0	1097.5
493.9	1033.25	0	1033.25
494.021	1029	0	1029
494.143	1013	0	1013
494.264	1001.25	0	1001.25
494.385	1015	0	1015
494.506	987.25	0	987.25
494.627	977.75	0	977.75
494.748	999.75	0	999.75
494.869	992	0	992
494.99	1018.25	0	1018.25
495.111	1036.5	0	1036.5
495.232	1008	0	1008
495.353	1092.75	0	1092.75
495.475	1214.25	0	1214.25
495.595	2018	0	2018
495.716	2488.5	0	2488.5
495.837	1995.25	0	1995.25
495.958	1764	0	1764
496.079	1503.5	0	1503.5
496.2	1405.25	0	1405.25
496.321	1336	0	1336
496.442	1300.25	0	1300.25
496.563	1259.75	0	1259.75
496.684	1203.5	0	1203.5
496.804	1173.5	0	1173.5
496.925	1148.75	0	1148.75
497.046	1102	0	1102
497.167	1111	0	1111
497.287	1096	0	1096
497.408	1054.5	0	1054.5
497.529	1052.75	0	1052.75
497.65	1013.25	0	1013.25
497.77	1021.75	0	1021.75
497.891	997.25	0	997.25
498.012	987	0	987
498.132	998.5	0	998.5
498.253	1070	0	1070
498.373	1048.5	0	1048.5
498.494	1039.5	0	1039.5
498.614	1022.25	0	1022.25
498.735	1012	0	1012
498.856	979.75	0	979.75
498.976	941	0	941
499.096	938.5	0	938.5
499.217	951	0	951
499.337	994.75	0	994.75
499.458	924.25	0	924.25
499.578	895.75	0	895.75
499.699	921.5	0	921.5
499.819	902.75	0	902.75
499.939	915.25	0	915.25
500.06	1009.75	0	1009.75
500.18	1036.75	0	1036.75
500.3	1017	0	1017
500.421	1113.25	0	1113.25
500.541	1220.25	0	1220.25
500.661	1144.75	0	1144.75
500.781	1077.5	0	1077.5
500.902	1014.75	0	1014.75
501.022	1071.75	0	1071.75
501.142	1121	0	1121
501.262	994	0	994
501.382	1044.5	0	1044.5
501.502	1021	0	1021
501.623	984.75	0	984.75
501.743	975.75	0	975.75
501.863	964.25	0	964.25
501.983	938.5	0	938.5
502.103	953.75	0	953.75
502.223	963.5	0	963.5
502.343	959.75	0	959.75
502.463	936.25	0	936.25
502.583	919	0	919
502.703	989	0	989
502.823	918.5	0	918.5
502.943	919.5	0	919.5
503.063	888	0	888
503.182	892.25	0	892.25
503.302	849.75	0	849.75
503.422	846	0	846
503.542	825	0	825
503.662	849.75	0	849.75
503.782	841.5	0	841.5
503.901	890	0	890
504.021	965.75	0	965.75
504.141	906.25	0	906.25
504.261	864.75	0	864.75
504.38	852	0	852
504.5	830.25	0	830.25
504.62	843.5	0	843.5
504.739	854.5	0	854.5
504.859	993	0	993
504.979	1003.25	0	1003.25
505.098	935.25	0	935.25
505.218	842.5	0	842.5
505.338	880	0	880
505.457	839.25	0	839.25
505.577	834.75	0	834.75
505.696	839	0	839
505.816	817.5	0	817.5
505.935	801.25	0	801.25
506.055	836.25	0	836.25
506.174	808.75	0	808.75
506.293	869.75	0	869.75
506.413	834.5	0	834.5
506.532	830.25	0	830.25
506.652	850.5	0	850.5
506.771	860.5	0	860.5
506.89	866.75	0	866.75
507.01	846	0	846
507.129	828.5	0	828.5
507.248	837.5	0	837.5
507.368	816.5	0	816.5
507.487	828.5	0	828.5
507.606	856.75	0	856.75
507.725	864.5	0	864.5
507.844	871.5	0	871.5
507.964	829.5	0	829.5
508.083	824.5	0	824.5
508.202	823	0	823
508.321	844	0	844
508.44	804	0	804
508.559	777	0	777
508.678	811	0	811
508.797	805.25	0	805.25
508.916	787.25	0	787.25
509.035	806.25	0	806.25
509.154	774.25	0	774.25
509.273	781.75	0	781.75
509.392	794.25	0	794.25
509.511	830	0	830
509.63	797.75	0	797.75
509.749	876	0	876
509.868	853.5	0	853.5
509.987	826.5	0	826.5
510.106	795.25	0	795.25
510.225	826.25	0	826.25
510.344	807.25	0	807.25
510.462	812	0	812
510.581	873.5	0	873.5
510.7	912	0	912
510.819	849.75	0	849.75
510.937	962.5	0	962.5
511.056	864.75	0	864.75
511.175	823	0	823
511.294	850.25	0	850.25
511.412	820.25	0	820.25
511.531	855	0	855
511.649	857.25	0	857.25
511.768	884.75	0	884.75
511.887	897	0	897
512.005	879.75	0	879.75
512.124	903.75	0	903.75
512.242	943.75	0	943.75
512.361	931.75	0	931.75
512.479	920.75	0	920.75
512.598	915.75	0	915.75
512.716	948	0	948
512.835	933.75	0	933.75
512.953	906.5	0	906.5
513.072	939.75	0	939.75
513.19	910	0	910
513.308	880.75	0	880.75
513.427	914.5	0	914.5
513.545	899	0	899
513.664	895.5	0	895.5
513.782	1005.25	0	1005.25
513.9	1138.5	0	1138.5
514.018	1040	0	1040
514.137	1054.25	0	1054.25
514.255	999.5	0	999.5
514.373	944.25	0	944.25
514.491	892	0	892
514.609	886.25	0	886.25
514.728	886.5	0	886.5
514.846	907.5	0	907.5
514.964	910.5	0	910.5
515.082	895.75	0	895.75
515.2	878.5	0	878.5
515.318	863	0	863
515.436	848.5	0	848.5
515.554	853.5	0	853.5
515.672	852.75	0	852.75
515.79	853	0	853
515.908	837.25	0	837.25
516.026	863.5	0	863.5
516.144	907	0	907
516.262	900.5	0	900.5
516.38	949.75	0	949.75
516.498	1185.75	0	1185.75
516.616	1939.5	0	1939.5
516.734	1486.75	0	1486.75
516.852	1064	0	1064
516.969	1125	0	1125
517.087	1146.75	0	1146.75
517.205	958.5	0	958.5
517.323	884.25	0	884.25
517.44	836.75	0	836.75
517.558	806.25	0	806.25
517.676	802	0	802
517.794	784	0	784
517.911	804.75	0	804.75
518.029	811.75	0	811.75
518.147	807.25	0	807.25
518.264	796.75	0	796.75
518.382	818.75	0	818.75
518.5	819.75	0	819.75
518.617	810.5	0	810.5
518.735	816	0	816
518.852	835	0	835
518.97	894.25	0	894.25
519.087	1080.5	0	1080.5
519.205	1112	0	1112
519.322	1092.75	0	1092.75
519.44	1090.25	0	1090.25
519.557	926.75	0	926.75
519.674	885.5	0	885.5
519.792	943.75	0	943.75
519.909	854.25	0	854.25
520.026	880.75	0	880.75
520.144	914.75	0	914.75
520.261	866.5	0	866.5
520.378	890.25	0	890.25
520.496	870.25	0	870.25
520.613	829.75	0	829.75
520.73	892	0	892
520.847	829.5	0	829.5
520.965	826.75	0	826.75
521.082	793	0	793
521.199	801.5	0	801.5
521.316	801.25	0	801.25
521.433	883	0	883
521.55	928.75	0	928.75
521.667	839.75	0	839.75
521.785	814	0	814
521.902	792.25	0	792.25
522.019	797.75	0	797.75
522.136	822.5	0	822.5
522.253	837.75	0	837.75
522.37	890.25	0	890.25
522.487	1055	0	1055
522.604	1660	0	1660
522.721	1308.5	0	1308.5
522.838	1041	0	1041
522.954	959	0	959
523.071	1031.25	0	1031.25
523.188	1242.25	0	1242.25
523.305	1223.5	0	1223.5
523.422	1114.25	0	1114.25
523.539	1013.75	0	1013.75
523.655	965	0	965
523.772	930.25	0	930.25
523.889	929	0	929
524.006	900.25	0	900.25
524.122	892.25	0	892.25
524.239	871.25	0	871.25
524.356	825	0	825
524.472	825.25	0	825.25
524.589	813.5	0	813.5
524.706	786.75	0	786.75
524.822	810	0	810
524.939	800.25	0	800.25
525.055	805.5	0	805.5
525.172	780	0	780
525.289	789.25	0	789.25
525.405	770.25	0	770.25
525.522	784	0	784
525.638	742.5	0	742.5
525.754	706.25	0	706.25
525.871	774.75	0	774.75
525.987	740.5	0	740.5
526.104	760.25	0	760.25
526.22	833.5	0	833.5
526.336	830.75	0	830.75
526.453	926.25	0	926.25
526.569	1071	0	1071
526.685	1245.5	0	1245.5
526.802	2200	0	2200
526.918	2336.75	0	2336.75
527.034	1373.75	0	1373.75
527.151	1061.25	0	1061.25
527.267	945.5	0	945.5
527.383	863.75	0	863.75
527.499	816.5	0	816.5
527.615	815.75	0	815.75
527.732	782.25	0	782.25
527.848	773.5	0	773.5
527.964	785.5	0	785.5
528.08	801	0	801
528.196	835	0	835
528.312	820.5	0	820.5
528.428	830.5	0	830.5
528.544	790	0	790
528.66	776.75	0	776.75
528.776	789.75	0	789.75
528.892	721	0	721
529.008	734.5	0	734.5
529.124	708.75	0	708.75
529.24	714.75	0	714.75
529.356	719.5	0	719.5
529.471	685.75	0	685.75
529.587	719	0	719
529.703	728.25	0	728.25
529.819	701.5	0	701.5
529.935	705.5	0	705.5
530.05	743	0	743
530.166	739.25	0	739.25
530.282	705.25	0	705.25
530.398	712	0	712
530.513	711.5	0	711.5
530.629	723.75	0	723.75
530.745	692.75	0	692.75
530.86	696	0	696
530.976	710.75	0	710.75
531.092	661	0	661
531.207	696	0	696
531.323	668.25	0	668.25
531.438	690.25	0	690.25
531.554	703.75	0	703.75
531.669	711.75	0	711.75
531.785	693.75	0	693.75
531.9	693.25	0	693.25
532.016	729.5	0	729.5
532.131	764	0	764
532.247	861.75	0	861.75
532.362	934.5	0	934.5
532.477	916.5	0	916.5
532.593	1205.5	0	1205.5
532.708	1888.75	0	1888.75
532.823	1296.5	0	1296.5
532.939	951	0	951
533.054	829	0	829
533.169	807	0	807
533.285	776.5	0	776.5
533.4	735.5	0	735.5
533.515	729.75	0	729.75
533.63	727.25	0	727.25
533.745	725.25	0	725.25
533.861	788	0	788
533.976	888	0	888
534.091	820.75	0	820.75
534.206	767.25	0	767.25
534.321	744	0	744
534.436	709.25	0	709.25
534.551	696.75	0	696.75
534.666	718	0	718
534.781	695	0	695
534.896	724.25	0	724.25
535.011	695.5	0	695.5
535.126	701.5	0	701.5
535.241	690.25	0	690.25
535.356	712.25	0	712.25
535.471	702.5	0	702.5
535.586	717	0	717
535.701	729.5	0	729.5
535.815	719.75	0	719.75
535.93	704.5	0	704.5
536.045	715.5	0	715.5
536.16	746.75	0	746.75