Lambda	Spectrum	Dark	SpecMinusDark
268.175	57.25	0	57.25
268.319	62.5	0	62.5
268.463	71	0	71
268.607	73.5	0	73.5
268.751	101.25	0	101.25
268.895	167.25	0	167.25
269.039	193.75	0	193.75
269.183	173.75	0	173.75
269.327	161.25	0	161.25
269.47	120.75	0	120.75
269.614	110.75	0	110.75
269.758	113.5	0	113.5
269.902	100	0	100
270.046	87.75	0	87.75
270.19	97.5	0	97.5
270.334	108.5	0	108.5
270.477	106.25	0	106.25
270.621	158.25	0	158.25
270.765	218	0	218
270.909	257.5	0	257.5
271.053	215.75	0	215.75
271.196	182.25	0	182.25
271.34	154.75	0	154.75
271.484	128.25	0	128.25
271.628	110.25	0	110.25
271.771	102	0	102
271.915	105.25	0	105.25
272.059	104	0	104
272.202	81.75	0	81.75
272.346	73.25	0	73.25
272.49	67	0	67
272.634	64.75	0	64.75
272.777	71	0	71
272.921	71	0	71
273.064	73.75	0	73.75
273.208	68.75	0	68.75
273.352	69.5	0	69.5
273.495	72.75	0	72.75
273.639	78.5	0	78.5
273.783	117.5	0	117.5
273.926	134	0	134
274.07	113	0	113
274.213	96.5	0	96.5
274.357	101	0	101
274.5	98.75	0	98.75
274.644	107.25	0	107.25
274.787	106	0	106
274.931	133	0	133
275.074	192	0	192
275.218	248.5	0	248.5
275.361	304.25	0	304.25
275.505	326.75	0	326.75
275.648	274.5	0	274.5
275.792	232.75	0	232.75
275.935	197.25	0	197.25
276.079	149.25	0	149.25
276.222	135	0	135
276.366	116.5	0	116.5
276.509	113	0	113
276.652	106.75	0	106.75
276.796	82.25	0	82.25
276.939	91.25	0	91.25
277.082	80.75	0	80.75
277.226	77.75	0	77.75
277.369	72.5	0	72.5
277.513	65.25	0	65.25
277.656	59.25	0	59.25
277.799	76.5	0	76.5
277.942	75.5	0	75.5
278.086	76	0	76
278.229	61.25	0	61.25
278.372	61.75	0	61.75
278.516	64.75	0	64.75
278.659	61.5	0	61.5
278.802	65.5	0	65.5
278.945	68.25	0	68.25
279.089	55.5	0	55.5
279.232	63.5	0	63.5
279.375	68.75	0	68.75
279.518	67	0	67
279.661	53.25	0	53.25
279.805	58.5	0	58.5
279.948	55.25	0	55.25
280.091	61	0	61
280.234	59	0	59
280.377	53.25	0	53.25
280.52	54.75	0	54.75
280.663	57.25	0	57.25
280.806	45.5	0	45.5
280.95	50.25	0	50.25
281.093	59.75	0	59.75
281.236	45.5	0	45.5
281.379	44.25	0	44.25
281.522	60	0	60
281.665	54.25	0	54.25
281.808	62	0	62
281.951	56.25	0	56.25
282.094	55.25	0	55.25
282.237	61.5	0	61.5
282.38	68.25	0	68.25
282.523	54.5	0	54.5
282.666	70.75	0	70.75
282.809	63.25	0	63.25
282.952	62.5	0	62.5
283.095	51.75	0	51.75
283.238	74.5	0	74.5
283.381	61	0	61
283.523	49.75	0	49.75
283.666	52.25	0	52.25
283.809	57	0	57
283.952	57.75	0	57.75
284.095	57.25	0	57.25
284.238	57.5	0	57.5
284.381	48.25	0	48.25
284.524	53	0	53
284.666	44	0	44
284.809	54.25	0	54.25
284.952	51.5	0	51.5
285.095	40.75	0	40.75
285.238	50.75	0	50.75
285.38	47	0	47
285.523	54.75	0	54.75
285.666	51.75	0	51.75
285.809	50	0	50
285.951	45	0	45
286.094	49.25	0	49.25
286.237	58	0	58
286.38	64	0	64
286.522	44	0	44
286.665	56.75	0	56.75
286.808	52.25	0	52.25
286.95	42.25	0	42.25
287.093	55	0	55
287.236	51.75	0	51.75
287.378	54	0	54
287.521	48.25	0	48.25
287.663	42.25	0	42.25
287.806	51.75	0	51.75
287.949	58	0	58
288.091	54.75	0	54.75
288.234	66.25	0	66.25
288.376	62.25	0	62.25
288.519	55	0	55
288.661	59.75	0	59.75
288.804	57	0	57
288.946	57.25	0	57.25
289.089	57.75	0	57.75
289.231	65.25	0	65.25
289.374	58.5	0	58.5
289.516	57.25	0	57.25
289.659	54.25	0	54.25
289.801	59.5	0	59.5
289.944	56.75	0	56.75
290.086	61	0	61
290.229	59.75	0	59.75
290.371	62.25	0	62.25
290.513	58.25	0	58.25
290.656	54	0	54
290.798	63.5	0	63.5
290.941	53.5	0	53.5
291.083	56.25	0	56.25
291.225	54.25	0	54.25
291.368	51.5	0	51.5
291.51	53	0	53
291.652	52.75	0	52.75
291.795	55.25	0	55.25
291.937	46.25	0	46.25
292.079	58	0	58
292.221	65	0	65
292.364	66	0	66
292.506	60.75	0	60.75
292.648	64.25	0	64.25
292.79	61	0	61
292.933	67.25	0	67.25
293.075	62.5	0	62.5
293.217	63.5	0	63.5
293.359	64.75	0	64.75
293.502	59.25	0	59.25
293.644	58.75	0	58.75
293.786	59	0	59
293.928	64.75	0	64.75
294.07	59	0	59
294.212	61.75	0	61.75
294.354	60.5	0	60.5
294.497	65.5	0	65.5
294.639	59.5	0	59.5
294.781	55.5	0	55.5
294.923	68.5	0	68.5
295.065	59.75	0	59.75
295.207	56	0	56
295.349	70.25	0	70.25
295.491	71.5	0	71.5
295.633	59.25	0	59.25
295.775	82	0	82
295.917	58.5	0	58.5
296.059	67.25	0	67.25
296.201	58.75	0	58.75
296.343	68.75	0	68.75
296.485	66.5	0	66.5
296.627	81.5	0	81.5
296.769	63.75	0	63.75
296.911	64	0	64
297.053	68.5	0	68.5
297.195	63	0	63
297.337	69.25	0	69.25
297.478	71.5	0	71.5
297.62	78	0	78
297.762	82.5	0	82.5
297.904	71.5	0	71.5
298.046	83.25	0	83.25
298.188	73.75	0	73.75
298.33	73.75	0	73.75
298.471	78.25	0	78.25
298.613	71.5	0	71.5
298.755	79.75	0	79.75
298.897	85.5	0	85.5
299.038	77.5	0	77.5
299.18	84.75	0	84.75
299.322	82.25	0	82.25
299.464	96	0	96
299.605	94.75	0	94.75
299.747	86.5	0	86.5
299.889	82	0	82
300.031	94.75	0	94.75
300.172	88.5	0	88.5
300.314	83	0	83
300.456	93.75	0	93.75
300.597	102.25	0	102.25
300.739	98.5	0	98.5
300.881	96	0	96
301.022	94.5	0	94.5
301.164	100	0	100
301.305	112.75	0	112.75
301.447	120	0	120
301.589	126	0	126
301.73	116.5	0	116.5
301.872	131	0	131
302.013	120	0	120
302.155	148.5	0	148.5
302.296	150.75	0	150.75
302.438	160.25	0	160.25
302.579	177.75	0	177.75
302.721	204	0	204
302.862	237	0	237
303.004	259.5	0	259.5
303.145	303.75	0	303.75
303.287	378.5	0	378.5
303.428	541.25	0	541.25
303.569	795	0	795
303.711	1204.5	0	1204.5
303.852	1382	0	1382
303.994	1232	0	1232
304.135	1025.75	0	1025.75
304.276	878.75	0	878.75
304.418	748.25	0	748.25
304.559	644.75	0	644.75
304.7	568.5	0	568.5
304.842	536.5	0	536.5
304.983	454.5	0	454.5
305.124	390.25	0	390.25
305.266	370.5	0	370.5
305.407	354.5	0	354.5
305.548	308.75	0	308.75
305.69	299	0	299
305.831	269.75	0	269.75
305.972	259.5	0	259.5
306.113	220.25	0	220.25
306.254	234.5	0	234.5
306.396	221	0	221
306.537	213.5	0	213.5
306.678	202.75	0	202.75
306.819	188.25	0	188.25
306.96	182.25	0	182.25
307.102	165.25	0	165.25
307.243	150.75	0	150.75
307.384	157.5	0	157.5
307.525	148.75	0	148.75
307.666	165.75	0	165.75
307.807	153.25	0	153.25
307.948	152	0	152
308.089	138.25	0	138.25
308.23	148.5	0	148.5
308.371	145.5	0	145.5
308.513	146.25	0	146.25
308.654	136.5	0	136.5
308.795	127.75	0	127.75
308.936	118.75	0	118.75
309.077	116.5	0	116.5
309.218	137.75	0	137.75
309.359	120.5	0	120.5
309.499	113	0	113
309.64	110	0	110
309.781	115.75	0	115.75
309.922	118	0	118
310.063	112.25	0	112.25
310.204	119.25	0	119.25
310.345	117.5	0	117.5
310.486	122	0	122
310.627	121.5	0	121.5
310.768	109.75	0	109.75
310.909	109.25	0	109.25
311.049	123	0	123
311.19	103.5	0	103.5
311.331	107	0	107
311.472	118	0	118
311.613	110.75	0	110.75
311.753	119.5	0	119.5
311.894	116	0	116
312.035	131.5	0	131.5
312.176	191.25	0	191.25
312.316	261	0	261
312.457	275.5	0	275.5
312.598	207	0	207
312.739	148	0	148
312.879	141.75	0	141.75
313.02	137.25	0	137.25
313.161	127.75	0	127.75
313.301	120.25	0	120.25
313.442	105	0	105
313.583	120.5	0	120.5
313.723	109.75	0	109.75
313.864	126	0	126
314.005	111.75	0	111.75
314.145	131.75	0	131.75
314.286	107.25	0	107.25
314.426	121.5	0	121.5
314.567	115.5	0	115.5
314.707	104	0	104
314.848	102	0	102
314.989	122.25	0	122.25
315.129	100.25	0	100.25
315.27	104.5	0	104.5
315.41	109.5	0	109.5
315.551	111.25	0	111.25
315.691	110.25	0	110.25
315.831	98.25	0	98.25
315.972	105.75	0	105.75
316.112	99	0	99
316.253	88.25	0	88.25
316.393	99.25	0	99.25
316.534	96.25	0	96.25
316.674	108.5	0	108.5
316.814	107.5	0	107.5
316.955	102.25	0	102.25
317.095	102.75	0	102.75
317.236	106.75	0	106.75
317.376	111.75	0	111.75
317.516	97.5	0	97.5
317.656	92.25	0	92.25
317.797	114.5	0	114.5
317.937	115	0	115
318.077	106.5	0	106.5
318.218	98.75	0	98.75
318.358	113.75	0	113.75
318.498	107.75	0	107.75
318.638	118.75	0	118.75
318.779	112.25	0	112.25
318.919	116.5	0	116.5
319.059	101.5	0	101.5
319.199	108.5	0	108.5
319.34	111	0	111
319.48	115.25	0	115.25
319.62	111.75	0	111.75
319.76	118	0	118
319.9	111.75	0	111.75
320.04	117.75	0	117.75
320.18	104.75	0	104.75
320.32	108	0	108
320.461	113.5	0	113.5
320.601	110.5	0	110.5
320.741	114.5	0	114.5
320.881	113.5	0	113.5
321.021	119	0	119
321.161	120	0	120
321.301	104.75	0	104.75
321.441	117.5	0	117.5
321.581	106.75	0	106.75
321.721	117.75	0	117.75
321.861	113.5	0	113.5
322.001	117.5	0	117.5
322.141	125.25	0	125.25
322.281	115	0	115
322.421	114	0	114
322.561	118.5	0	118.5
322.7	111.75	0	111.75
322.84	126.25	0	126.25
322.98	122.5	0	122.5
323.12	120.75	0	120.75
323.26	120.25	0	120.25
323.4	129	0	129
323.54	109.25	0	109.25
323.68	126.5	0	126.5
323.819	133	0	133
323.959	121.25	0	121.25
324.099	126	0	126
324.239	136.75	0	136.75
324.379	126.75	0	126.75
324.518	145.75	0	145.75
324.658	146.25	0	146.25
324.798	131.75	0	131.75
324.937	138.5	0	138.5
325.077	132.5	0	132.5
325.217	159.5	0	159.5
325.357	147.75	0	147.75
325.496	139	0	139
325.636	142	0	142
325.776	161.25	0	161.25
325.915	172	0	172
326.055	172.5	0	172.5
326.195	214.75	0	214.75
326.334	255	0	255
326.474	349.75	0	349.75
326.613	667.5	0	667.5
326.753	1245	0	1245
326.892	1557.5	0	1557.5
327.032	1053.75	0	1053.75
327.172	741	0	741
327.311	551.5	0	551.5
327.451	451.5	0	451.5
327.59	364.5	0	364.5
327.73	300.5	0	300.5
327.869	304.75	0	304.75
328.009	282.25	0	282.25
328.148	244	0	244
328.288	224.25	0	224.25
328.427	215	0	215
328.566	234	0	234
328.706	209.75	0	209.75
328.845	189.5	0	189.5
328.985	183.25	0	183.25
329.124	181	0	181
329.263	181.25	0	181.25
329.403	161.5	0	161.5
329.542	170	0	170
329.681	162.25	0	162.25
329.821	174.25	0	174.25
329.96	166.25	0	166.25
330.099	176	0	176
330.239	166.5	0	166.5
330.378	171.25	0	171.25
330.517	155.25	0	155.25
330.656	167.75	0	167.75
330.796	170.5	0	170.5
330.935	161	0	161
331.074	161.25	0	161.25
331.213	151.75	0	151.75
331.352	159.5	0	159.5
331.492	156.5	0	156.5
331.631	154.5	0	154.5
331.77	144.25	0	144.25
331.909	168	0	168
332.048	148	0	148
332.187	167.75	0	167.75
332.327	149.5	0	149.5
332.466	158.75	0	158.75
332.605	149.25	0	149.25
332.744	172	0	172
332.883	154.5	0	154.5
333.022	154.75	0	154.75
333.161	162.5	0	162.5
333.3	169.75	0	169.75
333.439	158.75	0	158.75
333.578	148.75	0	148.75
333.717	150	0	150
333.856	162.75	0	162.75
333.995	159.5	0	159.5
334.134	171.5	0	171.5
334.273	160	0	160
334.412	163	0	163
334.551	156	0	156
334.69	142.25	0	142.25
334.828	160.5	0	160.5
334.967	159	0	159
335.106	154.75	0	154.75
335.245	165.5	0	165.5
335.384	160.75	0	160.75
335.523	175.25	0	175.25
335.662	163.25	0	163.25
335.8	169	0	169
335.939	167.5	0	167.5
336.078	171.5	0	171.5
336.217	171.75	0	171.75
336.356	169.75	0	169.75
336.494	163.75	0	163.75
336.633	164.75	0	164.75
336.772	184	0	184
336.911	173	0	173
337.049	179.5	0	179.5
337.188	170	0	170
337.327	166	0	166
337.465	165	0	165
337.604	187.75	0	187.75
337.743	161.75	0	161.75
337.881	159.75	0	159.75
338.02	170.5	0	170.5
338.158	167.25	0	167.25
338.297	169.5	0	169.5
338.436	159.5	0	159.5
338.574	171.5	0	171.5
338.713	181.5	0	181.5
338.851	187.75	0	187.75
338.99	192	0	192
339.128	176.75	0	176.75
339.267	191.5	0	191.5
339.405	174.75	0	174.75
339.544	217	0	217
339.682	225	0	225
339.821	240	0	240
339.959	245.75	0	245.75
340.098	289.5	0	289.5
340.236	331.5	0	331.5
340.375	412.25	0	412.25
340.513	527	0	527
340.651	681.5	0	681.5
340.79	899.25	0	899.25
340.928	1146.5	0	1146.5
341.067	1460.25	0	1460.25
341.205	1720.25	0	1720.25
341.343	1907.25	0	1907.25
341.482	2097.25	0	2097.25
341.62	2102.75	0	2102.75
341.758	2025.25	0	2025.25
341.897	1790.75	0	1790.75
342.035	1480.75	0	1480.75
342.173	1221.75	0	1221.75
342.311	963.5	0	963.5
342.45	714.25	0	714.25
342.588	572	0	572
342.726	457	0	457
342.864	376	0	376
343.002	316.25	0	316.25
343.141	285.75	0	285.75
343.279	253	0	253
343.417	232.25	0	232.25
343.555	215	0	215
343.693	238.25	0	238.25
343.831	205	0	205
343.969	200.75	0	200.75
344.108	211.25	0	211.25
344.246	207.75	0	207.75
344.384	224.25	0	224.25
344.522	207.75	0	207.75
344.66	206.5	0	206.5
344.798	193.75	0	193.75
344.936	201.5	0	201.5
345.074	205.75	0	205.75
345.212	205.5	0	205.5
345.35	190.5	0	190.5
345.488	204.5	0	204.5
345.626	204	0	204
345.764	220	0	220
345.902	215.5	0	215.5
346.04	200.75	0	200.75
346.178	214.5	0	214.5
346.315	218.5	0	218.5
346.453	216.75	0	216.75
346.591	203.75	0	203.75
346.729	203	0	203
346.867	205.25	0	205.25
347.005	194.5	0	194.5
347.143	221	0	221
347.28	214.5	0	214.5
347.418	215.5	0	215.5
347.556	207.25	0	207.25
347.694	215.25	0	215.25
347.832	214.25	0	214.25
347.969	219.25	0	219.25
348.107	211	0	211
348.245	218.25	0	218.25
348.382	225.25	0	225.25
348.52	208.25	0	208.25
348.658	220.75	0	220.75
348.796	202	0	202
348.933	230.25	0	230.25
349.071	206.25	0	206.25
349.209	213.75	0	213.75
349.346	217.5	0	217.5
349.484	211.75	0	211.75
349.621	225.75	0	225.75
349.759	233.75	0	233.75
349.897	213.5	0	213.5
350.034	210.5	0	210.5
350.172	213.5	0	213.5
350.309	213	0	213
350.447	242.5	0	242.5
350.584	225	0	225
350.722	214.25	0	214.25
350.859	215.5	0	215.5
350.997	240	0	240
351.134	219.5	0	219.5
351.272	215	0	215
351.409	224.75	0	224.75
351.547	254.75	0	254.75
351.684	227.25	0	227.25
351.822	226.25	0	226.25
351.959	233.75	0	233.75
352.096	222.5	0	222.5
352.234	228.5	0	228.5
352.371	213.75	0	213.75
352.508	231.25	0	231.25
352.646	257	0	257
352.783	252	0	252
352.92	244.25	0	244.25
353.058	236.5	0	236.5
353.195	238.25	0	238.25
353.332	243.75	0	243.75
353.469	239.5	0	239.5
353.607	246.75	0	246.75
353.744	230.75	0	230.75
353.881	241.25	0	241.25
354.018	242.5	0	242.5
354.156	243	0	243
354.293	242	0	242
354.43	245.5	0	245.5
354.567	233.75	0	233.75
354.704	230	0	230
354.841	249.5	0	249.5
354.979	238.75	0	238.75
355.116	261.75	0	261.75
355.253	253	0	253
355.39	249	0	249
355.527	256.5	0	256.5
355.664	247	0	247
355.801	254	0	254
355.938	248	0	248
356.075	254.75	0	254.75
356.212	242.75	0	242.75
356.349	249.25	0	249.25
356.486	251.5	0	251.5
356.623	246.25	0	246.25
356.76	247	0	247
356.897	255.5	0	255.5
357.034	250.25	0	250.25
357.171	258	0	258
357.308	262.25	0	262.25
357.445	254.25	0	254.25
357.582	248.25	0	248.25
357.718	256.25	0	256.25
357.855	256.5	0	256.5
357.992	261.75	0	261.75
358.129	271.25	0	271.25
358.266	250.75	0	250.75
358.403	258.75	0	258.75
358.539	264.5	0	264.5
358.676	264.5	0	264.5
358.813	248.25	0	248.25
358.95	247	0	247
359.086	252.5	0	252.5
359.223	282.25	0	282.25
359.36	255	0	255
359.497	279.25	0	279.25
359.633	284.25	0	284.25
359.77	261.25	0	261.25
359.907	251.25	0	251.25
360.043	270	0	270
360.18	265.25	0	265.25
360.317	276.25	0	276.25
360.453	281.75	0	281.75
360.59	251.75	0	251.75
360.727	265.75	0	265.75
360.863	286.75	0	286.75
361	284.25	0	284.25
361.136	283	0	283
361.273	265	0	265
361.409	281	0	281
361.546	286	0	286
361.682	280.25	0	280.25
361.819	269.25	0	269.25
361.955	282	0	282
362.092	273.25	0	273.25
362.228	280	0	280
362.365	304.25	0	304.25
362.501	276.25	0	276.25
362.638	298.75	0	298.75
362.774	281.75	0	281.75
362.91	287.75	0	287.75
363.047	299.25	0	299.25
363.183	267.75	0	267.75
363.319	279	0	279
363.456	279.5	0	279.5
363.592	298.5	0	298.5
363.728	288.25	0	288.25
363.865	278	0	278
364.001	309.25	0	309.25
364.137	298.75	0	298.75
364.274	301	0	301
364.41	303.25	0	303.25
364.546	310.25	0	310.25
364.682	304.75	0	304.75
364.819	304	0	304
364.955	296.5	0	296.5
365.091	324.75	0	324.75
365.227	290.25	0	290.25
365.363	305	0	305
365.499	292	0	292
365.636	298.5	0	298.5
365.772	302.5	0	302.5
365.908	306.25	0	306.25
366.044	295.5	0	295.5
366.18	308.75	0	308.75
366.316	307.75	0	307.75
366.452	314	0	314
366.588	316.25	0	316.25
366.724	316	0	316
366.86	309	0	309
366.996	309.5	0	309.5
367.132	326.5	0	326.5
367.268	309.25	0	309.25
367.404	336	0	336
367.54	315.25	0	315.25
367.676	311.25	0	311.25
367.812	298.5	0	298.5
367.948	311.75	0	311.75
368.084	317.75	0	317.75
368.22	329.75	0	329.75
368.356	343.75	0	343.75
368.492	309.75	0	309.75
368.627	324	0	324
368.763	308	0	308
368.899	332	0	332
369.035	343.5	0	343.5
369.171	304	0	304
369.306	324.5	0	324.5
369.442	322.75	0	322.75
369.578	318.5	0	318.5
369.714	320	0	320
369.85	324.5	0	324.5
369.985	330	0	330
370.121	303	0	303
370.257	317	0	317
370.392	302	0	302
370.528	324.5	0	324.5
370.664	326	0	326
370.799	344.75	0	344.75
370.935	331.5	0	331.5
371.071	334.25	0	334.25
371.206	334.75	0	334.75
371.342	325.75	0	325.75
371.477	346	0	346
371.613	346	0	346
371.749	329.75	0	329.75
371.884	342	0	342
372.02	338	0	338
372.155	345.25	0	345.25
372.291	360	0	360
372.426	344	0	344
372.562	318	0	318
372.697	324.75	0	324.75
372.833	324.25	0	324.25
372.968	349.75	0	349.75
373.103	329.5	0	329.5
373.239	358.75	0	358.75
373.374	353.5	0	353.5
373.51	339.75	0	339.75
373.645	336.5	0	336.5
373.78	344.5	0	344.5
373.916	356.5	0	356.5
374.051	352	0	352
374.186	351	0	351
374.322	356	0	356
374.457	333.25	0	333.25
374.592	370	0	370
374.728	349	0	349
374.863	330.25	0	330.25
374.998	340.5	0	340.5
375.133	339.25	0	339.25
375.268	372.5	0	372.5
375.404	332.25	0	332.25
375.539	365.25	0	365.25
375.674	364.5	0	364.5
375.809	362.75	0	362.75
375.944	368.5	0	368.5
376.08	348.25	0	348.25
376.215	351.25	0	351.25
376.35	345.25	0	345.25
376.485	351	0	351
376.62	341.25	0	341.25
376.755	381.25	0	381.25
376.89	352.25	0	352.25
377.025	351.75	0	351.75
377.16	343	0	343
377.295	368.75	0	368.75
377.43	365.75	0	365.75
377.565	383.25	0	383.25
377.7	377.5	0	377.5
377.835	343.75	0	343.75
377.97	351	0	351
378.105	362	0	362
378.24	367.75	0	367.75
378.375	358.5	0	358.5
378.51	380	0	380
378.645	385.25	0	385.25
378.78	362.5	0	362.5
378.914	366	0	366
379.049	363.25	0	363.25
379.184	372.25	0	372.25
379.319	371.25	0	371.25
379.454	373.5	0	373.5
379.589	387	0	387
379.723	388.75	0	388.75
379.858	381.75	0	381.75
379.993	399.25	0	399.25
380.128	401.25	0	401.25
380.262	400.25	0	400.25
380.397	380	0	380
380.532	405	0	405
380.666	393.25	0	393.25
380.801	387.75	0	387.75
380.936	388.25	0	388.25
381.07	381.75	0	381.75
381.205	377	0	377
381.34	388.75	0	388.75
381.474	374.5	0	374.5
381.609	402.25	0	402.25
381.744	384.5	0	384.5
381.878	395.25	0	395.25
382.013	400	0	400
382.147	403.5	0	403.5
382.282	397.75	0	397.75
382.416	382	0	382
382.551	393.25	0	393.25
382.685	397.25	0	397.25
382.82	409.75	0	409.75
382.954	409	0	409
383.089	388.5	0	388.5
383.223	388.25	0	388.25
383.357	394.25	0	394.25
383.492	412.5	0	412.5
383.626	413	0	413
383.761	409.5	0	409.5
383.895	404.75	0	404.75
384.029	405.25	0	405.25
384.164	406.75	0	406.75
384.298	417.25	0	417.25
384.432	387.25	0	387.25
384.567	406	0	406
384.701	413.25	0	413.25
384.835	412.5	0	412.5
384.97	408.25	0	408.25
385.104	406.25	0	406.25
385.238	407.5	0	407.5
385.372	406.25	0	406.25
385.506	391.25	0	391.25
385.641	387.25	0	387.25
385.775	421.25	0	421.25
385.909	397.5	0	397.5
386.043	418.75	0	418.75
386.177	424.25	0	424.25
386.311	415.75	0	415.75
386.446	397.25	0	397.25
386.58	390.25	0	390.25
386.714	413	0	413
386.848	428.75	0	428.75
386.982	413	0	413
387.116	402.75	0	402.75
387.25	398.25	0	398.25
387.384	423	0	423
387.518	424	0	424
387.652	399	0	399
387.786	402	0	402
387.92	405.75	0	405.75
388.054	412.75	0	412.75
388.188	391.5	0	391.5
388.322	405.75	0	405.75
388.456	401	0	401
388.59	411.5	0	411.5
388.723	426	0	426
388.857	414	0	414
388.991	416.5	0	416.5
389.125	400.75	0	400.75
389.259	407.75	0	407.75
389.393	419.25	0	419.25
389.526	405	0	405
389.66	375	0	375
389.794	419.5	0	419.5
389.928	395.5	0	395.5
390.062	405.25	0	405.25
390.195	408.25	0	408.25
390.329	401.5	0	401.5
390.463	400	0	400
390.596	397.25	0	397.25
390.73	408.25	0	408.25
390.864	406.25	0	406.25
390.997	407.5	0	407.5
391.131	399	0	399
391.265	426.75	0	426.75
391.398	389.75	0	389.75
391.532	419.25	0	419.25
391.665	406.75	0	406.75
391.799	421.25	0	421.25
391.933	409.5	0	409.5
392.066	413.5	0	413.5
392.2	407.25	0	407.25
392.333	416.5	0	416.5
392.467	389.75	0	389.75
392.6	415	0	415
392.734	409.75	0	409.75
392.867	420.75	0	420.75
393.001	413.75	0	413.75
393.134	429.5	0	429.5
393.267	410.5	0	410.5
393.401	412.5	0	412.5
393.534	404	0	404
393.668	422.5	0	422.5
393.801	409.75	0	409.75
393.934	448	0	448
394.068	415.25	0	415.25
394.201	403.25	0	403.25
394.334	387.75	0	387.75
394.468	422	0	422
394.601	422	0	422
394.734	411.25	0	411.25
394.867	391.75	0	391.75
395.001	422.5	0	422.5
395.134	393	0	393
395.267	398.25	0	398.25
395.4	417.75	0	417.75
395.533	438.5	0	438.5
395.667	411.75	0	411.75
395.8	405.75	0	405.75
395.933	418.25	0	418.25
396.066	410.5	0	410.5
396.199	417.25	0	417.25
396.332	426.5	0	426.5
396.465	418	0	418
396.598	393.25	0	393.25
396.732	427.75	0	427.75
396.865	412.25	0	412.25
396.998	394.25	0	394.25
397.131	405.25	0	405.25
397.264	410.25	0	410.25
397.397	414.5	0	414.5
397.53	408.25	0	408.25
397.663	422.25	0	422.25
397.796	412.25	0	412.25
397.928	422.75	0	422.75
398.061	437.25	0	437.25
398.194	402.25	0	402.25
398.327	413.75	0	413.75
398.46	412.75	0	412.75
398.593	437.5	0	437.5
398.726	419.75	0	419.75
398.859	425.25	0	425.25
398.991	432.5	0	432.5
399.124	405.5	0	405.5
399.257	429	0	429
399.39	429	0	429
399.523	425.75	0	425.75
399.655	417.75	0	417.75
399.788	423	0	423
399.921	447	0	447
400.054	439.25	0	439.25
400.186	429	0	429
400.319	426	0	426
400.452	435	0	435
400.584	443.75	0	443.75
400.717	409.25	0	409.25
400.85	438.25	0	438.25
400.982	439	0	439
401.115	436.75	0	436.75
401.247	439	0	439
401.38	444.25	0	444.25
401.513	441.75	0	441.75
401.645	444.75	0	444.75
401.778	415.5	0	415.5
401.91	430.25	0	430.25
402.043	445.25	0	445.25
402.175	426.5	0	426.5
402.308	423	0	423
402.44	439	0	439
402.573	432.25	0	432.25
402.705	433.25	0	433.25
402.837	426.75	0	426.75
402.97	452.25	0	452.25
403.102	457.5	0	457.5
403.235	442.25	0	442.25
403.367	431.25	0	431.25
403.499	432.5	0	432.5
403.632	458.75	0	458.75
403.764	449	0	449
403.896	444.75	0	444.75
404.029	458.25	0	458.25
404.161	417.25	0	417.25
404.293	442	0	442
404.425	427	0	427
404.558	435.5	0	435.5
404.69	453.75	0	453.75
404.822	428.25	0	428.25
404.954	431.5	0	431.5
405.086	448.25	0	448.25
405.219	437.25	0	437.25
405.351	456.5	0	456.5
405.483	442.25	0	442.25
405.615	456	0	456
405.747	442.25	0	442.25
405.879	463.75	0	463.75
406.011	435.75	0	435.75
406.143	437.25	0	437.25
406.275	436	0	436
406.407	451.25	0	451.25
406.539	445.5	0	445.5
406.672	438.5	0	438.5
406.803	450.75	0	450.75
406.935	428.25	0	428.25
407.067	435.75	0	435.75
407.199	415	0	415
407.331	424.25	0	424.25
407.463	438	0	438
407.595	444.25	0	444.25
407.727	424	0	424
407.859	429.5	0	429.5
407.991	430.25	0	430.25
408.123	431	0	431
408.255	438.25	0	438.25
408.386	422	0	422
408.518	445.5	0	445.5
408.65	434.25	0	434.25
408.782	445.25	0	445.25
408.914	433.25	0	433.25
409.045	434.75	0	434.75
409.177	434.75	0	434.75
409.309	413.25	0	413.25
409.44	430.75	0	430.75
409.572	422.75	0	422.75
409.704	436.5	0	436.5
409.836	439.5	0	439.5
409.967	443.75	0	443.75
410.099	407	0	407
410.23	428	0	428
410.362	423	0	423
410.494	420.75	0	420.75
410.625	446.5	0	446.5
410.757	439	0	439
410.888	421.75	0	421.75
411.02	418.5	0	418.5
411.152	410.5	0	410.5
411.283	416.25	0	416.25
411.415	436.75	0	436.75
411.546	429	0	429
411.677	404	0	404
411.809	404.25	0	404.25
411.94	397.25	0	397.25
412.072	391.5	0	391.5
412.203	409.75	0	409.75
412.335	413	0	413
412.466	408.75	0	408.75
412.597	430.75	0	430.75
412.729	431.5	0	431.5
412.86	396	0	396
412.991	394.75	0	394.75
413.123	390	0	390
413.254	413	0	413
413.385	413.25	0	413.25
413.517	417.75	0	417.75
413.648	415.5	0	415.5
413.779	407.75	0	407.75
413.91	409.5	0	409.5
414.042	399.75	0	399.75
414.173	401.5	0	401.5
414.304	423	0	423
414.435	438	0	438
414.566	416.5	0	416.5
414.697	423.5	0	423.5
414.828	420	0	420
414.96	411	0	411
415.091	406.25	0	406.25
415.222	413.25	0	413.25
415.353	432	0	432
415.484	399	0	399
415.615	410.75	0	410.75
415.746	425.75	0	425.75
415.877	409.75	0	409.75
416.008	412	0	412
416.139	453.25	0	453.25
416.27	425.5	0	425.5
416.401	429.5	0	429.5
416.532	427	0	427
416.663	419.25	0	419.25
416.794	397.25	0	397.25
416.925	435	0	435
417.055	429.25	0	429.25
417.186	430.75	0	430.75
417.317	436.75	0	436.75
417.448	428.25	0	428.25
417.579	448	0	448
417.71	430.25	0	430.25
417.84	417	0	417
417.971	444.5	0	444.5
418.102	411.75	0	411.75
418.233	423.25	0	423.25
418.363	418.25	0	418.25
418.494	416.25	0	416.25
418.625	421.25	0	421.25
418.756	435.5	0	435.5
418.886	431.75	0	431.75
419.017	437.25	0	437.25
419.148	431.25	0	431.25
419.278	430.75	0	430.75
419.409	433.25	0	433.25
419.539	448.5	0	448.5
419.67	421.25	0	421.25
419.801	431.25	0	431.25
419.931	434	0	434
420.062	448.25	0	448.25
420.192	445.25	0	445.25
420.323	451.75	0	451.75
420.453	443.75	0	443.75
420.584	483.25	0	483.25
420.714	456.25	0	456.25
420.845	456.75	0	456.75
420.975	442.5	0	442.5
421.106	461	0	461
421.236	451.25	0	451.25
421.366	480.25	0	480.25
421.497	474	0	474
421.627	524	0	524
421.757	537.5	0	537.5
421.888	546.75	0	546.75
422.018	576.25	0	576.25
422.148	676.75	0	676.75
422.279	876	0	876
422.409	1771	0	1771
422.539	4048.5	0	4048.5
422.67	3099.75	0	3099.75
422.8	1923	0	1923
422.93	1397.75	0	1397.75
423.06	1156	0	1156
423.19	963.5	0	963.5
423.321	879.5	0	879.5
423.451	775.75	0	775.75
423.581	714.5	0	714.5
423.711	670.75	0	670.75
423.841	649.75	0	649.75
423.971	591.5	0	591.5
424.101	603.5	0	603.5
424.231	552.5	0	552.5
424.361	558.5	0	558.5
424.492	572.5	0	572.5
424.622	545.75	0	545.75
424.752	563.5	0	563.5
424.882	542.75	0	542.75
425.012	497	0	497
425.142	458.75	0	458.75
425.271	505.5	0	505.5
425.401	480.25	0	480.25
425.531	483.5	0	483.5
425.661	496.5	0	496.5
425.791	463	0	463
425.921	444.75	0	444.75
426.051	454.75	0	454.75
426.181	434.25	0	434.25
426.311	455.5	0	455.5
426.44	456.5	0	456.5
426.57	435	0	435
426.7	423	0	423
426.83	436.25	0	436.25
426.96	439.25	0	439.25
427.089	449.5	0	449.5
427.219	452.5	0	452.5
427.349	416.25	0	416.25
427.479	422.75	0	422.75
427.608	415.25	0	415.25
427.738	417.75	0	417.75
427.868	410	0	410
427.997	411.75	0	411.75
428.127	394.5	0	394.5
428.256	423.75	0	423.75
428.386	423.5	0	423.5
428.516	404.5	0	404.5
428.645	389.5	0	389.5
428.775	409.75	0	409.75
428.904	410	0	410
429.034	386.75	0	386.75
429.163	402.5	0	402.5
429.293	395.25	0	395.25
429.422	394.5	0	394.5
429.552	377	0	377
429.681	388.5	0	388.5
429.811	379.75	0	379.75
429.94	390.75	0	390.75
430.069	394.75	0	394.75
430.199	381.75	0	381.75
430.328	375.75	0	375.75
430.458	371.5	0	371.5
430.587	381.5	0	381.5
430.716	395	0	395
430.846	357.5	0	357.5
430.975	397.5	0	397.5
431.104	390.25	0	390.25
431.233	371.5	0	371.5
431.363	374.5	0	374.5
431.492	370.5	0	370.5
431.621	374.75	0	374.75
431.75	377.75	0	377.75
431.88	361.75	0	361.75
432.009	380.5	0	380.5
432.138	376.75	0	376.75
432.267	376.5	0	376.5
432.396	381	0	381
432.525	383	0	383
432.654	366.75	0	366.75
432.784	371.5	0	371.5
432.913	374.75	0	374.75
433.042	365.75	0	365.75
433.171	358	0	358
433.3	365.5	0	365.5
433.429	358.25	0	358.25
433.558	352	0	352
433.687	338.5	0	338.5
433.816	365.25	0	365.25
433.945	375.75	0	375.75
434.074	372.25	0	372.25
434.203	341.5	0	341.5
434.332	360	0	360
434.46	356.75	0	356.75
434.589	353	0	353
434.718	339.75	0	339.75
434.847	352.5	0	352.5
434.976	375	0	375
435.105	363.5	0	363.5
435.233	358	0	358
435.362	368	0	368
435.491	354.75	0	354.75
435.62	367.75	0	367.75
435.749	340.25	0	340.25
435.877	352.75	0	352.75
436.006	350	0	350
436.135	349.5	0	349.5
436.263	350.5	0	350.5
436.392	332.25	0	332.25
436.521	358.5	0	358.5
436.649	352.75	0	352.75
436.778	344.25	0	344.25
436.907	355.5	0	355.5
437.035	339.75	0	339.75
437.164	357	0	357
437.292	334.5	0	334.5
437.421	353.75	0	353.75
437.549	346.25	0	346.25
437.678	360.5	0	360.5
437.806	346.5	0	346.5
437.935	363.5	0	363.5
438.063	354	0	354
438.192	353.25	0	353.25
438.32	370.75	0	370.75
438.449	361.5	0	361.5
438.577	349.75	0	349.75
438.706	345.75	0	345.75
438.834	375.75	0	375.75
438.962	360	0	360
439.091	338.25	0	338.25
439.219	363	0	363
439.347	363.5	0	363.5
439.476	345	0	345
439.604	371	0	371
439.732	335.25	0	335.25
439.86	347	0	347
439.989	357.5	0	357.5
440.117	377.5	0	377.5
440.245	339.75	0	339.75
440.373	350.75	0	350.75
440.501	340.25	0	340.25
440.63	351.25	0	351.25
440.758	357	0	357
440.886	355	0	355
441.014	336.5	0	336.5
441.142	329.75	0	329.75
441.27	372.75	0	372.75
441.398	338.5	0	338.5
441.526	339.75	0	339.75
441.654	344.75	0	344.75
441.782	332	0	332
441.91	365.5	0	365.5
442.038	368	0	368
442.166	352	0	352
442.294	358.5	0	358.5
442.422	347.5	0	347.5
442.55	348.5	0	348.5
442.678	347.5	0	347.5
442.806	356.75	0	356.75
442.934	357.75	0	357.75
443.062	366.5	0	366.5
443.19	368.75	0	368.75
443.318	342.5	0	342.5
443.445	360.5	0	360.5
443.573	352	0	352
443.701	348.25	0	348.25
443.829	357	0	357
443.957	359.25	0	359.25
444.084	352.5	0	352.5
444.212	347.5	0	347.5
444.34	343.75	0	343.75
444.467	362	0	362
444.595	358.75	0	358.75
444.723	361.25	0	361.25
444.85	350	0	350
444.978	353.5	0	353.5
445.106	350.25	0	350.25
445.233	356	0	356
445.361	363.75	0	363.75
445.489	357.5	0	357.5
445.616	354	0	354
445.744	354.75	0	354.75
445.871	359.25	0	359.25
445.999	359	0	359
446.126	348.5	0	348.5
446.254	347.5	0	347.5
446.381	349	0	349
446.509	364.25	0	364.25
446.636	353.75	0	353.75
446.764	331.75	0	331.75
446.891	377	0	377
447.018	370	0	370
447.146	354.25	0	354.25
447.273	376	0	376
447.4	371	0	371
447.528	345.5	0	345.5
447.655	373.25	0	373.25
447.782	327.25	0	327.25
447.91	341.75	0	341.75
448.037	364.5	0	364.5
448.164	366	0	366
448.291	342.75	0	342.75
448.419	365.25	0	365.25
448.546	354	0	354
448.673	352.5	0	352.5
448.8	369.5	0	369.5
448.927	334.5	0	334.5
449.055	331.75	0	331.75
449.182	353.25	0	353.25
449.309	347.25	0	347.25
449.436	345	0	345
449.563	363.25	0	363.25
449.69	350.5	0	350.5
449.817	366.75	0	366.75
449.944	335.25	0	335.25
450.071	351.5	0	351.5
450.198	352.25	0	352.25
450.325	347.75	0	347.75
450.452	354	0	354
450.579	347.75	0	347.75
450.706	342	0	342
450.833	348.75	0	348.75
450.96	357.5	0	357.5
451.087	343	0	343
451.214	382.5	0	382.5
451.341	364.5	0	364.5
451.467	336.5	0	336.5
451.594	355.75	0	355.75
451.721	367.75	0	367.75
451.848	349.75	0	349.75
451.975	338.5	0	338.5
452.101	341.25	0	341.25
452.228	370	0	370
452.355	329	0	329
452.482	343	0	343
452.608	340.25	0	340.25
452.735	330.75	0	330.75
452.862	349.5	0	349.5
452.988	360.25	0	360.25
453.115	332.5	0	332.5
453.242	348.75	0	348.75
453.368	362.5	0	362.5
453.495	337	0	337
453.621	343.25	0	343.25
453.748	334.5	0	334.5
453.875	350.5	0	350.5
454.001	349.5	0	349.5
454.128	326.5	0	326.5
454.254	343.75	0	343.75
454.381	334.75	0	334.75
454.507	351	0	351
454.633	333.75	0	333.75
454.76	339.5	0	339.5
454.886	331.5	0	331.5
455.013	345	0	345
455.139	336	0	336
455.266	323.5	0	323.5
455.392	334.75	0	334.75
455.518	350.5	0	350.5
455.645	342	0	342
455.771	344.75	0	344.75
455.897	335.25	0	335.25
456.023	346	0	346
456.15	314.75	0	314.75
456.276	328.5	0	328.5
456.402	342.5	0	342.5
456.528	339.25	0	339.25
456.655	326	0	326
456.781	332	0	332
456.907	334.5	0	334.5
457.033	336	0	336
457.159	333.75	0	333.75
457.285	351.75	0	351.75
457.411	339	0	339
457.538	334.5	0	334.5
457.664	350	0	350
457.79	335	0	335
457.916	333	0	333
458.042	319.25	0	319.25
458.168	334.25	0	334.25
458.294	342.75	0	342.75
458.42	325	0	325
458.546	334.75	0	334.75
458.672	330.25	0	330.25
458.798	342.25	0	342.25
458.924	341	0	341
459.049	328.25	0	328.25
459.175	331	0	331
459.301	330.25	0	330.25
459.427	336.75	0	336.75
459.553	336.75	0	336.75
459.679	295.75	0	295.75
459.805	321.25	0	321.25
459.93	330.25	0	330.25
460.056	329	0	329
460.182	351.5	0	351.5
460.308	342.5	0	342.5
460.433	331.75	0	331.75
460.559	325.25	0	325.25
460.685	313	0	313
460.81	334	0	334
460.936	341.75	0	341.75
461.062	333.5	0	333.5
461.187	346.25	0	346.25
461.313	331.25	0	331.25
461.439	339.5	0	339.5
461.564	332	0	332
461.69	340.75	0	340.75
461.815	334.75	0	334.75
461.941	349.25	0	349.25
462.066	328	0	328
462.192	332.5	0	332.5
462.317	328.5	0	328.5
462.443	326.5	0	326.5
462.568	317.25	0	317.25
462.694	316.5	0	316.5
462.819	339	0	339
462.944	321.75	0	321.75
463.07	334	0	334
463.195	320.25	0	320.25
463.321	333.5	0	333.5
463.446	319	0	319
463.571	322	0	322
463.697	339.5	0	339.5
463.822	344.75	0	344.75
463.947	326.75	0	326.75
464.072	353.25	0	353.25
464.198	331.5	0	331.5
464.323	329.5	0	329.5
464.448	353.5	0	353.5
464.573	331	0	331
464.698	321.75	0	321.75
464.824	347	0	347
464.949	359.25	0	359.25
465.074	339	0	339
465.199	317	0	317
465.324	340.5	0	340.5
465.449	344.5	0	344.5
465.574	347.75	0	347.75
465.699	377.5	0	377.5
465.824	344.75	0	344.75
465.949	342.75	0	342.75
466.074	337.5	0	337.5
466.199	337.5	0	337.5
466.324	357.5	0	357.5
466.449	347.5	0	347.5
466.574	342.5	0	342.5
466.699	346.25	0	346.25
466.824	342.5	0	342.5
466.949	342.25	0	342.25
467.074	362.5	0	362.5
467.199	347.75	0	347.75
467.323	344.75	0	344.75
467.448	338.75	0	338.75
467.573	396.75	0	396.75
467.698	363.75	0	363.75
467.823	358	0	358
467.947	361.5	0	361.5
468.072	362	0	362
468.197	382	0	382
468.322	417.5	0	417.5
468.446	636.5	0	636.5
468.571	591	0	591
468.696	498	0	498
468.82	436.25	0	436.25
468.945	401.25	0	401.25
469.069	398.5	0	398.5
469.194	376.5	0	376.5
469.319	378.25	0	378.25
469.443	391.25	0	391.25
469.568	392.25	0	392.25
469.692	367.25	0	367.25
469.817	379	0	379
469.941	372.75	0	372.75
470.066	367.25	0	367.25
470.19	383.75	0	383.75
470.315	384.75	0	384.75
470.439	391	0	391
470.563	382	0	382
470.688	364.25	0	364.25
470.812	379	0	379
470.937	371.5	0	371.5
471.061	367.25	0	367.25
471.185	383	0	383
471.31	372.25	0	372.25
471.434	376	0	376
471.558	376.5	0	376.5
471.682	358.75	0	358.75
471.807	389.75	0	389.75
471.931	392.75	0	392.75
472.055	395.75	0	395.75
472.179	373.25	0	373.25
472.303	376.5	0	376.5
472.428	388	0	388
472.552	363.5	0	363.5
472.676	373.5	0	373.5
472.8	404.75	0	404.75
472.924	383.25	0	383.25
473.048	396.75	0	396.75
473.172	365.25	0	365.25
473.296	376	0	376
473.42	366.5	0	366.5
473.544	363.25	0	363.25
473.668	375	0	375
473.792	399.75	0	399.75
473.916	381.5	0	381.5
474.04	381.5	0	381.5
474.164	399.25	0	399.25
474.288	389.75	0	389.75
474.412	369.5	0	369.5
474.536	408.5	0	408.5
474.66	379.75	0	379.75
474.784	405.75	0	405.75
474.908	390.5	0	390.5
475.031	398.5	0	398.5
475.155	404.75	0	404.75
475.279	429	0	429
475.403	393.5	0	393.5
475.526	377.5	0	377.5
475.65	399.25	0	399.25
475.774	407	0	407
475.898	388.5	0	388.5
476.021	414.5	0	414.5
476.145	394.25	0	394.25
476.269	386.75	0	386.75
476.392	400.5	0	400.5
476.516	416	0	416
476.64	415.75	0	415.75
476.763	421.75	0	421.75
476.887	401.5	0	401.5
477.01	406	0	406
477.134	403.5	0	403.5
477.257	422	0	422
477.381	409	0	409
477.504	418	0	418
477.628	418.5	0	418.5
477.751	404.5	0	404.5
477.875	402	0	402
477.998	416.75	0	416.75
478.122	408.5	0	408.5
478.245	424.5	0	424.5
478.368	425.75	0	425.75
478.492	391.75	0	391.75
478.615	418.5	0	418.5
478.738	421	0	421
478.862	412.75	0	412.75
478.985	416	0	416
479.108	442.5	0	442.5
479.231	447.5	0	447.5
479.355	421	0	421
479.478	404	0	404
479.601	443	0	443
479.724	440	0	440
479.848	452.25	0	452.25
479.971	443.75	0	443.75
480.094	408.5	0	408.5
480.217	449.75	0	449.75
480.34	440	0	440
480.463	426.75	0	426.75
480.586	435.5	0	435.5
480.709	429	0	429
480.832	429.5	0	429.5
480.955	423.75	0	423.75
481.078	458	0	458
481.201	432	0	432
481.324	407.5	0	407.5
481.447	434	0	434
481.57	447	0	447
481.693	426.75	0	426.75
481.816	444	0	444
481.939	439.5	0	439.5
482.062	438.5	0	438.5
482.185	449.75	0	449.75
482.307	440	0	440
482.43	444.25	0	444.25
482.553	443.75	0	443.75
482.676	442.5	0	442.5
482.799	445	0	445
482.921	445.25	0	445.25
483.044	465.75	0	465.75
483.167	426	0	426
483.29	440.25	0	440.25
483.412	455.25	0	455.25
483.535	445.25	0	445.25
483.658	445	0	445
483.78	450.5	0	450.5
483.903	428.75	0	428.75
484.025	424.25	0	424.25
484.148	434.25	0	434.25
484.271	447.5	0	447.5
484.393	427	0	427
484.516	445.5	0	445.5
484.638	449.75	0	449.75
484.761	450.25	0	450.25
484.883	465.5	0	465.5
485.006	428	0	428
485.128	430.5	0	430.5
485.251	467	0	467
485.373	452.75	0	452.75
485.495	460.25	0	460.25
485.618	434.25	0	434.25
485.74	428.75	0	428.75
485.863	430.25	0	430.25
485.985	426	0	426
486.107	426.25	0	426.25
486.229	425.75	0	425.75
486.352	455.5	0	455.5
486.474	445.75	0	445.75
486.596	434.25	0	434.25
486.719	430.75	0	430.75
486.841	431.5	0	431.5
486.963	436.25	0	436.25
487.085	442.5	0	442.5
487.207	439.75	0	439.75
487.329	436	0	436
487.452	446.75	0	446.75
487.574	426.25	0	426.25
487.696	444.75	0	444.75
487.818	435	0	435
487.94	406	0	406
488.062	420.5	0	420.5
488.184	404.25	0	404.25
488.306	429	0	429
488.428	437	0	437
488.55	425.75	0	425.75
488.672	418.25	0	418.25
488.794	434.25	0	434.25
488.916	443.5	0	443.5
489.038	436.75	0	436.75
489.16	420.5	0	420.5
489.281	418.25	0	418.25
489.403	431.75	0	431.75
489.525	417.5	0	417.5
489.647	416	0	416
489.769	433.5	0	433.5
489.891	430.75	0	430.75
490.012	433.5	0	433.5
490.134	420.75	0	420.75
490.256	420.25	0	420.25
490.378	438.25	0	438.25
490.499	430	0	430
490.621	426.25	0	426.25
490.743	418.5	0	418.5
490.864	398.75	0	398.75
490.986	425.25	0	425.25
491.108	430	0	430
491.229	435.25	0	435.25
491.351	437.75	0	437.75
491.472	418	0	418
491.594	409.25	0	409.25
491.715	428.25	0	428.25
491.837	413.75	0	413.75
491.958	442.5	0	442.5
492.08	407	0	407
492.201	414.25	0	414.25
492.323	423.25	0	423.25
492.444	419.5	0	419.5
492.566	421.75	0	421.75
492.687	434.75	0	434.75
492.808	392.75	0	392.75
492.93	425.25	0	425.25
493.051	425.25	0	425.25
493.172	417	0	417
493.294	404	0	404
493.415	430	0	430
493.536	419.25	0	419.25
493.658	409.75	0	409.75
493.779	431	0	431
493.9	410.25	0	410.25
494.021	403.5	0	403.5
494.143	409.25	0	409.25
494.264	414	0	414
494.385	423.25	0	423.25
494.506	424.25	0	424.25
494.627	401	0	401
494.748	400.25	0	400.25
494.869	425.25	0	425.25
494.99	414.25	0	414.25
495.111	405.75	0	405.75
495.232	427.5	0	427.5
495.353	421.25	0	421.25
495.475	408.75	0	408.75
495.595	433.25	0	433.25
495.716	402.5	0	402.5
495.837	410	0	410
495.958	428.25	0	428.25
496.079	408.5	0	408.5
496.2	386.75	0	386.75
496.321	419.5	0	419.5
496.442	413.5	0	413.5
496.563	409.75	0	409.75
496.684	425.25	0	425.25
496.804	412	0	412
496.925	379.25	0	379.25
497.046	416.5	0	416.5
497.167	401	0	401
497.287	407.25	0	407.25
497.408	386	0	386
497.529	393.75	0	393.75
497.65	420.75	0	420.75
497.77	419.25	0	419.25
497.891	391.75	0	391.75
498.012	405.75	0	405.75
498.132	391	0	391
498.253	393.5	0	393.5
498.373	410.75	0	410.75
498.494	402	0	402
498.614	405	0	405
498.735	423.25	0	423.25
498.856	408.25	0	408.25
498.976	415	0	415
499.096	390.5	0	390.5
499.217	411.75	0	411.75
499.337	400.25	0	400.25
499.458	386.75	0	386.75
499.578	391.5	0	391.5
499.699	394	0	394
499.819	426.5	0	426.5
499.939	395.75	0	395.75
500.06	405	0	405
500.18	397.5	0	397.5
500.3	420.5	0	420.5
500.421	417	0	417
500.541	409	0	409
500.661	401.75	0	401.75
500.781	396.25	0	396.25
500.902	396.5	0	396.5
501.022	383	0	383
501.142	417.25	0	417.25
501.262	397	0	397
501.382	417.25	0	417.25
501.502	395.75	0	395.75
501.623	420.25	0	420.25
501.743	398.75	0	398.75
501.863	391.25	0	391.25
501.983	386.75	0	386.75
502.103	415	0	415
502.223	419.25	0	419.25
502.343	417.5	0	417.5
502.463	391.25	0	391.25
502.583	391	0	391
502.703	391.5	0	391.5
502.823	411.25	0	411.25
502.943	395.25	0	395.25
503.063	393.25	0	393.25
503.182	409	0	409
503.302	401	0	401
503.422	381.75	0	381.75
503.542	400.75	0	400.75
503.662	400.75	0	400.75
503.782	411.75	0	411.75
503.901	404	0	404
504.021	401	0	401
504.141	385.5	0	385.5
504.261	390	0	390
504.38	383.5	0	383.5
504.5	410.25	0	410.25
504.62	400.5	0	400.5
504.739	408	0	408
504.859	398	0	398
504.979	394.5	0	394.5
505.098	400.75	0	400.75
505.218	402.5	0	402.5
505.338	404.5	0	404.5
505.457	391.75	0	391.75
505.577	413.75	0	413.75
505.696	416.5	0	416.5
505.816	395.25	0	395.25
505.935	388.5	0	388.5
506.055	411.5	0	411.5
506.174	397.5	0	397.5
506.293	426.25	0	426.25
506.413	420.75	0	420.75
506.532	394.75	0	394.75
506.652	394	0	394
506.771	404.25	0	404.25
506.89	396.25	0	396.25
507.01	420	0	420
507.129	397.5	0	397.5
507.248	388	0	388
507.368	389.75	0	389.75
507.487	420.25	0	420.25
507.606	401.25	0	401.25
507.725	409.25	0	409.25
507.844	404.75	0	404.75
507.964	408.5	0	408.5
508.083	389.75	0	389.75
508.202	393.75	0	393.75
508.321	401.25	0	401.25
508.44	421.5	0	421.5
508.559	402.5	0	402.5
508.678	404.5	0	404.5
508.797	407	0	407
508.916	406.25	0	406.25
509.035	409	0	409
509.154	391.75	0	391.75
509.273	414.5	0	414.5
509.392	422.5	0	422.5
509.511	411.25	0	411.25
509.63	427.5	0	427.5
509.749	414	0	414
509.868	418.25	0	418.25
509.987	402.5	0	402.5
510.106	439.25	0	439.25
510.225	433	0	433
510.344	440.5	0	440.5
510.462	462.25	0	462.25
510.581	471.75	0	471.75
510.7	447.25	0	447.25
510.819	477	0	477
510.937	455.5	0	455.5
511.056	497.25	0	497.25
511.175	489.5	0	489.5
511.294	492.75	0	492.75
511.412	508.75	0	508.75
511.531	514.25	0	514.25
511.649	527.75	0	527.75
511.768	515.25	0	515.25
511.887	550	0	550
512.005	538	0	538
512.124	544.25	0	544.25
512.242	525.5	0	525.5
512.361	553.75	0	553.75
512.479	582	0	582
512.598	566.25	0	566.25
512.716	537.75	0	537.75
512.835	549.5	0	549.5
512.953	510.5	0	510.5
513.072	495.75	0	495.75
513.19	499.25	0	499.25
513.308	481.5	0	481.5
513.427	503.25	0	503.25
513.545	474.5	0	474.5
513.664	479	0	479
513.782	488.75	0	488.75
513.9	453.75	0	453.75
514.018	475.25	0	475.25
514.137	465.25	0	465.25
514.255	462.75	0	462.75
514.373	444.5	0	444.5
514.491	430.5	0	430.5
514.609	426.75	0	426.75
514.728	455.75	0	455.75
514.846	431	0	431
514.964	442.5	0	442.5
515.082	456.25	0	456.25
515.2	420.5	0	420.5
515.318	433	0	433
515.436	423.75	0	423.75
515.554	415.75	0	415.75
515.672	418.75	0	418.75
515.79	409.25	0	409.25
515.908	409.25	0	409.25
516.026	424.5	0	424.5
516.144	428	0	428
516.262	437	0	437
516.38	422.25	0	422.25
516.498	429.75	0	429.75
516.616	419	0	419
516.734	448.5	0	448.5
516.852	389.75	0	389.75
516.969	407.75	0	407.75
517.087	412	0	412
517.205	424	0	424
517.323	413	0	413
517.44	421	0	421
517.558	414.5	0	414.5
517.676	402.5	0	402.5
517.794	422.75	0	422.75
517.911	402	0	402
518.029	400.25	0	400.25
518.147	396.75	0	396.75
518.264	400.5	0	400.5
518.382	391.5	0	391.5
518.5	396.25	0	396.25
518.617	407.25	0	407.25
518.735	417.5	0	417.5
518.852	402.25	0	402.25
518.97	388.5	0	388.5
519.087	415.25	0	415.25
519.205	397.25	0	397.25
519.322	402.75	0	402.75
519.44	414.75	0	414.75
519.557	402.25	0	402.25
519.674	392.75	0	392.75
519.792	386.75	0	386.75
519.909	408	0	408
520.026	386.5	0	386.5
520.144	414.75	0	414.75
520.261	372	0	372
520.378	396.5	0	396.5
520.496	377	0	377
520.613	409.5	0	409.5
520.73	379	0	379
520.847	400.75	0	400.75
520.965	376.75	0	376.75
521.082	395.25	0	395.25
521.199	373.25	0	373.25
521.316	388.25	0	388.25
521.433	392	0	392
521.55	391	0	391
521.667	374.25	0	374.25
521.785	380.75	0	380.75
521.902	383.75	0	383.75
522.019	368.25	0	368.25
522.136	391	0	391
522.253	374.75	0	374.75
522.37	388	0	388
522.487	395.5	0	395.5
522.604	382.25	0	382.25
522.721	377.75	0	377.75
522.838	391.5	0	391.5
522.954	383.25	0	383.25
523.071	387.75	0	387.75
523.188	380.75	0	380.75
523.305	384	0	384
523.422	388.5	0	388.5
523.539	388.75	0	388.75
523.655	388	0	388
523.772	380.5	0	380.5
523.889	383.25	0	383.25
524.006	384.25	0	384.25
524.122	392.5	0	392.5
524.239	392	0	392
524.356	357.5	0	357.5
524.472	384.25	0	384.25
524.589	359.75	0	359.75
524.706	370.75	0	370.75
524.822	387.75	0	387.75
524.939	353.25	0	353.25
525.055	371.75	0	371.75
525.172	369.5	0	369.5
525.289	363.5	0	363.5
525.405	364.5	0	364.5
525.522	380.75	0	380.75
525.638	365	0	365
525.754	353	0	353
525.871	352.25	0	352.25
525.987	352.5	0	352.5
526.104	388	0	388
526.22	360.25	0	360.25
526.336	332.5	0	332.5
526.453	371.25	0	371.25
526.569	369.75	0	369.75
526.685	365.25	0	365.25
526.802	358.25	0	358.25
526.918	372	0	372
527.034	363.25	0	363.25
527.151	346.5	0	346.5
527.267	368.75	0	368.75
527.383	358.25	0	358.25
527.499	372.5	0	372.5
527.615	352.75	0	352.75
527.732	377.25	0	377.25
527.848	360	0	360
527.964	345.25	0	345.25
528.08	351	0	351
528.196	350	0	350
528.312	368.75	0	368.75
528.428	343.5	0	343.5
528.544	344.75	0	344.75
528.66	370.5	0	370.5
528.776	356.75	0	356.75
528.892	361.5	0	361.5
529.008	337	0	337
529.124	368.5	0	368.5
529.24	359.5	0	359.5
529.356	361	0	361
529.471	364	0	364
529.587	353	0	353
529.703	360	0	360
529.819	347.25	0	347.25
529.935	341.75	0	341.75
530.05	346.5	0	346.5
530.166	347.75	0	347.75
530.282	343	0	343
530.398	359.75	0	359.75
530.513	367.5	0	367.5
530.629	358.5	0	358.5
530.745	336.5	0	336.5
530.86	365.25	0	365.25
530.976	374	0	374
531.092	368.5	0	368.5
531.207	349.25	0	349.25
531.323	364	0	364
531.438	337.25	0	337.25
531.554	362.75	0	362.75
531.669	341.25	0	341.25
531.785	343.25	0	343.25
531.9	356.5	0	356.5
532.016	344.75	0	344.75
532.131	353	0	353
532.247	344.25	0	344.25
532.362	358.75	0	358.75
532.477	338.5	0	338.5
532.593	321	0	321
532.708	346.25	0	346.25
532.823	344.75	0	344.75
532.939	347	0	347
533.054	345.25	0	345.25
533.169	355.75	0	355.75
533.285	312.25	0	312.25
533.4	334.5	0	334.5
533.515	342	0	342
533.63	340.25	0	340.25
533.745	322	0	322
533.861	333.25	0	333.25
533.976	325.25	0	325.25
534.091	342.25	0	342.25
534.206	359.75	0	359.75
534.321	348.75	0	348.75
534.436	321.25	0	321.25
534.551	347.25	0	347.25
534.666	348.25	0	348.25
534.781	335.5	0	335.5
534.896	335	0	335
535.011	334.75	0	334.75
535.126	318.25	0	318.25
535.241	331.25	0	331.25
535.356	325.75	0	325.75
535.471	338.25	0	338.25
535.586	335	0	335
535.701	345.75	0	345.75
535.815	325.75	0	325.75
535.93	360	0	360
536.045	321.75	0	321.75
536.16	340.75	0	340.75