Lambda	Spectrum	Dark	SpecMinusDark
268.175	18.75	0	18.75
268.319	20.5	0	20.5
268.463	22.25	0	22.25
268.607	23.75	0	23.75
268.751	22.25	0	22.25
268.895	19.5	0	19.5
269.039	27.75	0	27.75
269.183	15.25	0	15.25
269.327	13.75	0	13.75
269.47	20.75	0	20.75
269.614	14.75	0	14.75
269.758	20.5	0	20.5
269.902	29	0	29
270.046	21	0	21
270.19	26.25	0	26.25
270.334	27	0	27
270.477	25.75	0	25.75
270.621	20.5	0	20.5
270.765	30.5	0	30.5
270.909	29.25	0	29.25
271.053	17	0	17
271.196	26	0	26
271.34	32.25	0	32.25
271.484	32.75	0	32.75
271.628	25	0	25
271.771	31	0	31
271.915	18	0	18
272.059	23.75	0	23.75
272.202	18.25	0	18.25
272.346	18	0	18
272.49	27.5	0	27.5
272.634	26	0	26
272.777	19.75	0	19.75
272.921	13.25	0	13.25
273.064	28.5	0	28.5
273.208	20.75	0	20.75
273.352	31	0	31
273.495	30.5	0	30.5
273.639	22	0	22
273.783	32.75	0	32.75
273.926	29.25	0	29.25
274.07	24.5	0	24.5
274.213	30.25	0	30.25
274.357	23	0	23
274.5	28.25	0	28.25
274.644	28.25	0	28.25
274.787	20.75	0	20.75
274.931	28.25	0	28.25
275.074	30.5	0	30.5
275.218	31.25	0	31.25
275.361	21.5	0	21.5
275.505	31.5	0	31.5
275.648	30	0	30
275.792	34.25	0	34.25
275.935	33	0	33
276.079	36.25	0	36.25
276.222	25.25	0	25.25
276.366	35	0	35
276.509	26	0	26
276.652	32.5	0	32.5
276.796	27.5	0	27.5
276.939	32.25	0	32.25
277.082	29	0	29
277.226	40	0	40
277.369	35.75	0	35.75
277.513	22.25	0	22.25
277.656	25	0	25
277.799	34	0	34
277.942	28	0	28
278.086	29	0	29
278.229	38.5	0	38.5
278.372	31.5	0	31.5
278.516	31.5	0	31.5
278.659	31.5	0	31.5
278.802	32	0	32
278.945	31.25	0	31.25
279.089	31.25	0	31.25
279.232	41.75	0	41.75
279.375	28.25	0	28.25
279.518	34.5	0	34.5
279.661	36	0	36
279.805	34.75	0	34.75
279.948	22.25	0	22.25
280.091	34.75	0	34.75
280.234	31.25	0	31.25
280.377	30	0	30
280.52	39.75	0	39.75
280.663	27.75	0	27.75
280.806	36.75	0	36.75
280.95	36.75	0	36.75
281.093	33	0	33
281.236	41.5	0	41.5
281.379	37.25	0	37.25
281.522	48	0	48
281.665	32.25	0	32.25
281.808	42.5	0	42.5
281.951	27.25	0	27.25
282.094	35.25	0	35.25
282.237	42	0	42
282.38	38.25	0	38.25
282.523	28.25	0	28.25
282.666	42.75	0	42.75
282.809	40.5	0	40.5
282.952	40.5	0	40.5
283.095	34	0	34
283.238	37.25	0	37.25
283.381	36.75	0	36.75
283.523	33.25	0	33.25
283.666	41.25	0	41.25
283.809	42.5	0	42.5
283.952	50	0	50
284.095	43	0	43
284.238	37.5	0	37.5
284.381	46.25	0	46.25
284.524	44.75	0	44.75
284.666	37.5	0	37.5
284.809	41	0	41
284.952	36.75	0	36.75
285.095	40.5	0	40.5
285.238	38	0	38
285.38	43.25	0	43.25
285.523	43	0	43
285.666	42.25	0	42.25
285.809	37.25	0	37.25
285.951	38.5	0	38.5
286.094	39.75	0	39.75
286.237	40.5	0	40.5
286.38	43.25	0	43.25
286.522	37.5	0	37.5
286.665	44.75	0	44.75
286.808	47.25	0	47.25
286.95	45.25	0	45.25
287.093	41	0	41
287.236	36.25	0	36.25
287.378	41.75	0	41.75
287.521	37.75	0	37.75
287.663	45	0	45
287.806	50.5	0	50.5
287.949	39	0	39
288.091	62	0	62
288.234	46.75	0	46.75
288.376	48.5	0	48.5
288.519	40.75	0	40.75
288.661	52	0	52
288.804	43.5	0	43.5
288.946	47	0	47
289.089	46.25	0	46.25
289.231	47.5	0	47.5
289.374	50.5	0	50.5
289.516	45.25	0	45.25
289.659	40	0	40
289.801	37.75	0	37.75
289.944	44.25	0	44.25
290.086	37.25	0	37.25
290.229	51.5	0	51.5
290.371	52	0	52
290.513	45.75	0	45.75
290.656	55.25	0	55.25
290.798	41	0	41
290.941	52.25	0	52.25
291.083	41.5	0	41.5
291.225	57.5	0	57.5
291.368	51.5	0	51.5
291.51	45	0	45
291.652	54	0	54
291.795	50.75	0	50.75
291.937	39.75	0	39.75
292.079	47.75	0	47.75
292.221	50.5	0	50.5
292.364	43.5	0	43.5
292.506	47.25	0	47.25
292.648	43	0	43
292.79	54.25	0	54.25
292.933	51.75	0	51.75
293.075	48.25	0	48.25
293.217	44.75	0	44.75
293.359	57	0	57
293.502	58.25	0	58.25
293.644	47.75	0	47.75
293.786	44.25	0	44.25
293.928	58.75	0	58.75
294.07	53.5	0	53.5
294.212	49.5	0	49.5
294.354	60	0	60
294.497	42.5	0	42.5
294.639	52	0	52
294.781	52.25	0	52.25
294.923	51.75	0	51.75
295.065	56	0	56
295.207	52.25	0	52.25
295.349	53	0	53
295.491	66.25	0	66.25
295.633	50.75	0	50.75
295.775	47	0	47
295.917	48	0	48
296.059	46.5	0	46.5
296.201	44.5	0	44.5
296.343	42.5	0	42.5
296.485	49.5	0	49.5
296.627	54	0	54
296.769	46.25	0	46.25
296.911	53.75	0	53.75
297.053	59.75	0	59.75
297.195	58.25	0	58.25
297.337	56.5	0	56.5
297.478	48.75	0	48.75
297.62	53.75	0	53.75
297.762	68	0	68
297.904	53.5	0	53.5
298.046	63.75	0	63.75
298.188	47.75	0	47.75
298.33	60	0	60
298.471	50.5	0	50.5
298.613	67.75	0	67.75
298.755	56.75	0	56.75
298.897	58.5	0	58.5
299.038	52	0	52
299.18	64.25	0	64.25
299.322	50.25	0	50.25
299.464	66	0	66
299.605	59.75	0	59.75
299.747	66	0	66
299.889	57	0	57
300.031	58.75	0	58.75
300.172	58	0	58
300.314	66	0	66
300.456	53	0	53
300.597	68	0	68
300.739	59.75	0	59.75
300.881	64	0	64
301.022	59	0	59
301.164	60	0	60
301.305	62	0	62
301.447	64	0	64
301.589	63	0	63
301.73	66	0	66
301.872	61	0	61
302.013	62.5	0	62.5
302.155	62.5	0	62.5
302.296	76.5	0	76.5
302.438	72	0	72
302.579	63.5	0	63.5
302.721	62.75	0	62.75
302.862	71.25	0	71.25
303.004	62.75	0	62.75
303.145	65	0	65
303.287	60.75	0	60.75
303.428	59.5	0	59.5
303.569	73.5	0	73.5
303.711	68.5	0	68.5
303.852	55	0	55
303.994	59.5	0	59.5
304.135	69.75	0	69.75
304.276	68.75	0	68.75
304.418	67.75	0	67.75
304.559	67.5	0	67.5
304.7	62.75	0	62.75
304.842	66.5	0	66.5
304.983	54.75	0	54.75
305.124	72	0	72
305.266	59.25	0	59.25
305.407	66	0	66
305.548	64.25	0	64.25
305.69	83.5	0	83.5
305.831	66.5	0	66.5
305.972	62.75	0	62.75
306.113	68.5	0	68.5
306.254	63.75	0	63.75
306.396	69.75	0	69.75
306.537	70.25	0	70.25
306.678	74.25	0	74.25
306.819	59.25	0	59.25
306.96	71.25	0	71.25
307.102	72.5	0	72.5
307.243	73.5	0	73.5
307.384	77.25	0	77.25
307.525	67.5	0	67.5
307.666	73.25	0	73.25
307.807	70.25	0	70.25
307.948	79.25	0	79.25
308.089	77.5	0	77.5
308.23	92.75	0	92.75
308.371	72	0	72
308.513	68.75	0	68.75
308.654	78.5	0	78.5
308.795	82.75	0	82.75
308.936	81.25	0	81.25
309.077	58.5	0	58.5
309.218	79.75	0	79.75
309.359	81.75	0	81.75
309.499	75.25	0	75.25
309.64	74.25	0	74.25
309.781	82.75	0	82.75
309.922	75.5	0	75.5
310.063	72.25	0	72.25
310.204	80.75	0	80.75
310.345	73.5	0	73.5
310.486	75	0	75
310.627	79.75	0	79.75
310.768	70.25	0	70.25
310.909	81.25	0	81.25
311.049	78.25	0	78.25
311.19	82.5	0	82.5
311.331	84.5	0	84.5
311.472	74	0	74
311.613	73.75	0	73.75
311.753	68	0	68
311.894	84.25	0	84.25
312.035	78.75	0	78.75
312.176	76.5	0	76.5
312.316	84.25	0	84.25
312.457	89.5	0	89.5
312.598	84	0	84
312.739	75.5	0	75.5
312.879	92.25	0	92.25
313.02	91.75	0	91.75
313.161	91.25	0	91.25
313.301	71	0	71
313.442	85.75	0	85.75
313.583	80.25	0	80.25
313.723	86.25	0	86.25
313.864	81.25	0	81.25
314.005	87.5	0	87.5
314.145	91.5	0	91.5
314.286	95.5	0	95.5
314.426	89.75	0	89.75
314.567	105	0	105
314.707	76.75	0	76.75
314.848	101.25	0	101.25
314.989	106.75	0	106.75
315.129	93.25	0	93.25
315.27	93	0	93
315.41	94.25	0	94.25
315.551	99.25	0	99.25
315.691	100.25	0	100.25
315.831	78.75	0	78.75
315.972	98	0	98
316.112	96.25	0	96.25
316.253	90	0	90
316.393	97.25	0	97.25
316.534	89.25	0	89.25
316.674	99	0	99
316.814	97.5	0	97.5
316.955	101.5	0	101.5
317.095	92.5	0	92.5
317.236	88.75	0	88.75
317.376	97.5	0	97.5
317.516	91.75	0	91.75
317.656	100.25	0	100.25
317.797	94.75	0	94.75
317.937	103.75	0	103.75
318.077	96.25	0	96.25
318.218	95.75	0	95.75
318.358	105.25	0	105.25
318.498	97.75	0	97.75
318.638	109	0	109
318.779	92.5	0	92.5
318.919	87.5	0	87.5
319.059	93	0	93
319.199	97	0	97
319.34	99.5	0	99.5
319.48	91.75	0	91.75
319.62	109.25	0	109.25
319.76	108.5	0	108.5
319.9	91.5	0	91.5
320.04	98.75	0	98.75
320.18	105.25	0	105.25
320.32	109.75	0	109.75
320.461	98.75	0	98.75
320.601	105.75	0	105.75
320.741	110.75	0	110.75
320.881	107.75	0	107.75
321.021	105.25	0	105.25
321.161	113	0	113
321.301	105.25	0	105.25
321.441	103.5	0	103.5
321.581	108.75	0	108.75
321.721	114.75	0	114.75
321.861	103.5	0	103.5
322.001	110.25	0	110.25
322.141	106.75	0	106.75
322.281	101	0	101
322.421	104.75	0	104.75
322.561	121.25	0	121.25
322.7	114.5	0	114.5
322.84	113.5	0	113.5
322.98	117	0	117
323.12	108.5	0	108.5
323.26	122	0	122
323.4	114.75	0	114.75
323.54	115.25	0	115.25
323.68	126.5	0	126.5
323.819	125.25	0	125.25
323.959	119	0	119
324.099	127.75	0	127.75
324.239	114.75	0	114.75
324.379	125.75	0	125.75
324.518	118.75	0	118.75
324.658	111	0	111
324.798	131.5	0	131.5
324.937	125.75	0	125.75
325.077	124.5	0	124.5
325.217	133.25	0	133.25
325.357	111	0	111
325.496	129.75	0	129.75
325.636	130.5	0	130.5
325.776	119.25	0	119.25
325.915	141.25	0	141.25
326.055	131	0	131
326.195	130.5	0	130.5
326.334	125.25	0	125.25
326.474	127.25	0	127.25
326.613	133	0	133
326.753	118	0	118
326.892	133.75	0	133.75
327.032	133.25	0	133.25
327.172	126.5	0	126.5
327.311	126.5	0	126.5
327.451	144	0	144
327.59	138	0	138
327.73	128.5	0	128.5
327.869	137.25	0	137.25
328.009	142.25	0	142.25
328.148	128	0	128
328.288	131	0	131
328.427	128.75	0	128.75
328.566	138.5	0	138.5
328.706	127.75	0	127.75
328.845	135.5	0	135.5
328.985	135.5	0	135.5
329.124	124.25	0	124.25
329.263	142.75	0	142.75
329.403	140.25	0	140.25
329.542	143.75	0	143.75
329.681	132.25	0	132.25
329.821	153.25	0	153.25
329.96	142.75	0	142.75
330.099	138.75	0	138.75
330.239	136.25	0	136.25
330.378	133.25	0	133.25
330.517	143	0	143
330.656	156	0	156
330.796	144.75	0	144.75
330.935	148.75	0	148.75
331.074	144.5	0	144.5
331.213	151	0	151
331.352	148	0	148
331.492	150.5	0	150.5
331.631	135.25	0	135.25
331.77	146.25	0	146.25
331.909	149	0	149
332.048	136.5	0	136.5
332.187	155.75	0	155.75
332.327	145.75	0	145.75
332.466	156	0	156
332.605	148.5	0	148.5
332.744	137.75	0	137.75
332.883	141	0	141
333.022	156.25	0	156.25
333.161	161.5	0	161.5
333.3	161.25	0	161.25
333.439	152.5	0	152.5
333.578	147.5	0	147.5
333.717	158.25	0	158.25
333.856	159.75	0	159.75
333.995	142.25	0	142.25
334.134	150.25	0	150.25
334.273	165.75	0	165.75
334.412	162.5	0	162.5
334.551	154.5	0	154.5
334.69	147.5	0	147.5
334.828	162.75	0	162.75
334.967	174.25	0	174.25
335.106	177.75	0	177.75
335.245	160.75	0	160.75
335.384	161.25	0	161.25
335.523	166.25	0	166.25
335.662	181.25	0	181.25
335.8	163.25	0	163.25
335.939	157.5	0	157.5
336.078	170	0	170
336.217	170.25	0	170.25
336.356	171.5	0	171.5
336.494	186.75	0	186.75
336.633	180.75	0	180.75
336.772	184	0	184
336.911	174.5	0	174.5
337.049	189.25	0	189.25
337.188	167.25	0	167.25
337.327	193	0	193
337.465	185.5	0	185.5
337.604	187.75	0	187.75
337.743	186	0	186
337.881	191.75	0	191.75
338.02	170	0	170
338.158	202.75	0	202.75
338.297	187.25	0	187.25
338.436	193	0	193
338.574	186.75	0	186.75
338.713	203.5	0	203.5
338.851	205.25	0	205.25
338.99	206.75	0	206.75
339.128	218	0	218
339.267	219	0	219
339.405	253.75	0	253.75
339.544	273.25	0	273.25
339.682	327.75	0	327.75
339.821	422	0	422
339.959	531	0	531
340.098	622.5	0	622.5
340.236	717.5	0	717.5
340.375	726	0	726
340.513	803.5	0	803.5
340.651	982.5	0	982.5
340.79	1313.75	0	1313.75
340.928	1577.75	0	1577.75
341.067	1889.5	0	1889.5
341.205	2270.25	0	2270.25
341.343	2695.75	0	2695.75
341.482	3029.5	0	3029.5
341.62	3357.25	0	3357.25
341.758	3370.75	0	3370.75
341.897	3396.5	0	3396.5
342.035	3043	0	3043
342.173	2585.25	0	2585.25
342.311	2122.25	0	2122.25
342.45	1671.25	0	1671.25
342.588	1337.75	0	1337.75
342.726	1101	0	1101
342.864	824.75	0	824.75
343.002	710	0	710
343.141	605.25	0	605.25
343.279	526.25	0	526.25
343.417	485.5	0	485.5
343.555	446.75	0	446.75
343.693	404.5	0	404.5
343.831	388	0	388
343.969	344.75	0	344.75
344.108	321.75	0	321.75
344.246	329.5	0	329.5
344.384	285.25	0	285.25
344.522	286.5	0	286.5
344.66	263.25	0	263.25
344.798	244	0	244
344.936	249.75	0	249.75
345.074	232.25	0	232.25
345.212	228.75	0	228.75
345.35	227.25	0	227.25
345.488	213.5	0	213.5
345.626	209.5	0	209.5
345.764	210	0	210
345.902	217.5	0	217.5
346.04	208.5	0	208.5
346.178	213.75	0	213.75
346.315	206.75	0	206.75
346.453	216	0	216
346.591	209.75	0	209.75
346.729	205.75	0	205.75
346.867	198.25	0	198.25
347.005	207	0	207
347.143	201.5	0	201.5
347.28	213	0	213
347.418	208.75	0	208.75
347.556	210.25	0	210.25
347.694	210	0	210
347.832	213.25	0	213.25
347.969	204.5	0	204.5
348.107	231	0	231
348.245	198	0	198
348.382	222.5	0	222.5
348.52	204.5	0	204.5
348.658	205.25	0	205.25
348.796	219	0	219
348.933	216.5	0	216.5
349.071	221.75	0	221.75
349.209	231.25	0	231.25
349.346	211.5	0	211.5
349.484	210	0	210
349.621	219.25	0	219.25
349.759	227	0	227
349.897	221.5	0	221.5
350.034	224.75	0	224.75
350.172	211	0	211
350.309	213.25	0	213.25
350.447	222	0	222
350.584	231.25	0	231.25
350.722	210.75	0	210.75
350.859	214.5	0	214.5
350.997	216.5	0	216.5
351.134	214.5	0	214.5
351.272	221	0	221
351.409	228.5	0	228.5
351.547	236.25	0	236.25
351.684	222.75	0	222.75
351.822	219.25	0	219.25
351.959	212.5	0	212.5
352.096	224.75	0	224.75
352.234	214.75	0	214.75
352.371	224.75	0	224.75
352.508	225.75	0	225.75
352.646	210.25	0	210.25
352.783	217	0	217
352.92	222.25	0	222.25
353.058	227.5	0	227.5
353.195	227.75	0	227.75
353.332	228.25	0	228.25
353.469	223.5	0	223.5
353.607	248.75	0	248.75
353.744	212.75	0	212.75
353.881	241	0	241
354.018	222.5	0	222.5
354.156	241.25	0	241.25
354.293	216.25	0	216.25
354.43	247.5	0	247.5
354.567	240	0	240
354.704	232.25	0	232.25
354.841	235	0	235
354.979	239.75	0	239.75
355.116	241.25	0	241.25
355.253	245.5	0	245.5
355.39	227.5	0	227.5
355.527	212	0	212
355.664	244.75	0	244.75
355.801	218.75	0	218.75
355.938	218.75	0	218.75
356.075	240.75	0	240.75
356.212	227	0	227
356.349	230	0	230
356.486	217.75	0	217.75
356.623	235	0	235
356.76	246.75	0	246.75
356.897	217	0	217
357.034	222	0	222
357.171	220.5	0	220.5
357.308	238.5	0	238.5
357.445	227.5	0	227.5
357.582	244	0	244
357.718	237	0	237
357.855	256.25	0	256.25
357.992	232.25	0	232.25
358.129	234.25	0	234.25
358.266	249	0	249
358.403	251	0	251
358.539	241.25	0	241.25
358.676	247.5	0	247.5
358.813	251.75	0	251.75
358.95	235	0	235
359.086	250	0	250
359.223	233.5	0	233.5
359.36	232.75	0	232.75
359.497	251.25	0	251.25
359.633	252.5	0	252.5
359.77	239	0	239
359.907	255.75	0	255.75
360.043	245.75	0	245.75
360.18	276.25	0	276.25
360.317	247.25	0	247.25
360.453	247	0	247
360.59	258.25	0	258.25
360.727	246	0	246
360.863	252	0	252
361	262.75	0	262.75
361.136	258.5	0	258.5
361.273	247.25	0	247.25
361.409	254	0	254
361.546	258	0	258
361.682	262.25	0	262.25
361.819	246.25	0	246.25
361.955	255	0	255
362.092	254	0	254
362.228	237	0	237
362.365	255.25	0	255.25
362.501	258.5	0	258.5
362.638	269.5	0	269.5
362.774	267.5	0	267.5
362.91	265.5	0	265.5
363.047	271.5	0	271.5
363.183	250.75	0	250.75
363.319	247.75	0	247.75
363.456	261.75	0	261.75
363.592	265.25	0	265.25
363.728	279.25	0	279.25
363.865	262.75	0	262.75
364.001	262.5	0	262.5
364.137	266.25	0	266.25
364.274	262.75	0	262.75
364.41	265.5	0	265.5
364.546	254	0	254
364.682	266.25	0	266.25
364.819	263.75	0	263.75
364.955	280.75	0	280.75
365.091	261.25	0	261.25
365.227	285	0	285
365.363	267.75	0	267.75
365.499	270.25	0	270.25
365.636	285	0	285
365.772	271.5	0	271.5
365.908	254.5	0	254.5
366.044	284.75	0	284.75
366.18	289.75	0	289.75
366.316	271.5	0	271.5
366.452	297.75	0	297.75
366.588	288.75	0	288.75
366.724	274.5	0	274.5
366.86	283.25	0	283.25
366.996	284.75	0	284.75
367.132	272.25	0	272.25
367.268	272	0	272
367.404	285.75	0	285.75
367.54	263.25	0	263.25
367.676	288.75	0	288.75
367.812	281.75	0	281.75
367.948	296	0	296
368.084	291	0	291
368.22	285.5	0	285.5
368.356	272	0	272
368.492	296.25	0	296.25
368.627	288.5	0	288.5
368.763	297	0	297
368.899	281.75	0	281.75
369.035	298	0	298
369.171	294.75	0	294.75
369.306	281.75	0	281.75
369.442	290	0	290
369.578	269.25	0	269.25
369.714	298.5	0	298.5
369.85	300.75	0	300.75
369.985	289	0	289
370.121	294	0	294
370.257	281.25	0	281.25
370.392	295.25	0	295.25
370.528	284	0	284
370.664	264	0	264
370.799	312	0	312
370.935	304	0	304
371.071	310.75	0	310.75
371.206	292	0	292
371.342	291.5	0	291.5
371.477	311.5	0	311.5
371.613	286.5	0	286.5
371.749	294.75	0	294.75
371.884	303.5	0	303.5
372.02	314.25	0	314.25
372.155	313.25	0	313.25
372.291	301.25	0	301.25
372.426	293.5	0	293.5
372.562	286.75	0	286.75
372.697	284.25	0	284.25
372.833	310	0	310
372.968	309.25	0	309.25
373.103	314.25	0	314.25
373.239	301.5	0	301.5
373.374	306.5	0	306.5
373.51	314.5	0	314.5
373.645	312	0	312
373.78	322.25	0	322.25
373.916	311.75	0	311.75
374.051	299.25	0	299.25
374.186	294.75	0	294.75
374.322	298	0	298
374.457	306	0	306
374.592	298	0	298
374.728	314.5	0	314.5
374.863	320.5	0	320.5
374.998	331	0	331
375.133	316.5	0	316.5
375.268	310	0	310
375.404	321.75	0	321.75
375.539	304.75	0	304.75
375.674	339	0	339
375.809	303.25	0	303.25
375.944	311.5	0	311.5
376.08	304.25	0	304.25
376.215	310	0	310
376.35	324.5	0	324.5
376.485	319.75	0	319.75
376.62	310.25	0	310.25
376.755	317.25	0	317.25
376.89	302.5	0	302.5
377.025	326.75	0	326.75
377.16	323.75	0	323.75
377.295	323.75	0	323.75
377.43	307	0	307
377.565	342.75	0	342.75
377.7	319.25	0	319.25
377.835	319	0	319
377.97	323.75	0	323.75
378.105	306.5	0	306.5
378.24	310.25	0	310.25
378.375	318.25	0	318.25
378.51	329.5	0	329.5
378.645	342.5	0	342.5
378.78	342.75	0	342.75
378.914	329.25	0	329.25
379.049	337.5	0	337.5
379.184	333.25	0	333.25
379.319	301.75	0	301.75
379.454	329.5	0	329.5
379.589	318.5	0	318.5
379.723	345.25	0	345.25
379.858	328	0	328
379.993	350.5	0	350.5
380.128	360.75	0	360.75
380.262	352.75	0	352.75
380.397	319.5	0	319.5
380.532	328	0	328
380.666	335.75	0	335.75
380.801	349.5	0	349.5
380.936	334.25	0	334.25
381.07	356.75	0	356.75
381.205	350.5	0	350.5
381.34	344.5	0	344.5
381.474	343.75	0	343.75
381.609	349.75	0	349.75
381.744	353.75	0	353.75
381.878	345.25	0	345.25
382.013	346.75	0	346.75
382.147	333.5	0	333.5
382.282	324.75	0	324.75
382.416	342.5	0	342.5
382.551	331.5	0	331.5
382.685	352.5	0	352.5
382.82	360.25	0	360.25
382.954	358.5	0	358.5
383.089	360.75	0	360.75
383.223	334.25	0	334.25
383.357	344.75	0	344.75
383.492	346.75	0	346.75
383.626	351.25	0	351.25
383.761	353.5	0	353.5
383.895	343.5	0	343.5
384.029	364	0	364
384.164	357.75	0	357.75
384.298	348.75	0	348.75
384.432	354.25	0	354.25
384.567	382.75	0	382.75
384.701	362.5	0	362.5
384.835	358.5	0	358.5
384.97	352.25	0	352.25
385.104	365.25	0	365.25
385.238	340.75	0	340.75
385.372	364.25	0	364.25
385.506	347.75	0	347.75
385.641	331.25	0	331.25
385.775	363	0	363
385.909	359.5	0	359.5
386.043	376.5	0	376.5
386.177	378	0	378
386.311	349.5	0	349.5
386.446	356	0	356
386.58	337.25	0	337.25
386.714	364.25	0	364.25
386.848	347	0	347
386.982	367.25	0	367.25
387.116	367.5	0	367.5
387.25	370.75	0	370.75
387.384	352.5	0	352.5
387.518	377	0	377
387.652	351	0	351
387.786	340.75	0	340.75
387.92	359.75	0	359.75
388.054	366.25	0	366.25
388.188	354.5	0	354.5
388.322	359	0	359
388.456	350.75	0	350.75
388.59	337.5	0	337.5
388.723	356	0	356
388.857	361.25	0	361.25
388.991	338.5	0	338.5
389.125	352.5	0	352.5
389.259	356.75	0	356.75
389.393	346	0	346
389.526	354.5	0	354.5
389.66	335.25	0	335.25
389.794	353.75	0	353.75
389.928	352	0	352
390.062	348.5	0	348.5
390.195	338.25	0	338.25
390.329	348.5	0	348.5
390.463	327	0	327
390.596	349.5	0	349.5
390.73	344.75	0	344.75
390.864	366	0	366
390.997	348.75	0	348.75
391.131	345	0	345
391.265	344.75	0	344.75
391.398	338.75	0	338.75
391.532	346.5	0	346.5
391.665	346.75	0	346.75
391.799	356.5	0	356.5
391.933	354.75	0	354.75
392.066	336	0	336
392.2	338.75	0	338.75
392.333	352	0	352
392.467	344.75	0	344.75
392.6	346.5	0	346.5
392.734	323	0	323
392.867	342	0	342
393.001	322.5	0	322.5
393.134	349.5	0	349.5
393.267	358.25	0	358.25
393.401	342	0	342
393.534	355.5	0	355.5
393.668	349.75	0	349.75
393.801	330.75	0	330.75
393.934	337.75	0	337.75
394.068	329.5	0	329.5
394.201	355.25	0	355.25
394.334	343.25	0	343.25
394.468	330	0	330
394.601	336.25	0	336.25
394.734	334.25	0	334.25
394.867	350.5	0	350.5
395.001	337.75	0	337.75
395.134	321.5	0	321.5
395.267	324.75	0	324.75
395.4	324	0	324
395.533	358.25	0	358.25
395.667	347.75	0	347.75
395.8	337.75	0	337.75
395.933	348.75	0	348.75
396.066	338	0	338
396.199	346.5	0	346.5
396.332	354	0	354
396.465	311.75	0	311.75
396.598	334.5	0	334.5
396.732	348	0	348
396.865	348.75	0	348.75
396.998	352	0	352
397.131	339.5	0	339.5
397.264	340.75	0	340.75
397.397	345	0	345
397.53	344.25	0	344.25
397.663	343	0	343
397.796	352.25	0	352.25
397.928	344.5	0	344.5
398.061	362.5	0	362.5
398.194	348.75	0	348.75
398.327	337.5	0	337.5
398.46	331.25	0	331.25
398.593	348.25	0	348.25
398.726	357.25	0	357.25
398.859	330.75	0	330.75
398.991	345.75	0	345.75
399.124	339	0	339
399.257	343.75	0	343.75
399.39	358	0	358
399.523	353.5	0	353.5
399.655	351.75	0	351.75
399.788	340	0	340
399.921	358.25	0	358.25
400.054	339	0	339
400.186	363.25	0	363.25
400.319	361.5	0	361.5
400.452	345	0	345
400.584	373.75	0	373.75
400.717	351.5	0	351.5
400.85	334.75	0	334.75
400.982	335.25	0	335.25
401.115	343.5	0	343.5
401.247	356.75	0	356.75
401.38	349.25	0	349.25
401.513	330.75	0	330.75
401.645	363.25	0	363.25
401.778	363.75	0	363.75
401.91	365.5	0	365.5
402.043	371	0	371
402.175	367	0	367
402.308	341.5	0	341.5
402.44	373	0	373
402.573	339.25	0	339.25
402.705	337.5	0	337.5
402.837	351	0	351
402.97	350.75	0	350.75
403.102	347.5	0	347.5
403.235	359.75	0	359.75
403.367	336.75	0	336.75
403.499	348.5	0	348.5
403.632	367.75	0	367.75
403.764	343.25	0	343.25
403.896	349.75	0	349.75
404.029	342.5	0	342.5
404.161	331.25	0	331.25
404.293	359	0	359
404.425	369.5	0	369.5
404.558	343.5	0	343.5
404.69	376.75	0	376.75
404.822	324.25	0	324.25
404.954	353	0	353
405.086	347.75	0	347.75
405.219	349.75	0	349.75
405.351	338.5	0	338.5
405.483	350.5	0	350.5
405.615	380.5	0	380.5
405.747	336.75	0	336.75
405.879	355.5	0	355.5
406.011	374.75	0	374.75
406.143	348.25	0	348.25
406.275	370.25	0	370.25
406.407	358.5	0	358.5
406.539	348.25	0	348.25
406.672	329.5	0	329.5
406.803	340.5	0	340.5
406.935	336.25	0	336.25
407.067	341.25	0	341.25
407.199	351.75	0	351.75
407.331	327.75	0	327.75
407.463	337.75	0	337.75
407.595	335	0	335
407.727	315.25	0	315.25
407.859	344.25	0	344.25
407.991	351	0	351
408.123	323.75	0	323.75
408.255	323	0	323
408.386	329	0	329
408.518	352.25	0	352.25
408.65	320.5	0	320.5
408.782	338.5	0	338.5
408.914	313.5	0	313.5
409.045	328.5	0	328.5
409.177	344	0	344
409.309	325.25	0	325.25
409.44	344.25	0	344.25
409.572	315.75	0	315.75
409.704	329.75	0	329.75
409.836	347	0	347
409.967	336	0	336
410.099	353.75	0	353.75
410.23	306.75	0	306.75
410.362	324.5	0	324.5
410.494	339.5	0	339.5
410.625	326.5	0	326.5
410.757	331.75	0	331.75
410.888	313.5	0	313.5
411.02	336.75	0	336.75
411.152	328.25	0	328.25
411.283	300.75	0	300.75
411.415	325.5	0	325.5
411.546	325.25	0	325.25
411.677	315	0	315
411.809	339.5	0	339.5
411.94	339.5	0	339.5
412.072	304.25	0	304.25
412.203	314.25	0	314.25
412.335	317	0	317
412.466	315.25	0	315.25
412.597	340.75	0	340.75
412.729	318.25	0	318.25
412.86	313.5	0	313.5
412.991	317	0	317
413.123	315	0	315
413.254	341	0	341
413.385	320	0	320
413.517	341.25	0	341.25
413.648	323.5	0	323.5
413.779	303.5	0	303.5
413.91	318.5	0	318.5
414.042	308.5	0	308.5
414.173	316.5	0	316.5
414.304	297.25	0	297.25
414.435	314.25	0	314.25
414.566	307.75	0	307.75
414.697	310.75	0	310.75
414.828	316.75	0	316.75
414.96	291.5	0	291.5
415.091	311.25	0	311.25
415.222	312.25	0	312.25
415.353	302	0	302
415.484	315.75	0	315.75
415.615	320.75	0	320.75
415.746	322.5	0	322.5
415.877	300.75	0	300.75
416.008	318	0	318
416.139	331	0	331
416.27	295.75	0	295.75
416.401	309.75	0	309.75
416.532	301.25	0	301.25
416.663	307	0	307
416.794	304.5	0	304.5
416.925	332.5	0	332.5
417.055	310.75	0	310.75
417.186	309.25	0	309.25
417.317	318	0	318
417.448	312.75	0	312.75
417.579	289.75	0	289.75
417.71	341.5	0	341.5
417.84	307	0	307
417.971	306.5	0	306.5
418.102	311.75	0	311.75
418.233	314	0	314
418.363	312.75	0	312.75
418.494	309.5	0	309.5
418.625	315.25	0	315.25
418.756	307	0	307
418.886	310.5	0	310.5
419.017	309	0	309
419.148	311.25	0	311.25
419.278	318.25	0	318.25
419.409	294.5	0	294.5
419.539	318.75	0	318.75
419.67	320	0	320
419.801	302.75	0	302.75
419.931	290	0	290
420.062	329.25	0	329.25
420.192	315.25	0	315.25
420.323	313	0	313
420.453	323.75	0	323.75
420.584	323	0	323
420.714	308.5	0	308.5
420.845	290.25	0	290.25
420.975	284.5	0	284.5
421.106	321.5	0	321.5
421.236	281.5	0	281.5
421.366	310.25	0	310.25
421.497	320.5	0	320.5
421.627	310.75	0	310.75
421.757	313.75	0	313.75
421.888	305.25	0	305.25
422.018	323.5	0	323.5
422.148	321.25	0	321.25
422.279	314.25	0	314.25
422.409	314.5	0	314.5
422.539	326	0	326
422.67	301.75	0	301.75
422.8	301.5	0	301.5
422.93	300.75	0	300.75
423.06	313.75	0	313.75
423.19	279.5	0	279.5
423.321	315.75	0	315.75
423.451	302.25	0	302.25
423.581	295.25	0	295.25
423.711	318.5	0	318.5
423.841	298.25	0	298.25
423.971	294.5	0	294.5
424.101	293.5	0	293.5
424.231	293.25	0	293.25
424.361	291.75	0	291.75
424.492	317.75	0	317.75
424.622	308.75	0	308.75
424.752	318.25	0	318.25
424.882	312	0	312
425.012	284.5	0	284.5
425.142	286.25	0	286.25
425.271	302.5	0	302.5
425.401	282	0	282
425.531	291.5	0	291.5
425.661	305.75	0	305.75
425.791	275.25	0	275.25
425.921	298.25	0	298.25
426.051	290.5	0	290.5
426.181	289.25	0	289.25
426.311	300.5	0	300.5
426.44	303	0	303
426.57	305.25	0	305.25
426.7	284.25	0	284.25
426.83	284.75	0	284.75
426.96	287.75	0	287.75
427.089	308	0	308
427.219	294.5	0	294.5
427.349	263.75	0	263.75
427.479	284.75	0	284.75
427.608	273.5	0	273.5
427.738	302.5	0	302.5
427.868	297.25	0	297.25
427.997	287.25	0	287.25
428.127	283	0	283
428.256	296.25	0	296.25
428.386	266.75	0	266.75
428.516	277.5	0	277.5
428.645	282.75	0	282.75
428.775	277	0	277
428.904	281.25	0	281.25
429.034	282.25	0	282.25
429.163	270.75	0	270.75
429.293	271.25	0	271.25
429.422	271	0	271
429.552	285	0	285
429.681	267.25	0	267.25
429.811	283.75	0	283.75
429.94	269.25	0	269.25
430.069	258	0	258
430.199	289	0	289
430.328	266	0	266
430.458	251.5	0	251.5
430.587	245	0	245
430.716	281.5	0	281.5
430.846	266	0	266
430.975	255	0	255
431.104	245.25	0	245.25
431.233	260.5	0	260.5
431.363	246.25	0	246.25
431.492	255.5	0	255.5
431.621	240.5	0	240.5
431.75	244.25	0	244.25
431.88	248.75	0	248.75
432.009	254.25	0	254.25
432.138	259.25	0	259.25
432.267	242.25	0	242.25
432.396	251.5	0	251.5
432.525	253	0	253
432.654	261	0	261
432.784	264.75	0	264.75
432.913	251	0	251
433.042	259.75	0	259.75
433.171	252	0	252
433.3	262	0	262
433.429	248.75	0	248.75
433.558	258	0	258
433.687	223.25	0	223.25
433.816	260.5	0	260.5
433.945	234	0	234
434.074	261	0	261
434.203	247.5	0	247.5
434.332	252.75	0	252.75
434.46	264.75	0	264.75
434.589	265	0	265
434.718	260.5	0	260.5
434.847	253.25	0	253.25
434.976	247.25	0	247.25
435.105	238.5	0	238.5
435.233	246.5	0	246.5
435.362	249.25	0	249.25
435.491	247	0	247
435.62	239.75	0	239.75
435.749	242.75	0	242.75
435.877	254.25	0	254.25
436.006	252.5	0	252.5
436.135	260.5	0	260.5
436.263	246.25	0	246.25
436.392	218.5	0	218.5
436.521	244.5	0	244.5
436.649	244.25	0	244.25
436.778	237.75	0	237.75
436.907	237.25	0	237.25
437.035	227.75	0	227.75
437.164	236.25	0	236.25
437.292	242	0	242
437.421	240	0	240
437.549	226	0	226
437.678	235.5	0	235.5
437.806	215.5	0	215.5
437.935	234.5	0	234.5
438.063	229.5	0	229.5
438.192	228	0	228
438.32	226.25	0	226.25
438.449	219.75	0	219.75
438.577	237.75	0	237.75
438.706	234.75	0	234.75
438.834	244	0	244
438.962	230.25	0	230.25
439.091	232.25	0	232.25
439.219	229.5	0	229.5
439.347	229.75	0	229.75
439.476	227	0	227
439.604	220.5	0	220.5
439.732	225.25	0	225.25
439.86	236.75	0	236.75
439.989	241.5	0	241.5
440.117	232	0	232
440.245	252.75	0	252.75
440.373	236	0	236
440.501	229	0	229
440.63	228.25	0	228.25
440.758	236	0	236
440.886	238.75	0	238.75
441.014	225	0	225
441.142	221	0	221
441.27	236.75	0	236.75
441.398	233	0	233
441.526	240.5	0	240.5
441.654	232.5	0	232.5
441.782	232.5	0	232.5
441.91	229.75	0	229.75
442.038	221	0	221
442.166	234.75	0	234.75
442.294	239.25	0	239.25
442.422	246.75	0	246.75
442.55	245.5	0	245.5
442.678	234	0	234
442.806	247.5	0	247.5
442.934	226	0	226
443.062	217	0	217
443.19	223.25	0	223.25
443.318	236.5	0	236.5
443.445	232.75	0	232.75
443.573	241.5	0	241.5
443.701	228	0	228
443.829	242.25	0	242.25
443.957	244.75	0	244.75
444.084	234	0	234
444.212	222.75	0	222.75
444.34	231	0	231
444.467	220	0	220
444.595	233	0	233
444.723	214.5	0	214.5
444.85	226	0	226
444.978	232.5	0	232.5
445.106	225.5	0	225.5
445.233	238	0	238
445.361	218.25	0	218.25
445.489	231	0	231
445.616	233.25	0	233.25
445.744	231.25	0	231.25
445.871	224.5	0	224.5
445.999	230	0	230
446.126	227	0	227
446.254	221	0	221
446.381	236.75	0	236.75
446.509	231.25	0	231.25
446.636	220.5	0	220.5
446.764	238.5	0	238.5
446.891	215.5	0	215.5
447.018	236.75	0	236.75
447.146	237.75	0	237.75
447.273	234.75	0	234.75
447.4	221.75	0	221.75
447.528	239.25	0	239.25
447.655	236.5	0	236.5
447.782	217.25	0	217.25
447.91	224.5	0	224.5
448.037	220.75	0	220.75
448.164	222.25	0	222.25
448.291	217.25	0	217.25
448.419	256.75	0	256.75
448.546	216.25	0	216.25
448.673	230	0	230
448.8	237	0	237
448.927	228.25	0	228.25
449.055	230.25	0	230.25
449.182	223.25	0	223.25
449.309	215.5	0	215.5
449.436	223	0	223
449.563	231	0	231
449.69	244.75	0	244.75
449.817	239.5	0	239.5
449.944	237.75	0	237.75
450.071	221.5	0	221.5
450.198	227	0	227
450.325	234.75	0	234.75
450.452	216.25	0	216.25
450.579	241.75	0	241.75
450.706	204.75	0	204.75
450.833	229.5	0	229.5
450.96	227	0	227
451.087	214	0	214
451.214	212	0	212
451.341	235.25	0	235.25
451.467	231.25	0	231.25
451.594	208.5	0	208.5
451.721	207	0	207
451.848	222.5	0	222.5
451.975	208.75	0	208.75
452.101	223.5	0	223.5
452.228	210.25	0	210.25
452.355	225	0	225
452.482	211.75	0	211.75
452.608	205.25	0	205.25
452.735	214.25	0	214.25
452.862	214	0	214
452.988	224	0	224
453.115	196.25	0	196.25
453.242	214.25	0	214.25
453.368	203	0	203
453.495	241	0	241
453.621	186.5	0	186.5
453.748	216.75	0	216.75
453.875	222.5	0	222.5
454.001	216	0	216
454.128	208.5	0	208.5
454.254	200.75	0	200.75
454.381	204.25	0	204.25
454.507	204.25	0	204.25
454.633	194.5	0	194.5
454.76	208.75	0	208.75
454.886	208.25	0	208.25
455.013	197.25	0	197.25
455.139	205.5	0	205.5
455.266	221.75	0	221.75
455.392	206.25	0	206.25
455.518	201.75	0	201.75
455.645	222.5	0	222.5
455.771	206.25	0	206.25
455.897	203.25	0	203.25
456.023	197.75	0	197.75
456.15	222.75	0	222.75
456.276	217	0	217
456.402	211.5	0	211.5
456.528	212.25	0	212.25
456.655	199.25	0	199.25
456.781	200	0	200
456.907	208	0	208
457.033	207.75	0	207.75
457.159	202.5	0	202.5
457.285	221.25	0	221.25
457.411	203	0	203
457.538	211.5	0	211.5
457.664	213.25	0	213.25
457.79	209.25	0	209.25
457.916	203	0	203
458.042	208.5	0	208.5
458.168	197.25	0	197.25
458.294	196.75	0	196.75
458.42	198	0	198
458.546	190	0	190
458.672	192.75	0	192.75
458.798	202.75	0	202.75
458.924	203.75	0	203.75
459.049	190	0	190
459.175	194	0	194
459.301	188.5	0	188.5
459.427	192.25	0	192.25
459.553	195	0	195
459.679	187	0	187
459.805	190.5	0	190.5
459.93	197.25	0	197.25
460.056	205.75	0	205.75
460.182	211.5	0	211.5
460.308	203.5	0	203.5
460.433	202.25	0	202.25
460.559	202.75	0	202.75
460.685	196.25	0	196.25
460.81	182.75	0	182.75
460.936	199.25	0	199.25
461.062	208.25	0	208.25
461.187	176.25	0	176.25
461.313	203.25	0	203.25
461.439	198.25	0	198.25
461.564	207.25	0	207.25
461.69	218	0	218
461.815	207.75	0	207.75
461.941	191.5	0	191.5
462.066	208.25	0	208.25
462.192	182.5	0	182.5
462.317	208.5	0	208.5
462.443	183.25	0	183.25
462.568	183.75	0	183.75
462.694	203.5	0	203.5
462.819	200.25	0	200.25
462.944	201.75	0	201.75
463.07	213.75	0	213.75
463.195	198.75	0	198.75
463.321	203.75	0	203.75
463.446	197	0	197
463.571	198.5	0	198.5
463.697	202.75	0	202.75
463.822	199	0	199
463.947	202.75	0	202.75
464.072	191	0	191
464.198	214.25	0	214.25
464.323	190	0	190
464.448	188	0	188
464.573	187.5	0	187.5
464.698	191.5	0	191.5
464.824	213.75	0	213.75
464.949	187	0	187
465.074	214.5	0	214.5
465.199	195.25	0	195.25
465.324	213.75	0	213.75
465.449	191.75	0	191.75
465.574	196	0	196
465.699	199.25	0	199.25
465.824	205.75	0	205.75
465.949	201.75	0	201.75
466.074	223	0	223
466.199	190.5	0	190.5
466.324	196.25	0	196.25
466.449	190.25	0	190.25
466.574	211.5	0	211.5
466.699	198.5	0	198.5
466.824	199.75	0	199.75
466.949	191.5	0	191.5
467.074	207.75	0	207.75
467.199	206.75	0	206.75
467.323	186.75	0	186.75
467.448	193.25	0	193.25
467.573	203.25	0	203.25
467.698	193.25	0	193.25
467.823	194.5	0	194.5
467.947	188.75	0	188.75
468.072	211.25	0	211.25
468.197	195.5	0	195.5
468.322	201.25	0	201.25
468.446	201.75	0	201.75
468.571	196	0	196
468.696	197	0	197
468.82	216.25	0	216.25
468.945	210	0	210
469.069	201.5	0	201.5
469.194	191.5	0	191.5
469.319	209.5	0	209.5
469.443	204.5	0	204.5
469.568	222.5	0	222.5
469.692	208.75	0	208.75
469.817	196.75	0	196.75
469.941	201.25	0	201.25
470.066	197.75	0	197.75
470.19	188.75	0	188.75
470.315	196.5	0	196.5
470.439	206.75	0	206.75
470.563	209.75	0	209.75
470.688	192.75	0	192.75
470.812	197	0	197
470.937	197.75	0	197.75
471.061	211.5	0	211.5
471.185	215.75	0	215.75
471.31	202	0	202
471.434	193	0	193
471.558	199.5	0	199.5
471.682	212.75	0	212.75
471.807	233	0	233
471.931	206.5	0	206.5
472.055	216	0	216
472.179	217.75	0	217.75
472.303	211.5	0	211.5
472.428	204.5	0	204.5
472.552	220.75	0	220.75
472.676	223	0	223
472.8	216	0	216
472.924	201.25	0	201.25
473.048	225.75	0	225.75
473.172	203.25	0	203.25
473.296	218	0	218
473.42	210.5	0	210.5
473.544	207.75	0	207.75
473.668	215.25	0	215.25
473.792	206.25	0	206.25
473.916	210	0	210
474.04	211.75	0	211.75
474.164	222.25	0	222.25
474.288	221.25	0	221.25
474.412	222	0	222
474.536	220.5	0	220.5
474.66	216.75	0	216.75
474.784	204.75	0	204.75
474.908	224	0	224
475.031	191.5	0	191.5
475.155	221.25	0	221.25
475.279	197	0	197
475.403	226.25	0	226.25
475.526	222	0	222
475.65	218.75	0	218.75
475.774	219.25	0	219.25
475.898	198.5	0	198.5
476.021	213.25	0	213.25
476.145	204	0	204
476.269	219.5	0	219.5
476.392	204.5	0	204.5
476.516	209.25	0	209.25
476.64	217.5	0	217.5
476.763	217.5	0	217.5
476.887	224.25	0	224.25
477.01	209.75	0	209.75
477.134	224.5	0	224.5
477.257	203.75	0	203.75
477.381	211.75	0	211.75
477.504	212.25	0	212.25
477.628	220.25	0	220.25
477.751	202.25	0	202.25
477.875	212.75	0	212.75
477.998	223.5	0	223.5
478.122	216	0	216
478.245	229.25	0	229.25
478.368	211	0	211
478.492	231	0	231
478.615	209.25	0	209.25
478.738	197.5	0	197.5
478.862	239	0	239
478.985	220.5	0	220.5
479.108	221.5	0	221.5
479.231	232.75	0	232.75
479.355	209.75	0	209.75
479.478	215.5	0	215.5
479.601	214.25	0	214.25
479.724	220.75	0	220.75
479.848	236.75	0	236.75
479.971	210.5	0	210.5
480.094	219.25	0	219.25
480.217	234.25	0	234.25
480.34	218.75	0	218.75
480.463	231.5	0	231.5
480.586	207.75	0	207.75
480.709	222.75	0	222.75
480.832	223	0	223
480.955	231.5	0	231.5
481.078	209.25	0	209.25
481.201	219.5	0	219.5
481.324	202.25	0	202.25
481.447	207	0	207
481.57	204.75	0	204.75
481.693	218.75	0	218.75
481.816	213.75	0	213.75
481.939	232.25	0	232.25
482.062	214.5	0	214.5
482.185	216.5	0	216.5
482.307	210.75	0	210.75
482.43	235	0	235
482.553	224.5	0	224.5
482.676	209.75	0	209.75
482.799	211.75	0	211.75
482.921	215.5	0	215.5
483.044	222.5	0	222.5
483.167	223.75	0	223.75
483.29	240.75	0	240.75
483.412	219	0	219
483.535	211.25	0	211.25
483.658	202.25	0	202.25
483.78	205.75	0	205.75
483.903	212	0	212
484.025	193	0	193
484.148	218.25	0	218.25
484.271	200.5	0	200.5
484.393	227.5	0	227.5
484.516	203	0	203
484.638	212.5	0	212.5
484.761	196	0	196
484.883	224.25	0	224.25
485.006	223.75	0	223.75
485.128	244	0	244
485.251	214.75	0	214.75
485.373	214	0	214
485.495	206	0	206
485.618	217.5	0	217.5
485.74	197	0	197
485.863	208	0	208
485.985	207.5	0	207.5
486.107	226	0	226
486.229	201.75	0	201.75
486.352	211.5	0	211.5
486.474	208	0	208
486.596	212.25	0	212.25
486.719	206	0	206
486.841	219.5	0	219.5
486.963	216.25	0	216.25
487.085	204	0	204
487.207	225	0	225
487.329	195.5	0	195.5
487.452	207.25	0	207.25
487.574	198.75	0	198.75
487.696	191.5	0	191.5
487.818	211.5	0	211.5
487.94	195.75	0	195.75
488.062	215.75	0	215.75
488.184	207.75	0	207.75
488.306	202.25	0	202.25
488.428	212.75	0	212.75
488.55	208.5	0	208.5
488.672	207.75	0	207.75
488.794	197.5	0	197.5
488.916	211	0	211
489.038	204.5	0	204.5
489.16	197.75	0	197.75
489.281	196.5	0	196.5
489.403	198.25	0	198.25
489.525	207	0	207
489.647	203.25	0	203.25
489.769	205.5	0	205.5
489.891	205.25	0	205.25
490.012	185.75	0	185.75
490.134	203.5	0	203.5
490.256	196.25	0	196.25
490.378	201.75	0	201.75
490.499	195.75	0	195.75
490.621	198.25	0	198.25
490.743	202.75	0	202.75
490.864	205.5	0	205.5
490.986	188.5	0	188.5
491.108	190.25	0	190.25
491.229	211.25	0	211.25
491.351	198.75	0	198.75
491.472	209.25	0	209.25
491.594	199.25	0	199.25
491.715	197.25	0	197.25
491.837	181.5	0	181.5
491.958	196	0	196
492.08	176	0	176
492.201	204.75	0	204.75
492.323	192	0	192
492.444	204.75	0	204.75
492.566	197.5	0	197.5
492.687	198.5	0	198.5
492.808	189.75	0	189.75
492.93	180	0	180
493.051	199.25	0	199.25
493.172	194.75	0	194.75
493.294	191.25	0	191.25
493.415	188	0	188
493.536	201	0	201
493.658	189.75	0	189.75
493.779	190.75	0	190.75
493.9	208.25	0	208.25
494.021	190.5	0	190.5
494.143	177	0	177
494.264	192.25	0	192.25
494.385	192.5	0	192.5
494.506	192.5	0	192.5
494.627	180.25	0	180.25
494.748	195	0	195
494.869	184.75	0	184.75
494.99	198.75	0	198.75
495.111	187.25	0	187.25
495.232	189	0	189
495.353	186	0	186
495.475	175.25	0	175.25
495.595	179	0	179
495.716	186	0	186
495.837	180	0	180
495.958	171.5	0	171.5
496.079	187.25	0	187.25
496.2	183.5	0	183.5
496.321	171.5	0	171.5
496.442	185	0	185
496.563	180.75	0	180.75
496.684	183	0	183
496.804	178.75	0	178.75
496.925	176.25	0	176.25
497.046	191.5	0	191.5
497.167	174.25	0	174.25
497.287	194	0	194
497.408	181.25	0	181.25
497.529	181.75	0	181.75
497.65	184.75	0	184.75
497.77	179.75	0	179.75
497.891	187.5	0	187.5
498.012	172.75	0	172.75
498.132	169.25	0	169.25
498.253	168.5	0	168.5
498.373	180.75	0	180.75
498.494	164.25	0	164.25
498.614	152.25	0	152.25
498.735	172.75	0	172.75
498.856	170.25	0	170.25
498.976	181.5	0	181.5
499.096	190	0	190
499.217	178.75	0	178.75
499.337	158.25	0	158.25
499.458	158.25	0	158.25
499.578	166.75	0	166.75
499.699	182	0	182
499.819	171.75	0	171.75
499.939	150.25	0	150.25
500.06	177	0	177
500.18	168.5	0	168.5
500.3	185	0	185
500.421	177.5	0	177.5
500.541	164	0	164
500.661	189	0	189
500.781	181.75	0	181.75
500.902	166.5	0	166.5
501.022	171.25	0	171.25
501.142	178	0	178
501.262	169	0	169
501.382	170	0	170
501.502	170.25	0	170.25
501.623	167.75	0	167.75
501.743	161.5	0	161.5
501.863	161.5	0	161.5
501.983	172	0	172
502.103	198.75	0	198.75
502.223	157.25	0	157.25
502.343	155.25	0	155.25
502.463	162.75	0	162.75
502.583	181.5	0	181.5
502.703	172.75	0	172.75
502.823	163.25	0	163.25
502.943	181	0	181
503.063	175	0	175
503.182	175.25	0	175.25
503.302	169.5	0	169.5
503.422	159.5	0	159.5
503.542	171	0	171
503.662	156.5	0	156.5
503.782	176.75	0	176.75
503.901	168.25	0	168.25
504.021	167.25	0	167.25
504.141	163.5	0	163.5
504.261	177.25	0	177.25
504.38	176.25	0	176.25
504.5	158.75	0	158.75
504.62	161.5	0	161.5
504.739	154.75	0	154.75
504.859	155	0	155
504.979	155.75	0	155.75
505.098	160.25	0	160.25
505.218	173.75	0	173.75
505.338	162.75	0	162.75
505.457	147.5	0	147.5
505.577	166.25	0	166.25
505.696	162.75	0	162.75
505.816	165.25	0	165.25
505.935	177	0	177
506.055	164.25	0	164.25
506.174	163.25	0	163.25
506.293	175.75	0	175.75
506.413	176.75	0	176.75
506.532	156.5	0	156.5
506.652	158.25	0	158.25
506.771	146	0	146
506.89	143	0	143
507.01	152.25	0	152.25
507.129	172.75	0	172.75
507.248	179.5	0	179.5
507.368	160.5	0	160.5
507.487	168.5	0	168.5
507.606	172.75	0	172.75
507.725	157.75	0	157.75
507.844	158.25	0	158.25
507.964	149.25	0	149.25
508.083	161.75	0	161.75
508.202	152.75	0	152.75
508.321	164	0	164
508.44	165	0	165
508.559	166.25	0	166.25
508.678	154.75	0	154.75
508.797	153	0	153
508.916	150	0	150
509.035	179.5	0	179.5
509.154	161.5	0	161.5
509.273	169.5	0	169.5
509.392	160.5	0	160.5
509.511	157	0	157
509.63	154.25	0	154.25
509.749	148.25	0	148.25
509.868	160.25	0	160.25
509.987	150.75	0	150.75
510.106	160	0	160
510.225	157.75	0	157.75
510.344	160.5	0	160.5
510.462	163.25	0	163.25
510.581	164.75	0	164.75
510.7	150	0	150
510.819	161.75	0	161.75
510.937	161.25	0	161.25
511.056	154.5	0	154.5
511.175	159.5	0	159.5
511.294	148	0	148
511.412	148.5	0	148.5
511.531	150	0	150
511.649	154.25	0	154.25
511.768	152.25	0	152.25
511.887	157	0	157
512.005	153.75	0	153.75
512.124	157	0	157
512.242	153	0	153
512.361	156.25	0	156.25
512.479	159.5	0	159.5
512.598	158.5	0	158.5
512.716	159	0	159
512.835	163.5	0	163.5
512.953	170	0	170
513.072	153.75	0	153.75
513.19	149.25	0	149.25
513.308	153	0	153
513.427	153.75	0	153.75
513.545	152.5	0	152.5
513.664	157.25	0	157.25
513.782	157.25	0	157.25
513.9	154	0	154
514.018	166.5	0	166.5
514.137	157.25	0	157.25
514.255	172.75	0	172.75
514.373	157	0	157
514.491	146.5	0	146.5
514.609	135.75	0	135.75
514.728	140.25	0	140.25
514.846	151.75	0	151.75
514.964	165.5	0	165.5
515.082	159.25	0	159.25
515.2	153	0	153
515.318	146	0	146
515.436	165.5	0	165.5
515.554	151.25	0	151.25
515.672	150.25	0	150.25
515.79	139	0	139
515.908	154.5	0	154.5
516.026	160.25	0	160.25
516.144	147.75	0	147.75
516.262	156.5	0	156.5
516.38	151.5	0	151.5
516.498	162.25	0	162.25
516.616	150.75	0	150.75
516.734	150.25	0	150.25
516.852	158.25	0	158.25
516.969	141.25	0	141.25
517.087	158.75	0	158.75
517.205	150.25	0	150.25
517.323	141.75	0	141.75
517.44	151.5	0	151.5
517.558	138.25	0	138.25
517.676	144.25	0	144.25
517.794	127.75	0	127.75
517.911	163.25	0	163.25
518.029	163.75	0	163.75
518.147	140.5	0	140.5
518.264	136.75	0	136.75
518.382	147.25	0	147.25
518.5	133.75	0	133.75
518.617	154.25	0	154.25
518.735	148.25	0	148.25
518.852	147.75	0	147.75
518.97	139.75	0	139.75
519.087	153.75	0	153.75
519.205	150.75	0	150.75
519.322	140	0	140
519.44	144	0	144
519.557	150.75	0	150.75
519.674	146.5	0	146.5
519.792	132.25	0	132.25
519.909	135.5	0	135.5
520.026	150	0	150
520.144	147	0	147
520.261	135.75	0	135.75
520.378	138.75	0	138.75
520.496	137.25	0	137.25
520.613	153.5	0	153.5
520.73	142	0	142
520.847	154.5	0	154.5
520.965	134.75	0	134.75
521.082	126.75	0	126.75
521.199	139.75	0	139.75
521.316	137	0	137
521.433	130.25	0	130.25
521.55	147.5	0	147.5
521.667	130.75	0	130.75
521.785	145	0	145
521.902	132.5	0	132.5
522.019	130.75	0	130.75
522.136	140.25	0	140.25
522.253	130	0	130
522.37	134.5	0	134.5
522.487	125.25	0	125.25
522.604	133.25	0	133.25
522.721	127.25	0	127.25
522.838	129.5	0	129.5
522.954	141.25	0	141.25
523.071	136.5	0	136.5
523.188	144.25	0	144.25
523.305	137.5	0	137.5
523.422	143.75	0	143.75
523.539	140.5	0	140.5
523.655	136.25	0	136.25
523.772	135.5	0	135.5
523.889	132.75	0	132.75
524.006	124.75	0	124.75
524.122	127.25	0	127.25
524.239	129	0	129
524.356	141.25	0	141.25
524.472	127.75	0	127.75
524.589	128	0	128
524.706	130.5	0	130.5
524.822	137	0	137
524.939	148	0	148
525.055	138	0	138
525.172	129.5	0	129.5
525.289	134.25	0	134.25
525.405	131.5	0	131.5
525.522	132	0	132
525.638	128.5	0	128.5
525.754	121.25	0	121.25
525.871	125.5	0	125.5
525.987	125.75	0	125.75
526.104	116.5	0	116.5
526.22	124.25	0	124.25
526.336	137	0	137
526.453	134.75	0	134.75
526.569	129.75	0	129.75
526.685	139.25	0	139.25
526.802	129.5	0	129.5
526.918	126.5	0	126.5
527.034	122.75	0	122.75
527.151	119.5	0	119.5
527.267	122.5	0	122.5
527.383	130.75	0	130.75
527.499	118.75	0	118.75
527.615	133	0	133
527.732	138.25	0	138.25
527.848	131.75	0	131.75
527.964	131.25	0	131.25
528.08	121	0	121
528.196	126.5	0	126.5
528.312	134.25	0	134.25
528.428	131.25	0	131.25
528.544	133.75	0	133.75
528.66	125.5	0	125.5
528.776	134.25	0	134.25
528.892	122.5	0	122.5
529.008	114.75	0	114.75
529.124	112.75	0	112.75
529.24	125.75	0	125.75
529.356	118	0	118
529.471	120.25	0	120.25
529.587	116.75	0	116.75
529.703	117.5	0	117.5
529.819	125.75	0	125.75
529.935	124	0	124
530.05	115.5	0	115.5
530.166	121	0	121
530.282	108.75	0	108.75
530.398	140	0	140
530.513	127.5	0	127.5
530.629	113.25	0	113.25
530.745	102	0	102
530.86	117	0	117
530.976	135.5	0	135.5
531.092	118.75	0	118.75
531.207	106.5	0	106.5
531.323	114	0	114
531.438	125	0	125
531.554	119.75	0	119.75
531.669	119.75	0	119.75
531.785	113.75	0	113.75
531.9	117.5	0	117.5
532.016	109.5	0	109.5
532.131	116.25	0	116.25
532.247	122	0	122
532.362	123.75	0	123.75
532.477	121.75	0	121.75
532.593	106.75	0	106.75
532.708	123.75	0	123.75
532.823	114	0	114
532.939	111	0	111
533.054	113.25	0	113.25
533.169	115.5	0	115.5
533.285	112.75	0	112.75
533.4	108	0	108
533.515	119.5	0	119.5
533.63	112.25	0	112.25
533.745	105.25	0	105.25
533.861	109	0	109
533.976	121.5	0	121.5
534.091	115.75	0	115.75
534.206	108	0	108
534.321	107.25	0	107.25
534.436	117	0	117
534.551	115.25	0	115.25
534.666	118.75	0	118.75
534.781	112	0	112
534.896	115.5	0	115.5
535.011	102.5	0	102.5
535.126	105	0	105
535.241	118	0	118
535.356	117.5	0	117.5
535.471	110.75	0	110.75
535.586	112.75	0	112.75
535.701	112	0	112
535.815	108	0	108
535.93	118.25	0	118.25
536.045	118.75	0	118.75
536.16	114.5	0	114.5