Lambda	Spectrum	Dark	SpecMinusDark
268.175	43.5	0	43.5
268.319	44.5	0	44.5
268.463	35.25	0	35.25
268.607	31	0	31
268.751	32.25	0	32.25
268.895	44.75	0	44.75
269.039	44.5	0	44.5
269.183	45.5	0	45.5
269.327	52.75	0	52.75
269.47	56.5	0	56.5
269.614	56.5	0	56.5
269.758	49.25	0	49.25
269.902	57	0	57
270.046	70.25	0	70.25
270.19	67	0	67
270.334	77.75	0	77.75
270.477	71.25	0	71.25
270.621	88.5	0	88.5
270.765	94.25	0	94.25
270.909	91	0	91
271.053	84.5	0	84.5
271.196	94.5	0	94.5
271.34	77.5	0	77.5
271.484	80	0	80
271.628	72.25	0	72.25
271.771	73.25	0	73.25
271.915	79.5	0	79.5
272.059	81.25	0	81.25
272.202	56.75	0	56.75
272.346	59	0	59
272.49	67.25	0	67.25
272.634	72.75	0	72.75
272.777	64.25	0	64.25
272.921	57.25	0	57.25
273.064	56.75	0	56.75
273.208	59	0	59
273.352	71	0	71
273.495	71	0	71
273.639	69.25	0	69.25
273.783	60.25	0	60.25
273.926	57.75	0	57.75
274.07	61.5	0	61.5
274.213	60.25	0	60.25
274.357	59	0	59
274.5	63.75	0	63.75
274.644	63.25	0	63.25
274.787	58.5	0	58.5
274.931	58	0	58
275.074	80.75	0	80.75
275.218	78.75	0	78.75
275.361	82.75	0	82.75
275.505	102.25	0	102.25
275.648	78.25	0	78.25
275.792	70.75	0	70.75
275.935	76	0	76
276.079	69.75	0	69.75
276.222	66.25	0	66.25
276.366	61.5	0	61.5
276.509	55	0	55
276.652	65	0	65
276.796	61	0	61
276.939	64.5	0	64.5
277.082	66.5	0	66.5
277.226	57	0	57
277.369	63.25	0	63.25
277.513	59	0	59
277.656	65	0	65
277.799	67.75	0	67.75
277.942	59.75	0	59.75
278.086	58	0	58
278.229	63.75	0	63.75
278.372	48.5	0	48.5
278.516	48.5	0	48.5
278.659	59.25	0	59.25
278.802	52.75	0	52.75
278.945	53.75	0	53.75
279.089	57	0	57
279.232	56.25	0	56.25
279.375	58.75	0	58.75
279.518	53.25	0	53.25
279.661	60.5	0	60.5
279.805	62.5	0	62.5
279.948	69.75	0	69.75
280.091	53.25	0	53.25
280.234	58.75	0	58.75
280.377	57.75	0	57.75
280.52	57.5	0	57.5
280.663	61.25	0	61.25
280.806	56.25	0	56.25
280.95	48.25	0	48.25
281.093	74.5	0	74.5
281.236	46.75	0	46.75
281.379	56.25	0	56.25
281.522	59.5	0	59.5
281.665	56.75	0	56.75
281.808	56.25	0	56.25
281.951	60	0	60
282.094	67.5	0	67.5
282.237	62	0	62
282.38	58.25	0	58.25
282.523	65.25	0	65.25
282.666	62.5	0	62.5
282.809	66.5	0	66.5
282.952	62.5	0	62.5
283.095	72.75	0	72.75
283.238	84	0	84
283.381	96	0	96
283.523	96.75	0	96.75
283.666	104.5	0	104.5
283.809	78.25	0	78.25
283.952	57.75	0	57.75
284.095	53	0	53
284.238	55.5	0	55.5
284.381	60.25	0	60.25
284.524	68.25	0	68.25
284.666	72.75	0	72.75
284.809	62.25	0	62.25
284.952	65.75	0	65.75
285.095	62.75	0	62.75
285.238	68.5	0	68.5
285.38	69	0	69
285.523	60.5	0	60.5
285.666	87.5	0	87.5
285.809	76.25	0	76.25
285.951	74.5	0	74.5
286.094	68	0	68
286.237	63	0	63
286.38	58.25	0	58.25
286.522	66.75	0	66.75
286.665	65.75	0	65.75
286.808	63.75	0	63.75
286.95	72.5	0	72.5
287.093	60.25	0	60.25
287.236	66.25	0	66.25
287.378	54.5	0	54.5
287.521	57.25	0	57.25
287.663	59	0	59
287.806	67.5	0	67.5
287.949	69.25	0	69.25
288.091	55.25	0	55.25
288.234	65.25	0	65.25
288.376	64	0	64
288.519	61.5	0	61.5
288.661	69.5	0	69.5
288.804	70.25	0	70.25
288.946	73.5	0	73.5
289.089	69.25	0	69.25
289.231	73.25	0	73.25
289.374	66	0	66
289.516	78	0	78
289.659	66.5	0	66.5
289.801	85	0	85
289.944	68.75	0	68.75
290.086	76.5	0	76.5
290.229	76.75	0	76.75
290.371	76.25	0	76.25
290.513	73.25	0	73.25
290.656	71.75	0	71.75
290.798	77	0	77
290.941	72.75	0	72.75
291.083	67.25	0	67.25
291.225	89.5	0	89.5
291.368	83.5	0	83.5
291.51	80.5	0	80.5
291.652	83.5	0	83.5
291.795	84	0	84
291.937	94	0	94
292.079	94.75	0	94.75
292.221	99.5	0	99.5
292.364	89.75	0	89.75
292.506	98.75	0	98.75
292.648	106.5	0	106.5
292.79	124.5	0	124.5
292.933	150.75	0	150.75
293.075	194.5	0	194.5
293.217	227.75	0	227.75
293.359	216.5	0	216.5
293.502	189.25	0	189.25
293.644	180.5	0	180.5
293.786	143.75	0	143.75
293.928	159	0	159
294.07	143.25	0	143.25
294.212	122.75	0	122.75
294.354	140.25	0	140.25
294.497	142	0	142
294.639	134	0	134
294.781	129.25	0	129.25
294.923	119.25	0	119.25
295.065	120.75	0	120.75
295.207	113.5	0	113.5
295.349	128.75	0	128.75
295.491	126	0	126
295.633	144.25	0	144.25
295.775	126.75	0	126.75
295.917	120	0	120
296.059	109.75	0	109.75
296.201	127.25	0	127.25
296.343	130.5	0	130.5
296.485	121	0	121
296.627	136	0	136
296.769	123	0	123
296.911	115.5	0	115.5
297.053	128	0	128
297.195	120	0	120
297.337	111.25	0	111.25
297.478	121.5	0	121.5
297.62	131	0	131
297.762	136	0	136
297.904	150.25	0	150.25
298.046	120.5	0	120.5
298.188	138.5	0	138.5
298.33	136	0	136
298.471	131.75	0	131.75
298.613	152	0	152
298.755	146.5	0	146.5
298.897	146.75	0	146.75
299.038	165.25	0	165.25
299.18	175.25	0	175.25
299.322	166.75	0	166.75
299.464	178.25	0	178.25
299.605	171.5	0	171.5
299.747	194.5	0	194.5
299.889	188.75	0	188.75
300.031	198.25	0	198.25
300.172	224.25	0	224.25
300.314	215.75	0	215.75
300.456	213.5	0	213.5
300.597	233.25	0	233.25
300.739	255.25	0	255.25
300.881	256.5	0	256.5
301.022	275.5	0	275.5
301.164	293.25	0	293.25
301.305	307.75	0	307.75
301.447	313.5	0	313.5
301.589	351	0	351
301.73	371.25	0	371.25
301.872	397.75	0	397.75
302.013	432.75	0	432.75
302.155	482	0	482
302.296	490	0	490
302.438	534.25	0	534.25
302.579	585.75	0	585.75
302.721	645.5	0	645.5
302.862	720.5	0	720.5
303.004	779.75	0	779.75
303.145	853	0	853
303.287	929.5	0	929.5
303.428	961.75	0	961.75
303.569	924.5	0	924.5
303.711	773.75	0	773.75
303.852	636.75	0	636.75
303.994	829.75	0	829.75
304.135	865.5	0	865.5
304.276	801.75	0	801.75
304.418	760	0	760
304.559	676.75	0	676.75
304.7	613	0	613
304.842	605.25	0	605.25
304.983	558	0	558
305.124	516	0	516
305.266	474	0	474
305.407	448	0	448
305.548	427.75	0	427.75
305.69	386	0	386
305.831	393.75	0	393.75
305.972	358	0	358
306.113	323.25	0	323.25
306.254	336.25	0	336.25
306.396	305.25	0	305.25
306.537	311.75	0	311.75
306.678	319.75	0	319.75
306.819	288.5	0	288.5
306.96	267.25	0	267.25
307.102	269.5	0	269.5
307.243	270	0	270
307.384	272.75	0	272.75
307.525	263.5	0	263.5
307.666	256.5	0	256.5
307.807	244.5	0	244.5
307.948	255.5	0	255.5
308.089	222.5	0	222.5
308.23	232.75	0	232.75
308.371	236	0	236
308.513	251.75	0	251.75
308.654	228.5	0	228.5
308.795	237.75	0	237.75
308.936	220.5	0	220.5
309.077	213	0	213
309.218	213	0	213
309.359	210.25	0	210.25
309.499	216	0	216
309.64	214.25	0	214.25
309.781	208.75	0	208.75
309.922	195	0	195
310.063	211.75	0	211.75
310.204	218.5	0	218.5
310.345	215.75	0	215.75
310.486	194.25	0	194.25
310.627	217.25	0	217.25
310.768	211.25	0	211.25
310.909	208	0	208
311.049	208.75	0	208.75
311.19	207.25	0	207.25
311.331	220.5	0	220.5
311.472	214.75	0	214.75
311.613	217.5	0	217.5
311.753	217	0	217
311.894	233	0	233
312.035	203	0	203
312.176	218.25	0	218.25
312.316	215.5	0	215.5
312.457	206	0	206
312.598	248.25	0	248.25
312.739	221.5	0	221.5
312.879	232.75	0	232.75
313.02	246.75	0	246.75
313.161	221.75	0	221.75
313.301	228.5	0	228.5
313.442	237.5	0	237.5
313.583	232.25	0	232.25
313.723	232.5	0	232.5
313.864	251.25	0	251.25
314.005	226	0	226
314.145	253.25	0	253.25
314.286	264.25	0	264.25
314.426	258.25	0	258.25
314.567	282.25	0	282.25
314.707	280	0	280
314.848	271.75	0	271.75
314.989	278	0	278
315.129	304.75	0	304.75
315.27	294.5	0	294.5
315.41	280.75	0	280.75
315.551	319.75	0	319.75
315.691	286.25	0	286.25
315.831	286.75	0	286.75
315.972	285.5	0	285.5
316.112	283.25	0	283.25
316.253	308	0	308
316.393	306.5	0	306.5
316.534	325	0	325
316.674	293.25	0	293.25
316.814	304.25	0	304.25
316.955	320	0	320
317.095	317	0	317
317.236	318	0	318
317.376	339.25	0	339.25
317.516	324.5	0	324.5
317.656	348.25	0	348.25
317.797	343.5	0	343.5
317.937	358.75	0	358.75
318.077	373.5	0	373.5
318.218	366.5	0	366.5
318.358	397.5	0	397.5
318.498	405.5	0	405.5
318.638	446.75	0	446.75
318.779	427.5	0	427.5
318.919	437.75	0	437.75
319.059	436	0	436
319.199	434.75	0	434.75
319.34	420.5	0	420.5
319.48	446.75	0	446.75
319.62	463	0	463
319.76	456.5	0	456.5
319.9	450.5	0	450.5
320.04	476.75	0	476.75
320.18	457	0	457
320.32	494.5	0	494.5
320.461	509	0	509
320.601	504.25	0	504.25
320.741	544	0	544
320.881	548	0	548
321.021	571	0	571
321.161	577	0	577
321.301	604.25	0	604.25
321.441	622.5	0	622.5
321.581	652.25	0	652.25
321.721	702.5	0	702.5
321.861	732.25	0	732.25
322.001	745.5	0	745.5
322.141	787.5	0	787.5
322.281	812.5	0	812.5
322.421	837	0	837
322.561	896	0	896
322.7	962.5	0	962.5
322.84	1005.75	0	1005.75
322.98	1026	0	1026
323.12	1104	0	1104
323.26	1209.75	0	1209.75
323.4	1292.75	0	1292.75
323.54	1376.5	0	1376.5
323.68	1430.5	0	1430.5
323.819	1557.75	0	1557.75
323.959	1609.75	0	1609.75
324.099	1802	0	1802
324.239	1843.75	0	1843.75
324.379	1986	0	1986
324.518	2167.25	0	2167.25
324.658	2301	0	2301
324.798	2417	0	2417
324.937	2541.5	0	2541.5
325.077	2542	0	2542
325.217	2476.25	0	2476.25
325.357	2169	0	2169
325.496	1853.75	0	1853.75
325.636	2062.25	0	2062.25
325.776	2216.25	0	2216.25
325.915	2434	0	2434
326.055	2307.25	0	2307.25
326.195	2240.25	0	2240.25
326.334	2114.25	0	2114.25
326.474	1971	0	1971
326.613	1869.75	0	1869.75
326.753	1680.5	0	1680.5
326.892	1569.25	0	1569.25
327.032	1515.5	0	1515.5
327.172	1448.75	0	1448.75
327.311	1299.75	0	1299.75
327.451	1272.5	0	1272.5
327.59	1223.5	0	1223.5
327.73	1138.5	0	1138.5
327.869	1068.75	0	1068.75
328.009	1083.5	0	1083.5
328.148	1005.75	0	1005.75
328.288	961	0	961
328.427	917.25	0	917.25
328.566	899.5	0	899.5
328.706	869.75	0	869.75
328.845	835	0	835
328.985	811	0	811
329.124	811.25	0	811.25
329.263	766.75	0	766.75
329.403	744	0	744
329.542	736.5	0	736.5
329.681	700.75	0	700.75
329.821	701	0	701
329.96	702	0	702
330.099	674.5	0	674.5
330.239	659	0	659
330.378	647.25	0	647.25
330.517	642.25	0	642.25
330.656	598.5	0	598.5
330.796	624	0	624
330.935	619.5	0	619.5
331.074	598.25	0	598.25
331.213	565.5	0	565.5
331.352	578.5	0	578.5
331.492	566	0	566
331.631	556	0	556
331.77	552	0	552
331.909	550	0	550
332.048	533.25	0	533.25
332.187	538.75	0	538.75
332.327	549	0	549
332.466	521.25	0	521.25
332.605	512	0	512
332.744	531.25	0	531.25
332.883	487.75	0	487.75
333.022	506.75	0	506.75
333.161	521.5	0	521.5
333.3	502.25	0	502.25
333.439	506.5	0	506.5
333.578	510.5	0	510.5
333.717	487.25	0	487.25
333.856	521	0	521
333.995	525	0	525
334.134	550.5	0	550.5
334.273	584.25	0	584.25
334.412	564.25	0	564.25
334.551	570.5	0	570.5
334.69	599.75	0	599.75
334.828	561.25	0	561.25
334.967	556.25	0	556.25
335.106	567.5	0	567.5
335.245	573.5	0	573.5
335.384	581.75	0	581.75
335.523	573.25	0	573.25
335.662	551	0	551
335.8	612	0	612
335.939	577.25	0	577.25
336.078	592.5	0	592.5
336.217	603	0	603
336.356	578.75	0	578.75
336.494	587.5	0	587.5
336.633	578.25	0	578.25
336.772	545.75	0	545.75
336.911	541.75	0	541.75
337.049	547.25	0	547.25
337.188	546.5	0	546.5
337.327	535.5	0	535.5
337.465	527	0	527
337.604	500.75	0	500.75
337.743	496.75	0	496.75
337.881	491.75	0	491.75
338.02	512.5	0	512.5
338.158	500.5	0	500.5
338.297	517.5	0	517.5
338.436	492.25	0	492.25
338.574	475.5	0	475.5
338.713	473.25	0	473.25
338.851	465.5	0	465.5
338.99	488.75	0	488.75
339.128	469.75	0	469.75
339.267	495.75	0	495.75
339.405	483.75	0	483.75
339.544	510.75	0	510.75
339.682	514	0	514
339.821	513.75	0	513.75
339.959	564	0	564
340.098	587.75	0	587.75
340.236	641	0	641
340.375	834.5	0	834.5
340.513	1162	0	1162
340.651	1558.5	0	1558.5
340.79	2112	0	2112
340.928	2817	0	2817
341.067	3634	0	3634
341.205	4461.5	0	4461.5
341.343	5159	0	5159
341.482	5586	0	5586
341.62	5577.25	0	5577.25
341.758	5192	0	5192
341.897	4685.5	0	4685.5
342.035	3751.5	0	3751.5
342.173	3029.75	0	3029.75
342.311	2361.5	0	2361.5
342.45	1796.25	0	1796.25
342.588	1369.75	0	1369.75
342.726	1098.5	0	1098.5
342.864	874.75	0	874.75
343.002	697.5	0	697.5
343.141	610	0	610
343.279	563.5	0	563.5
343.417	518.25	0	518.25
343.555	444.5	0	444.5
343.693	437.25	0	437.25
343.831	460.75	0	460.75
343.969	417.75	0	417.75
344.108	403.75	0	403.75
344.246	426.25	0	426.25
344.384	423.25	0	423.25
344.522	419.75	0	419.75
344.66	407.5	0	407.5
344.798	394.75	0	394.75
344.936	393.75	0	393.75
345.074	406	0	406
345.212	394.5	0	394.5
345.35	399.75	0	399.75
345.488	391.5	0	391.5
345.626	387.75	0	387.75
345.764	385.25	0	385.25
345.902	401.25	0	401.25
346.04	412	0	412
346.178	384.25	0	384.25
346.315	401	0	401
346.453	390	0	390
346.591	402.75	0	402.75
346.729	382	0	382
346.867	368.75	0	368.75
347.005	375.5	0	375.5
347.143	367.75	0	367.75
347.28	381.25	0	381.25
347.418	357.75	0	357.75
347.556	352.75	0	352.75
347.694	377.5	0	377.5
347.832	382.25	0	382.25
347.969	366.25	0	366.25
348.107	367.25	0	367.25
348.245	392	0	392
348.382	384.75	0	384.75
348.52	377.75	0	377.75
348.658	398.5	0	398.5
348.796	383.75	0	383.75
348.933	364	0	364
349.071	380.5	0	380.5
349.209	399.75	0	399.75
349.346	370	0	370
349.484	346.75	0	346.75
349.621	371.75	0	371.75
349.759	364.75	0	364.75
349.897	351.5	0	351.5
350.034	353.5	0	353.5
350.172	364.5	0	364.5
350.309	373.25	0	373.25
350.447	375	0	375
350.584	348.75	0	348.75
350.722	367.5	0	367.5
350.859	368.25	0	368.25
350.997	342.75	0	342.75
351.134	369	0	369
351.272	363	0	363
351.409	360.25	0	360.25
351.547	364.75	0	364.75
351.684	355.25	0	355.25
351.822	348.25	0	348.25
351.959	351	0	351
352.096	355.25	0	355.25
352.234	343.75	0	343.75
352.371	379.25	0	379.25
352.508	369.5	0	369.5
352.646	375.25	0	375.25
352.783	349	0	349
352.92	377	0	377
353.058	364.5	0	364.5
353.195	381	0	381
353.332	364	0	364
353.469	358.75	0	358.75
353.607	344.5	0	344.5
353.744	400.5	0	400.5
353.881	360.5	0	360.5
354.018	391.25	0	391.25
354.156	376.25	0	376.25
354.293	344	0	344
354.43	367.25	0	367.25
354.567	375.5	0	375.5
354.704	360.5	0	360.5
354.841	364.25	0	364.25
354.979	353	0	353
355.116	361.25	0	361.25
355.253	373.25	0	373.25
355.39	366	0	366
355.527	382	0	382
355.664	334.75	0	334.75
355.801	364.5	0	364.5
355.938	361.75	0	361.75
356.075	358	0	358
356.212	355.25	0	355.25
356.349	361.75	0	361.75
356.486	341	0	341
356.623	355.25	0	355.25
356.76	352.75	0	352.75
356.897	341.5	0	341.5
357.034	345.5	0	345.5
357.171	371	0	371
357.308	371.75	0	371.75
357.445	358.75	0	358.75
357.582	366.5	0	366.5
357.718	363.25	0	363.25
357.855	353.25	0	353.25
357.992	343.25	0	343.25
358.129	368.5	0	368.5
358.266	381.75	0	381.75
358.403	378.25	0	378.25
358.539	382.5	0	382.5
358.676	380.75	0	380.75
358.813	349.25	0	349.25
358.95	364.5	0	364.5
359.086	364	0	364
359.223	364.5	0	364.5
359.36	357.75	0	357.75
359.497	366.25	0	366.25
359.633	368.75	0	368.75
359.77	358.25	0	358.25
359.907	360.25	0	360.25
360.043	363.5	0	363.5
360.18	361	0	361
360.317	373	0	373
360.453	369.5	0	369.5
360.59	360.75	0	360.75
360.727	372.25	0	372.25
360.863	368.75	0	368.75
361	396	0	396
361.136	395.5	0	395.5
361.273	406.25	0	406.25
361.409	390.25	0	390.25
361.546	377.75	0	377.75
361.682	373.25	0	373.25
361.819	372.75	0	372.75
361.955	368.25	0	368.25
362.092	351	0	351
362.228	354.5	0	354.5
362.365	361.5	0	361.5
362.501	368	0	368
362.638	368.5	0	368.5
362.774	383.75	0	383.75
362.91	371.75	0	371.75
363.047	400	0	400
363.183	402.5	0	402.5
363.319	389	0	389
363.456	367.75	0	367.75
363.592	379.5	0	379.5
363.728	381.5	0	381.5
363.865	389	0	389
364.001	377	0	377
364.137	373.5	0	373.5
364.274	375.25	0	375.25
364.41	387	0	387
364.546	406.5	0	406.5
364.682	386.25	0	386.25
364.819	393.25	0	393.25
364.955	394.75	0	394.75
365.091	384.5	0	384.5
365.227	397	0	397
365.363	407	0	407
365.499	388.25	0	388.25
365.636	413.75	0	413.75
365.772	404	0	404
365.908	402	0	402
366.044	380.75	0	380.75
366.18	404.5	0	404.5
366.316	412.5	0	412.5
366.452	419	0	419
366.588	411.25	0	411.25
366.724	387.25	0	387.25
366.86	412.5	0	412.5
366.996	408.25	0	408.25
367.132	394.25	0	394.25
367.268	414.5	0	414.5
367.404	409.25	0	409.25
367.54	416.75	0	416.75
367.676	402.25	0	402.25
367.812	422.5	0	422.5
367.948	423	0	423
368.084	421	0	421
368.22	415	0	415
368.356	435	0	435
368.492	435.5	0	435.5
368.627	417	0	417
368.763	423.25	0	423.25
368.899	412.5	0	412.5
369.035	414.25	0	414.25
369.171	435.25	0	435.25
369.306	424.75	0	424.75
369.442	427	0	427
369.578	415.5	0	415.5
369.714	417	0	417
369.85	391.75	0	391.75
369.985	404.75	0	404.75
370.121	396.25	0	396.25
370.257	413.75	0	413.75
370.392	419.25	0	419.25
370.528	452.25	0	452.25
370.664	445.5	0	445.5
370.799	445	0	445
370.935	437.5	0	437.5
371.071	423.5	0	423.5
371.206	433.75	0	433.75
371.342	436.75	0	436.75
371.477	430.75	0	430.75
371.613	410.75	0	410.75
371.749	449	0	449
371.884	421.75	0	421.75
372.02	419	0	419
372.155	413.75	0	413.75
372.291	421	0	421
372.426	414.5	0	414.5
372.562	413.5	0	413.5
372.697	436	0	436
372.833	451.5	0	451.5
372.968	445.5	0	445.5
373.103	417	0	417
373.239	425.75	0	425.75
373.374	433.75	0	433.75
373.51	440.75	0	440.75
373.645	451	0	451
373.78	448.5	0	448.5
373.916	453.5	0	453.5
374.051	442.75	0	442.75
374.186	448.5	0	448.5
374.322	447.5	0	447.5
374.457	424	0	424
374.592	435.75	0	435.75
374.728	439.5	0	439.5
374.863	424.75	0	424.75
374.998	437.5	0	437.5
375.133	447	0	447
375.268	437.5	0	437.5
375.404	443.25	0	443.25
375.539	455	0	455
375.674	431.75	0	431.75
375.809	452.25	0	452.25
375.944	456.75	0	456.75
376.08	427.25	0	427.25
376.215	471.5	0	471.5
376.35	450	0	450
376.485	442	0	442
376.62	446.5	0	446.5
376.755	432.5	0	432.5
376.89	432	0	432
377.025	452	0	452
377.16	456.25	0	456.25
377.295	452.75	0	452.75
377.43	433.5	0	433.5
377.565	463.5	0	463.5
377.7	433.25	0	433.25
377.835	460	0	460
377.97	440	0	440
378.105	456.25	0	456.25
378.24	470	0	470
378.375	456	0	456
378.51	457.25	0	457.25
378.645	455.5	0	455.5
378.78	456.25	0	456.25
378.914	464	0	464
379.049	465.75	0	465.75
379.184	463	0	463
379.319	477.5	0	477.5
379.454	486.5	0	486.5
379.589	462.25	0	462.25
379.723	473.25	0	473.25
379.858	487.25	0	487.25
379.993	506.25	0	506.25
380.128	499.5	0	499.5
380.262	503	0	503
380.397	497.75	0	497.75
380.532	486	0	486
380.666	479.75	0	479.75
380.801	479.25	0	479.25
380.936	486.75	0	486.75
381.07	518.75	0	518.75
381.205	485.25	0	485.25
381.34	502.75	0	502.75
381.474	488.25	0	488.25
381.609	512.25	0	512.25
381.744	514	0	514
381.878	516.5	0	516.5
382.013	489	0	489
382.147	508.5	0	508.5
382.282	509.75	0	509.75
382.416	485.5	0	485.5
382.551	524	0	524
382.685	522	0	522
382.82	524.5	0	524.5
382.954	507.75	0	507.75
383.089	518.5	0	518.5
383.223	531.5	0	531.5
383.357	515.75	0	515.75
383.492	506.25	0	506.25
383.626	517.5	0	517.5
383.761	518.25	0	518.25
383.895	527.5	0	527.5
384.029	520.75	0	520.75
384.164	515.25	0	515.25
384.298	515.75	0	515.75
384.432	509.75	0	509.75
384.567	538.75	0	538.75
384.701	508.5	0	508.5
384.835	502	0	502
384.97	488	0	488
385.104	537.25	0	537.25
385.238	528	0	528
385.372	542.25	0	542.25
385.506	541.75	0	541.75
385.641	508	0	508
385.775	551.25	0	551.25
385.909	528	0	528
386.043	502.75	0	502.75
386.177	551.75	0	551.75
386.311	527.25	0	527.25
386.446	536	0	536
386.58	518.25	0	518.25
386.714	526.25	0	526.25
386.848	520.5	0	520.5
386.982	529.5	0	529.5
387.116	557.25	0	557.25
387.25	526.5	0	526.5
387.384	525.25	0	525.25
387.518	508.25	0	508.25
387.652	509	0	509
387.786	500	0	500
387.92	508.5	0	508.5
388.054	510	0	510
388.188	527.25	0	527.25
388.322	519.5	0	519.5
388.456	492.75	0	492.75
388.59	537.75	0	537.75
388.723	536.25	0	536.25
388.857	506	0	506
388.991	519.5	0	519.5
389.125	505.25	0	505.25
389.259	537	0	537
389.393	529	0	529
389.526	522.75	0	522.75
389.66	514.75	0	514.75
389.794	491.75	0	491.75
389.928	511	0	511
390.062	525.25	0	525.25
390.195	515.75	0	515.75
390.329	509.5	0	509.5
390.463	511.75	0	511.75
390.596	515.75	0	515.75
390.73	527.5	0	527.5
390.864	515.5	0	515.5
390.997	512.75	0	512.75
391.131	528	0	528
391.265	536.75	0	536.75
391.398	507.5	0	507.5
391.532	525.25	0	525.25
391.665	515.5	0	515.5
391.799	510	0	510
391.933	510	0	510
392.066	532.75	0	532.75
392.2	505.25	0	505.25
392.333	545.25	0	545.25
392.467	533.75	0	533.75
392.6	520	0	520
392.734	534.5	0	534.5
392.867	516	0	516
393.001	516.75	0	516.75
393.134	508.75	0	508.75
393.267	530.75	0	530.75
393.401	505.25	0	505.25
393.534	533.25	0	533.25
393.668	531.75	0	531.75
393.801	549	0	549
393.934	513.75	0	513.75
394.068	550.75	0	550.75
394.201	544.5	0	544.5
394.334	533	0	533
394.468	505.5	0	505.5
394.601	547	0	547
394.734	518.25	0	518.25
394.867	518	0	518
395.001	521.5	0	521.5
395.134	511	0	511
395.267	540.5	0	540.5
395.4	502.25	0	502.25
395.533	527.5	0	527.5
395.667	515.5	0	515.5
395.8	533	0	533
395.933	530.5	0	530.5
396.066	565.5	0	565.5
396.199	519.5	0	519.5
396.332	541.25	0	541.25
396.465	526.75	0	526.75
396.598	533.75	0	533.75
396.732	567	0	567
396.865	552.25	0	552.25
396.998	556.25	0	556.25
397.131	534.25	0	534.25
397.264	540.5	0	540.5
397.397	567.5	0	567.5
397.53	559.75	0	559.75
397.663	560.5	0	560.5
397.796	572.75	0	572.75
397.928	558.25	0	558.25
398.061	563	0	563
398.194	554.25	0	554.25
398.327	553.5	0	553.5
398.46	557.25	0	557.25
398.593	545.25	0	545.25
398.726	573.5	0	573.5
398.859	554.25	0	554.25
398.991	575.75	0	575.75
399.124	580.75	0	580.75
399.257	586	0	586
399.39	561	0	561
399.523	586.5	0	586.5
399.655	565	0	565
399.788	603.25	0	603.25
399.921	574.75	0	574.75
400.054	592.5	0	592.5
400.186	604.5	0	604.5
400.319	606	0	606
400.452	589.75	0	589.75
400.584	595.75	0	595.75
400.717	596	0	596
400.85	616.25	0	616.25
400.982	605.75	0	605.75
401.115	626.25	0	626.25
401.247	612.5	0	612.5
401.38	622.5	0	622.5
401.513	647.25	0	647.25
401.645	612.75	0	612.75
401.778	617.25	0	617.25
401.91	633.25	0	633.25
402.043	624	0	624
402.175	630.5	0	630.5
402.308	672.5	0	672.5
402.44	648.5	0	648.5
402.573	661.25	0	661.25
402.705	661.5	0	661.5
402.837	689	0	689
402.97	681.25	0	681.25
403.102	694.5	0	694.5
403.235	685	0	685
403.367	712	0	712
403.499	700.5	0	700.5
403.632	724.25	0	724.25
403.764	719.25	0	719.25
403.896	717.25	0	717.25
404.029	736.5	0	736.5
404.161	737.5	0	737.5
404.293	755.5	0	755.5
404.425	762.25	0	762.25
404.558	782.5	0	782.5
404.69	790.5	0	790.5
404.822	769.75	0	769.75
404.954	809.5	0	809.5
405.086	842	0	842
405.219	849.5	0	849.5
405.351	878.25	0	878.25
405.483	884.5	0	884.5
405.615	866.75	0	866.75
405.747	890.75	0	890.75
405.879	936.75	0	936.75
406.011	904.25	0	904.25
406.143	964.75	0	964.75
406.275	957	0	957
406.407	1035.75	0	1035.75
406.539	1055	0	1055
406.672	1083.5	0	1083.5
406.803	1105.5	0	1105.5
406.935	1104	0	1104
407.067	1125.5	0	1125.5
407.199	1148	0	1148
407.331	1238.5	0	1238.5
407.463	1327.75	0	1327.75
407.595	1343.25	0	1343.25
407.727	1412.25	0	1412.25
407.859	1501.25	0	1501.25
407.991	1547.25	0	1547.25
408.123	1640	0	1640
408.255	1783	0	1783
408.386	1917.75	0	1917.75
408.518	2083.5	0	2083.5
408.65	2234.75	0	2234.75
408.782	2547.5	0	2547.5
408.914	2763.75	0	2763.75
409.045	3128.75	0	3128.75
409.177	3627.5	0	3627.5
409.309	4246.25	0	4246.25
409.44	5077.5	0	5077.5
409.572	6142.25	0	6142.25
409.704	7901	0	7901
409.836	9182.75	0	9182.75
409.967	8825.25	0	8825.25
410.099	8201.25	0	8201.25
410.23	10526.8	0	10526.8
410.362	11320.5	0	11320.5
410.494	11344	0	11344
410.625	10414	0	10414
410.757	9807.75	0	9807.75
410.888	8559.75	0	8559.75
411.02	7741	0	7741
411.152	7353.5	0	7353.5
411.283	6455.75	0	6455.75
411.415	6089.25	0	6089.25
411.546	5589.5	0	5589.5
411.677	4970.5	0	4970.5
411.809	4704	0	4704
411.94	4155.75	0	4155.75
412.072	3943.25	0	3943.25
412.203	3741.25	0	3741.25
412.335	3513	0	3513
412.466	3269	0	3269
412.597	3107	0	3107
412.729	2915.5	0	2915.5
412.86	2718.25	0	2718.25
412.991	2619.5	0	2619.5
413.123	2417.25	0	2417.25
413.254	2339	0	2339
413.385	2180	0	2180
413.517	2187	0	2187
413.648	2019	0	2019
413.779	1970	0	1970
413.91	1898.25	0	1898.25
414.042	1793.5	0	1793.5
414.173	1736.25	0	1736.25
414.304	1686.5	0	1686.5
414.435	1622.25	0	1622.25
414.566	1592.5	0	1592.5
414.697	1547	0	1547
414.828	1496.5	0	1496.5
414.96	1395.5	0	1395.5
415.091	1379.5	0	1379.5
415.222	1324.5	0	1324.5
415.353	1321.5	0	1321.5
415.484	1312	0	1312
415.615	1254.25	0	1254.25
415.746	1236	0	1236
415.877	1225.25	0	1225.25
416.008	1144.5	0	1144.5
416.139	1174.5	0	1174.5
416.27	1103.75	0	1103.75
416.401	1134.5	0	1134.5
416.532	1091.25	0	1091.25
416.663	1053.75	0	1053.75
416.794	1044	0	1044
416.925	988.25	0	988.25
417.055	988	0	988
417.186	972	0	972
417.317	979.5	0	979.5
417.448	964	0	964
417.579	940.75	0	940.75
417.71	973	0	973
417.84	919.25	0	919.25
417.971	911.25	0	911.25
418.102	891.25	0	891.25
418.233	876.75	0	876.75
418.363	861.75	0	861.75
418.494	844	0	844
418.625	856.75	0	856.75
418.756	862.5	0	862.5
418.886	844.5	0	844.5
419.017	831.25	0	831.25
419.148	803.75	0	803.75
419.278	794.75	0	794.75
419.409	795.5	0	795.5
419.539	803.75	0	803.75
419.67	796.75	0	796.75
419.801	745.75	0	745.75
419.931	728.5	0	728.5
420.062	750.75	0	750.75
420.192	751.5	0	751.5
420.323	738.75	0	738.75
420.453	723.5	0	723.5
420.584	720.25	0	720.25
420.714	731	0	731
420.845	718.25	0	718.25
420.975	688	0	688
421.106	697.25	0	697.25
421.236	686.75	0	686.75
421.366	705.5	0	705.5
421.497	709.25	0	709.25
421.627	701.5	0	701.5
421.757	713.75	0	713.75
421.888	666.25	0	666.25
422.018	682	0	682
422.148	681.5	0	681.5
422.279	690.5	0	690.5
422.409	638.75	0	638.75
422.539	703.25	0	703.25
422.67	678.5	0	678.5
422.8	653	0	653
422.93	654.75	0	654.75
423.06	634	0	634
423.19	635.5	0	635.5
423.321	637	0	637
423.451	634	0	634
423.581	605.5	0	605.5
423.711	641	0	641
423.841	616	0	616
423.971	634.5	0	634.5
424.101	600.75	0	600.75
424.231	628.25	0	628.25
424.361	589.25	0	589.25
424.492	626.5	0	626.5
424.622	624	0	624
424.752	637.75	0	637.75
424.882	612.75	0	612.75
425.012	610.5	0	610.5
425.142	593.5	0	593.5
425.271	582	0	582
425.401	596.5	0	596.5
425.531	593.75	0	593.75
425.661	607.5	0	607.5
425.791	579.25	0	579.25
425.921	603.75	0	603.75
426.051	606.25	0	606.25
426.181	593.5	0	593.5
426.311	618.75	0	618.75
426.44	584.25	0	584.25
426.57	579.75	0	579.75
426.7	576.25	0	576.25
426.83	596.75	0	596.75
426.96	597.5	0	597.5
427.089	584.5	0	584.5
427.219	576.5	0	576.5
427.349	570.5	0	570.5
427.479	567	0	567
427.608	554.25	0	554.25
427.738	570	0	570
427.868	609.25	0	609.25
427.997	549	0	549
428.127	549	0	549
428.256	571.25	0	571.25
428.386	552.5	0	552.5
428.516	543.75	0	543.75
428.645	528	0	528
428.775	561.25	0	561.25
428.904	580	0	580
429.034	572.5	0	572.5
429.163	534.75	0	534.75
429.293	539.25	0	539.25
429.422	503.5	0	503.5
429.552	519.75	0	519.75
429.681	537.25	0	537.25
429.811	539	0	539
429.94	526	0	526
430.069	506	0	506
430.199	508.75	0	508.75
430.328	522.75	0	522.75
430.458	518	0	518
430.587	516.75	0	516.75
430.716	516.5	0	516.5
430.846	506	0	506
430.975	504.75	0	504.75
431.104	501.25	0	501.25
431.233	501.25	0	501.25
431.363	472.5	0	472.5
431.492	484.5	0	484.5
431.621	488.5	0	488.5
431.75	513	0	513
431.88	507.75	0	507.75
432.009	498.25	0	498.25
432.138	478	0	478
432.267	489.75	0	489.75
432.396	504.25	0	504.25
432.525	513.75	0	513.75
432.654	486.75	0	486.75
432.784	486	0	486
432.913	494	0	494
433.042	474	0	474
433.171	489.5	0	489.5
433.3	499.75	0	499.75
433.429	487.25	0	487.25
433.558	488.5	0	488.5
433.687	491.25	0	491.25
433.816	488.75	0	488.75
433.945	458.5	0	458.5
434.074	482.5	0	482.5
434.203	486	0	486
434.332	487	0	487
434.46	472.5	0	472.5
434.589	495.25	0	495.25
434.718	480	0	480
434.847	493	0	493
434.976	479.25	0	479.25
435.105	481.75	0	481.75
435.233	508.25	0	508.25
435.362	485	0	485
435.491	491.25	0	491.25
435.62	487.5	0	487.5
435.749	471.5	0	471.5
435.877	461	0	461
436.006	462.75	0	462.75
436.135	482	0	482
436.263	455	0	455
436.392	469.75	0	469.75
436.521	491.75	0	491.75
436.649	473.25	0	473.25
436.778	457.25	0	457.25
436.907	488	0	488
437.035	485.5	0	485.5
437.164	472.25	0	472.25
437.292	491.25	0	491.25
437.421	493.5	0	493.5
437.549	483.25	0	483.25
437.678	479.25	0	479.25
437.806	478.25	0	478.25
437.935	463	0	463
438.063	478	0	478
438.192	485.5	0	485.5
438.32	493.75	0	493.75
438.449	478	0	478
438.577	492.75	0	492.75
438.706	501.5	0	501.5
438.834	493	0	493
438.962	480.25	0	480.25
439.091	466.25	0	466.25
439.219	491.75	0	491.75
439.347	497.5	0	497.5
439.476	501.5	0	501.5
439.604	504.75	0	504.75
439.732	501	0	501
439.86	494.5	0	494.5
439.989	511.75	0	511.75
440.117	491	0	491
440.245	521.75	0	521.75
440.373	532.25	0	532.25
440.501	502.75	0	502.75
440.63	494.5	0	494.5
440.758	506.5	0	506.5
440.886	523	0	523
441.014	509	0	509
441.142	507.5	0	507.5
441.27	516.75	0	516.75
441.398	530	0	530
441.526	544.5	0	544.5
441.654	533.25	0	533.25
441.782	531.25	0	531.25
441.91	540.5	0	540.5
442.038	550	0	550
442.166	559.5	0	559.5
442.294	562	0	562
442.422	552.25	0	552.25
442.55	548.25	0	548.25
442.678	543.25	0	543.25
442.806	556.75	0	556.75
442.934	576.25	0	576.25
443.062	556.5	0	556.5
443.19	561.75	0	561.75
443.318	570	0	570
443.445	626	0	626
443.573	602	0	602
443.701	612.5	0	612.5
443.829	659.25	0	659.25
443.957	629.25	0	629.25
444.084	643	0	643
444.212	604.25	0	604.25
444.34	633.75	0	633.75
444.467	647.75	0	647.75
444.595	635.5	0	635.5
444.723	665.25	0	665.25
444.85	687.5	0	687.5
444.978	669.5	0	669.5
445.106	686.25	0	686.25
445.233	694	0	694
445.361	702	0	702
445.489	710	0	710
445.616	744.25	0	744.25
445.744	735.25	0	735.25
445.871	763	0	763
445.999	743.25	0	743.25
446.126	771.5	0	771.5
446.254	794.75	0	794.75
446.381	799	0	799
446.509	825.75	0	825.75
446.636	891.5	0	891.5
446.764	841	0	841
446.891	898.25	0	898.25
447.018	889.25	0	889.25
447.146	933.25	0	933.25
447.273	953.5	0	953.5
447.4	1013	0	1013
447.528	1016.75	0	1016.75
447.655	1046.5	0	1046.5
447.782	1042.25	0	1042.25
447.91	1092.75	0	1092.75
448.037	1137.75	0	1137.75
448.164	1130.25	0	1130.25
448.291	1237	0	1237
448.419	1321.5	0	1321.5
448.546	1371	0	1371
448.673	1430.75	0	1430.75
448.8	1541.25	0	1541.25
448.927	1598	0	1598
449.055	1699.5	0	1699.5
449.182	1814.5	0	1814.5
449.309	1885	0	1885
449.436	2117.5	0	2117.5
449.563	2291.25	0	2291.25
449.69	2445.25	0	2445.25
449.817	2714.5	0	2714.5
449.944	3040.5	0	3040.5
450.071	3610.5	0	3610.5
450.198	4025.5	0	4025.5
450.325	4614.75	0	4614.75
450.452	5339.75	0	5339.75
450.579	6145	0	6145
450.706	7550.75	0	7550.75
450.833	9088	0	9088
450.96	8355.75	0	8355.75
451.087	8370.5	0	8370.5
451.214	9644.5	0	9644.5
451.341	9534	0	9534
451.467	9022	0	9022
451.594	8728.5	0	8728.5
451.721	8124.75	0	8124.75
451.848	7559	0	7559
451.975	6952	0	6952
452.101	6289.25	0	6289.25
452.228	6063.75	0	6063.75
452.355	5594.5	0	5594.5
452.482	5085.5	0	5085.5
452.608	4874.25	0	4874.25
452.735	4638	0	4638
452.862	4351.5	0	4351.5
452.988	4173.75	0	4173.75
453.115	3772	0	3772
453.242	3670.5	0	3670.5
453.368	3387.75	0	3387.75
453.495	3226.75	0	3226.75
453.621	3039.5	0	3039.5
453.748	2936	0	2936
453.875	2856	0	2856
454.001	2787.25	0	2787.25
454.128	2570.5	0	2570.5
454.254	2417.25	0	2417.25
454.381	2380.25	0	2380.25
454.507	2199	0	2199
454.633	2066.25	0	2066.25
454.76	2043.25	0	2043.25
454.886	2036.75	0	2036.75
455.013	1991	0	1991
455.139	1911.75	0	1911.75
455.266	1856	0	1856
455.392	1824.75	0	1824.75
455.518	1734.25	0	1734.25
455.645	1684.25	0	1684.25
455.771	1552.25	0	1552.25
455.897	1545.25	0	1545.25
456.023	1510.75	0	1510.75
456.15	1482.25	0	1482.25
456.276	1423.75	0	1423.75
456.402	1365.25	0	1365.25
456.528	1354	0	1354
456.655	1324.5	0	1324.5
456.781	1261	0	1261
456.907	1235.75	0	1235.75
457.033	1205.5	0	1205.5
457.159	1240.25	0	1240.25
457.285	1173.25	0	1173.25
457.411	1170.25	0	1170.25
457.538	1114.75	0	1114.75
457.664	1102.5	0	1102.5
457.79	1075.5	0	1075.5
457.916	1033.75	0	1033.75
458.042	974	0	974
458.168	1009.5	0	1009.5
458.294	995.25	0	995.25
458.42	972	0	972
458.546	961.25	0	961.25
458.672	948.25	0	948.25
458.798	919.25	0	919.25
458.924	885.25	0	885.25
459.049	907.5	0	907.5
459.175	850.75	0	850.75
459.301	860.5	0	860.5
459.427	841.75	0	841.75
459.553	819.5	0	819.5
459.679	833.5	0	833.5
459.805	801.75	0	801.75
459.93	790	0	790
460.056	803.25	0	803.25
460.182	791.5	0	791.5
460.308	764.25	0	764.25
460.433	765.5	0	765.5
460.559	734	0	734
460.685	749.25	0	749.25
460.81	749.25	0	749.25
460.936	708.25	0	708.25
461.062	693.25	0	693.25
461.187	693.25	0	693.25
461.313	710	0	710
461.439	711.25	0	711.25
461.564	688.5	0	688.5
461.69	668.25	0	668.25
461.815	669	0	669
461.941	674.75	0	674.75
462.066	679	0	679
462.192	663	0	663
462.317	631.5	0	631.5
462.443	645.25	0	645.25
462.568	658.75	0	658.75
462.694	632.75	0	632.75
462.819	636	0	636
462.944	611	0	611
463.07	621.5	0	621.5
463.195	600.5	0	600.5
463.321	627.25	0	627.25
463.446	627.25	0	627.25
463.571	616	0	616
463.697	606	0	606
463.822	611.75	0	611.75
463.947	618.25	0	618.25
464.072	604.5	0	604.5
464.198	613.25	0	613.25
464.323	579	0	579
464.448	589	0	589
464.573	566.5	0	566.5
464.698	564	0	564
464.824	584.5	0	584.5
464.949	591.25	0	591.25
465.074	574.5	0	574.5
465.199	573	0	573
465.324	596	0	596
465.449	569	0	569
465.574	545.5	0	545.5
465.699	569.5	0	569.5
465.824	585.5	0	585.5
465.949	578.75	0	578.75
466.074	573.5	0	573.5
466.199	567.5	0	567.5
466.324	561.25	0	561.25
466.449	558	0	558
466.574	575.25	0	575.25
466.699	564	0	564
466.824	552.25	0	552.25
466.949	532.75	0	532.75
467.074	551.5	0	551.5
467.199	539.75	0	539.75
467.323	543	0	543
467.448	524.25	0	524.25
467.573	542.25	0	542.25
467.698	508.5	0	508.5
467.823	551.25	0	551.25
467.947	520.75	0	520.75
468.072	525.5	0	525.5
468.197	542.75	0	542.75
468.322	537.25	0	537.25
468.446	557.75	0	557.75
468.571	538.25	0	538.25
468.696	552	0	552
468.82	531.75	0	531.75
468.945	530.25	0	530.25
469.069	524.25	0	524.25
469.194	533.75	0	533.75
469.319	526	0	526
469.443	529	0	529
469.568	512.5	0	512.5
469.692	516.75	0	516.75
469.817	501.25	0	501.25
469.941	504.75	0	504.75
470.066	507	0	507
470.19	515.5	0	515.5
470.315	540.25	0	540.25
470.439	529.75	0	529.75
470.563	505.75	0	505.75
470.688	501.75	0	501.75
470.812	511.75	0	511.75
470.937	524.75	0	524.75
471.061	499.25	0	499.25
471.185	498	0	498
471.31	496.25	0	496.25
471.434	494	0	494
471.558	508.75	0	508.75
471.682	499.25	0	499.25
471.807	494.5	0	494.5
471.931	491.25	0	491.25
472.055	481.5	0	481.5
472.179	476	0	476
472.303	470.5	0	470.5
472.428	485.5	0	485.5
472.552	485.5	0	485.5
472.676	476	0	476
472.8	480	0	480
472.924	499.5	0	499.5
473.048	476.25	0	476.25
473.172	479.5	0	479.5
473.296	488.5	0	488.5
473.42	461.75	0	461.75
473.544	471.75	0	471.75
473.668	475.25	0	475.25
473.792	459.25	0	459.25
473.916	479.5	0	479.5
474.04	474.25	0	474.25
474.164	466	0	466
474.288	467	0	467
474.412	464.25	0	464.25
474.536	466.25	0	466.25
474.66	484.75	0	484.75
474.784	472	0	472
474.908	451.75	0	451.75
475.031	461	0	461
475.155	454.25	0	454.25
475.279	458.25	0	458.25
475.403	467.75	0	467.75
475.526	471.25	0	471.25
475.65	475.25	0	475.25
475.774	476.5	0	476.5
475.898	488.75	0	488.75
476.021	467.75	0	467.75
476.145	461.75	0	461.75
476.269	445.5	0	445.5
476.392	474.5	0	474.5
476.516	448.25	0	448.25
476.64	459	0	459
476.763	452.75	0	452.75
476.887	470	0	470
477.01	449.25	0	449.25
477.134	449.25	0	449.25
477.257	482.5	0	482.5
477.381	442.5	0	442.5
477.504	453.5	0	453.5
477.628	468.75	0	468.75
477.751	455	0	455
477.875	448	0	448
477.998	440.25	0	440.25
478.122	448.5	0	448.5
478.245	453.75	0	453.75
478.368	451.25	0	451.25
478.492	432.5	0	432.5
478.615	452.75	0	452.75
478.738	450.25	0	450.25
478.862	434	0	434
478.985	464.5	0	464.5
479.108	448	0	448
479.231	458.25	0	458.25
479.355	461.75	0	461.75
479.478	426.5	0	426.5
479.601	428	0	428
479.724	452.5	0	452.5
479.848	449.75	0	449.75
479.971	438.25	0	438.25
480.094	436.5	0	436.5
480.217	459	0	459
480.34	460	0	460
480.463	456.25	0	456.25
480.586	440.75	0	440.75
480.709	417.25	0	417.25
480.832	420.75	0	420.75
480.955	454	0	454
481.078	428.25	0	428.25
481.201	451.75	0	451.75
481.324	435.25	0	435.25
481.447	407.75	0	407.75
481.57	413.75	0	413.75
481.693	448.5	0	448.5
481.816	424	0	424
481.939	434.5	0	434.5
482.062	435	0	435
482.185	436.25	0	436.25
482.307	450	0	450
482.43	453.5	0	453.5
482.553	427	0	427
482.676	428.5	0	428.5
482.799	432.25	0	432.25
482.921	420	0	420
483.044	439	0	439
483.167	425	0	425
483.29	430.5	0	430.5
483.412	427.5	0	427.5
483.535	426.75	0	426.75
483.658	441	0	441
483.78	427.25	0	427.25
483.903	416.75	0	416.75
484.025	424	0	424
484.148	417.25	0	417.25
484.271	423.25	0	423.25
484.393	428	0	428
484.516	414.5	0	414.5
484.638	420.5	0	420.5
484.761	411.75	0	411.75
484.883	427.5	0	427.5
485.006	426.75	0	426.75
485.128	411.25	0	411.25
485.251	424	0	424
485.373	398.25	0	398.25
485.495	407.5	0	407.5
485.618	411.75	0	411.75
485.74	408.75	0	408.75
485.863	392.5	0	392.5
485.985	410.75	0	410.75
486.107	414.25	0	414.25
486.229	430.5	0	430.5
486.352	416.25	0	416.25
486.474	398.5	0	398.5
486.596	418.75	0	418.75
486.719	386.25	0	386.25
486.841	392.75	0	392.75
486.963	401.75	0	401.75
487.085	390.75	0	390.75
487.207	396.5	0	396.5
487.329	384	0	384
487.452	409.5	0	409.5
487.574	377.75	0	377.75
487.696	384	0	384
487.818	396.25	0	396.25
487.94	394.75	0	394.75
488.062	399.25	0	399.25
488.184	403.5	0	403.5
488.306	387	0	387
488.428	390.75	0	390.75
488.55	409.75	0	409.75
488.672	388.25	0	388.25
488.794	395.25	0	395.25
488.916	400.25	0	400.25
489.038	363.25	0	363.25
489.16	385.5	0	385.5
489.281	389.5	0	389.5
489.403	373.25	0	373.25
489.525	380.5	0	380.5
489.647	379.25	0	379.25
489.769	376.25	0	376.25
489.891	373	0	373
490.012	379	0	379
490.134	398	0	398
490.256	383.5	0	383.5
490.378	361.25	0	361.25
490.499	365	0	365
490.621	377.25	0	377.25
490.743	390.5	0	390.5
490.864	369.5	0	369.5
490.986	361	0	361
491.108	351.75	0	351.75
491.229	343.5	0	343.5
491.351	375	0	375
491.472	365.25	0	365.25
491.594	370.75	0	370.75
491.715	374.75	0	374.75
491.837	367.5	0	367.5
491.958	385	0	385
492.08	361.25	0	361.25
492.201	364.75	0	364.75
492.323	335.5	0	335.5
492.444	349.75	0	349.75
492.566	361.75	0	361.75
492.687	359.5	0	359.5
492.808	357	0	357
492.93	367.25	0	367.25
493.051	365	0	365
493.172	342.75	0	342.75
493.294	358.5	0	358.5
493.415	361	0	361
493.536	357.75	0	357.75
493.658	358.5	0	358.5
493.779	362	0	362
493.9	357.75	0	357.75
494.021	365.25	0	365.25
494.143	372.25	0	372.25
494.264	358	0	358
494.385	347	0	347
494.506	360.5	0	360.5
494.627	345	0	345
494.748	359.75	0	359.75
494.869	358.5	0	358.5
494.99	366.75	0	366.75
495.111	359.25	0	359.25
495.232	363.25	0	363.25
495.353	357.75	0	357.75
495.475	348.5	0	348.5
495.595	342.25	0	342.25
495.716	341.75	0	341.75
495.837	352	0	352
495.958	333.5	0	333.5
496.079	347.75	0	347.75
496.2	349.25	0	349.25
496.321	346.75	0	346.75
496.442	365.25	0	365.25
496.563	366.75	0	366.75
496.684	339.5	0	339.5
496.804	345.5	0	345.5
496.925	348.5	0	348.5
497.046	351.5	0	351.5
497.167	340.5	0	340.5
497.287	350.75	0	350.75
497.408	328.5	0	328.5
497.529	350.75	0	350.75
497.65	339.5	0	339.5
497.77	344.25	0	344.25
497.891	346.5	0	346.5
498.012	331.75	0	331.75
498.132	328.5	0	328.5
498.253	349.75	0	349.75
498.373	318.25	0	318.25
498.494	355.25	0	355.25
498.614	342.5	0	342.5
498.735	348.75	0	348.75
498.856	343	0	343
498.976	340.5	0	340.5
499.096	313.75	0	313.75
499.217	332.25	0	332.25
499.337	334	0	334
499.458	320	0	320
499.578	342	0	342
499.699	332.75	0	332.75
499.819	335.25	0	335.25
499.939	338.5	0	338.5
500.06	332.25	0	332.25
500.18	340.5	0	340.5
500.3	321	0	321
500.421	342	0	342
500.541	328	0	328
500.661	330.5	0	330.5
500.781	331.5	0	331.5
500.902	328.5	0	328.5
501.022	326.75	0	326.75
501.142	331	0	331
501.262	333	0	333
501.382	332.25	0	332.25
501.502	341	0	341
501.623	329.75	0	329.75
501.743	331.25	0	331.25
501.863	353.5	0	353.5
501.983	332.75	0	332.75
502.103	343	0	343
502.223	349	0	349
502.343	317	0	317
502.463	345	0	345
502.583	300.25	0	300.25
502.703	317.75	0	317.75
502.823	340	0	340
502.943	329.75	0	329.75
503.063	306.5	0	306.5
503.182	319.75	0	319.75
503.302	328.25	0	328.25
503.422	322.75	0	322.75
503.542	313.25	0	313.25
503.662	311	0	311
503.782	324.25	0	324.25
503.901	328.75	0	328.75
504.021	321.25	0	321.25
504.141	328.25	0	328.25
504.261	341	0	341
504.38	309.25	0	309.25
504.5	332.25	0	332.25
504.62	319.25	0	319.25
504.739	322.5	0	322.5
504.859	311.75	0	311.75
504.979	317	0	317
505.098	304.25	0	304.25
505.218	306.5	0	306.5
505.338	323.5	0	323.5
505.457	315.75	0	315.75
505.577	321.75	0	321.75
505.696	312.5	0	312.5
505.816	319.5	0	319.5
505.935	319.25	0	319.25
506.055	325	0	325
506.174	304.25	0	304.25
506.293	309	0	309
506.413	292.25	0	292.25
506.532	289.75	0	289.75
506.652	302.5	0	302.5
506.771	315.25	0	315.25
506.89	305	0	305
507.01	318.25	0	318.25
507.129	327.75	0	327.75
507.248	304	0	304
507.368	329	0	329
507.487	303.75	0	303.75
507.606	300.5	0	300.5
507.725	316.5	0	316.5
507.844	317.5	0	317.5
507.964	315.75	0	315.75
508.083	303.25	0	303.25
508.202	319	0	319
508.321	316.75	0	316.75
508.44	326	0	326
508.559	297.25	0	297.25
508.678	325.75	0	325.75
508.797	305	0	305
508.916	301	0	301
509.035	323.5	0	323.5
509.154	323.75	0	323.75
509.273	320.25	0	320.25
509.392	335.25	0	335.25
509.511	318	0	318
509.63	313.5	0	313.5
509.749	332.25	0	332.25
509.868	337.25	0	337.25
509.987	331.5	0	331.5
510.106	358.25	0	358.25
510.225	365.25	0	365.25
510.344	374.75	0	374.75
510.462	390.5	0	390.5
510.581	411	0	411
510.7	446	0	446
510.819	460.75	0	460.75
510.937	459.75	0	459.75
511.056	452	0	452
511.175	506.5	0	506.5
511.294	522.25	0	522.25
511.412	543.75	0	543.75
511.531	567	0	567
511.649	565.5	0	565.5
511.768	589.5	0	589.5
511.887	635.5	0	635.5
512.005	620.5	0	620.5
512.124	610	0	610
512.242	620.5	0	620.5
512.361	597.75	0	597.75
512.479	624	0	624
512.598	592.75	0	592.75
512.716	584.25	0	584.25
512.835	558.75	0	558.75
512.953	561	0	561
513.072	546	0	546
513.19	503	0	503
513.308	534	0	534
513.427	485	0	485
513.545	466	0	466
513.664	458.25	0	458.25
513.782	442.5	0	442.5
513.9	399.75	0	399.75
514.018	407	0	407
514.137	411.75	0	411.75
514.255	389	0	389
514.373	375	0	375
514.491	365.25	0	365.25
514.609	372.25	0	372.25
514.728	350.25	0	350.25
514.846	364.25	0	364.25
514.964	337.5	0	337.5
515.082	333.25	0	333.25
515.2	326.5	0	326.5
515.318	330.75	0	330.75
515.436	330	0	330
515.554	341.5	0	341.5
515.672	325.5	0	325.5
515.79	346.5	0	346.5
515.908	334.75	0	334.75
516.026	342.25	0	342.25
516.144	332.75	0	332.75
516.262	316	0	316
516.38	317.25	0	317.25
516.498	289.5	0	289.5
516.616	308.5	0	308.5
516.734	312	0	312
516.852	294	0	294
516.969	314.25	0	314.25
517.087	301.25	0	301.25
517.205	305	0	305
517.323	305.5	0	305.5
517.44	301.25	0	301.25
517.558	295	0	295
517.676	292.25	0	292.25
517.794	307	0	307
517.911	294	0	294
518.029	297.5	0	297.5
518.147	295.25	0	295.25
518.264	292.5	0	292.5
518.382	300.75	0	300.75
518.5	297.5	0	297.5
518.617	300.5	0	300.5
518.735	290.5	0	290.5
518.852	304.5	0	304.5
518.97	290.75	0	290.75
519.087	296	0	296
519.205	276.25	0	276.25
519.322	281	0	281
519.44	291.25	0	291.25
519.557	284.5	0	284.5
519.674	266.5	0	266.5
519.792	281.25	0	281.25
519.909	280	0	280
520.026	270.25	0	270.25
520.144	257.75	0	257.75
520.261	267.5	0	267.5
520.378	282.5	0	282.5
520.496	290.25	0	290.25
520.613	294	0	294
520.73	261	0	261
520.847	272.25	0	272.25
520.965	273	0	273
521.082	288	0	288
521.199	293.25	0	293.25
521.316	241.5	0	241.5
521.433	291.25	0	291.25
521.55	273.5	0	273.5
521.667	277.75	0	277.75
521.785	269	0	269
521.902	289.5	0	289.5
522.019	276.5	0	276.5
522.136	264.5	0	264.5
522.253	270.25	0	270.25
522.37	279.25	0	279.25
522.487	286.25	0	286.25
522.604	269.5	0	269.5
522.721	271.25	0	271.25
522.838	275.75	0	275.75
522.954	269	0	269
523.071	275.75	0	275.75
523.188	284.25	0	284.25
523.305	284.75	0	284.75
523.422	257.75	0	257.75
523.539	271.25	0	271.25
523.655	275.75	0	275.75
523.772	266.25	0	266.25
523.889	273.25	0	273.25
524.006	280	0	280
524.122	272	0	272
524.239	267	0	267
524.356	277.5	0	277.5
524.472	257.25	0	257.25
524.589	272.5	0	272.5
524.706	257.75	0	257.75
524.822	267	0	267
524.939	285.5	0	285.5
525.055	267	0	267
525.172	251.5	0	251.5
525.289	258.75	0	258.75
525.405	245.75	0	245.75
525.522	235.25	0	235.25
525.638	247.75	0	247.75
525.754	237.25	0	237.25
525.871	260.5	0	260.5
525.987	257.75	0	257.75
526.104	249.25	0	249.25
526.22	267.75	0	267.75
526.336	251.75	0	251.75
526.453	261.75	0	261.75
526.569	258.5	0	258.5
526.685	234.5	0	234.5
526.802	253	0	253
526.918	261.25	0	261.25
527.034	252	0	252
527.151	243.25	0	243.25
527.267	259	0	259
527.383	249.5	0	249.5
527.499	231.25	0	231.25
527.615	271	0	271
527.732	250.75	0	250.75
527.848	238.5	0	238.5
527.964	252.5	0	252.5
528.08	255	0	255
528.196	243.25	0	243.25
528.312	243.25	0	243.25
528.428	232.5	0	232.5
528.544	240.75	0	240.75
528.66	243.25	0	243.25
528.776	241.5	0	241.5
528.892	256.25	0	256.25
529.008	222.25	0	222.25
529.124	214	0	214
529.24	217.5	0	217.5
529.356	237.5	0	237.5
529.471	234	0	234
529.587	235.75	0	235.75
529.703	236.5	0	236.5
529.819	248	0	248
529.935	237.25	0	237.25
530.05	239.25	0	239.25
530.166	237.75	0	237.75
530.282	246	0	246
530.398	239	0	239
530.513	212.75	0	212.75
530.629	245	0	245
530.745	227.5	0	227.5
530.86	238	0	238
530.976	220.75	0	220.75
531.092	233.25	0	233.25
531.207	222.25	0	222.25
531.323	228.75	0	228.75
531.438	225.75	0	225.75
531.554	247.75	0	247.75
531.669	226.75	0	226.75
531.785	241	0	241
531.9	227.5	0	227.5
532.016	245.75	0	245.75
532.131	240	0	240
532.247	230.75	0	230.75
532.362	224.25	0	224.25
532.477	237.25	0	237.25
532.593	243.5	0	243.5
532.708	242	0	242
532.823	234	0	234
532.939	224.5	0	224.5
533.054	235.25	0	235.25
533.169	235.75	0	235.75
533.285	222.75	0	222.75
533.4	232	0	232
533.515	233.5	0	233.5
533.63	239	0	239
533.745	225	0	225
533.861	218.75	0	218.75
533.976	218.75	0	218.75
534.091	231.25	0	231.25
534.206	219.25	0	219.25
534.321	238	0	238
534.436	219	0	219
534.551	232.75	0	232.75
534.666	219.25	0	219.25
534.781	209.5	0	209.5
534.896	226.75	0	226.75
535.011	219.5	0	219.5
535.126	211	0	211
535.241	213.5	0	213.5
535.356	229	0	229
535.471	217.75	0	217.75
535.586	244	0	244
535.701	219	0	219
535.815	227	0	227
535.93	212.5	0	212.5
536.045	229	0	229
536.16	235	0	235