Lambda	Spectrum	Dark	SpecMinusDark
268.175	434.25	0	434.25
268.319	462.75	0	462.75
268.463	491.5	0	491.5
268.607	490.5	0	490.5
268.751	514.25	0	514.25
268.895	517.5	0	517.5
269.039	495	0	495
269.183	477.25	0	477.25
269.327	472.75	0	472.75
269.47	480	0	480
269.614	462.25	0	462.25
269.758	513	0	513
269.902	486.25	0	486.25
270.046	517.75	0	517.75
270.19	511.5	0	511.5
270.334	499.5	0	499.5
270.477	535	0	535
270.621	525	0	525
270.765	545.5	0	545.5
270.909	560.75	0	560.75
271.053	571.25	0	571.25
271.196	574	0	574
271.34	554.5	0	554.5
271.484	562.75	0	562.75
271.628	572.5	0	572.5
271.771	565.5	0	565.5
271.915	559.5	0	559.5
272.059	561.75	0	561.75
272.202	544	0	544
272.346	576.25	0	576.25
272.49	535.75	0	535.75
272.634	562.75	0	562.75
272.777	543	0	543
272.921	551.5	0	551.5
273.064	536.75	0	536.75
273.208	549.75	0	549.75
273.352	560	0	560
273.495	574.5	0	574.5
273.639	564.75	0	564.75
273.783	565.25	0	565.25
273.926	596.5	0	596.5
274.07	559	0	559
274.213	585.75	0	585.75
274.357	559.25	0	559.25
274.5	570.25	0	570.25
274.644	608.75	0	608.75
274.787	584	0	584
274.931	584.75	0	584.75
275.074	611.25	0	611.25
275.218	597.5	0	597.5
275.361	586	0	586
275.505	625	0	625
275.648	613	0	613
275.792	578	0	578
275.935	617.25	0	617.25
276.079	599	0	599
276.222	604	0	604
276.366	597	0	597
276.509	622	0	622
276.652	617	0	617
276.796	596	0	596
276.939	616.5	0	616.5
277.082	630.5	0	630.5
277.226	656.5	0	656.5
277.369	630.5	0	630.5
277.513	676	0	676
277.656	667.75	0	667.75
277.799	650.25	0	650.25
277.942	664.25	0	664.25
278.086	675.75	0	675.75
278.229	698.5	0	698.5
278.372	718.25	0	718.25
278.516	695.75	0	695.75
278.659	665	0	665
278.802	675	0	675
278.945	699.75	0	699.75
279.089	662.75	0	662.75
279.232	691.75	0	691.75
279.375	703.5	0	703.5
279.518	698	0	698
279.661	720.5	0	720.5
279.805	743.75	0	743.75
279.948	740.5	0	740.5
280.091	702.25	0	702.25
280.234	769	0	769
280.377	747.25	0	747.25
280.52	767.5	0	767.5
280.663	772.25	0	772.25
280.806	771.75	0	771.75
280.95	750	0	750
281.093	765.75	0	765.75
281.236	791.25	0	791.25
281.379	770.75	0	770.75
281.522	816.25	0	816.25
281.665	806	0	806
281.808	840.25	0	840.25
281.951	814.25	0	814.25
282.094	818.25	0	818.25
282.237	796.25	0	796.25
282.38	793	0	793
282.523	788.25	0	788.25
282.666	764.5	0	764.5
282.809	789.25	0	789.25
282.952	794.5	0	794.5
283.095	814	0	814
283.238	810	0	810
283.381	769.75	0	769.75
283.523	754	0	754
283.666	771.75	0	771.75
283.809	791.5	0	791.5
283.952	766.5	0	766.5
284.095	803.25	0	803.25
284.238	821.5	0	821.5
284.381	792.75	0	792.75
284.524	807.25	0	807.25
284.666	857.75	0	857.75
284.809	824.25	0	824.25
284.952	842.75	0	842.75
285.095	842	0	842
285.238	882.5	0	882.5
285.38	853	0	853
285.523	848	0	848
285.666	877	0	877
285.809	808.5	0	808.5
285.951	843.75	0	843.75
286.094	849.5	0	849.5
286.237	854	0	854
286.38	842	0	842
286.522	806.75	0	806.75
286.665	845.75	0	845.75
286.808	852.25	0	852.25
286.95	853	0	853
287.093	879	0	879
287.236	880.75	0	880.75
287.378	856.5	0	856.5
287.521	875.5	0	875.5
287.663	879	0	879
287.806	884.5	0	884.5
287.949	883.5	0	883.5
288.091	903.75	0	903.75
288.234	972.75	0	972.75
288.376	905.5	0	905.5
288.519	882.75	0	882.75
288.661	896.75	0	896.75
288.804	952	0	952
288.946	901.25	0	901.25
289.089	901.25	0	901.25
289.231	967.25	0	967.25
289.374	957	0	957
289.516	957.5	0	957.5
289.659	960.75	0	960.75
289.801	933	0	933
289.944	945.75	0	945.75
290.086	990.5	0	990.5
290.229	986.75	0	986.75
290.371	976.75	0	976.75
290.513	967	0	967
290.656	984.25	0	984.25
290.798	974.75	0	974.75
290.941	984.75	0	984.75
291.083	981.5	0	981.5
291.225	967	0	967
291.368	992.75	0	992.75
291.51	1018.75	0	1018.75
291.652	981	0	981
291.795	997.25	0	997.25
291.937	997	0	997
292.079	1009.75	0	1009.75
292.221	1024.5	0	1024.5
292.364	1005.5	0	1005.5
292.506	1009.25	0	1009.25
292.648	1015.5	0	1015.5
292.79	1038.5	0	1038.5
292.933	1066.75	0	1066.75
293.075	1037.75	0	1037.75
293.217	1043	0	1043
293.359	1055.25	0	1055.25
293.502	1043.25	0	1043.25
293.644	1025	0	1025
293.786	1007.75	0	1007.75
293.928	1050	0	1050
294.07	1011	0	1011
294.212	1035.75	0	1035.75
294.354	1066.5	0	1066.5
294.497	1059	0	1059
294.639	1106.5	0	1106.5
294.781	1061.5	0	1061.5
294.923	1031.75	0	1031.75
295.065	1069.75	0	1069.75
295.207	1092	0	1092
295.349	1078.75	0	1078.75
295.491	1119.25	0	1119.25
295.633	1075.5	0	1075.5
295.775	1105.75	0	1105.75
295.917	1131.5	0	1131.5
296.059	1092.75	0	1092.75
296.201	1111.75	0	1111.75
296.343	1195.25	0	1195.25
296.485	1139.5	0	1139.5
296.627	1148.75	0	1148.75
296.769	1171.5	0	1171.5
296.911	1146.75	0	1146.75
297.053	1177.25	0	1177.25
297.195	1186.75	0	1186.75
297.337	1203	0	1203
297.478	1156.25	0	1156.25
297.62	1227.5	0	1227.5
297.762	1298	0	1298
297.904	1318.5	0	1318.5
298.046	1279	0	1279
298.188	1342.75	0	1342.75
298.33	1380.25	0	1380.25
298.471	1405	0	1405
298.613	1402.75	0	1402.75
298.755	1464	0	1464
298.897	1530.25	0	1530.25
299.038	1490.75	0	1490.75
299.18	1466.5	0	1466.5
299.322	1425	0	1425
299.464	1388	0	1388
299.605	1360.25	0	1360.25
299.747	1345.25	0	1345.25
299.889	1323.75	0	1323.75
300.031	1265.5	0	1265.5
300.172	1302.5	0	1302.5
300.314	1268.5	0	1268.5
300.456	1251.75	0	1251.75
300.597	1281.25	0	1281.25
300.739	1330.25	0	1330.25
300.881	1329.75	0	1329.75
301.022	1369.75	0	1369.75
301.164	1353.25	0	1353.25
301.305	1310.25	0	1310.25
301.447	1324	0	1324
301.589	1385.5	0	1385.5
301.73	1387.25	0	1387.25
301.872	1373.25	0	1373.25
302.013	1409.5	0	1409.5
302.155	1400	0	1400
302.296	1431.25	0	1431.25
302.438	1428.25	0	1428.25
302.579	1370.5	0	1370.5
302.721	1425.25	0	1425.25
302.862	1420.5	0	1420.5
303.004	1355.25	0	1355.25
303.145	1379.5	0	1379.5
303.287	1387.75	0	1387.75
303.428	1372	0	1372
303.569	1364.75	0	1364.75
303.711	1383	0	1383
303.852	1379.25	0	1379.25
303.994	1405.25	0	1405.25
304.135	1463.5	0	1463.5
304.276	1428.25	0	1428.25
304.418	1442.5	0	1442.5
304.559	1492.5	0	1492.5
304.7	1512.75	0	1512.75
304.842	1577.25	0	1577.25
304.983	1593.75	0	1593.75
305.124	1618.75	0	1618.75
305.266	1589.25	0	1589.25
305.407	1575.25	0	1575.25
305.548	1554.25	0	1554.25
305.69	1551.25	0	1551.25
305.831	1569	0	1569
305.972	1521.5	0	1521.5
306.113	1564.25	0	1564.25
306.254	1549.5	0	1549.5
306.396	1643.75	0	1643.75
306.537	1651	0	1651
306.678	1545.75	0	1545.75
306.819	1607.5	0	1607.5
306.96	1566.75	0	1566.75
307.102	1634.75	0	1634.75
307.243	1562	0	1562
307.384	1549.25	0	1549.25
307.525	1558.75	0	1558.75
307.666	1565.75	0	1565.75
307.807	1504.5	0	1504.5
307.948	1531	0	1531
308.089	1499.75	0	1499.75
308.23	1529.25	0	1529.25
308.371	1474	0	1474
308.513	1478.75	0	1478.75
308.654	1491.5	0	1491.5
308.795	1462.25	0	1462.25
308.936	1461.25	0	1461.25
309.077	1483.5	0	1483.5
309.218	1519	0	1519
309.359	1475.25	0	1475.25
309.499	1532.75	0	1532.75
309.64	1505	0	1505
309.781	1484.75	0	1484.75
309.922	1506	0	1506
310.063	1604.25	0	1604.25
310.204	1589.25	0	1589.25
310.345	1595	0	1595
310.486	1605.75	0	1605.75
310.627	1616	0	1616
310.768	1574	0	1574
310.909	1624.75	0	1624.75
311.049	1607.5	0	1607.5
311.19	1610	0	1610
311.331	1631	0	1631
311.472	1628.5	0	1628.5
311.613	1620.25	0	1620.25
311.753	1604.75	0	1604.75
311.894	1599.5	0	1599.5
312.035	1598.5	0	1598.5
312.176	1612.75	0	1612.75
312.316	1557.25	0	1557.25
312.457	1627.25	0	1627.25
312.598	1660.75	0	1660.75
312.739	1631.75	0	1631.75
312.879	1648.5	0	1648.5
313.02	1682.5	0	1682.5
313.161	1674.75	0	1674.75
313.301	1655.75	0	1655.75
313.442	1622.5	0	1622.5
313.583	1726.75	0	1726.75
313.723	1675.25	0	1675.25
313.864	1700.75	0	1700.75
314.005	1738	0	1738
314.145	1626.25	0	1626.25
314.286	1654.5	0	1654.5
314.426	1637.5	0	1637.5
314.567	1634.5	0	1634.5
314.707	1617.5	0	1617.5
314.848	1655.25	0	1655.25
314.989	1626.75	0	1626.75
315.129	1637.75	0	1637.75
315.27	1595.25	0	1595.25
315.41	1664.25	0	1664.25
315.551	1696	0	1696
315.691	1660	0	1660
315.831	1648.75	0	1648.75
315.972	1568.75	0	1568.75
316.112	1614	0	1614
316.253	1619	0	1619
316.393	1624.5	0	1624.5
316.534	1669.5	0	1669.5
316.674	1691.25	0	1691.25
316.814	1687.5	0	1687.5
316.955	1678.5	0	1678.5
317.095	1660.75	0	1660.75
317.236	1670.25	0	1670.25
317.376	1680.25	0	1680.25
317.516	1729.25	0	1729.25
317.656	1715.75	0	1715.75
317.797	1709.75	0	1709.75
317.937	1692.25	0	1692.25
318.077	1674.5	0	1674.5
318.218	1718.75	0	1718.75
318.358	1751.25	0	1751.25
318.498	1742.5	0	1742.5
318.638	1777.5	0	1777.5
318.779	1902.25	0	1902.25
318.919	1933.75	0	1933.75
319.059	1983.25	0	1983.25
319.199	1950.75	0	1950.75
319.34	1861.75	0	1861.75
319.48	1950	0	1950
319.62	1902	0	1902
319.76	1915.5	0	1915.5
319.9	1894.5	0	1894.5
320.04	1903.75	0	1903.75
320.18	1854.5	0	1854.5
320.32	1932	0	1932
320.461	1992.25	0	1992.25
320.601	2007.75	0	2007.75
320.741	2023.5	0	2023.5
320.881	1990.75	0	1990.75
321.021	1893	0	1893
321.161	1890	0	1890
321.301	1896	0	1896
321.441	1886.25	0	1886.25
321.581	1844.5	0	1844.5
321.721	1896	0	1896
321.861	1860	0	1860
322.001	1853.5	0	1853.5
322.141	1845.25	0	1845.25
322.281	1826.75	0	1826.75
322.421	1797	0	1797
322.561	1839	0	1839
322.7	1868.75	0	1868.75
322.84	1823	0	1823
322.98	1817	0	1817
323.12	1842	0	1842
323.26	1875.5	0	1875.5
323.4	1916.25	0	1916.25
323.54	1895.5	0	1895.5
323.68	1955.5	0	1955.5
323.819	1967	0	1967
323.959	1932.75	0	1932.75
324.099	1932.75	0	1932.75
324.239	1852.25	0	1852.25
324.379	1840.75	0	1840.75
324.518	1856.5	0	1856.5
324.658	1880	0	1880
324.798	1853.75	0	1853.75
324.937	1887.25	0	1887.25
325.077	1864.75	0	1864.75
325.217	1897.75	0	1897.75
325.357	1908	0	1908
325.496	1949	0	1949
325.636	2015	0	2015
325.776	1986	0	1986
325.915	2090.75	0	2090.75
326.055	2081.5	0	2081.5
326.195	2094.5	0	2094.5
326.334	2041	0	2041
326.474	2016.5	0	2016.5
326.613	1978	0	1978
326.753	1953.75	0	1953.75
326.892	1931.25	0	1931.25
327.032	1999.5	0	1999.5
327.172	1978.75	0	1978.75
327.311	1947.5	0	1947.5
327.451	2032	0	2032
327.59	2057	0	2057
327.73	2069.25	0	2069.25
327.869	2106.25	0	2106.25
328.009	2137.25	0	2137.25
328.148	2108	0	2108
328.288	2137	0	2137
328.427	2156	0	2156
328.566	2265.75	0	2265.75
328.706	2249.5	0	2249.5
328.845	2234.5	0	2234.5
328.985	2217	0	2217
329.124	2229	0	2229
329.263	2176.25	0	2176.25
329.403	2160.75	0	2160.75
329.542	2171.75	0	2171.75
329.681	2103	0	2103
329.821	2210	0	2210
329.96	2269.25	0	2269.25
330.099	2175.25	0	2175.25
330.239	2239	0	2239
330.378	2227.5	0	2227.5
330.517	2229	0	2229
330.656	2252.5	0	2252.5
330.796	2284.25	0	2284.25
330.935	2309.5	0	2309.5
331.074	2288.75	0	2288.75
331.213	2433	0	2433
331.352	2423.25	0	2423.25
331.492	2592	0	2592
331.631	2549.25	0	2549.25
331.77	2610.25	0	2610.25
331.909	2784	0	2784
332.048	2726.5	0	2726.5
332.187	2734	0	2734
332.327	2757	0	2757
332.466	2745.25	0	2745.25
332.605	2756	0	2756
332.744	2840.25	0	2840.25
332.883	2870.5	0	2870.5
333.022	2935.5	0	2935.5
333.161	3037.5	0	3037.5
333.3	3010.5	0	3010.5
333.439	3079.5	0	3079.5
333.578	3073.25	0	3073.25
333.717	3064.25	0	3064.25
333.856	3114.25	0	3114.25
333.995	3130.25	0	3130.25
334.134	3125.75	0	3125.75
334.273	3163	0	3163
334.412	3108.25	0	3108.25
334.551	3132.5	0	3132.5
334.69	3176.75	0	3176.75
334.828	3220.25	0	3220.25
334.967	3303.5	0	3303.5
335.106	3311.5	0	3311.5
335.245	3343.25	0	3343.25
335.384	3425.75	0	3425.75
335.523	3397.25	0	3397.25
335.662	3331.75	0	3331.75
335.8	3360.75	0	3360.75
335.939	3447.5	0	3447.5
336.078	3483	0	3483
336.217	3645.5	0	3645.5
336.356	3748.5	0	3748.5
336.494	3876.75	0	3876.75
336.633	3971.25	0	3971.25
336.772	3978	0	3978
336.911	3894.25	0	3894.25
337.049	3905.25	0	3905.25
337.188	3804.5	0	3804.5
337.327	3630	0	3630
337.465	3724	0	3724
337.604	3641	0	3641
337.743	3585.25	0	3585.25
337.881	3501.25	0	3501.25
338.02	3565.5	0	3565.5
338.158	3575	0	3575
338.297	3480	0	3480
338.436	3510.5	0	3510.5
338.574	3521.25	0	3521.25
338.713	3523.75	0	3523.75
338.851	3480	0	3480
338.99	3531.5	0	3531.5
339.128	3473.75	0	3473.75
339.267	3360	0	3360
339.405	3293.5	0	3293.5
339.544	3240	0	3240
339.682	2987.25	0	2987.25
339.821	2950.25	0	2950.25
339.959	2884.5	0	2884.5
340.098	2810.25	0	2810.25
340.236	2795	0	2795
340.375	2760	0	2760
340.513	2669.25	0	2669.25
340.651	2648.25	0	2648.25
340.79	2695.75	0	2695.75
340.928	2628.5	0	2628.5
341.067	2645	0	2645
341.205	2571	0	2571
341.343	2530.25	0	2530.25
341.482	2575.75	0	2575.75
341.62	2528.75	0	2528.75
341.758	2487	0	2487
341.897	2546	0	2546
342.035	2474.5	0	2474.5
342.173	2462	0	2462
342.311	2501.75	0	2501.75
342.45	2396.5	0	2396.5
342.588	2434.5	0	2434.5
342.726	2519.75	0	2519.75
342.864	2504	0	2504
343.002	2499	0	2499
343.141	2566.25	0	2566.25
343.279	2656.25	0	2656.25
343.417	2795.25	0	2795.25
343.555	2845	0	2845
343.693	3111.5	0	3111.5
343.831	3169.25	0	3169.25
343.969	3027.5	0	3027.5
344.108	2962.25	0	2962.25
344.246	3001.5	0	3001.5
344.384	2914.25	0	2914.25
344.522	2936	0	2936
344.66	2824.25	0	2824.25
344.798	2737	0	2737
344.936	2613.75	0	2613.75
345.074	2555	0	2555
345.212	2551.5	0	2551.5
345.35	2513	0	2513
345.488	2545.5	0	2545.5
345.626	2446.25	0	2446.25
345.764	2438	0	2438
345.902	2481.25	0	2481.25
346.04	2373	0	2373
346.178	2424.75	0	2424.75
346.315	2397.75	0	2397.75
346.453	2352.5	0	2352.5
346.591	2362.25	0	2362.25
346.729	2369.5	0	2369.5
346.867	2361	0	2361
347.005	2324.25	0	2324.25
347.143	2284.25	0	2284.25
347.28	2371.5	0	2371.5
347.418	2347.25	0	2347.25
347.556	2382	0	2382
347.694	2488.25	0	2488.25
347.832	2457	0	2457
347.969	2441.25	0	2441.25
348.107	2393	0	2393
348.245	2338	0	2338
348.382	2341.5	0	2341.5
348.52	2330	0	2330
348.658	2320	0	2320
348.796	2247.5	0	2247.5
348.933	2297	0	2297
349.071	2299.25	0	2299.25
349.209	2301	0	2301
349.346	2188.5	0	2188.5
349.484	2273.25	0	2273.25
349.621	2239.5	0	2239.5
349.759	2239	0	2239
349.897	2198	0	2198
350.034	2225.25	0	2225.25
350.172	2212.25	0	2212.25
350.309	2177.25	0	2177.25
350.447	2167	0	2167
350.584	2212	0	2212
350.722	2218.25	0	2218.25
350.859	2283	0	2283
350.997	2193.75	0	2193.75
351.134	2248	0	2248
351.272	2213.5	0	2213.5
351.409	2211.5	0	2211.5
351.547	2276.5	0	2276.5
351.684	2268.75	0	2268.75
351.822	2265.5	0	2265.5
351.959	2196.75	0	2196.75
352.096	2298.75	0	2298.75
352.234	2318.25	0	2318.25
352.371	2350	0	2350
352.508	2405.25	0	2405.25
352.646	2417	0	2417
352.783	2559.25	0	2559.25
352.92	2638.25	0	2638.25
353.058	2581	0	2581
353.195	2536.75	0	2536.75
353.332	2464.5	0	2464.5
353.469	2393.25	0	2393.25
353.607	2354	0	2354
353.744	2291	0	2291
353.881	2223.75	0	2223.75
354.018	2304.25	0	2304.25
354.156	2283	0	2283
354.293	2239	0	2239
354.43	2257	0	2257
354.567	2253	0	2253
354.704	2240.5	0	2240.5
354.841	2253.5	0	2253.5
354.979	2310.5	0	2310.5
355.116	2251	0	2251
355.253	2286	0	2286
355.39	2248.75	0	2248.75
355.527	2310.75	0	2310.75
355.664	2356.25	0	2356.25
355.801	2334.5	0	2334.5
355.938	2367	0	2367
356.075	2330.75	0	2330.75
356.212	2282.5	0	2282.5
356.349	2265.5	0	2265.5
356.486	2286.75	0	2286.75
356.623	2285.5	0	2285.5
356.76	2226	0	2226
356.897	2243.75	0	2243.75
357.034	2210.75	0	2210.75
357.171	2223.75	0	2223.75
357.308	2262.75	0	2262.75
357.445	2314	0	2314
357.582	2244.5	0	2244.5
357.718	2195.25	0	2195.25
357.855	2190	0	2190
357.992	2177.25	0	2177.25
358.129	2219	0	2219
358.266	2233.25	0	2233.25
358.403	2257.75	0	2257.75
358.539	2196	0	2196
358.676	2237.75	0	2237.75
358.813	2310	0	2310
358.95	2295.75	0	2295.75
359.086	2341.75	0	2341.75
359.223	2314.5	0	2314.5
359.36	2365.25	0	2365.25
359.497	2428	0	2428
359.633	2442.75	0	2442.75
359.77	2527	0	2527
359.907	2565.25	0	2565.25
360.043	2623.75	0	2623.75
360.18	2621	0	2621
360.317	2612	0	2612
360.453	2607.5	0	2607.5
360.59	2537.25	0	2537.25
360.727	2592.75	0	2592.75
360.863	2643.5	0	2643.5
361	2696	0	2696
361.136	2728.25	0	2728.25
361.273	2699.5	0	2699.5
361.409	2720.5	0	2720.5
361.546	2744.75	0	2744.75
361.682	2697.5	0	2697.5
361.819	2723.5	0	2723.5
361.955	2655.25	0	2655.25
362.092	2568.25	0	2568.25
362.228	2521	0	2521
362.365	2489.75	0	2489.75
362.501	2479.75	0	2479.75
362.638	2469.5	0	2469.5
362.774	2439.25	0	2439.25
362.91	2458.5	0	2458.5
363.047	2451	0	2451
363.183	2371.75	0	2371.75
363.319	2375.25	0	2375.25
363.456	2380	0	2380
363.592	2401.75	0	2401.75
363.728	2399	0	2399
363.865	2395.5	0	2395.5
364.001	2356	0	2356
364.137	2363.5	0	2363.5
364.274	2345.75	0	2345.75
364.41	2378	0	2378
364.546	2384.75	0	2384.75
364.682	2437.5	0	2437.5
364.819	2449.75	0	2449.75
364.955	2395.5	0	2395.5
365.091	2416	0	2416
365.227	2339	0	2339
365.363	2389.75	0	2389.75
365.499	2393.5	0	2393.5
365.636	2479.25	0	2479.25
365.772	2439.5	0	2439.5
365.908	2376	0	2376
366.044	2402	0	2402
366.18	2412.75	0	2412.75
366.316	2402.25	0	2402.25
366.452	2426.75	0	2426.75
366.588	2431	0	2431
366.724	2425	0	2425
366.86	2513	0	2513
366.996	2470.5	0	2470.5
367.132	2490	0	2490
367.268	2443.5	0	2443.5
367.404	2509.5	0	2509.5
367.54	2512.5	0	2512.5
367.676	2562.25	0	2562.25
367.812	2628	0	2628
367.948	2724.25	0	2724.25
368.084	2666.25	0	2666.25
368.22	2583.75	0	2583.75
368.356	2591.5	0	2591.5
368.492	2436	0	2436
368.627	2451.5	0	2451.5
368.763	2436.25	0	2436.25
368.899	2439.25	0	2439.25
369.035	2375.25	0	2375.25
369.171	2414.5	0	2414.5
369.306	2457.75	0	2457.75
369.442	2424	0	2424
369.578	2425.75	0	2425.75
369.714	2485	0	2485
369.85	2447.75	0	2447.75
369.985	2496.25	0	2496.25
370.121	2451.5	0	2451.5
370.257	2517.25	0	2517.25
370.392	2525.5	0	2525.5
370.528	2508.25	0	2508.25
370.664	2535.25	0	2535.25
370.799	2542.25	0	2542.25
370.935	2625.25	0	2625.25
371.071	2598.25	0	2598.25
371.206	2681.25	0	2681.25
371.342	2654.5	0	2654.5
371.477	2667.25	0	2667.25
371.613	2633	0	2633
371.749	2642.25	0	2642.25
371.884	2680.5	0	2680.5
372.02	2630.25	0	2630.25
372.155	2666.5	0	2666.5
372.291	2637.5	0	2637.5
372.426	2716	0	2716
372.562	2653.75	0	2653.75
372.697	2764.5	0	2764.5
372.833	2748.25	0	2748.25
372.968	2650.75	0	2650.75
373.103	2692	0	2692
373.239	2679.75	0	2679.75
373.374	2671.75	0	2671.75
373.51	2636	0	2636
373.645	2665	0	2665
373.78	2650	0	2650
373.916	2803	0	2803
374.051	2745.25	0	2745.25
374.186	2747	0	2747
374.322	2815.5	0	2815.5
374.457	2850	0	2850
374.592	2978	0	2978
374.728	3086.25	0	3086.25
374.863	3107.5	0	3107.5
374.998	3095.75	0	3095.75
375.133	3012.5	0	3012.5
375.268	3011.5	0	3011.5
375.404	2959	0	2959
375.539	2955.75	0	2955.75
375.674	2908.75	0	2908.75
375.809	2895.75	0	2895.75
375.944	2869.25	0	2869.25
376.08	2809	0	2809
376.215	2844.75	0	2844.75
376.35	2887	0	2887
376.485	2927.75	0	2927.75
376.62	3010.75	0	3010.75
376.755	2935.5	0	2935.5
376.89	2944.5	0	2944.5
377.025	2873.5	0	2873.5
377.16	2899.5	0	2899.5
377.295	2886.25	0	2886.25
377.43	2901.25	0	2901.25
377.565	2890.75	0	2890.75
377.7	2900.25	0	2900.25
377.835	2929.25	0	2929.25
377.97	3081.25	0	3081.25
378.105	3121.5	0	3121.5
378.24	3098.5	0	3098.5
378.375	3064.5	0	3064.5
378.51	2981.75	0	2981.75
378.645	2964.5	0	2964.5
378.78	2954.25	0	2954.25
378.914	2957.75	0	2957.75
379.049	2990.75	0	2990.75
379.184	3007.25	0	3007.25
379.319	2997.25	0	2997.25
379.454	2986	0	2986
379.589	3041	0	3041
379.723	3060.25	0	3060.25
379.858	3133.25	0	3133.25
379.993	3192	0	3192
380.128	3214.5	0	3214.5
380.262	3302	0	3302
380.397	3405.25	0	3405.25
380.532	3376.5	0	3376.5
380.666	3435	0	3435
380.801	3529.25	0	3529.25
380.936	3526.5	0	3526.5
381.07	3628.5	0	3628.5
381.205	3693.75	0	3693.75
381.34	3676.5	0	3676.5
381.474	3640.75	0	3640.75
381.609	3644.75	0	3644.75
381.744	3753.25	0	3753.25
381.878	3896.25	0	3896.25
382.013	3971.75	0	3971.75
382.147	4001.25	0	4001.25
382.282	4133.5	0	4133.5
382.416	4144.5	0	4144.5
382.551	4172.25	0	4172.25
382.685	4302.25	0	4302.25
382.82	4318.75	0	4318.75
382.954	4401.75	0	4401.75
383.089	4329.75	0	4329.75
383.223	4502	0	4502
383.357	4492.75	0	4492.75
383.492	4608.75	0	4608.75
383.626	4664.5	0	4664.5
383.761	4767.25	0	4767.25
383.895	4749.5	0	4749.5
384.029	4856.25	0	4856.25
384.164	4894.5	0	4894.5
384.298	5141.75	0	5141.75
384.432	5081.75	0	5081.75
384.567	5279.25	0	5279.25
384.701	5388.25	0	5388.25
384.835	5429.75	0	5429.75
384.97	5483	0	5483
385.104	5595.25	0	5595.25
385.238	5721.75	0	5721.75
385.372	5839	0	5839
385.506	5823	0	5823
385.641	5693	0	5693
385.775	5828.75	0	5828.75
385.909	5764.75	0	5764.75
386.043	5898.5	0	5898.5
386.177	5911.5	0	5911.5
386.311	5939	0	5939
386.446	6050.25	0	6050.25
386.58	5776	0	5776
386.714	5687.75	0	5687.75
386.848	5465.25	0	5465.25
386.982	5304	0	5304
387.116	5199.75	0	5199.75
387.25	5026.5	0	5026.5
387.384	4957.5	0	4957.5
387.518	4898	0	4898
387.652	4711.5	0	4711.5
387.786	4540.25	0	4540.25
387.92	4634.25	0	4634.25
388.054	4488.25	0	4488.25
388.188	4477	0	4477
388.322	4389.75	0	4389.75
388.456	4266.25	0	4266.25
388.59	4221.5	0	4221.5
388.723	4236.25	0	4236.25
388.857	4238	0	4238
388.991	4294	0	4294
389.125	4284	0	4284
389.259	4385.75	0	4385.75
389.393	4643	0	4643
389.526	4747	0	4747
389.66	4768	0	4768
389.794	4392	0	4392
389.928	4195.75	0	4195.75
390.062	3935	0	3935
390.195	3901.5	0	3901.5
390.329	3904	0	3904
390.463	3825.5	0	3825.5
390.596	3837.5	0	3837.5
390.73	3746	0	3746
390.864	3900.75	0	3900.75
390.997	3924	0	3924
391.131	3991.25	0	3991.25
391.265	4073.75	0	4073.75
391.398	4104	0	4104
391.532	4176.25	0	4176.25
391.665	4198.5	0	4198.5
391.799	4382	0	4382
391.933	4354	0	4354
392.066	4224	0	4224
392.2	4051.25	0	4051.25
392.333	4093.75	0	4093.75
392.467	4067.5	0	4067.5
392.6	4010.5	0	4010.5
392.734	3968.5	0	3968.5
392.867	3967	0	3967
393.001	3927.5	0	3927.5
393.134	4026.25	0	4026.25
393.267	3948.75	0	3948.75
393.401	3921.25	0	3921.25
393.534	4016.5	0	4016.5
393.668	3980.75	0	3980.75
393.801	4011.75	0	4011.75
393.934	4033.25	0	4033.25
394.068	3994.75	0	3994.75
394.201	4099.25	0	4099.25
394.334	4110.5	0	4110.5
394.468	4001.25	0	4001.25
394.601	4068.25	0	4068.25
394.734	4122.75	0	4122.75
394.867	4073.25	0	4073.25
395.001	4138.25	0	4138.25
395.134	4255.75	0	4255.75
395.267	4365	0	4365
395.4	4563	0	4563
395.533	4591.5	0	4591.5
395.667	4429.25	0	4429.25
395.8	4349.25	0	4349.25
395.933	4177.5	0	4177.5
396.066	4113	0	4113
396.199	4079.25	0	4079.25
396.332	4156	0	4156
396.465	4070.75	0	4070.75
396.598	4076.25	0	4076.25
396.732	4131.5	0	4131.5
396.865	4207	0	4207
396.998	4293	0	4293
397.131	4477.75	0	4477.75
397.264	4479.75	0	4479.75
397.397	4429.75	0	4429.75
397.53	4257	0	4257
397.663	4228.5	0	4228.5
397.796	4235	0	4235
397.928	4291.25	0	4291.25
398.061	4398	0	4398
398.194	4336	0	4336
398.327	4506.25	0	4506.25
398.46	4533	0	4533
398.593	4705.75	0	4705.75
398.726	5020.5	0	5020.5
398.859	5309.5	0	5309.5
398.991	5843	0	5843
399.124	6591	0	6591
399.257	7490.25	0	7490.25
399.39	8045.25	0	8045.25
399.523	8283.25	0	8283.25
399.655	7667	0	7667
399.788	7210.5	0	7210.5
399.921	6730.25	0	6730.25
400.054	6389.5	0	6389.5
400.186	5794.25	0	5794.25
400.319	5588	0	5588
400.452	5239.75	0	5239.75
400.584	5234	0	5234
400.717	4997.75	0	4997.75
400.85	4881.5	0	4881.5
400.982	4897	0	4897
401.115	4972.75	0	4972.75
401.247	4801	0	4801
401.38	4919.75	0	4919.75
401.513	4836.25	0	4836.25
401.645	4787.5	0	4787.5
401.778	4961	0	4961
401.91	4968.5	0	4968.5
402.043	5007	0	5007
402.175	4983	0	4983
402.308	5186.75	0	5186.75
402.44	5173.5	0	5173.5
402.573	5087.25	0	5087.25
402.705	5326.5	0	5326.5
402.837	5603	0	5603
402.97	5352.25	0	5352.25
403.102	5645.25	0	5645.25
403.235	5572	0	5572
403.367	5765.75	0	5765.75
403.499	5978	0	5978
403.632	6089.25	0	6089.25
403.764	6082	0	6082
403.896	6407.5	0	6407.5
404.029	6644.25	0	6644.25
404.161	8712	0	8712
404.293	12321	0	12321
404.425	10655.5	0	10655.5
404.558	9753.25	0	9753.25
404.69	8858.75	0	8858.75
404.822	6746.5	0	6746.5
404.954	6228	0	6228
405.086	6016.75	0	6016.75
405.219	5792.75	0	5792.75
405.351	5616.25	0	5616.25
405.483	5534.75	0	5534.75
405.615	5518	0	5518
405.747	5388	0	5388
405.879	5304.25	0	5304.25
406.011	5408.25	0	5408.25
406.143	5420.75	0	5420.75
406.275	5403.5	0	5403.5
406.407	5599	0	5599
406.539	5606.75	0	5606.75
406.672	5502.5	0	5502.5
406.803	5798	0	5798
406.935	5953.25	0	5953.25
407.067	6288.5	0	6288.5
407.199	6225.25	0	6225.25
407.331	6299.75	0	6299.75
407.463	6258.5	0	6258.5
407.595	6154.25	0	6154.25
407.727	5957.75	0	5957.75
407.859	5773.25	0	5773.25
407.991	5607.25	0	5607.25
408.123	5375.75	0	5375.75
408.255	5488.5	0	5488.5
408.386	5367	0	5367
408.518	5375.5	0	5375.5
408.65	5225.25	0	5225.25
408.782	5176.75	0	5176.75
408.914	5212.75	0	5212.75
409.045	5363	0	5363
409.177	5391.75	0	5391.75
409.309	5600	0	5600
409.44	5521	0	5521
409.572	5477.75	0	5477.75
409.704	5555.5	0	5555.5
409.836	5523.75	0	5523.75
409.967	5547.5	0	5547.5
410.099	5526.5	0	5526.5
410.23	5381.5	0	5381.5
410.362	5414.75	0	5414.75
410.494	5281	0	5281
410.625	5206.25	0	5206.25
410.757	5354.25	0	5354.25
410.888	5181.25	0	5181.25
411.02	5374	0	5374
411.152	5577.5	0	5577.5
411.283	5460.25	0	5460.25
411.415	5564	0	5564
411.546	5565.25	0	5565.25
411.677	5406	0	5406
411.809	5364.75	0	5364.75
411.94	5229	0	5229
412.072	5228	0	5228
412.203	5252.5	0	5252.5
412.335	5279.5	0	5279.5
412.466	5246.25	0	5246.25
412.597	5194	0	5194
412.729	5338	0	5338
412.86	5455.25	0	5455.25
412.991	5677.75	0	5677.75
413.123	5946.25	0	5946.25
413.254	6191.5	0	6191.5
413.385	5849	0	5849
413.517	5585	0	5585
413.648	5343.5	0	5343.5
413.779	5039.5	0	5039.5
413.91	5109.25	0	5109.25
414.042	5183.5	0	5183.5
414.173	5173	0	5173
414.304	5332.75	0	5332.75
414.435	5426.25	0	5426.25
414.566	5502	0	5502
414.697	5661.25	0	5661.25
414.828	5497	0	5497
414.96	5405.5	0	5405.5
415.091	5201	0	5201
415.222	5149	0	5149
415.353	5134.5	0	5134.5
415.484	5080	0	5080
415.615	4962.25	0	4962.25
415.746	5037	0	5037
415.877	4873	0	4873
416.008	5002.75	0	5002.75
416.139	4858.5	0	4858.5
416.27	4745.75	0	4745.75
416.401	4959	0	4959
416.532	4878.5	0	4878.5
416.663	4953.25	0	4953.25
416.794	4965.75	0	4965.75
416.925	5006.75	0	5006.75
417.055	5206	0	5206
417.186	5240.75	0	5240.75
417.317	5272.25	0	5272.25
417.448	5396.75	0	5396.75
417.579	5461.5	0	5461.5
417.71	5786	0	5786
417.84	6098	0	6098
417.971	6542	0	6542
418.102	7328.5	0	7328.5
418.233	8155.75	0	8155.75
418.363	8761.5	0	8761.5
418.494	8863.5	0	8863.5
418.625	8047	0	8047
418.756	7291.75	0	7291.75
418.886	6594.5	0	6594.5
419.017	6372.25	0	6372.25
419.148	5891.25	0	5891.25
419.278	6028.5	0	6028.5
419.409	5551.5	0	5551.5
419.539	5567.75	0	5567.75
419.67	5307.25	0	5307.25
419.801	5185.5	0	5185.5
419.931	5174.25	0	5174.25
420.062	5261.25	0	5261.25
420.192	5021.5	0	5021.5
420.323	5262	0	5262
420.453	5090.25	0	5090.25
420.584	5303	0	5303
420.714	5227.75	0	5227.75
420.845	5052.25	0	5052.25
420.975	4868	0	4868
421.106	5210	0	5210
421.236	4928	0	4928
421.366	5207.75	0	5207.75
421.497	5207.75	0	5207.75
421.627	5328.5	0	5328.5
421.757	5452.5	0	5452.5
421.888	5466.5	0	5466.5
422.018	5724.5	0	5724.5
422.148	5837.75	0	5837.75
422.279	5904.75	0	5904.75
422.409	5669.75	0	5669.75
422.539	5706.25	0	5706.25
422.67	5644.75	0	5644.75
422.8	5493.5	0	5493.5
422.93	5538.25	0	5538.25
423.06	5444.5	0	5444.5
423.19	5309	0	5309
423.321	5492	0	5492
423.451	5407.25	0	5407.25
423.581	5475.25	0	5475.25
423.711	5441.25	0	5441.25
423.841	5456.5	0	5456.5
423.971	5571.5	0	5571.5
424.101	5453.25	0	5453.25
424.231	5529	0	5529
424.361	5290.25	0	5290.25
424.492	5434.25	0	5434.25
424.622	5349.25	0	5349.25
424.752	5465	0	5465
424.882	5491.5	0	5491.5
425.012	5250.5	0	5250.5
425.142	5219.75	0	5219.75
425.271	5112.5	0	5112.5
425.401	5093.5	0	5093.5
425.531	5336.25	0	5336.25
425.661	5343.25	0	5343.25
425.791	5340.25	0	5340.25
425.921	5699.25	0	5699.25
426.051	5853.25	0	5853.25
426.181	6004.25	0	6004.25
426.311	5765	0	5765
426.44	5400.75	0	5400.75
426.57	5133.5	0	5133.5
426.7	4967.75	0	4967.75
426.83	4741.5	0	4741.5
426.96	4702	0	4702
427.089	4540.25	0	4540.25
427.219	4609.25	0	4609.25
427.349	4380.25	0	4380.25
427.479	4324.75	0	4324.75
427.608	4300	0	4300
427.738	4410.75	0	4410.75
427.868	4308.5	0	4308.5
427.997	4245.25	0	4245.25
428.127	3966.75	0	3966.75
428.256	4260.5	0	4260.5
428.386	4217.75	0	4217.75
428.516	4184.25	0	4184.25
428.645	4263	0	4263
428.775	4198	0	4198
428.904	4128.25	0	4128.25
429.034	4223	0	4223
429.163	4065	0	4065
429.293	4107.5	0	4107.5
429.422	4137.5	0	4137.5
429.552	4035.25	0	4035.25
429.681	4108	0	4108
429.811	4268	0	4268
429.94	4334.75	0	4334.75
430.069	4405.25	0	4405.25
430.199	4651.5	0	4651.5
430.328	4687.5	0	4687.5
430.458	5029	0	5029
430.587	5342.5	0	5342.5
430.716	5407	0	5407
430.846	5063.75	0	5063.75
430.975	4614.25	0	4614.25
431.104	4438.5	0	4438.5
431.233	4293.75	0	4293.75
431.363	4167.5	0	4167.5
431.492	4119.25	0	4119.25
431.621	3987.75	0	3987.75
431.75	3997.25	0	3997.25
431.88	3844.5	0	3844.5
432.009	3918.75	0	3918.75
432.138	3778.75	0	3778.75
432.267	3726.25	0	3726.25
432.396	3683.75	0	3683.75
432.525	3756.25	0	3756.25
432.654	3639	0	3639
432.784	3684.75	0	3684.75
432.913	3699.75	0	3699.75
433.042	3636.25	0	3636.25
433.171	3676.25	0	3676.25
433.3	3727	0	3727
433.429	3751.5	0	3751.5
433.558	3901.25	0	3901.25
433.687	4024.25	0	4024.25
433.816	4043	0	4043
433.945	4148	0	4148
434.074	4258.25	0	4258.25
434.203	4411.75	0	4411.75
434.332	4390	0	4390
434.46	4438	0	4438
434.589	4489	0	4489
434.718	4446.75	0	4446.75
434.847	4456.25	0	4456.25
434.976	4199.5	0	4199.5
435.105	3981	0	3981
435.233	3770	0	3770
435.362	3738.75	0	3738.75
435.491	3686.25	0	3686.25
435.62	3614.25	0	3614.25
435.749	3556.5	0	3556.5
435.877	3437.5	0	3437.5
436.006	3460.5	0	3460.5
436.135	3524.5	0	3524.5
436.263	3456.75	0	3456.75
436.392	3455.25	0	3455.25
436.521	3599.75	0	3599.75
436.649	3509.25	0	3509.25
436.778	3536.25	0	3536.25
436.907	3436.25	0	3436.25
437.035	3461.25	0	3461.25
437.164	3484.75	0	3484.75
437.292	3429.25	0	3429.25
437.421	3359.5	0	3359.5
437.549	3452.25	0	3452.25
437.678	3321.5	0	3321.5
437.806	3350	0	3350
437.935	3437.5	0	3437.5
438.063	3497.25	0	3497.25
438.192	3394.5	0	3394.5
438.32	3645.75	0	3645.75
438.449	3576.5	0	3576.5
438.577	3769.25	0	3769.25
438.706	3570.5	0	3570.5
438.834	3705.75	0	3705.75
438.962	3482.75	0	3482.75
439.091	3447.75	0	3447.75
439.219	3461	0	3461
439.347	3336.75	0	3336.75
439.476	3326.75	0	3326.75
439.604	3356	0	3356
439.732	3310.75	0	3310.75
439.86	3397	0	3397
439.989	3379.75	0	3379.75
440.117	3288	0	3288
440.245	3382.5	0	3382.5
440.373	3317.5	0	3317.5
440.501	3338.5	0	3338.5
440.63	3421	0	3421
440.758	3456.5	0	3456.5
440.886	3535.25	0	3535.25
441.014	3484.25	0	3484.25
441.142	3621.75	0	3621.75
441.27	3884.5	0	3884.5
441.398	3823.25	0	3823.25
441.526	3964	0	3964
441.654	3834.75	0	3834.75
441.782	3777.75	0	3777.75
441.91	3744.75	0	3744.75
442.038	3743.5	0	3743.5
442.166	3590	0	3590
442.294	3650.25	0	3650.25
442.422	3693.5	0	3693.5
442.55	3560.25	0	3560.25
442.678	3532.75	0	3532.75
442.806	3710	0	3710
442.934	3637.75	0	3637.75
443.062	3616.25	0	3616.25
443.19	3690.25	0	3690.25
443.318	3543.25	0	3543.25
443.445	3666	0	3666
443.573	3827.75	0	3827.75
443.701	3757.25	0	3757.25
443.829	3855.5	0	3855.5
443.957	3992.75	0	3992.75
444.084	4021.5	0	4021.5
444.212	4243	0	4243
444.34	4480.5	0	4480.5
444.467	4502.75	0	4502.75
444.595	4755.75	0	4755.75
444.723	4658.25	0	4658.25
444.85	4492	0	4492
444.978	4314.75	0	4314.75
445.106	4011.75	0	4011.75
445.233	3888.5	0	3888.5
445.361	3847.5	0	3847.5
445.489	3658.5	0	3658.5
445.616	3519.25	0	3519.25
445.744	3539.5	0	3539.5
445.871	3461.75	0	3461.75
445.999	3479.75	0	3479.75
446.126	3428.75	0	3428.75
446.254	3451.25	0	3451.25
446.381	3366.75	0	3366.75
446.509	3457	0	3457
446.636	3435.25	0	3435.25
446.764	3356	0	3356
446.891	3370.5	0	3370.5
447.018	3270	0	3270
447.146	3183	0	3183
447.273	3253.75	0	3253.75
447.4	3212	0	3212
447.528	3182.25	0	3182.25
447.655	3170.5	0	3170.5
447.782	3087	0	3087
447.91	2972.75	0	2972.75
448.037	3025	0	3025
448.164	3000	0	3000
448.291	2929.25	0	2929.25
448.419	3117	0	3117
448.546	3050.5	0	3050.5
448.673	3042.5	0	3042.5
448.8	3050.5	0	3050.5
448.927	3037.5	0	3037.5
449.055	2942.5	0	2942.5
449.182	2995.25	0	2995.25
449.309	2931.75	0	2931.75
449.436	2911.25	0	2911.25
449.563	2998.75	0	2998.75
449.69	2965.25	0	2965.25
449.817	2975.25	0	2975.25
449.944	3022.75	0	3022.75
450.071	3109.75	0	3109.75
450.198	3207.75	0	3207.75
450.325	3319.75	0	3319.75
450.452	3259	0	3259
450.579	3194.5	0	3194.5
450.706	3158.75	0	3158.75
450.833	3188	0	3188
450.96	3217.75	0	3217.75
451.087	3168.5	0	3168.5
451.214	3075.75	0	3075.75
451.341	3074	0	3074
451.467	3018.5	0	3018.5
451.594	3075	0	3075
451.721	3055.75	0	3055.75
451.848	3050.5	0	3050.5
451.975	2903	0	2903
452.101	2811.75	0	2811.75
452.228	2952	0	2952
452.355	2897.5	0	2897.5
452.482	2858.75	0	2858.75
452.608	2834	0	2834
452.735	2886.25	0	2886.25
452.862	2858.5	0	2858.5
452.988	2896.75	0	2896.75
453.115	2715	0	2715
453.242	2817.5	0	2817.5
453.368	2784.25	0	2784.25
453.495	2736.25	0	2736.25
453.621	2729.5	0	2729.5
453.748	2697.5	0	2697.5
453.875	2736.25	0	2736.25
454.001	2759	0	2759
454.128	2638.75	0	2638.75
454.254	2616.75	0	2616.75
454.381	2689.75	0	2689.75
454.507	2568	0	2568
454.633	2618.5	0	2618.5
454.76	2676.75	0	2676.75
454.886	2588	0	2588
455.013	2689.25	0	2689.25
455.139	2667	0	2667
455.266	2679.25	0	2679.25
455.392	2674.5	0	2674.5
455.518	2558	0	2558
455.645	2566.25	0	2566.25
455.771	2515	0	2515
455.897	2535.25	0	2535.25
456.023	2532.75	0	2532.75
456.15	2609.5	0	2609.5
456.276	2612	0	2612
456.402	2614.5	0	2614.5
456.528	2570.5	0	2570.5
456.655	2600	0	2600
456.781	2574.25	0	2574.25
456.907	2597.75	0	2597.75
457.033	2589.75	0	2589.75
457.159	2722.25	0	2722.25
457.285	2672.5	0	2672.5
457.411	2675.25	0	2675.25
457.538	2625.25	0	2625.25
457.664	2679.5	0	2679.5
457.79	2693	0	2693
457.916	2574.75	0	2574.75
458.042	2624.5	0	2624.5
458.168	2730.75	0	2730.75
458.294	2749.75	0	2749.75
458.42	2799	0	2799
458.546	2911.25	0	2911.25
458.672	2940.75	0	2940.75
458.798	2990.75	0	2990.75
458.924	3069	0	3069
459.049	3089.5	0	3089.5
459.175	3227.25	0	3227.25
459.301	3183.75	0	3183.75
459.427	3368	0	3368
459.553	3302	0	3302
459.679	3365.75	0	3365.75
459.805	3544	0	3544
459.93	3705	0	3705
460.056	3877	0	3877
460.182	3875.5	0	3875.5
460.308	3900.25	0	3900.25
460.433	4021.5	0	4021.5
460.559	3963	0	3963
460.685	4102.5	0	4102.5
460.81	3904.75	0	3904.75
460.936	3788.25	0	3788.25
461.062	3704.25	0	3704.25
461.187	3671	0	3671
461.313	3621.75	0	3621.75
461.439	3711	0	3711
461.564	3677	0	3677
461.69	3678.25	0	3678.25
461.815	3575	0	3575
461.941	3844.5	0	3844.5
462.066	3977	0	3977
462.192	3869	0	3869
462.317	3877	0	3877
462.443	4139	0	4139
462.568	4238.75	0	4238.75
462.694	4670.5	0	4670.5
462.819	5178.5	0	5178.5
462.944	5263	0	5263
463.07	5291.5	0	5291.5
463.195	4861	0	4861
463.321	4789.25	0	4789.25
463.446	4395.75	0	4395.75
463.571	4225.5	0	4225.5
463.697	4252.75	0	4252.75
463.822	4334	0	4334
463.947	4447.75	0	4447.75
464.072	4352.75	0	4352.75
464.198	4409.25	0	4409.25
464.323	4116.75	0	4116.75
464.448	4174.5	0	4174.5
464.573	3977.75	0	3977.75
464.698	3909	0	3909
464.824	3876	0	3876
464.949	3633.5	0	3633.5
465.074	3402.25	0	3402.25
465.199	3384.5	0	3384.5
465.324	3230	0	3230
465.449	3075	0	3075
465.574	3051.25	0	3051.25
465.699	3031.75	0	3031.75
465.824	3067.75	0	3067.75
465.949	2992	0	2992
466.074	3085.5	0	3085.5
466.199	2949.75	0	2949.75
466.324	2831.25	0	2831.25
466.449	2884.5	0	2884.5
466.574	2836.5	0	2836.5
466.699	2895.75	0	2895.75
466.824	2868.25	0	2868.25
466.949	2868.75	0	2868.75
467.074	2834.25	0	2834.25
467.199	2769.25	0	2769.25
467.323	2838.75	0	2838.75
467.448	2813.75	0	2813.75
467.573	2856.25	0	2856.25
467.698	2755.25	0	2755.25
467.823	2713.5	0	2713.5
467.947	2680	0	2680
468.072	2673.25	0	2673.25
468.197	2622.25	0	2622.25
468.322	2657	0	2657
468.446	2666.25	0	2666.25
468.571	2730	0	2730
468.696	2652.25	0	2652.25
468.82	2717	0	2717
468.945	2770	0	2770
469.069	2774.5	0	2774.5
469.194	2731.5	0	2731.5
469.319	2763	0	2763
469.443	2915.5	0	2915.5
469.568	2822	0	2822
469.692	2910.75	0	2910.75
469.817	2915.75	0	2915.75
469.941	3014	0	3014
470.066	2996.25	0	2996.25
470.19	2963.5	0	2963.5
470.315	2962.25	0	2962.25
470.439	3117.5	0	3117.5
470.563	3063	0	3063
470.688	3003.25	0	3003.25
470.812	2929.25	0	2929.25
470.937	2992.25	0	2992.25
471.061	2916.75	0	2916.75
471.185	2848	0	2848
471.31	2825	0	2825
471.434	2897.75	0	2897.75
471.558	2841	0	2841
471.682	2737.5	0	2737.5
471.807	2812.5	0	2812.5
471.931	2731	0	2731
472.055	2779.75	0	2779.75
472.179	2747.5	0	2747.5
472.303	2698.25	0	2698.25
472.428	2742.25	0	2742.25
472.552	2698.5	0	2698.5
472.676	2672.5	0	2672.5
472.8	2743.75	0	2743.75
472.924	2799.25	0	2799.25
473.048	2702.5	0	2702.5
473.172	2739.75	0	2739.75
473.296	2771.25	0	2771.25
473.42	2768	0	2768
473.544	2845	0	2845
473.668	2830.75	0	2830.75
473.792	2834.75	0	2834.75
473.916	2852.25	0	2852.25
474.04	2873	0	2873
474.164	2763	0	2763
474.288	2808.75	0	2808.75
474.412	2815	0	2815
474.536	2756	0	2756
474.66	2813.5	0	2813.5
474.784	2889.5	0	2889.5
474.908	2808.5	0	2808.5
475.031	2862.5	0	2862.5
475.155	2920.5	0	2920.5
475.279	2893.75	0	2893.75
475.403	2943.75	0	2943.75
475.526	2942.75	0	2942.75
475.65	3041.25	0	3041.25
475.774	3040.75	0	3040.75
475.898	2992	0	2992
476.021	3097.25	0	3097.25
476.145	3094	0	3094
476.269	3095.5	0	3095.5
476.392	3196.5	0	3196.5
476.516	3347	0	3347
476.64	3497.75	0	3497.75
476.763	3537.5	0	3537.5
476.887	3555.75	0	3555.75
477.01	3513.75	0	3513.75
477.134	3604.5	0	3604.5
477.257	3639.75	0	3639.75
477.381	3746.25	0	3746.25
477.504	3804.25	0	3804.25
477.628	3961	0	3961
477.751	4080.75	0	4080.75
477.875	4368.5	0	4368.5
477.998	4408.5	0	4408.5
478.122	4378.75	0	4378.75
478.245	4465.5	0	4465.5
478.368	4502.5	0	4502.5
478.492	4418.25	0	4418.25
478.615	4854.75	0	4854.75
478.738	4943.25	0	4943.25
478.862	5285.75	0	5285.75
478.985	5573.25	0	5573.25
479.108	6133.75	0	6133.75
479.231	6677.75	0	6677.75
479.355	6368.75	0	6368.75
479.478	5661.75	0	5661.75
479.601	5070.25	0	5070.25
479.724	4930.25	0	4930.25
479.848	4917.5	0	4917.5
479.971	4901.25	0	4901.25
480.094	4897.5	0	4897.5
480.217	5125	0	5125
480.34	5234.75	0	5234.75
480.463	5315.75	0	5315.75
480.586	5335.75	0	5335.75
480.709	5742.25	0	5742.25
480.832	5956	0	5956
480.955	5690.75	0	5690.75
481.078	5157.5	0	5157.5
481.201	4932.75	0	4932.75
481.324	4745.75	0	4745.75
481.447	4661	0	4661
481.57	4806.5	0	4806.5
481.693	5129.75	0	5129.75
481.816	5044.5	0	5044.5
481.939	4868.25	0	4868.25
482.062	4538.5	0	4538.5
482.185	4517.25	0	4517.25
482.307	4354.5	0	4354.5
482.43	4451.75	0	4451.75
482.553	4421.25	0	4421.25
482.676	4467.25	0	4467.25
482.799	4412.75	0	4412.75
482.921	4008.25	0	4008.25
483.044	3811.5	0	3811.5
483.167	3616.5	0	3616.5
483.29	3577.25	0	3577.25
483.412	3477.75	0	3477.75
483.535	3394.75	0	3394.75
483.658	3300.25	0	3300.25
483.78	3303.75	0	3303.75
483.903	3267	0	3267
484.025	3245	0	3245
484.148	3197.25	0	3197.25
484.271	3263.25	0	3263.25
484.393	3253.25	0	3253.25
484.516	3213	0	3213
484.638	3136	0	3136
484.761	3213.25	0	3213.25
484.883	3167	0	3167
485.006	3214.75	0	3214.75
485.128	3293.5	0	3293.5
485.251	3277	0	3277
485.373	3287	0	3287
485.495	3215	0	3215
485.618	3248.25	0	3248.25
485.74	3295.75	0	3295.75
485.863	3217	0	3217
485.985	3322	0	3322
486.107	3304.5	0	3304.5
486.229	3238.75	0	3238.75
486.352	3329.25	0	3329.25
486.474	3249	0	3249
486.596	3238.5	0	3238.5
486.719	3223.25	0	3223.25
486.841	3245.75	0	3245.75
486.963	3176.75	0	3176.75
487.085	3209.5	0	3209.5
487.207	3146.25	0	3146.25
487.329	3133	0	3133
487.452	3179	0	3179
487.574	3137.75	0	3137.75
487.696	3157.25	0	3157.25
487.818	3191.5	0	3191.5
487.94	3142.5	0	3142.5
488.062	3207.5	0	3207.5
488.184	3205	0	3205
488.306	3237.5	0	3237.5
488.428	3215.25	0	3215.25
488.55	3264.75	0	3264.75
488.672	3358.25	0	3358.25
488.794	3392	0	3392
488.916	3529.25	0	3529.25
489.038	3713.5	0	3713.5
489.16	3888	0	3888
489.281	4124	0	4124
489.403	4298	0	4298
489.525	4411	0	4411
489.647	4225.75	0	4225.75
489.769	4117.5	0	4117.5
489.891	4036.5	0	4036.5
490.012	4005.5	0	4005.5
490.134	4129	0	4129
490.256	4105.75	0	4105.75
490.378	3952.75	0	3952.75
490.499	3891.25	0	3891.25
490.621	3630.25	0	3630.25
490.743	3549.5	0	3549.5
490.864	3541	0	3541
490.986	3460.75	0	3460.75
491.108	3503.25	0	3503.25
491.229	3560	0	3560
491.351	3555.25	0	3555.25
491.472	3690	0	3690
491.594	3638.5	0	3638.5
491.715	3520.5	0	3520.5
491.837	3508.5	0	3508.5
491.958	3422	0	3422
492.08	3336	0	3336
492.201	3286.75	0	3286.75
492.323	3290.25	0	3290.25
492.444	3297.25	0	3297.25
492.566	3272	0	3272
492.687	3165	0	3165
492.808	3106	0	3106
492.93	3104.5	0	3104.5
493.051	3121.75	0	3121.75
493.172	3076.5	0	3076.5
493.294	3047.5	0	3047.5
493.415	3049	0	3049
493.536	3092.25	0	3092.25
493.658	3051.75	0	3051.75
493.779	3084.25	0	3084.25
493.9	3074.75	0	3074.75
494.021	3116.5	0	3116.5
494.143	3195	0	3195
494.264	3061	0	3061
494.385	3070.5	0	3070.5
494.506	3067	0	3067
494.627	2999.25	0	2999.25
494.748	3022	0	3022
494.869	2988.5	0	2988.5
494.99	2954.75	0	2954.75
495.111	2967.5	0	2967.5
495.232	2954.75	0	2954.75
495.353	2966	0	2966
495.475	2954.25	0	2954.25
495.595	2992.25	0	2992.25
495.716	2977.25	0	2977.25
495.837	2939.25	0	2939.25
495.958	3018.5	0	3018.5
496.079	3000.5	0	3000.5
496.2	3062.25	0	3062.25
496.321	3084.5	0	3084.5
496.442	3163.75	0	3163.75
496.563	3107.75	0	3107.75
496.684	3153.25	0	3153.25
496.804	3187	0	3187
496.925	3206.75	0	3206.75
497.046	3265.75	0	3265.75
497.167	3353.5	0	3353.5
497.287	3342.5	0	3342.5
497.408	3364	0	3364
497.529	3432.25	0	3432.25
497.65	3449.5	0	3449.5
497.77	3521.25	0	3521.25
497.891	3620.75	0	3620.75
498.012	3697.5	0	3697.5
498.132	3809.25	0	3809.25
498.253	3952.75	0	3952.75
498.373	4111.75	0	4111.75
498.494	4215.25	0	4215.25
498.614	4509.75	0	4509.75
498.735	4708.5	0	4708.5
498.856	5008	0	5008
498.976	5205.75	0	5205.75
499.096	5572.75	0	5572.75
499.217	5966.75	0	5966.75
499.337	6328.25	0	6328.25
499.458	6773.5	0	6773.5
499.578	7133	0	7133
499.699	7730.75	0	7730.75
499.819	8332	0	8332
499.939	9042	0	9042
500.06	9621.75	0	9621.75
500.18	9924	0	9924
500.3	9975.5	0	9975.5
500.421	9822.5	0	9822.5
500.541	9398.5	0	9398.5
500.661	8899.75	0	8899.75
500.781	8237	0	8237
500.902	7632.25	0	7632.25
501.022	7084.75	0	7084.75
501.142	6628.25	0	6628.25
501.262	6074	0	6074
501.382	5721	0	5721
501.502	5400.25	0	5400.25
501.623	5057.25	0	5057.25
501.743	4823.75	0	4823.75
501.863	4597	0	4597
501.983	4420.5	0	4420.5
502.103	4359	0	4359
502.223	4178.75	0	4178.75
502.343	4084.75	0	4084.75
502.463	3978	0	3978
502.583	3855.75	0	3855.75
502.703	3706	0	3706
502.823	3670.75	0	3670.75
502.943	3565	0	3565
503.063	3462	0	3462
503.182	3375	0	3375
503.302	3340.5	0	3340.5
503.422	3307	0	3307
503.542	3330	0	3330
503.662	3275	0	3275
503.782	3333.5	0	3333.5
503.901	3330.25	0	3330.25
504.021	3365.5	0	3365.5
504.141	3458	0	3458
504.261	3624.5	0	3624.5
504.38	3674.25	0	3674.25
504.5	3522	0	3522
504.62	3484.75	0	3484.75
504.739	3362.5	0	3362.5
504.859	3244.25	0	3244.25
504.979	3082.5	0	3082.5
505.098	3046.5	0	3046.5
505.218	2969.25	0	2969.25
505.338	2974.75	0	2974.75
505.457	2974	0	2974
505.577	3001.75	0	3001.75
505.696	2907.75	0	2907.75
505.816	2885.75	0	2885.75
505.935	2898.25	0	2898.25
506.055	2877.5	0	2877.5
506.174	2832.75	0	2832.75
506.293	2812	0	2812
506.413	2825.25	0	2825.25
506.532	2787.75	0	2787.75
506.652	2822.25	0	2822.25
506.771	2883	0	2883
506.89	2868.5	0	2868.5
507.01	2895.25	0	2895.25
507.129	3003.75	0	3003.75
507.248	3111.75	0	3111.75
507.368	3203.5	0	3203.5
507.487	3232.75	0	3232.75
507.606	3239	0	3239
507.725	3236.5	0	3236.5
507.844	3070.25	0	3070.25
507.964	2947.75	0	2947.75
508.083	2868.25	0	2868.25
508.202	2839.5	0	2839.5
508.321	2794.25	0	2794.25
508.44	2775.25	0	2775.25
508.559	2713.75	0	2713.75
508.678	2744.25	0	2744.25
508.797	2745.25	0	2745.25
508.916	2807.25	0	2807.25
509.035	2777	0	2777
509.154	2841	0	2841
509.273	2876.5	0	2876.5
509.392	2874.25	0	2874.25
509.511	2972	0	2972
509.63	2963	0	2963
509.749	3059	0	3059
509.868	3113.75	0	3113.75
509.987	3102.5	0	3102.5
510.106	3119	0	3119
510.225	3113.5	0	3113.5
510.344	2959.5	0	2959.5
510.462	2845.75	0	2845.75
510.581	2831.25	0	2831.25
510.7	2696	0	2696
510.819	2718.75	0	2718.75
510.937	2732.75	0	2732.75
511.056	2694	0	2694
511.175	2581.5	0	2581.5
511.294	2610	0	2610
511.412	2588.25	0	2588.25
511.531	2575.5	0	2575.5
511.649	2583	0	2583
511.768	2524.25	0	2524.25
511.887	2548.5	0	2548.5
512.005	2515.75	0	2515.75
512.124	2521.75	0	2521.75
512.242	2517	0	2517
512.361	2497	0	2497
512.479	2522.25	0	2522.25
512.598	2462.25	0	2462.25
512.716	2415.5	0	2415.5
512.835	2505	0	2505
512.953	2520.5	0	2520.5
513.072	2475	0	2475
513.19	2470.25	0	2470.25
513.308	2473.25	0	2473.25
513.427	2442	0	2442
513.545	2516.75	0	2516.75
513.664	2504.5	0	2504.5
513.782	2492	0	2492
513.9	2539.75	0	2539.75
514.018	2521.5	0	2521.5
514.137	2509.5	0	2509.5
514.255	2536.75	0	2536.75
514.373	2526	0	2526
514.491	2587.75	0	2587.75
514.609	2568.25	0	2568.25
514.728	2563.75	0	2563.75
514.846	2586	0	2586
514.964	2595.5	0	2595.5
515.082	2601.5	0	2601.5
515.2	2642.5	0	2642.5
515.318	2689	0	2689
515.436	2728	0	2728
515.554	2723.75	0	2723.75
515.672	2752.25	0	2752.25
515.79	2789.75	0	2789.75
515.908	2890	0	2890
516.026	2873.5	0	2873.5
516.144	2911.75	0	2911.75
516.262	3008.75	0	3008.75
516.38	3041.75	0	3041.75
516.498	3116	0	3116
516.616	3253.75	0	3253.75
516.734	3247	0	3247
516.852	3429.25	0	3429.25
516.969	3480	0	3480
517.087	3584.5	0	3584.5
517.205	3726.5	0	3726.5
517.323	3773	0	3773
517.44	3757.75	0	3757.75
517.558	3711.5	0	3711.5
517.676	3709.25	0	3709.25
517.794	3718.25	0	3718.25
517.911	3582	0	3582
518.029	3628.25	0	3628.25
518.147	3470.75	0	3470.75
518.264	3397.5	0	3397.5
518.382	3334.25	0	3334.25
518.5	3237.5	0	3237.5
518.617	3218.75	0	3218.75
518.735	3146.25	0	3146.25
518.852	3091.25	0	3091.25
518.97	3008.5	0	3008.5
519.087	3016.75	0	3016.75
519.205	2962.25	0	2962.25
519.322	2846.75	0	2846.75
519.44	2872.5	0	2872.5
519.557	2839.75	0	2839.75
519.674	2817.25	0	2817.25
519.792	2794.75	0	2794.75
519.909	2783.75	0	2783.75
520.026	2771.75	0	2771.75
520.144	2807.75	0	2807.75
520.261	2810.75	0	2810.75
520.378	2797.75	0	2797.75
520.496	2804	0	2804
520.613	2928.25	0	2928.25
520.73	2902.5	0	2902.5
520.847	2852.25	0	2852.25
520.965	3017	0	3017
521.082	3088	0	3088
521.199	3176.75	0	3176.75
521.316	3323.25	0	3323.25
521.433	3507.25	0	3507.25
521.55	3633	0	3633
521.667	3715.5	0	3715.5
521.785	3654.25	0	3654.25
521.902	3502.75	0	3502.75
522.019	3371	0	3371
522.136	3177.5	0	3177.5
522.253	2994.75	0	2994.75
522.37	2939.75	0	2939.75
522.487	2776.25	0	2776.25
522.604	2723.5	0	2723.5
522.721	2605.25	0	2605.25
522.838	2544	0	2544
522.954	2500.25	0	2500.25
523.071	2436.75	0	2436.75
523.188	2444.75	0	2444.75
523.305	2419.25	0	2419.25
523.422	2368.5	0	2368.5
523.539	2353.25	0	2353.25
523.655	2276.25	0	2276.25
523.772	2303.5	0	2303.5
523.889	2280.5	0	2280.5
524.006	2251.75	0	2251.75
524.122	2242.5	0	2242.5
524.239	2293.75	0	2293.75
524.356	2207.25	0	2207.25
524.472	2212.25	0	2212.25
524.589	2183.25	0	2183.25
524.706	2172.75	0	2172.75
524.822	2143.25	0	2143.25
524.939	2192.25	0	2192.25
525.055	2153	0	2153
525.172	2186.25	0	2186.25
525.289	2137.75	0	2137.75
525.405	2168.25	0	2168.25
525.522	2109	0	2109
525.638	2136.5	0	2136.5
525.754	2128	0	2128
525.871	2097	0	2097
525.987	2128	0	2128
526.104	2107.5	0	2107.5
526.22	2104.25	0	2104.25
526.336	2032.5	0	2032.5
526.453	2106.5	0	2106.5
526.569	2097.5	0	2097.5
526.685	2115.75	0	2115.75
526.802	2107.75	0	2107.75
526.918	2069.75	0	2069.75
527.034	2062.25	0	2062.25
527.151	2076.75	0	2076.75
527.267	2020.5	0	2020.5
527.383	2085.25	0	2085.25
527.499	2095	0	2095
527.615	2021.5	0	2021.5
527.732	2066	0	2066
527.848	2034.75	0	2034.75
527.964	2058.75	0	2058.75
528.08	2080	0	2080
528.196	2085.25	0	2085.25
528.312	2091	0	2091
528.428	2070.5	0	2070.5
528.544	2091.25	0	2091.25
528.66	2043	0	2043
528.776	2017.5	0	2017.5
528.892	2019	0	2019
529.008	2033.75	0	2033.75
529.124	2002.75	0	2002.75
529.24	2055.5	0	2055.5
529.356	2046.75	0	2046.75
529.471	2015.5	0	2015.5
529.587	2029.5	0	2029.5
529.703	2025.25	0	2025.25
529.819	2033.25	0	2033.25
529.935	2006.25	0	2006.25
530.05	2025.75	0	2025.75
530.166	1980.75	0	1980.75
530.282	1984.25	0	1984.25
530.398	1980	0	1980
530.513	1976.75	0	1976.75
530.629	2003.75	0	2003.75
530.745	1995.5	0	1995.5
530.86	1992.5	0	1992.5
530.976	2029	0	2029
531.092	2026.25	0	2026.25
531.207	1993.5	0	1993.5
531.323	2016.75	0	2016.75
531.438	2055.25	0	2055.25
531.554	2021	0	2021
531.669	2033.75	0	2033.75
531.785	2050.25	0	2050.25
531.9	2026	0	2026
532.016	2013	0	2013
532.131	2008.5	0	2008.5
532.247	2043.75	0	2043.75
532.362	2029.25	0	2029.25
532.477	2002	0	2002
532.593	1976.5	0	1976.5
532.708	2025.75	0	2025.75
532.823	1997	0	1997
532.939	2035.5	0	2035.5
533.054	2009	0	2009
533.169	2039.75	0	2039.75
533.285	1993	0	1993
533.4	1995	0	1995
533.515	1994.75	0	1994.75
533.63	2027	0	2027
533.745	2099.5	0	2099.5
533.861	2037	0	2037
533.976	2068	0	2068
534.091	2048.25	0	2048.25
534.206	2086	0	2086
534.321	2078.25	0	2078.25
534.436	2020.5	0	2020.5
534.551	2092.5	0	2092.5
534.666	2031.75	0	2031.75
534.781	1981	0	1981
534.896	1975.75	0	1975.75
535.011	1975.25	0	1975.25
535.126	1981.25	0	1981.25
535.241	1953.75	0	1953.75
535.356	1974.5	0	1974.5
535.471	1959.75	0	1959.75
535.586	1894.75	0	1894.75
535.701	1953	0	1953
535.815	1971	0	1971
535.93	1973.75	0	1973.75
536.045	2013	0	2013
536.16	1989.75	0	1989.75