Lambda	Spectrum	Dark	SpecMinusDark
268.175	338.5	0	338.5
268.319	333.75	0	333.75
268.463	305	0	305
268.607	298.25	0	298.25
268.751	304.75	0	304.75
268.895	279.5	0	279.5
269.039	260	0	260
269.183	262.25	0	262.25
269.327	243.25	0	243.25
269.47	253	0	253
269.614	266.25	0	266.25
269.758	302.75	0	302.75
269.902	316.25	0	316.25
270.046	319.25	0	319.25
270.19	286.5	0	286.5
270.334	257.25	0	257.25
270.477	250.5	0	250.5
270.621	264.25	0	264.25
270.765	279.25	0	279.25
270.909	292.5	0	292.5
271.053	291.75	0	291.75
271.196	327	0	327
271.34	311.25	0	311.25
271.484	285.25	0	285.25
271.628	319.25	0	319.25
271.771	310.5	0	310.5
271.915	284	0	284
272.059	287.75	0	287.75
272.202	293.25	0	293.25
272.346	300.25	0	300.25
272.49	328.25	0	328.25
272.634	326.25	0	326.25
272.777	356	0	356
272.921	360.25	0	360.25
273.064	367.75	0	367.75
273.208	399.75	0	399.75
273.352	356.25	0	356.25
273.495	369.75	0	369.75
273.639	361.75	0	361.75
273.783	369.5	0	369.5
273.926	394	0	394
274.07	378.25	0	378.25
274.213	409.5	0	409.5
274.357	372.5	0	372.5
274.5	396.25	0	396.25
274.644	378.25	0	378.25
274.787	397.75	0	397.75
274.931	401	0	401
275.074	407.25	0	407.25
275.218	359.25	0	359.25
275.361	386.25	0	386.25
275.505	402	0	402
275.648	366.5	0	366.5
275.792	394.75	0	394.75
275.935	426.25	0	426.25
276.079	404.75	0	404.75
276.222	433.5	0	433.5
276.366	392.5	0	392.5
276.509	398	0	398
276.652	416.75	0	416.75
276.796	439	0	439
276.939	449	0	449
277.082	535.75	0	535.75
277.226	577.25	0	577.25
277.369	634.5	0	634.5
277.513	650.75	0	650.75
277.656	573	0	573
277.799	582.5	0	582.5
277.942	589.75	0	589.75
278.086	479.5	0	479.5
278.229	483	0	483
278.372	506.25	0	506.25
278.516	487.75	0	487.75
278.659	485.5	0	485.5
278.802	443.75	0	443.75
278.945	441.25	0	441.25
279.089	422.75	0	422.75
279.232	400	0	400
279.375	387.25	0	387.25
279.518	441	0	441
279.661	445.75	0	445.75
279.805	448	0	448
279.948	443	0	443
280.091	438.25	0	438.25
280.234	453	0	453
280.377	434	0	434
280.52	484	0	484
280.663	548.75	0	548.75
280.806	550.25	0	550.25
280.95	534.25	0	534.25
281.093	570	0	570
281.236	626.75	0	626.75
281.379	734	0	734
281.522	869.25	0	869.25
281.665	741.75	0	741.75
281.808	628.75	0	628.75
281.951	571.5	0	571.5
282.094	542.25	0	542.25
282.237	552.75	0	552.75
282.38	581	0	581
282.523	637	0	637
282.666	622	0	622
282.809	591.25	0	591.25
282.952	575.5	0	575.5
283.095	525.5	0	525.5
283.238	516.25	0	516.25
283.381	536.5	0	536.5
283.523	526.25	0	526.25
283.666	527.25	0	527.25
283.809	532.5	0	532.5
283.952	560.75	0	560.75
284.095	625	0	625
284.238	697.75	0	697.75
284.381	793.25	0	793.25
284.524	804.25	0	804.25
284.666	944	0	944
284.809	920	0	920
284.952	834.5	0	834.5
285.095	821.75	0	821.75
285.238	815.25	0	815.25
285.38	734	0	734
285.523	652.75	0	652.75
285.666	625.25	0	625.25
285.809	627	0	627
285.951	639.75	0	639.75
286.094	738.75	0	738.75
286.237	834	0	834
286.38	858.75	0	858.75
286.522	760.5	0	760.5
286.665	760.5	0	760.5
286.808	820	0	820
286.95	881.25	0	881.25
287.093	934.5	0	934.5
287.236	798.5	0	798.5
287.378	717.75	0	717.75
287.521	673.25	0	673.25
287.663	668.75	0	668.75
287.806	730	0	730
287.949	673.25	0	673.25
288.091	667	0	667
288.234	653.25	0	653.25
288.376	658	0	658
288.519	726	0	726
288.661	772.75	0	772.75
288.804	845	0	845
288.946	916.25	0	916.25
289.089	976	0	976
289.231	1001.25	0	1001.25
289.374	945.5	0	945.5
289.516	816.75	0	816.75
289.659	792.25	0	792.25
289.801	774.75	0	774.75
289.944	808.75	0	808.75
290.086	825.5	0	825.5
290.229	885.5	0	885.5
290.371	842.75	0	842.75
290.513	879.5	0	879.5
290.656	874.5	0	874.5
290.798	956.75	0	956.75
290.941	928	0	928
291.083	963	0	963
291.225	931	0	931
291.368	850.75	0	850.75
291.51	851.5	0	851.5
291.652	803.5	0	803.5
291.795	820.25	0	820.25
291.937	900.5	0	900.5
292.079	1034	0	1034
292.221	1114.75	0	1114.75
292.364	1068	0	1068
292.506	1013.75	0	1013.75
292.648	1002.5	0	1002.5
292.79	1051	0	1051
292.933	1150	0	1150
293.075	1080	0	1080
293.217	1085	0	1085
293.359	1039.25	0	1039.25
293.502	1037.75	0	1037.75
293.644	994.5	0	994.5
293.786	962.25	0	962.25
293.928	964	0	964
294.07	968.75	0	968.75
294.212	1028	0	1028
294.354	1159	0	1159
294.497	1228.25	0	1228.25
294.639	1138.75	0	1138.75
294.781	1003	0	1003
294.923	869.25	0	869.25
295.065	929.5	0	929.5
295.207	883.75	0	883.75
295.349	943.5	0	943.5
295.491	1028.75	0	1028.75
295.633	1049.25	0	1049.25
295.775	985.5	0	985.5
295.917	934.5	0	934.5
296.059	928	0	928
296.201	961	0	961
296.343	951.25	0	951.25
296.485	900.75	0	900.75
296.627	848.5	0	848.5
296.769	841	0	841
296.911	858.75	0	858.75
297.053	914.75	0	914.75
297.195	962	0	962
297.337	922.25	0	922.25
297.478	933.25	0	933.25
297.62	962.5	0	962.5
297.762	971.5	0	971.5
297.904	889.5	0	889.5
298.046	891.75	0	891.75
298.188	889.25	0	889.25
298.33	973.5	0	973.5
298.471	1012.75	0	1012.75
298.613	1040	0	1040
298.755	1042.5	0	1042.5
298.897	957.25	0	957.25
299.038	891.25	0	891.25
299.18	853.5	0	853.5
299.322	838	0	838
299.464	827.5	0	827.5
299.605	855.25	0	855.25
299.747	870.75	0	870.75
299.889	854.25	0	854.25
300.031	821.75	0	821.75
300.172	789.75	0	789.75
300.314	746.25	0	746.25
300.456	770.5	0	770.5
300.597	752.25	0	752.25
300.739	803	0	803
300.881	813	0	813
301.022	867.75	0	867.75
301.164	929	0	929
301.305	1000.25	0	1000.25
301.447	932.25	0	932.25
301.589	874	0	874
301.73	819.5	0	819.5
301.872	801.5	0	801.5
302.013	814.25	0	814.25
302.155	892.75	0	892.75
302.296	888.25	0	888.25
302.438	920.25	0	920.25
302.579	822	0	822
302.721	807.25	0	807.25
302.862	794.5	0	794.5
303.004	760.25	0	760.25
303.145	839.25	0	839.25
303.287	887	0	887
303.428	893.75	0	893.75
303.569	880.25	0	880.25
303.711	875.25	0	875.25
303.852	939.25	0	939.25
303.994	1041.75	0	1041.75
304.135	1091.5	0	1091.5
304.276	1004.25	0	1004.25
304.418	1007.75	0	1007.75
304.559	1075.25	0	1075.25
304.7	1075.5	0	1075.5
304.842	966	0	966
304.983	961.75	0	961.75
305.124	943	0	943
305.266	985.75	0	985.75
305.407	1011.5	0	1011.5
305.548	1004	0	1004
305.69	946	0	946
305.831	958	0	958
305.972	1044	0	1044
306.113	1202.75	0	1202.75
306.254	1365.75	0	1365.75
306.396	1488	0	1488
306.537	1340.25	0	1340.25
306.678	1229	0	1229
306.819	1318	0	1318
306.96	1390.5	0	1390.5
307.102	1347.25	0	1347.25
307.243	1446.75	0	1446.75
307.384	1580.75	0	1580.75
307.525	1453	0	1453
307.666	1409.5	0	1409.5
307.807	1404.75	0	1404.75
307.948	1413	0	1413
308.089	1273.5	0	1273.5
308.23	1361.75	0	1361.75
308.371	1569.25	0	1569.25
308.513	1781.5	0	1781.5
308.654	1651.5	0	1651.5
308.795	1504	0	1504
308.936	1406	0	1406
309.077	1318.25	0	1318.25
309.218	1461.25	0	1461.25
309.359	1552.5	0	1552.5
309.499	1406.5	0	1406.5
309.64	1270.25	0	1270.25
309.781	1366.75	0	1366.75
309.922	1547.25	0	1547.25
310.063	1609.75	0	1609.75
310.204	1265	0	1265
310.345	1151.25	0	1151.25
310.486	1135	0	1135
310.627	1152.25	0	1152.25
310.768	1149.5	0	1149.5
310.909	1287	0	1287
311.049	1508.25	0	1508.25
311.19	1509.5	0	1509.5
311.331	1349.75	0	1349.75
311.472	1314.75	0	1314.75
311.613	1345.25	0	1345.25
311.753	1331.25	0	1331.25
311.894	1434.5	0	1434.5
312.035	1511	0	1511
312.176	1528.5	0	1528.5
312.316	1423.75	0	1423.75
312.457	1412.75	0	1412.75
312.598	1520.75	0	1520.75
312.739	1758.75	0	1758.75
312.879	2181.75	0	2181.75
313.02	2752.5	0	2752.5
313.161	2999.5	0	2999.5
313.301	2926	0	2926
313.442	2464	0	2464
313.583	2156	0	2156
313.723	1843.75	0	1843.75
313.864	1754	0	1754
314.005	1653.5	0	1653.5
314.145	1638.75	0	1638.75
314.286	1632.5	0	1632.5
314.426	1581.5	0	1581.5
314.567	1613.5	0	1613.5
314.707	1575.5	0	1575.5
314.848	1484.5	0	1484.5
314.989	1582.5	0	1582.5
315.129	1701.25	0	1701.25
315.27	1744	0	1744
315.41	1931.75	0	1931.75
315.551	2242.5	0	2242.5
315.691	2611.75	0	2611.75
315.831	2279.75	0	2279.75
315.972	1796	0	1796
316.112	1684.5	0	1684.5
316.253	1753.25	0	1753.25
316.393	1741	0	1741
316.534	1904	0	1904
316.674	2367.75	0	2367.75
316.814	3107.25	0	3107.25
316.955	3267.25	0	3267.25
317.095	2979	0	2979
317.236	2528.75	0	2528.75
317.376	2292	0	2292
317.516	2194.25	0	2194.25
317.656	1926.25	0	1926.25
317.797	1884.25	0	1884.25
317.937	1963.5	0	1963.5
318.077	1901.25	0	1901.25
318.218	2144.25	0	2144.25
318.358	2200.75	0	2200.75
318.498	2046.75	0	2046.75
318.638	1972	0	1972
318.779	2031.25	0	2031.25
318.919	2096.75	0	2096.75
319.059	2616	0	2616
319.199	3288.5	0	3288.5
319.34	3466.5	0	3466.5
319.48	3101.25	0	3101.25
319.62	2461	0	2461
319.76	2141.25	0	2141.25
319.9	1965.75	0	1965.75
320.04	1849	0	1849
320.18	1796.75	0	1796.75
320.32	2164.25	0	2164.25
320.461	2550.25	0	2550.25
320.601	2542	0	2542
320.741	2718.5	0	2718.5
320.881	2676	0	2676
321.021	2365.75	0	2365.75
321.161	2217.75	0	2217.75
321.301	2203	0	2203
321.441	2180	0	2180
321.581	1800.5	0	1800.5
321.721	1597.5	0	1597.5
321.861	1642.5	0	1642.5
322.001	1814.75	0	1814.75
322.141	1773.5	0	1773.5
322.281	1586	0	1586
322.421	1564.25	0	1564.25
322.561	1865	0	1865
322.7	2275	0	2275
322.84	2230.5	0	2230.5
322.98	2056.5	0	2056.5
323.12	2224.25	0	2224.25
323.26	2499.5	0	2499.5
323.4	2280.25	0	2280.25
323.54	2258.75	0	2258.75
323.68	2187	0	2187
323.819	1886.75	0	1886.75
323.959	1729.5	0	1729.5
324.099	1656.25	0	1656.25
324.239	1585	0	1585
324.379	1668.5	0	1668.5
324.518	1885	0	1885
324.658	1872.25	0	1872.25
324.798	1723.75	0	1723.75
324.937	1716	0	1716
325.077	1737	0	1737
325.217	1789.5	0	1789.5
325.357	1942.75	0	1942.75
325.496	2157.5	0	2157.5
325.636	1946.75	0	1946.75
325.776	1927.5	0	1927.5
325.915	2114	0	2114
326.055	2234	0	2234
326.195	2652	0	2652
326.334	2655.5	0	2655.5
326.474	2333.5	0	2333.5
326.613	1999.5	0	1999.5
326.753	1901.75	0	1901.75
326.892	1991.5	0	1991.5
327.032	2110.5	0	2110.5
327.172	1692.75	0	1692.75
327.311	1650	0	1650
327.451	1646.5	0	1646.5
327.59	1663.5	0	1663.5
327.73	1695.75	0	1695.75
327.869	1727	0	1727
328.009	1799.5	0	1799.5
328.148	1872.5	0	1872.5
328.288	2159.25	0	2159.25
328.427	2446.5	0	2446.5
328.566	2551	0	2551
328.706	2935	0	2935
328.845	3321.25	0	3321.25
328.985	3225.75	0	3225.75
329.124	2791.75	0	2791.75
329.263	2514.75	0	2514.75
329.403	2372	0	2372
329.542	2254.75	0	2254.75
329.681	2031	0	2031
329.821	1931	0	1931
329.96	1982.5	0	1982.5
330.099	2043.25	0	2043.25
330.239	2136	0	2136
330.378	2329.75	0	2329.75
330.517	2459.5	0	2459.5
330.656	2155.5	0	2155.5
330.796	1935.25	0	1935.25
330.935	1934.75	0	1934.75
331.074	1919.5	0	1919.5
331.213	1960.5	0	1960.5
331.352	1800.75	0	1800.75
331.492	1714.25	0	1714.25
331.631	1753	0	1753
331.77	1872.5	0	1872.5
331.909	2162.25	0	2162.25
332.048	2153.5	0	2153.5
332.187	2468.25	0	2468.25
332.327	2772.25	0	2772.25
332.466	2667.75	0	2667.75
332.605	2571.75	0	2571.75
332.744	2235.75	0	2235.75
332.883	1952.25	0	1952.25
333.022	1831.25	0	1831.25
333.161	1785	0	1785
333.3	1810.5	0	1810.5
333.439	1920	0	1920
333.578	1906.75	0	1906.75
333.717	1837.75	0	1837.75
333.856	1953.5	0	1953.5
333.995	2017	0	2017
334.134	2284.5	0	2284.5
334.273	2914	0	2914
334.412	3245	0	3245
334.551	2889.5	0	2889.5
334.69	2633	0	2633
334.828	2302.5	0	2302.5
334.967	2118	0	2118
335.106	2032.75	0	2032.75
335.245	2171.25	0	2171.25
335.384	2327.75	0	2327.75
335.523	2727.75	0	2727.75
335.662	3299.25	0	3299.25
335.8	3216.5	0	3216.5
335.939	2931.25	0	2931.25
336.078	3144.5	0	3144.5
336.217	3183	0	3183
336.356	2823.75	0	2823.75
336.494	2405.5	0	2405.5
336.633	2321.25	0	2321.25
336.772	2293	0	2293
336.911	2239	0	2239
337.049	2187	0	2187
337.188	2207.25	0	2207.25
337.327	2323.75	0	2323.75
337.465	2492.5	0	2492.5
337.604	2647.25	0	2647.25
337.743	3177.5	0	3177.5
337.881	3471.75	0	3471.75
338.02	3340	0	3340
338.158	3562.5	0	3562.5
338.297	4007.25	0	4007.25
338.436	3766.5	0	3766.5
338.574	2987	0	2987
338.713	2686.75	0	2686.75
338.851	2602.25	0	2602.25
338.99	2542.25	0	2542.25
339.128	2558.75	0	2558.75
339.267	2396.75	0	2396.75
339.405	2195.5	0	2195.5
339.544	2225.25	0	2225.25
339.682	2147.75	0	2147.75
339.821	2149	0	2149
339.959	2312	0	2312
340.098	2747.5	0	2747.5
340.236	3527.75	0	3527.75
340.375	4387.5	0	4387.5
340.513	4452	0	4452
340.651	3631.75	0	3631.75
340.79	3127.25	0	3127.25
340.928	3097	0	3097
341.067	3213.25	0	3213.25
341.205	3351.25	0	3351.25
341.343	3508.5	0	3508.5
341.482	3734.75	0	3734.75
341.62	3899	0	3899
341.758	4048.25	0	4048.25
341.897	4142.25	0	4142.25
342.035	3903	0	3903
342.173	3822	0	3822
342.311	3944.25	0	3944.25
342.45	3885.75	0	3885.75
342.588	3361.25	0	3361.25
342.726	3052	0	3052
342.864	2657.75	0	2657.75
343.002	2614.25	0	2614.25
343.141	3101.5	0	3101.5
343.279	4068.25	0	4068.25
343.417	5042.75	0	5042.75
343.555	4991	0	4991
343.693	4778.75	0	4778.75
343.831	4291.25	0	4291.25
343.969	4118.25	0	4118.25
344.108	4140.5	0	4140.5
344.246	4236.75	0	4236.75
344.384	4742	0	4742
344.522	5734.25	0	5734.25
344.66	5850.25	0	5850.25
344.798	5100.5	0	5100.5
344.936	4480.5	0	4480.5
345.074	4255.25	0	4255.25
345.212	3992.25	0	3992.25
345.35	3785.75	0	3785.75
345.488	4032.25	0	4032.25
345.626	3709	0	3709
345.764	3564.25	0	3564.25
345.902	4195.75	0	4195.75
346.04	3826	0	3826
346.178	3171.75	0	3171.75
346.315	3191.5	0	3191.5
346.453	3631.25	0	3631.25
346.591	4033	0	4033
346.729	4020.25	0	4020.25
346.867	3830.5	0	3830.5
347.005	3372	0	3372
347.143	2922.25	0	2922.25
347.28	2914.25	0	2914.25
347.418	2927.25	0	2927.25
347.556	2603.5	0	2603.5
347.694	2689.5	0	2689.5
347.832	2992.75	0	2992.75
347.969	3321.75	0	3321.75
348.107	3303.75	0	3303.75
348.245	3180.25	0	3180.25
348.382	3016	0	3016
348.52	2736	0	2736
348.658	2526.5	0	2526.5
348.796	2477.5	0	2477.5
348.933	2602.25	0	2602.25
349.071	2706.5	0	2706.5
349.209	2692.25	0	2692.25
349.346	2353.25	0	2353.25
349.484	2372	0	2372
349.621	2409.75	0	2409.75
349.759	2541.5	0	2541.5
349.897	2591.75	0	2591.75
350.034	2812.25	0	2812.25
350.172	3483	0	3483
350.309	4423.5	0	4423.5
350.447	4372.75	0	4372.75
350.584	4009	0	4009
350.722	3936.75	0	3936.75
350.859	3411.25	0	3411.25
350.997	3054.75	0	3054.75
351.134	2930	0	2930
351.272	2928.5	0	2928.5
351.409	2907	0	2907
351.547	3255.75	0	3255.75
351.684	3642	0	3642
351.822	3659	0	3659
351.959	4335	0	4335
352.096	4617.5	0	4617.5
352.234	4285.5	0	4285.5
352.371	4283	0	4283
352.508	3660.75	0	3660.75
352.646	3070.5	0	3070.5
352.783	2841	0	2841
352.92	2949.25	0	2949.25
353.058	2893.25	0	2893.25
353.195	2959	0	2959
353.332	3221.5	0	3221.5
353.469	3781.5	0	3781.5
353.607	4375.25	0	4375.25
353.744	3975.75	0	3975.75
353.881	3690.25	0	3690.25
354.018	3969.25	0	3969.25
354.156	3862	0	3862
354.293	3343.75	0	3343.75
354.43	3187	0	3187
354.567	3181.25	0	3181.25
354.704	3015.75	0	3015.75
354.841	2839.5	0	2839.5
354.979	2928	0	2928
355.116	3089	0	3089
355.253	3243.75	0	3243.75
355.39	3345.5	0	3345.5
355.527	3766	0	3766
355.664	4346.5	0	4346.5
355.801	4163.25	0	4163.25
355.938	3842.5	0	3842.5
356.075	3997.5	0	3997.5
356.212	4299.5	0	4299.5
356.349	4031	0	4031
356.486	4125.75	0	4125.75
356.623	3964	0	3964
356.76	3957.75	0	3957.75
356.897	4291.5	0	4291.5
357.034	4332	0	4332
357.171	4104	0	4104
357.308	4275.5	0	4275.5
357.445	4023.5	0	4023.5
357.582	3730.75	0	3730.75
357.718	3733.75	0	3733.75
357.855	4369	0	4369
357.992	5233.5	0	5233.5
358.129	5333.75	0	5333.75
358.266	4515	0	4515
358.403	4236	0	4236
358.539	4087.25	0	4087.25
358.676	3884.25	0	3884.25
358.813	4007.5	0	4007.5
358.95	4217	0	4217
359.086	4161.25	0	4161.25
359.223	3656.75	0	3656.75
359.36	3910.75	0	3910.75
359.497	3969.75	0	3969.75
359.633	3876.75	0	3876.75
359.77	4189.25	0	4189.25
359.907	4155.5	0	4155.5
360.043	4077.5	0	4077.5
360.18	4172	0	4172
360.317	4053.5	0	4053.5
360.453	3772.75	0	3772.75
360.59	3677.25	0	3677.25
360.727	3827	0	3827
360.863	3880	0	3880
361	4318.5	0	4318.5
361.136	5735	0	5735
361.273	7094.25	0	7094.25
361.409	6779	0	6779
361.546	5241.25	0	5241.25
361.682	4423.75	0	4423.75
361.819	4062.75	0	4062.75
361.955	4076.25	0	4076.25
362.092	4697.75	0	4697.75
362.228	6040.75	0	6040.75
362.365	6639.5	0	6639.5
362.501	5635.5	0	5635.5
362.638	5123.75	0	5123.75
362.774	5201.5	0	5201.5
362.91	4718.5	0	4718.5
363.047	4305.25	0	4305.25
363.183	4442.5	0	4442.5
363.319	5723.5	0	5723.5
363.456	6455	0	6455
363.592	5720.75	0	5720.75
363.728	5114.75	0	5114.75
363.865	4803.75	0	4803.75
364.001	4792	0	4792
364.137	4537.5	0	4537.5
364.274	4212	0	4212
364.41	3889	0	3889
364.546	3930	0	3930
364.682	4205.5	0	4205.5
364.819	4441.5	0	4441.5
364.955	4469	0	4469
365.091	4498.75	0	4498.75
365.227	4507	0	4507
365.363	4526	0	4526
365.499	5028.25	0	5028.25
365.636	6212.75	0	6212.75
365.772	7190.5	0	7190.5
365.908	7081.25	0	7081.25
366.044	6492.5	0	6492.5
366.18	6900.25	0	6900.25
366.316	7224.5	0	7224.5
366.452	7282.5	0	7282.5
366.588	6709.75	0	6709.75
366.724	6141	0	6141
366.86	5956.25	0	5956.25
366.996	5796	0	5796
367.132	6069.25	0	6069.25
367.268	5472	0	5472
367.404	4893.5	0	4893.5
367.54	4683.75	0	4683.75
367.676	4687	0	4687
367.812	5517.75	0	5517.75
367.948	6912.5	0	6912.5
368.084	6205	0	6205
368.22	5111	0	5111
368.356	4798.25	0	4798.25
368.492	4767.5	0	4767.5
368.627	5097.5	0	5097.5
368.763	5636	0	5636
368.899	5627.75	0	5627.75
369.035	5469.25	0	5469.25
369.171	5821.5	0	5821.5
369.306	6899.75	0	6899.75
369.442	6799.25	0	6799.25
369.578	5516.5	0	5516.5
369.714	5013.75	0	5013.75
369.85	4770.25	0	4770.25
369.985	4980	0	4980
370.121	5160.75	0	5160.75
370.257	4735.5	0	4735.5
370.392	4473	0	4473
370.528	4239.25	0	4239.25
370.664	4223.5	0	4223.5
370.799	4243	0	4243
370.935	4083.25	0	4083.25
371.071	4152.25	0	4152.25
371.206	4664.75	0	4664.75
371.342	5347.5	0	5347.5
371.477	6049	0	6049
371.613	5430.75	0	5430.75
371.749	5034.25	0	5034.25
371.884	5125	0	5125
372.02	4622.25	0	4622.25
372.155	4518.75	0	4518.75
372.291	4876	0	4876
372.426	5431.75	0	5431.75
372.562	6015.5	0	6015.5
372.697	6299.75	0	6299.75
372.833	5241	0	5241
372.968	4767.75	0	4767.75
373.103	5605	0	5605
373.239	5786	0	5786
373.374	5119.5	0	5119.5
373.51	4787.25	0	4787.25
373.645	4624.5	0	4624.5
373.78	4466.25	0	4466.25
373.916	4631	0	4631
374.051	5128.5	0	5128.5
374.186	5200.25	0	5200.25
374.322	4866	0	4866
374.457	4576.25	0	4576.25
374.592	4655.75	0	4655.75
374.728	4821.25	0	4821.25
374.863	4390.25	0	4390.25
374.998	4244.5	0	4244.5
375.133	4018.25	0	4018.25
375.268	4125.5	0	4125.5
375.404	4387.25	0	4387.25
375.539	4373.25	0	4373.25
375.674	4344.5	0	4344.5
375.809	4696.75	0	4696.75
375.944	4701	0	4701
376.08	4843.75	0	4843.75
376.215	4775.25	0	4775.25
376.35	4769.25	0	4769.25
376.485	4564	0	4564
376.62	4543	0	4543
376.755	4808.5	0	4808.5
376.89	5537.25	0	5537.25
377.025	5838.25	0	5838.25
377.16	5279	0	5279
377.295	4511.25	0	4511.25
377.43	4323.25	0	4323.25
377.565	4650.25	0	4650.25
377.7	4805.75	0	4805.75
377.835	5035.75	0	5035.75
377.97	5349.25	0	5349.25
378.105	5300.75	0	5300.75
378.24	5117.75	0	5117.75
378.375	5118.5	0	5118.5
378.51	4997	0	4997
378.645	5150.25	0	5150.25
378.78	5064.5	0	5064.5
378.914	5171.5	0	5171.5
379.049	5842.75	0	5842.75
379.184	6877.25	0	6877.25
379.319	8390.75	0	8390.75
379.454	11106	0	11106
379.589	13703.2	0	13703.2
379.723	14796	0	14796
379.858	14314.8	0	14314.8
379.993	12034	0	12034
380.128	9839	0	9839
380.262	8094.75	0	8094.75
380.397	7274	0	7274
380.532	6623	0	6623
380.666	5975.5	0	5975.5
380.801	5464.25	0	5464.25
380.936	5200	0	5200
381.07	5197.75	0	5197.75
381.205	5002	0	5002
381.34	4947	0	4947
381.474	4831.75	0	4831.75
381.609	4871.25	0	4871.25
381.744	5329.5	0	5329.5
381.878	5713.75	0	5713.75
382.013	5440.5	0	5440.5
382.147	5177.5	0	5177.5
382.282	5461.75	0	5461.75
382.416	6005	0	6005
382.551	6961	0	6961
382.685	7618	0	7618
382.82	7785.25	0	7785.25
382.954	7284.5	0	7284.5
383.089	7355.5	0	7355.5
383.223	8550.75	0	8550.75
383.357	7635.5	0	7635.5
383.492	5782.25	0	5782.25
383.626	4904.25	0	4904.25
383.761	4738	0	4738
383.895	4523.5	0	4523.5
384.029	4399	0	4399
384.164	4373.25	0	4373.25
384.298	4548.25	0	4548.25
384.432	5068	0	5068
384.567	5921	0	5921
384.701	6130	0	6130
384.835	5387.75	0	5387.75
384.97	5055.75	0	5055.75
385.104	5203.25	0	5203.25
385.238	5102	0	5102
385.372	5166.75	0	5166.75
385.506	5430	0	5430
385.641	5715	0	5715
385.775	6578.75	0	6578.75
385.909	7828.75	0	7828.75
386.043	10671	0	10671
386.177	14296.2	0	14296.2
386.311	15419.5	0	15419.5
386.446	14577.5	0	14577.5
386.58	11368.5	0	11368.5
386.714	9884.75	0	9884.75
386.848	8695.75	0	8695.75
386.982	7053.5	0	7053.5
387.116	6146.75	0	6146.75
387.25	5796.5	0	5796.5
387.384	5443.5	0	5443.5
387.518	4845.5	0	4845.5
387.652	4826.25	0	4826.25
387.786	4747.5	0	4747.5
387.92	4600.25	0	4600.25
388.054	4375	0	4375
388.188	4467.75	0	4467.75
388.322	4450.75	0	4450.75
388.456	5171.25	0	5171.25
388.59	6087.25	0	6087.25
388.723	5711	0	5711
388.857	4914.5	0	4914.5
388.991	4585.5	0	4585.5
389.125	4507.25	0	4507.25
389.259	4718.25	0	4718.25
389.393	4931.75	0	4931.75
389.526	5219.75	0	5219.75
389.66	5699	0	5699
389.794	6351.75	0	6351.75
389.928	8647.25	0	8647.25
390.062	12647	0	12647
390.195	14736.5	0	14736.5
390.329	12976.5	0	12976.5
390.463	9808.5	0	9808.5
390.596	8138.25	0	8138.25
390.73	6861.25	0	6861.25
390.864	6326.25	0	6326.25
390.997	5851.5	0	5851.5
391.131	5618.75	0	5618.75
391.265	5427.25	0	5427.25
391.398	5357.75	0	5357.75
391.532	5611.25	0	5611.25
391.665	5604.75	0	5604.75
391.799	4858	0	4858
391.933	4615.75	0	4615.75
392.066	4538	0	4538
392.2	4663.25	0	4663.25
392.333	4547	0	4547
392.467	4322.5	0	4322.5
392.6	4256.5	0	4256.5
392.734	4315	0	4315
392.867	4379.25	0	4379.25
393.001	4108.5	0	4108.5
393.134	3992.5	0	3992.5
393.267	4069.75	0	4069.75
393.401	4248.75	0	4248.75
393.534	4110.25	0	4110.25
393.668	4019.5	0	4019.5
393.801	4089.25	0	4089.25
393.934	4233	0	4233
394.068	5087.5	0	5087.5
394.201	6083.75	0	6083.75
394.334	5281.75	0	5281.75
394.468	4642.25	0	4642.25
394.601	4524.5	0	4524.5
394.734	4289	0	4289
394.867	4092.5	0	4092.5
395.001	4203	0	4203
395.134	4224.75	0	4224.75
395.267	4348	0	4348
395.4	4289	0	4289
395.533	4096	0	4096
395.667	4170.5	0	4170.5
395.8	4366.5	0	4366.5
395.933	4331.5	0	4331.5
396.066	4509.75	0	4509.75
396.199	4437.5	0	4437.5
396.332	4338	0	4338
396.465	4182.25	0	4182.25
396.598	4128.5	0	4128.5
396.732	4421.5	0	4421.5
396.865	4356.5	0	4356.5
396.998	4374.5	0	4374.5
397.131	4769.25	0	4769.25
397.264	5576.25	0	5576.25
397.397	5074.5	0	5074.5
397.53	4537.25	0	4537.25
397.663	4608	0	4608
397.796	4638.75	0	4638.75
397.928	4693.75	0	4693.75
398.061	4733.25	0	4733.25
398.194	4458.75	0	4458.75
398.327	4407.5	0	4407.5
398.46	4666	0	4666
398.593	4528	0	4528
398.726	4119.75	0	4119.75
398.859	4058	0	4058
398.991	4254	0	4254
399.124	4362.5	0	4362.5
399.257	4383.75	0	4383.75
399.39	4246.5	0	4246.5
399.523	4129.25	0	4129.25
399.655	4100	0	4100
399.788	4334	0	4334
399.921	4675.5	0	4675.5
400.054	4502.5	0	4502.5
400.186	4125.25	0	4125.25
400.319	4033.25	0	4033.25
400.452	4050	0	4050
400.584	4279.5	0	4279.5
400.717	4338.75	0	4338.75
400.85	4442.25	0	4442.25
400.982	4324.75	0	4324.75
401.115	4253.75	0	4253.75
401.247	4189.25	0	4189.25
401.38	4091.5	0	4091.5
401.513	4090.75	0	4090.75
401.645	4135	0	4135
401.778	4156.5	0	4156.5
401.91	4463.25	0	4463.25
402.043	4558.25	0	4558.25
402.175	4275.5	0	4275.5
402.308	4549	0	4549
402.44	4242.5	0	4242.5
402.573	4058.75	0	4058.75
402.705	4036.75	0	4036.75
402.837	4073.75	0	4073.75
402.97	4097.75	0	4097.75
403.102	4160.75	0	4160.75
403.235	3992.5	0	3992.5
403.367	4044	0	4044
403.499	4197	0	4197
403.632	4846.5	0	4846.5
403.764	4548	0	4548
403.896	4130.75	0	4130.75
404.029	4138.75	0	4138.75
404.161	4396	0	4396
404.293	4340.5	0	4340.5
404.425	4042	0	4042
404.558	4021.5	0	4021.5
404.69	4031.5	0	4031.5
404.822	3935.25	0	3935.25
404.954	4124.75	0	4124.75
405.086	4143.25	0	4143.25
405.219	4068.25	0	4068.25
405.351	4530	0	4530
405.483	5450.75	0	5450.75
405.615	5566.5	0	5566.5
405.747	5230.75	0	5230.75
405.879	5735.75	0	5735.75
406.011	7090	0	7090
406.143	7562.5	0	7562.5
406.275	5783.75	0	5783.75
406.407	5230	0	5230
406.539	5351.5	0	5351.5
406.672	5790.25	0	5790.25
406.803	8690.25	0	8690.25
406.935	9164	0	9164
407.067	6678.5	0	6678.5
407.199	5373.5	0	5373.5
407.331	5966.75	0	5966.75
407.463	6893.75	0	6893.75
407.595	6212.5	0	6212.5
407.727	5585	0	5585
407.859	6431.75	0	6431.75
407.991	9014.5	0	9014.5
408.123	8726	0	8726
408.255	8671	0	8671
408.386	8030.5	0	8030.5
408.518	6228	0	6228
408.65	5053.25	0	5053.25
408.782	4662.75	0	4662.75
408.914	4255	0	4255
409.045	4143.5	0	4143.5
409.177	4076	0	4076
409.309	4159.25	0	4159.25
409.44	4346.5	0	4346.5
409.572	4728.25	0	4728.25
409.704	4961.75	0	4961.75
409.836	4449.75	0	4449.75
409.967	4510.75	0	4510.75
410.099	4815	0	4815
410.23	4534.25	0	4534.25
410.362	5027	0	5027
410.494	5494.5	0	5494.5
410.625	6420	0	6420
410.757	5344	0	5344
410.888	4319.25	0	4319.25
411.02	4059.5	0	4059.5
411.152	4069	0	4069
411.283	3964.5	0	3964.5
411.415	4168.25	0	4168.25
411.546	4106.75	0	4106.75
411.677	4566	0	4566
411.809	6563.5	0	6563.5
411.94	7210	0	7210
412.072	5693.75	0	5693.75
412.203	5080	0	5080
412.335	5039.5	0	5039.5
412.466	4428	0	4428
412.597	4498.5	0	4498.5
412.729	4886	0	4886
412.86	4664.5	0	4664.5
412.991	4804	0	4804
413.123	5165.5	0	5165.5
413.254	4667	0	4667
413.385	4175	0	4175
413.517	4153.5	0	4153.5
413.648	4134.5	0	4134.5
413.779	4093.5	0	4093.5
413.91	4446	0	4446
414.042	5383.25	0	5383.25
414.173	8953.75	0	8953.75
414.304	9487.5	0	9487.5
414.435	6664.25	0	6664.25
414.566	5249.75	0	5249.75
414.697	5301.75	0	5301.75
414.828	5258	0	5258
414.96	4532.25	0	4532.25
415.091	4264.75	0	4264.75
415.222	4232	0	4232
415.353	5173	0	5173
415.484	5605	0	5605
415.615	5857.75	0	5857.75
415.746	4875	0	4875
415.877	4127.75	0	4127.75
416.008	4026	0	4026
416.139	4727.75	0	4727.75
416.27	4301.5	0	4301.5
416.401	3985.25	0	3985.25
416.532	3853	0	3853
416.663	3991.75	0	3991.75
416.794	3887	0	3887
416.925	4019.5	0	4019.5
417.055	3957.75	0	3957.75
417.186	3781.75	0	3781.75
417.317	3772	0	3772
417.448	3863.75	0	3863.75
417.579	4469.75	0	4469.75
417.71	5017.5	0	5017.5
417.84	4556.5	0	4556.5
417.971	4461.75	0	4461.75
418.102	4349.5	0	4349.5
418.233	4594.5	0	4594.5
418.363	5989.75	0	5989.75
418.494	7702.5	0	7702.5
418.625	9122.5	0	9122.5
418.756	10340.5	0	10340.5
418.886	7531.75	0	7531.75
419.017	5655.5	0	5655.5
419.148	4937.25	0	4937.25
419.278	5721	0	5721
419.409	5371.75	0	5371.75
419.539	4339	0	4339
419.67	3943.25	0	3943.25
419.801	3927.75	0	3927.75
419.931	4170	0	4170
420.062	4161.5	0	4161.5
420.192	3768	0	3768
420.323	3899.75	0	3899.75
420.453	4027	0	4027
420.584	3940.75	0	3940.75
420.714	3668.25	0	3668.25
420.845	3546.75	0	3546.75
420.975	3513.5	0	3513.5
421.106	3412.25	0	3412.25
421.236	3324	0	3324
421.366	3375.25	0	3375.25
421.497	3216.5	0	3216.5
421.627	3330.5	0	3330.5
421.757	3531.75	0	3531.75
421.888	3462.25	0	3462.25
422.018	3488.25	0	3488.25
422.148	3491	0	3491
422.279	3658.75	0	3658.75
422.409	3674.5	0	3674.5
422.539	4067.75	0	4067.75
422.67	3845.75	0	3845.75
422.8	3824.5	0	3824.5
422.93	4548	0	4548
423.06	7491.75	0	7491.75
423.19	8849.5	0	8849.5
423.321	6373	0	6373
423.451	4917.5	0	4917.5
423.581	4614.5	0	4614.5
423.711	4638.5	0	4638.5
423.841	5819.25	0	5819.25
423.971	6311.75	0	6311.75
424.101	4894.75	0	4894.75
424.231	4239.5	0	4239.5
424.361	4455.75	0	4455.75
424.492	5513.75	0	5513.75
424.622	4498.5	0	4498.5
424.752	4023.5	0	4023.5
424.882	4198.25	0	4198.25
425.012	5127	0	5127
425.142	5196.5	0	5196.5
425.271	4816	0	4816
425.401	4829.25	0	4829.25
425.531	4268.75	0	4268.75
425.661	3967.5	0	3967.5
425.791	3871	0	3871
425.921	4471	0	4471
426.051	4271.25	0	4271.25
426.181	3759.5	0	3759.5
426.311	3861.5	0	3861.5
426.44	4112.5	0	4112.5
426.57	4392.75	0	4392.75
426.7	5085.25	0	5085.25
426.83	5740	0	5740
426.96	4705.75	0	4705.75
427.089	4520	0	4520
427.219	5045	0	5045
427.349	5242.75	0	5242.75
427.479	8176.5	0	8176.5
427.608	11546.5	0	11546.5
427.738	8248.5	0	8248.5
427.868	5686.75	0	5686.75
427.997	5057.5	0	5057.5
428.127	4424.5	0	4424.5
428.256	4459.75	0	4459.75
428.386	4638	0	4638
428.516	5721	0	5721
428.645	7768.5	0	7768.5
428.775	9152.75	0	9152.75
428.904	7318.5	0	7318.5
429.034	7906	0	7906
429.163	9497.75	0	9497.75
429.293	7909.75	0	7909.75
429.422	5201	0	5201
429.552	4417.25	0	4417.25
429.681	4029.75	0	4029.75
429.811	3713	0	3713
429.94	3586.5	0	3586.5
430.069	3458.5	0	3458.5
430.199	3266.75	0	3266.75
430.328	3334	0	3334
430.458	3239.75	0	3239.75
430.587	3096.25	0	3096.25
430.716	3184	0	3184
430.846	3301.5	0	3301.5
430.975	3336.25	0	3336.25
431.104	3416	0	3416
431.233	3524.75	0	3524.75
431.363	3280	0	3280
431.492	3460.5	0	3460.5
431.621	4118.25	0	4118.25
431.75	4110.75	0	4110.75
431.88	3430	0	3430
432.009	3609.75	0	3609.75
432.138	3657.75	0	3657.75
432.267	3830.25	0	3830.25
432.396	5859.5	0	5859.5
432.525	8324.75	0	8324.75
432.654	5573.5	0	5573.5
432.784	4135	0	4135
432.913	3751.25	0	3751.25
433.042	3401.5	0	3401.5
433.171	3439	0	3439
433.3	3594	0	3594
433.429	3349.5	0	3349.5
433.558	3181.25	0	3181.25
433.687	3214.25	0	3214.25
433.816	3558.75	0	3558.75
433.945	4051.5	0	4051.5
434.074	3953	0	3953
434.203	3175.25	0	3175.25
434.332	3037.75	0	3037.75
434.46	2926.5	0	2926.5
434.589	2892.5	0	2892.5
434.718	2953	0	2953
434.847	3754.25	0	3754.25
434.976	4127	0	4127
435.105	3389	0	3389
435.233	3102.25	0	3102.25
435.362	2887.75	0	2887.75
435.491	2834.75	0	2834.75
435.62	3043.75	0	3043.75
435.749	3065.5	0	3065.5
435.877	3022.25	0	3022.25
436.006	3212.5	0	3212.5
436.135	3557.5	0	3557.5
436.263	3643.5	0	3643.5
436.392	3522	0	3522
436.521	3777.75	0	3777.75
436.649	3630	0	3630
436.778	4260.75	0	4260.75
436.907	3640.5	0	3640.5
437.035	3253.5	0	3253.5
437.164	3386	0	3386
437.292	3704	0	3704
437.421	4000	0	4000
437.549	3814.75	0	3814.75
437.678	3672.5	0	3672.5
437.806	4254	0	4254
437.935	6778.25	0	6778.25
438.063	8978	0	8978
438.192	6198.5	0	6198.5
438.32	4562.25	0	4562.25
438.449	3668.25	0	3668.25
438.577	3427.25	0	3427.25
438.706	3172.25	0	3172.25
438.834	3168.25	0	3168.25
438.962	3237.25	0	3237.25
439.091	3501.75	0	3501.75
439.219	3359.75	0	3359.75
439.347	3523.75	0	3523.75
439.476	3833.75	0	3833.75
439.604	4477.25	0	4477.25
439.732	3456.5	0	3456.5
439.86	3062	0	3062
439.989	3085	0	3085
440.117	3541	0	3541
440.245	3489.75	0	3489.75
440.373	3216.25	0	3216.25
440.501	3035.75	0	3035.75
440.63	3205.5	0	3205.5
440.758	3680.25	0	3680.25
440.886	4885	0	4885
441.014	7648.75	0	7648.75
441.142	6807	0	6807
441.27	4555	0	4555
441.398	3543.25	0	3543.25
441.526	3224.75	0	3224.75
441.654	3011	0	3011
441.782	2946.75	0	2946.75
441.91	3079.5	0	3079.5
442.038	3234.25	0	3234.25
442.166	3688.5	0	3688.5
442.294	3894.75	0	3894.75
442.422	3607.5	0	3607.5
442.55	4200.5	0	4200.5
442.678	3501.75	0	3501.75
442.806	3181.5	0	3181.5
442.934	3004	0	3004
443.062	3215.5	0	3215.5
443.19	3809.75	0	3809.75
443.318	6030.5	0	6030.5
443.445	6498.25	0	6498.25
443.573	4893.75	0	4893.75
443.701	3844.75	0	3844.75
443.829	3581	0	3581
443.957	3562.25	0	3562.25
444.084	4373.25	0	4373.25
444.212	4153.5	0	4153.5
444.34	3522.5	0	3522.5
444.467	3418.5	0	3418.5
444.595	3627.25	0	3627.25
444.723	3562.25	0	3562.25
444.85	4677	0	4677
444.978	3794.25	0	3794.25
445.106	3175	0	3175
445.233	3033.75	0	3033.75
445.361	3159.25	0	3159.25
445.489	3594	0	3594
445.616	5344.25	0	5344.25
445.744	4087	0	4087
445.871	3256.5	0	3256.5
445.999	3188.75	0	3188.75
446.126	2920.75	0	2920.75
446.254	2900.25	0	2900.25
446.381	2931.75	0	2931.75
446.509	2923.75	0	2923.75
446.636	3688.5	0	3688.5
446.764	4001.5	0	4001.5
446.891	3341.25	0	3341.25
447.018	3621	0	3621
447.146	4017	0	4017
447.273	5733.75	0	5733.75
447.4	6206.5	0	6206.5
447.528	4033.25	0	4033.25
447.655	3172.75	0	3172.75
447.782	2917	0	2917
447.91	2701.5	0	2701.5
448.037	2773.25	0	2773.25
448.164	2839.75	0	2839.75
448.291	3259.5	0	3259.5
448.419	3920.25	0	3920.25
448.546	3538.25	0	3538.25
448.673	3197.75	0	3197.75
448.8	3509.5	0	3509.5
448.927	3989.5	0	3989.5
449.055	4383.25	0	4383.25
449.182	3817.75	0	3817.75
449.309	3373	0	3373
449.436	3116	0	3116
449.563	2981.25	0	2981.25
449.69	2885.25	0	2885.25
449.817	2928	0	2928
449.944	3009.75	0	3009.75
450.071	3089.5	0	3089.5
450.198	2834.75	0	2834.75
450.325	2892.75	0	2892.75
450.452	3433.75	0	3433.75
450.579	3356	0	3356
450.706	2897	0	2897
450.833	2808.5	0	2808.5
450.96	2749.5	0	2749.5
451.087	3388.5	0	3388.5
451.214	3052.75	0	3052.75
451.341	3209.5	0	3209.5
451.467	3405	0	3405
451.594	4385.75	0	4385.75
451.721	3812	0	3812
451.848	3249.5	0	3249.5
451.975	3122	0	3122
452.101	3284	0	3284
452.228	3655.5	0	3655.5
452.355	4073.5	0	4073.5
452.482	3400	0	3400
452.608	3172.5	0	3172.5
452.735	3235.25	0	3235.25
452.862	3556.75	0	3556.75
452.988	3337.5	0	3337.5
453.115	3002	0	3002
453.242	2945	0	2945
453.368	3331.75	0	3331.75
453.495	4509	0	4509
453.621	4931.25	0	4931.25
453.748	3736.75	0	3736.75
453.875	3154	0	3154
454.001	3145	0	3145
454.128	2905.5	0	2905.5
454.254	2592.75	0	2592.75
454.381	2556	0	2556
454.507	2500.75	0	2500.75
454.633	2610	0	2610
454.76	2608	0	2608
454.886	2502.5	0	2502.5
455.013	2527.25	0	2527.25
455.139	2797	0	2797
455.266	2978.25	0	2978.25
455.392	2533.5	0	2533.5
455.518	2460.5	0	2460.5
455.645	2856.25	0	2856.25
455.771	2945.25	0	2945.25
455.897	3114.25	0	3114.25
456.023	2551	0	2551
456.15	2432.75	0	2432.75
456.276	2400.25	0	2400.25
456.402	2367.75	0	2367.75
456.528	2531.75	0	2531.75
456.655	3040.5	0	3040.5
456.781	2817.5	0	2817.5
456.907	2900.25	0	2900.25
457.033	2580.5	0	2580.5
457.159	2577.5	0	2577.5
457.285	2588	0	2588
457.411	2929.75	0	2929.75
457.538	3583.25	0	3583.25
457.664	2884.25	0	2884.25
457.79	2545	0	2545
457.916	2347.5	0	2347.5
458.042	2387.5	0	2387.5
458.168	2563.75	0	2563.75
458.294	2391.75	0	2391.75
458.42	2543	0	2543
458.546	2758.5	0	2758.5
458.672	2712.25	0	2712.25
458.798	2502.5	0	2502.5
458.924	2410.5	0	2410.5
459.049	2548.75	0	2548.75
459.175	2556.25	0	2556.25
459.301	2749.75	0	2749.75
459.427	3049.75	0	3049.75
459.553	2526.5	0	2526.5
459.679	2656.5	0	2656.5
459.805	2726.25	0	2726.25
459.93	2408.5	0	2408.5
460.056	2260.5	0	2260.5
460.182	2326.75	0	2326.75
460.308	2296.5	0	2296.5
460.433	2250.75	0	2250.75
460.559	2343	0	2343
460.685	2657.75	0	2657.75
460.81	3691	0	3691
460.936	4067.25	0	4067.25
461.062	2953	0	2953
461.187	2488	0	2488
461.313	2411.5	0	2411.5
461.439	2497.5	0	2497.5
461.564	2535.75	0	2535.75
461.69	2645.5	0	2645.5
461.815	2388.25	0	2388.25
461.941	2656.25	0	2656.25
462.066	3093	0	3093
462.192	2809	0	2809
462.317	2771	0	2771
462.443	3492.25	0	3492.25
462.568	4681.25	0	4681.25
462.694	3532.5	0	3532.5
462.819	2972.25	0	2972.25
462.944	2788.5	0	2788.5
463.07	2775.25	0	2775.25
463.195	2831.75	0	2831.75
463.321	2707	0	2707
463.446	2466.75	0	2466.75
463.571	2337	0	2337
463.697	2386.75	0	2386.75
463.822	2440	0	2440
463.947	2427.5	0	2427.5
464.072	2447	0	2447
464.198	2510	0	2510
464.323	2349.5	0	2349.5
464.448	2405.5	0	2405.5
464.573	2551.5	0	2551.5
464.698	2861.5	0	2861.5
464.824	2650.75	0	2650.75
464.949	2610.25	0	2610.25
465.074	2494.5	0	2494.5
465.199	2508.75	0	2508.75
465.324	2513	0	2513
465.449	2593	0	2593
465.574	2522.75	0	2522.75
465.699	2433.75	0	2433.75
465.824	2475.5	0	2475.5
465.949	2411.5	0	2411.5
466.074	3430.75	0	3430.75
466.199	3717.5	0	3717.5
466.324	2691	0	2691
466.449	2525.25	0	2525.25
466.574	2436	0	2436
466.699	2516	0	2516
466.824	2583	0	2583
466.949	2885.5	0	2885.5
467.074	3515.25	0	3515.25
467.199	2855	0	2855
467.323	2555.75	0	2555.75
467.448	2427.5	0	2427.5
467.573	2449	0	2449
467.698	2380.25	0	2380.25
467.823	2381.25	0	2381.25
467.947	2510	0	2510
468.072	2668.5	0	2668.5
468.197	2608	0	2608
468.322	2749.75	0	2749.75
468.446	3021.25	0	3021.25
468.571	3136.75	0	3136.75
468.696	3935.25	0	3935.25
468.82	3330.75	0	3330.75
468.945	3164.5	0	3164.5
469.069	3003.75	0	3003.75
469.194	2924.5	0	2924.5
469.319	3061.75	0	3061.75
469.443	2868.5	0	2868.5
469.568	2758.5	0	2758.5
469.692	2745	0	2745
469.817	2773	0	2773
469.941	3032.5	0	3032.5
470.066	2848	0	2848
470.19	2831.75	0	2831.75
470.315	3168.25	0	3168.25
470.439	4249.5	0	4249.5
470.563	7146.5	0	7146.5
470.688	7268.5	0	7268.5
470.812	4555	0	4555
470.937	3599.25	0	3599.25
471.061	3167.5	0	3167.5
471.185	3019.25	0	3019.25
471.31	3067.5	0	3067.5
471.434	3058.5	0	3058.5
471.558	3358.25	0	3358.25
471.682	4489.25	0	4489.25
471.807	3745.25	0	3745.25
471.931	3176.25	0	3176.25
472.055	3090	0	3090
472.179	3441.25	0	3441.25
472.303	3328.25	0	3328.25
472.428	3255.75	0	3255.75
472.552	3179.75	0	3179.75
472.676	3644.5	0	3644.5
472.8	4761.25	0	4761.25
472.924	5728.25	0	5728.25
473.048	8471.5	0	8471.5
473.172	5471	0	5471
473.296	4208.5	0	4208.5
473.42	3779.75	0	3779.75
473.544	3594.75	0	3594.75
473.668	3370.25	0	3370.25
473.792	3186.25	0	3186.25
473.916	3269.75	0	3269.75
474.04	3160	0	3160
474.164	3209.5	0	3209.5
474.288	3173.75	0	3173.75
474.412	3084.25	0	3084.25
474.536	3022.5	0	3022.5
474.66	3228	0	3228
474.784	3538.5	0	3538.5
474.908	4439	0	4439
475.031	3807.75	0	3807.75
475.155	3403.25	0	3403.25
475.279	3421.25	0	3421.25
475.403	3532.75	0	3532.75
475.526	3786.25	0	3786.25
475.65	4438.5	0	4438.5
475.774	5799.25	0	5799.25
475.898	9835.25	0	9835.25
476.021	7308	0	7308
476.145	5117.75	0	5117.75
476.269	4776.5	0	4776.5
476.392	4361.25	0	4361.25
476.516	3912.25	0	3912.25
476.64	3600	0	3600
476.763	3558.5	0	3558.5
476.887	3547.75	0	3547.75
477.01	3491.75	0	3491.75
477.134	3906.75	0	3906.75
477.257	4806.25	0	4806.25
477.381	4634.75	0	4634.75
477.504	5858	0	5858
477.628	4442	0	4442
477.751	3682.5	0	3682.5
477.875	3412.25	0	3412.25
477.998	3334	0	3334
478.122	3845	0	3845
478.245	4153.75	0	4153.75
478.368	4703.75	0	4703.75
478.492	4249.25	0	4249.25
478.615	4010	0	4010
478.738	3847.75	0	3847.75
478.862	3662.5	0	3662.5
478.985	3573	0	3573
479.108	4359.75	0	4359.75
479.231	5195.25	0	5195.25
479.355	4392	0	4392
479.478	4708	0	4708
479.601	4585.5	0	4585.5
479.724	3683.5	0	3683.5
479.848	3497.75	0	3497.75
479.971	3491.25	0	3491.25
480.094	3380	0	3380
480.217	3329	0	3329
480.34	3644.25	0	3644.25
480.463	3955.5	0	3955.5
480.586	3677.75	0	3677.75
480.709	4132.25	0	4132.25
480.832	3802	0	3802
480.955	4311.25	0	4311.25
481.078	4369.25	0	4369.25
481.201	4191	0	4191
481.324	4034.75	0	4034.75
481.447	3825.75	0	3825.75
481.57	4130.75	0	4130.75
481.693	5572.25	0	5572.25
481.816	8653	0	8653
481.939	5526.5	0	5526.5
482.062	4380.5	0	4380.5
482.185	4203	0	4203
482.307	3863.75	0	3863.75
482.43	3896.75	0	3896.75
482.553	3739.25	0	3739.25
482.676	4369.5	0	4369.5
482.799	5297	0	5297
482.921	8587	0	8587
483.044	6397	0	6397
483.167	5171.75	0	5171.75
483.29	4910.25	0	4910.25
483.412	4201.75	0	4201.75
483.535	3816	0	3816
483.658	3714.25	0	3714.25
483.78	3768	0	3768
483.903	3517.25	0	3517.25
484.025	3368.5	0	3368.5
484.148	3324.25	0	3324.25
484.271	3368.25	0	3368.25
484.393	3697.25	0	3697.25
484.516	3646.75	0	3646.75
484.638	3354.5	0	3354.5
484.761	3583.75	0	3583.75
484.883	3402.25	0	3402.25
485.006	3380.75	0	3380.75
485.128	3321	0	3321
485.251	3253.75	0	3253.75
485.373	3360.5	0	3360.5
485.495	3314.75	0	3314.75
485.618	3613.5	0	3613.5
485.74	4288	0	4288
485.863	3916.5	0	3916.5
485.985	3886.75	0	3886.75
486.107	3517.5	0	3517.5
486.229	3399.75	0	3399.75
486.352	3578.75	0	3578.75
486.474	3900.75	0	3900.75
486.596	4929	0	4929
486.719	7102.75	0	7102.75
486.841	4977	0	4977
486.963	3734	0	3734
487.085	3468.5	0	3468.5
487.207	3350.5	0	3350.5
487.329	3210	0	3210
487.452	3267.5	0	3267.5
487.574	3178.25	0	3178.25
487.696	3422.75	0	3422.75
487.818	3204	0	3204
487.94	3259.5	0	3259.5
488.062	3259.5	0	3259.5
488.184	3164.25	0	3164.25
488.306	3378.5	0	3378.5
488.428	3627	0	3627
488.55	3744.5	0	3744.5
488.672	3427.75	0	3427.75
488.794	3341.75	0	3341.75
488.916	3230.75	0	3230.75
489.038	3104.75	0	3104.75
489.16	3074.75	0	3074.75
489.281	3221	0	3221
489.403	3171	0	3171
489.525	3150	0	3150
489.647	3267.5	0	3267.5
489.769	3044.5	0	3044.5
489.891	3069	0	3069
490.012	2990.25	0	2990.25
490.134	3047.5	0	3047.5
490.256	3827.5	0	3827.5
490.378	3204.25	0	3204.25
490.499	3134.75	0	3134.75
490.621	3487.75	0	3487.75
490.743	3421.5	0	3421.5
490.864	3188.75	0	3188.75
490.986	2943.25	0	2943.25
491.108	2882	0	2882
491.229	2928	0	2928
491.351	2748.75	0	2748.75
491.472	2838.5	0	2838.5
491.594	2924.75	0	2924.75
491.715	2923.75	0	2923.75
491.837	2924	0	2924
491.958	3030	0	3030
492.08	3037.75	0	3037.75
492.201	3193	0	3193
492.323	3258	0	3258
492.444	3621.75	0	3621.75
492.566	3814.5	0	3814.5
492.687	3142.5	0	3142.5
492.808	2906.5	0	2906.5
492.93	2961.75	0	2961.75
493.051	3168	0	3168
493.172	4028	0	4028
493.294	3651.75	0	3651.75
493.415	2977	0	2977
493.536	2863	0	2863
493.658	2844.25	0	2844.25
493.779	2894	0	2894
493.9	3050	0	3050
494.021	3989.5	0	3989.5
494.143	3779.75	0	3779.75
494.264	3263.25	0	3263.25
494.385	3081.75	0	3081.75
494.506	2949	0	2949
494.627	2902	0	2902
494.748	3032	0	3032
494.869	3614.25	0	3614.25
494.99	4395.5	0	4395.5
495.111	3388.75	0	3388.75
495.232	2952	0	2952
495.353	3009.75	0	3009.75
495.475	3107.25	0	3107.25
495.595	4469	0	4469
495.716	4094	0	4094
495.837	3124.75	0	3124.75
495.958	2972	0	2972
496.079	2877.25	0	2877.25
496.2	3059.5	0	3059.5
496.321	3689.25	0	3689.25
496.442	3187.5	0	3187.5
496.563	2911.25	0	2911.25
496.684	2890.75	0	2890.75
496.804	3049.5	0	3049.5
496.925	3071.75	0	3071.75
497.046	2774	0	2774
497.167	2927.75	0	2927.75
497.287	2896.5	0	2896.5
497.408	2765.75	0	2765.75
497.529	2935	0	2935
497.65	3144	0	3144
497.77	4682.5	0	4682.5
497.891	3746.25	0	3746.25
498.012	2963	0	2963
498.132	2881.5	0	2881.5
498.253	2821.25	0	2821.25
498.373	2768.75	0	2768.75
498.494	2827.25	0	2827.25
498.614	2680.5	0	2680.5
498.735	2763	0	2763
498.856	2625.25	0	2625.25
498.976	2553	0	2553
499.096	2637.75	0	2637.75
499.217	2697.5	0	2697.5
499.337	2680.5	0	2680.5
499.458	2721.25	0	2721.25
499.578	2602.5	0	2602.5
499.699	2748	0	2748
499.819	3485.75	0	3485.75
499.939	3555.5	0	3555.5
500.06	2831.25	0	2831.25
500.18	2682	0	2682
500.3	2566	0	2566
500.421	2601.5	0	2601.5
500.541	2628.75	0	2628.75
500.661	2779.25	0	2779.25
500.781	2759.5	0	2759.5
500.902	2803.75	0	2803.75
501.022	2881.25	0	2881.25
501.142	2914.5	0	2914.5
501.262	3448.75	0	3448.75
501.382	4249	0	4249
501.502	3392	0	3392
501.623	3178.75	0	3178.75
501.743	2881.25	0	2881.25
501.863	2932	0	2932
501.983	2894	0	2894
502.103	2750.25	0	2750.25
502.223	2742.5	0	2742.5
502.343	2670.75	0	2670.75
502.463	2714.5	0	2714.5
502.583	2651.25	0	2651.25
502.703	2914.75	0	2914.75
502.823	3287	0	3287
502.943	3272	0	3272
503.063	2945	0	2945
503.182	2783.25	0	2783.25
503.302	2708	0	2708
503.422	2579.5	0	2579.5
503.542	2601.75	0	2601.75
503.662	2679	0	2679
503.782	2764.25	0	2764.25
503.901	2580	0	2580
504.021	2464.5	0	2464.5
504.141	2499	0	2499
504.261	2581.75	0	2581.75
504.38	2653.75	0	2653.75
504.5	2872.25	0	2872.25
504.62	3389.75	0	3389.75
504.739	3064.75	0	3064.75
504.859	2636	0	2636
504.979	2556.5	0	2556.5
505.098	2620.75	0	2620.75
505.218	2767.5	0	2767.5
505.338	3009	0	3009
505.457	2882.75	0	2882.75
505.577	2824.25	0	2824.25
505.696	3043	0	3043
505.816	4149.75	0	4149.75
505.935	4296.25	0	4296.25
506.055	3019	0	3019
506.174	2863.25	0	2863.25
506.293	2732.5	0	2732.5
506.413	2679.5	0	2679.5
506.532	2649.75	0	2649.75
506.652	2643.75	0	2643.75
506.771	2563.25	0	2563.25
506.89	2537.5	0	2537.5
507.01	2532.75	0	2532.75
507.129	2680	0	2680
507.248	2705	0	2705
507.368	2818.75	0	2818.75
507.487	2724.25	0	2724.25
507.606	2791.5	0	2791.5
507.725	2826	0	2826
507.844	3754.75	0	3754.75
507.964	3500	0	3500
508.083	2868.75	0	2868.75
508.202	2687.25	0	2687.25
508.321	2842.25	0	2842.25
508.44	2660	0	2660
508.559	2644.75	0	2644.75
508.678	2667.5	0	2667.5
508.797	2675.25	0	2675.25
508.916	2978.75	0	2978.75
509.035	3348.75	0	3348.75
509.154	3269.5	0	3269.5
509.273	2865	0	2865
509.392	2943.25	0	2943.25
509.511	3835.5	0	3835.5
509.63	4483	0	4483
509.749	3451.5	0	3451.5
509.868	2977	0	2977
509.987	2860.75	0	2860.75
510.106	2670.75	0	2670.75
510.225	2598.75	0	2598.75
510.344	2634.75	0	2634.75
510.462	2510.25	0	2510.25
510.581	2532	0	2532
510.7	2634.5	0	2634.5
510.819	3523.5	0	3523.5
510.937	3315	0	3315
511.056	2685.75	0	2685.75
511.175	2586.25	0	2586.25
511.294	2718.75	0	2718.75
511.412	3212	0	3212
511.531	2759	0	2759
511.649	2688	0	2688
511.768	2616.75	0	2616.75
511.887	2517	0	2517
512.005	2608.5	0	2608.5
512.124	2644.25	0	2644.25
512.242	2719.5	0	2719.5
512.361	2770	0	2770
512.479	2689	0	2689
512.598	2768.5	0	2768.5
512.716	2711.75	0	2711.75
512.835	2659.5	0	2659.5
512.953	2596	0	2596
513.072	2694.25	0	2694.25
513.19	2667.75	0	2667.75
513.308	2620.5	0	2620.5
513.427	2618.75	0	2618.75
513.545	2584.25	0	2584.25
513.664	2534.75	0	2534.75
513.782	2563.5	0	2563.5
513.9	2627.25	0	2627.25
514.018	2714	0	2714
514.137	2675.25	0	2675.25
514.255	2683	0	2683
514.373	3242.25	0	3242.25
514.491	3360.25	0	3360.25
514.609	3399	0	3399
514.728	3061.25	0	3061.25
514.846	2745	0	2745
514.964	2597.75	0	2597.75
515.082	2489.25	0	2489.25
515.2	2502.25	0	2502.25
515.318	2542.25	0	2542.25
515.436	2570.75	0	2570.75
515.554	2587	0	2587
515.672	2583.25	0	2583.25
515.79	2514.75	0	2514.75
515.908	2611.75	0	2611.75
516.026	2695.5	0	2695.5
516.144	2885.25	0	2885.25
516.262	2947.75	0	2947.75
516.38	2840.5	0	2840.5
516.498	2912	0	2912
516.616	3466	0	3466
516.734	3423.25	0	3423.25
516.852	3238.5	0	3238.5
516.969	3767.75	0	3767.75
517.087	3851.75	0	3851.75
517.205	3937.5	0	3937.5
517.323	3589.75	0	3589.75
517.44	3025.25	0	3025.25
517.558	2781.5	0	2781.5
517.676	2735	0	2735
517.794	2944	0	2944
517.911	3128.5	0	3128.5
518.029	2938.25	0	2938.25
518.147	2711.25	0	2711.25
518.264	2642.75	0	2642.75
518.382	2623	0	2623
518.5	2556.5	0	2556.5
518.617	2547.75	0	2547.75
518.735	2654.25	0	2654.25
518.852	2697	0	2697
518.97	2726.25	0	2726.25
519.087	2749.25	0	2749.25
519.205	2679	0	2679
519.322	2655.25	0	2655.25
519.44	2605.75	0	2605.75
519.557	2657.25	0	2657.25
519.674	2733.25	0	2733.25
519.792	2981.5	0	2981.5
519.909	3708.75	0	3708.75
520.026	3039.5	0	3039.5
520.144	2639.25	0	2639.25
520.261	2678.75	0	2678.75
520.378	2618.5	0	2618.5
520.496	2553.5	0	2553.5
520.613	2613	0	2613
520.73	2523.75	0	2523.75
520.847	2588	0	2588
520.965	2659.25	0	2659.25
521.082	2749	0	2749
521.199	2502	0	2502
521.316	2421	0	2421
521.433	2499	0	2499
521.55	2490.25	0	2490.25
521.667	2499	0	2499
521.785	3043.25	0	3043.25
521.902	2852	0	2852
522.019	2605.25	0	2605.25
522.136	2482.75	0	2482.75
522.253	2420.75	0	2420.75
522.37	2474.25	0	2474.25
522.487	2550.25	0	2550.25
522.604	2540.75	0	2540.75
522.721	2661.5	0	2661.5
522.838	2698	0	2698
522.954	3101.25	0	3101.25
523.071	3202.75	0	3202.75
523.188	3011	0	3011
523.305	3256.75	0	3256.75
523.422	3044.75	0	3044.75
523.539	3104.75	0	3104.75
523.655	3750	0	3750
523.772	3693.5	0	3693.5
523.889	3555.5	0	3555.5
524.006	3577.5	0	3577.5
524.122	3332	0	3332
524.239	3039.5	0	3039.5
524.356	2950	0	2950
524.472	3100.25	0	3100.25
524.589	2597	0	2597
524.706	2455.5	0	2455.5
524.822	2432.5	0	2432.5
524.939	2526	0	2526
525.055	2441.25	0	2441.25
525.172	2408	0	2408
525.289	2376	0	2376
525.405	2453.25	0	2453.25
525.522	2395.25	0	2395.25
525.638	2446.75	0	2446.75
525.754	3159.25	0	3159.25
525.871	3173.5	0	3173.5
525.987	3034.75	0	3034.75
526.104	2657.25	0	2657.25
526.22	2403	0	2403
526.336	2240.25	0	2240.25
526.453	2249.5	0	2249.5
526.569	2225	0	2225
526.685	2173.75	0	2173.75
526.802	2233.5	0	2233.5
526.918	2121.75	0	2121.75
527.034	2300.75	0	2300.75
527.151	2272.75	0	2272.75
527.267	2177	0	2177
527.383	2149	0	2149
527.499	2282.5	0	2282.5
527.615	2301.5	0	2301.5
527.732	2409	0	2409
527.848	3058.25	0	3058.25
527.964	3559	0	3559
528.08	2792	0	2792
528.196	2476.25	0	2476.25
528.312	2499.75	0	2499.75
528.428	2286.75	0	2286.75
528.544	2121.75	0	2121.75
528.66	2084	0	2084
528.776	2050.75	0	2050.75
528.892	2079.5	0	2079.5
529.008	2225	0	2225
529.124	2426.5	0	2426.5
529.24	2358.25	0	2358.25
529.356	2285.5	0	2285.5
529.471	2377.5	0	2377.5
529.587	2215	0	2215
529.703	2128	0	2128
529.819	2067.75	0	2067.75
529.935	1990	0	1990
530.05	1965.25	0	1965.25
530.166	2036.75	0	2036.75
530.282	2117.5	0	2117.5
530.398	2066.5	0	2066.5
530.513	2076	0	2076
530.629	1988.25	0	1988.25
530.745	1979	0	1979
530.86	1951.5	0	1951.5
530.976	1933.25	0	1933.25
531.092	1965.25	0	1965.25
531.207	2237.75	0	2237.75
531.323	2448.75	0	2448.75
531.438	2267.25	0	2267.25
531.554	2036.25	0	2036.25
531.669	2032.25	0	2032.25
531.785	2040.5	0	2040.5
531.9	2016	0	2016
532.016	1956.25	0	1956.25
532.131	1891.25	0	1891.25
532.247	1949.75	0	1949.75
532.362	1987.75	0	1987.75
532.477	1939.25	0	1939.25
532.593	2097.75	0	2097.75
532.708	2032.75	0	2032.75
532.823	1970	0	1970
532.939	1936	0	1936
533.054	1922.75	0	1922.75
533.169	1910.5	0	1910.5
533.285	1885	0	1885
533.4	1877.75	0	1877.75
533.515	1906	0	1906
533.63	1970	0	1970
533.745	1927.75	0	1927.75
533.861	1913.25	0	1913.25
533.976	1861	0	1861
534.091	1858.25	0	1858.25
534.206	1871.5	0	1871.5
534.321	1843	0	1843
534.436	1857.25	0	1857.25
534.551	1888.75	0	1888.75
534.666	1791.25	0	1791.25
534.781	1901.5	0	1901.5
534.896	1999.5	0	1999.5
535.011	2019.75	0	2019.75
535.126	2098	0	2098
535.241	2147.75	0	2147.75
535.356	2476.25	0	2476.25
535.471	2558	0	2558
535.586	2445	0	2445
535.701	2383.75	0	2383.75
535.815	2665.5	0	2665.5
535.93	3516.75	0	3516.75
536.045	3378	0	3378
536.16	2861.25	0	2861.25