Lambda	Spectrum	Dark	SpecMinusDark
268.175	157	0	157
268.319	152.75	0	152.75
268.463	177.25	0	177.25
268.607	176.25	0	176.25
268.751	179.5	0	179.5
268.895	181.75	0	181.75
269.039	176.5	0	176.5
269.183	182	0	182
269.327	215.25	0	215.25
269.47	244	0	244
269.614	255.5	0	255.5
269.758	292	0	292
269.902	250.25	0	250.25
270.046	281.5	0	281.5
270.19	236.75	0	236.75
270.334	253.5	0	253.5
270.477	204.75	0	204.75
270.621	219	0	219
270.765	208.5	0	208.5
270.909	209.25	0	209.25
271.053	226	0	226
271.196	240.75	0	240.75
271.34	283.25	0	283.25
271.484	302.5	0	302.5
271.628	283.25	0	283.25
271.771	290.25	0	290.25
271.915	283.5	0	283.5
272.059	296	0	296
272.202	298	0	298
272.346	289.5	0	289.5
272.49	278.25	0	278.25
272.634	262.5	0	262.5
272.777	236.75	0	236.75
272.921	252.75	0	252.75
273.064	265	0	265
273.208	280	0	280
273.352	272.5	0	272.5
273.495	260.25	0	260.25
273.639	248	0	248
273.783	262.25	0	262.25
273.926	260.25	0	260.25
274.07	284	0	284
274.213	263.25	0	263.25
274.357	281.25	0	281.25
274.5	323.75	0	323.75
274.644	338.5	0	338.5
274.787	343.25	0	343.25
274.931	336.5	0	336.5
275.074	367.25	0	367.25
275.218	374.75	0	374.75
275.361	378.5	0	378.5
275.505	379	0	379
275.648	371	0	371
275.792	368.5	0	368.5
275.935	365	0	365
276.079	356	0	356
276.222	336.75	0	336.75
276.366	349.25	0	349.25
276.509	336.5	0	336.5
276.652	356.25	0	356.25
276.796	326.25	0	326.25
276.939	349.75	0	349.75
277.082	342.75	0	342.75
277.226	352	0	352
277.369	323.75	0	323.75
277.513	303.5	0	303.5
277.656	310.5	0	310.5
277.799	347.25	0	347.25
277.942	366.75	0	366.75
278.086	343.75	0	343.75
278.229	342.5	0	342.5
278.372	321	0	321
278.516	298.25	0	298.25
278.659	311.75	0	311.75
278.802	305	0	305
278.945	285	0	285
279.089	301.25	0	301.25
279.232	318	0	318
279.375	295	0	295
279.518	312.25	0	312.25
279.661	320.75	0	320.75
279.805	336	0	336
279.948	301.75	0	301.75
280.091	315.25	0	315.25
280.234	262.25	0	262.25
280.377	257.75	0	257.75
280.52	275.75	0	275.75
280.663	291.75	0	291.75
280.806	310.75	0	310.75
280.95	291	0	291
281.093	316	0	316
281.236	314.25	0	314.25
281.379	287	0	287
281.522	309.25	0	309.25
281.665	324.25	0	324.25
281.808	341.25	0	341.25
281.951	318.25	0	318.25
282.094	339.75	0	339.75
282.237	330.25	0	330.25
282.38	353	0	353
282.523	360.25	0	360.25
282.666	383.5	0	383.5
282.809	342.5	0	342.5
282.952	343	0	343
283.095	343.25	0	343.25
283.238	408	0	408
283.381	397	0	397
283.523	442.5	0	442.5
283.666	425.25	0	425.25
283.809	426	0	426
283.952	465.75	0	465.75
284.095	462.25	0	462.25
284.238	460	0	460
284.381	452	0	452
284.524	464.25	0	464.25
284.666	441.25	0	441.25
284.809	462.75	0	462.75
284.952	491.25	0	491.25
285.095	539.75	0	539.75
285.238	504	0	504
285.38	464.75	0	464.75
285.523	429.75	0	429.75
285.666	482.25	0	482.25
285.809	498.25	0	498.25
285.951	523.75	0	523.75
286.094	502.75	0	502.75
286.237	537.5	0	537.5
286.38	537.5	0	537.5
286.522	534.25	0	534.25
286.665	548.25	0	548.25
286.808	550	0	550
286.95	517	0	517
287.093	549	0	549
287.236	587.5	0	587.5
287.378	724.25	0	724.25
287.521	726.25	0	726.25
287.663	673.75	0	673.75
287.806	678.25	0	678.25
287.949	693.5	0	693.5
288.091	680.5	0	680.5
288.234	723.25	0	723.25
288.376	652.25	0	652.25
288.519	599.25	0	599.25
288.661	609.5	0	609.5
288.804	645	0	645
288.946	562	0	562
289.089	557.75	0	557.75
289.231	544	0	544
289.374	586	0	586
289.516	620.75	0	620.75
289.659	685.25	0	685.25
289.801	644.75	0	644.75
289.944	599.75	0	599.75
290.086	583.75	0	583.75
290.229	583.5	0	583.5
290.371	593.5	0	593.5
290.513	645	0	645
290.656	675.25	0	675.25
290.798	784	0	784
290.941	793.5	0	793.5
291.083	717	0	717
291.225	678.75	0	678.75
291.368	621.75	0	621.75
291.51	608.75	0	608.75
291.652	561.5	0	561.5
291.795	578.25	0	578.25
291.937	581.5	0	581.5
292.079	582.75	0	582.75
292.221	629	0	629
292.364	685	0	685
292.506	744.25	0	744.25
292.648	816.5	0	816.5
292.79	821	0	821
292.933	732.75	0	732.75
293.075	692.75	0	692.75
293.217	670	0	670
293.359	644.5	0	644.5
293.502	682.75	0	682.75
293.644	722	0	722
293.786	776.75	0	776.75
293.928	759.75	0	759.75
294.07	824.5	0	824.5
294.212	813.5	0	813.5
294.354	816.75	0	816.75
294.497	849	0	849
294.639	862.75	0	862.75
294.781	895.5	0	895.5
294.923	917	0	917
295.065	923.5	0	923.5
295.207	878.25	0	878.25
295.349	818.5	0	818.5
295.491	782.5	0	782.5
295.633	739.25	0	739.25
295.775	713.5	0	713.5
295.917	709.25	0	709.25
296.059	711	0	711
296.201	728	0	728
296.343	759	0	759
296.485	766.5	0	766.5
296.627	777.5	0	777.5
296.769	790.25	0	790.25
296.911	840.25	0	840.25
297.053	940.75	0	940.75
297.195	996.5	0	996.5
297.337	1035.5	0	1035.5
297.478	944.5	0	944.5
297.62	950.75	0	950.75
297.762	931.25	0	931.25
297.904	925.5	0	925.5
298.046	944	0	944
298.188	891.5	0	891.5
298.33	802.75	0	802.75
298.471	873.75	0	873.75
298.613	946	0	946
298.755	951.75	0	951.75
298.897	992	0	992
299.038	950.5	0	950.5
299.18	901.75	0	901.75
299.322	890.75	0	890.75
299.464	905.75	0	905.75
299.605	838.75	0	838.75
299.747	799.5	0	799.5
299.889	769	0	769
300.031	762.75	0	762.75
300.172	758	0	758
300.314	720.25	0	720.25
300.456	750	0	750
300.597	728.75	0	728.75
300.739	742	0	742
300.881	727.75	0	727.75
301.022	718.25	0	718.25
301.164	759.25	0	759.25
301.305	749	0	749
301.447	788.25	0	788.25
301.589	792.5	0	792.5
301.73	821.5	0	821.5
301.872	920.75	0	920.75
302.013	948.25	0	948.25
302.155	978.75	0	978.75
302.296	989.5	0	989.5
302.438	1032.5	0	1032.5
302.579	1087.25	0	1087.25
302.721	1136.75	0	1136.75
302.862	1085.75	0	1085.75
303.004	1021	0	1021
303.145	1084.5	0	1084.5
303.287	1051.75	0	1051.75
303.428	1002.25	0	1002.25
303.569	947	0	947
303.711	1041.75	0	1041.75
303.852	1134.5	0	1134.5
303.994	1116.75	0	1116.75
304.135	1046.25	0	1046.25
304.276	971.25	0	971.25
304.418	1016	0	1016
304.559	1021.5	0	1021.5
304.7	1080	0	1080
304.842	1103.5	0	1103.5
304.983	1098.25	0	1098.25
305.124	1178.75	0	1178.75
305.266	1155	0	1155
305.407	1101.75	0	1101.75
305.548	1090	0	1090
305.69	1052	0	1052
305.831	1067	0	1067
305.972	1102.25	0	1102.25
306.113	1157.5	0	1157.5
306.254	1219.75	0	1219.75
306.396	1305.75	0	1305.75
306.537	1238.25	0	1238.25
306.678	1198.75	0	1198.75
306.819	1262.5	0	1262.5
306.96	1274	0	1274
307.102	1263.75	0	1263.75
307.243	1200.25	0	1200.25
307.384	1139.75	0	1139.75
307.525	1143	0	1143
307.666	1128.25	0	1128.25
307.807	1032.5	0	1032.5
307.948	1042.5	0	1042.5
308.089	1011.5	0	1011.5
308.23	1079.75	0	1079.75
308.371	1027.75	0	1027.75
308.513	1103	0	1103
308.654	1149	0	1149
308.795	1165	0	1165
308.936	1214	0	1214
309.077	1397.25	0	1397.25
309.218	1653.75	0	1653.75
309.359	1709.75	0	1709.75
309.499	1548.25	0	1548.25
309.64	1351.75	0	1351.75
309.781	1250.75	0	1250.75
309.922	1153.75	0	1153.75
310.063	1117.5	0	1117.5
310.204	1027.5	0	1027.5
310.345	979.5	0	979.5
310.486	945.75	0	945.75
310.627	933	0	933
310.768	993.5	0	993.5
310.909	1002.5	0	1002.5
311.049	1055.5	0	1055.5
311.19	1027	0	1027
311.331	1041.25	0	1041.25
311.472	1036	0	1036
311.613	1078.5	0	1078.5
311.753	1026	0	1026
311.894	1067.25	0	1067.25
312.035	1128.25	0	1128.25
312.176	1244.25	0	1244.25
312.316	1179.5	0	1179.5
312.457	1327.75	0	1327.75
312.598	1540.75	0	1540.75
312.739	1693.5	0	1693.5
312.879	1862.75	0	1862.75
313.02	1907	0	1907
313.161	1665.5	0	1665.5
313.301	1451.75	0	1451.75
313.442	1308.5	0	1308.5
313.583	1278.25	0	1278.25
313.723	1173.75	0	1173.75
313.864	1159	0	1159
314.005	1168.5	0	1168.5
314.145	1180.5	0	1180.5
314.286	1272.75	0	1272.75
314.426	1412.75	0	1412.75
314.567	1398.75	0	1398.75
314.707	1343.5	0	1343.5
314.848	1309.5	0	1309.5
314.989	1418.25	0	1418.25
315.129	1462.5	0	1462.5
315.27	1363.25	0	1363.25
315.41	1285	0	1285
315.551	1290	0	1290
315.691	1305.25	0	1305.25
315.831	1384	0	1384
315.972	1543.75	0	1543.75
316.112	1736.25	0	1736.25
316.253	1862.25	0	1862.25
316.393	1614.5	0	1614.5
316.534	1422.75	0	1422.75
316.674	1343.75	0	1343.75
316.814	1350.75	0	1350.75
316.955	1308.5	0	1308.5
317.095	1379	0	1379
317.236	1345.75	0	1345.75
317.376	1329.5	0	1329.5
317.516	1311.25	0	1311.25
317.656	1360	0	1360
317.797	1475.75	0	1475.75
317.937	1609.5	0	1609.5
318.077	1544	0	1544
318.218	1491.25	0	1491.25
318.358	1540.75	0	1540.75
318.498	1641.5	0	1641.5
318.638	1840.5	0	1840.5
318.779	1831.75	0	1831.75
318.919	1945	0	1945
319.059	1975.5	0	1975.5
319.199	2064.5	0	2064.5
319.34	2047	0	2047
319.48	1941.75	0	1941.75
319.62	1677.25	0	1677.25
319.76	1569	0	1569
319.9	1544	0	1544
320.04	1536.75	0	1536.75
320.18	1542	0	1542
320.32	1601.5	0	1601.5
320.461	1690.25	0	1690.25
320.601	1673.25	0	1673.25
320.741	1607	0	1607
320.881	1592.25	0	1592.25
321.021	1505	0	1505
321.161	1514	0	1514
321.301	1694.25	0	1694.25
321.441	1874.25	0	1874.25
321.581	1876.75	0	1876.75
321.721	1800.25	0	1800.25
321.861	1746.75	0	1746.75
322.001	1855.5	0	1855.5
322.141	1954.25	0	1954.25
322.281	2082.75	0	2082.75
322.421	2056.25	0	2056.25
322.561	1848.25	0	1848.25
322.7	1610.5	0	1610.5
322.84	1483	0	1483
322.98	1421	0	1421
323.12	1395	0	1395
323.26	1427.25	0	1427.25
323.4	1613.5	0	1613.5
323.54	1658.25	0	1658.25
323.68	1570.25	0	1570.25
323.819	1439.75	0	1439.75
323.959	1357.5	0	1357.5
324.099	1391.5	0	1391.5
324.239	1314	0	1314
324.379	1400.75	0	1400.75
324.518	1416.25	0	1416.25
324.658	1634.5	0	1634.5
324.798	1760.5	0	1760.5
324.937	1834.25	0	1834.25
325.077	1874.75	0	1874.75
325.217	1775.75	0	1775.75
325.357	1667.5	0	1667.5
325.496	1466.5	0	1466.5
325.636	1464.5	0	1464.5
325.776	1621.5	0	1621.5
325.915	1924.75	0	1924.75
326.055	1902.5	0	1902.5
326.195	1975.5	0	1975.5
326.334	1978	0	1978
326.474	1882.5	0	1882.5
326.613	1776	0	1776
326.753	1729.5	0	1729.5
326.892	1928	0	1928
327.032	2043.25	0	2043.25
327.172	1890	0	1890
327.311	1598.25	0	1598.25
327.451	1609	0	1609
327.59	1744.75	0	1744.75
327.73	1703.75	0	1703.75
327.869	1521.75	0	1521.75
328.009	1530.75	0	1530.75
328.148	1600.25	0	1600.25
328.288	1795	0	1795
328.427	2024.25	0	2024.25
328.566	2106.5	0	2106.5
328.706	2095.75	0	2095.75
328.845	1840.25	0	1840.25
328.985	1726.25	0	1726.25
329.124	1742.25	0	1742.25
329.263	1767	0	1767
329.403	2048	0	2048
329.542	2152	0	2152
329.681	1881.75	0	1881.75
329.821	1833.5	0	1833.5
329.96	1751.75	0	1751.75
330.099	1747.25	0	1747.25
330.239	1711.75	0	1711.75
330.378	1776.25	0	1776.25
330.517	1756.5	0	1756.5
330.656	1841.75	0	1841.75
330.796	1963.25	0	1963.25
330.935	2113.75	0	2113.75
331.074	2217.75	0	2217.75
331.213	2265	0	2265
331.352	2011	0	2011
331.492	2079	0	2079
331.631	1953	0	1953
331.77	2136.75	0	2136.75
331.909	2028.75	0	2028.75
332.048	1758.75	0	1758.75
332.187	1709.25	0	1709.25
332.327	1782.75	0	1782.75
332.466	2042.5	0	2042.5
332.605	2155.75	0	2155.75
332.744	2036.5	0	2036.5
332.883	1951.5	0	1951.5
333.022	1865.5	0	1865.5
333.161	1899	0	1899
333.3	1768	0	1768
333.439	1811	0	1811
333.578	1743	0	1743
333.717	1900.5	0	1900.5
333.856	2380.75	0	2380.75
333.995	2973.25	0	2973.25
334.134	3588.75	0	3588.75
334.273	3526.75	0	3526.75
334.412	3145	0	3145
334.551	3063.25	0	3063.25
334.69	3369.25	0	3369.25
334.828	3530.75	0	3530.75
334.967	3077.5	0	3077.5
335.106	2854.75	0	2854.75
335.245	2991.25	0	2991.25
335.384	3110.5	0	3110.5
335.523	3127.5	0	3127.5
335.662	3401	0	3401
335.8	3320.5	0	3320.5
335.939	2725	0	2725
336.078	2353.5	0	2353.5
336.217	2204.5	0	2204.5
336.356	2214.75	0	2214.75
336.494	2596.5	0	2596.5
336.633	2982.25	0	2982.25
336.772	2710.5	0	2710.5
336.911	2593.5	0	2593.5
337.049	2672.25	0	2672.25
337.188	2503	0	2503
337.327	2703.5	0	2703.5
337.465	2798.5	0	2798.5
337.604	2445	0	2445
337.743	2344.25	0	2344.25
337.881	2588.75	0	2588.75
338.02	2499	0	2499
338.158	2145	0	2145
338.297	2289.25	0	2289.25
338.436	2505	0	2505
338.574	2494.5	0	2494.5
338.713	2408.75	0	2408.75
338.851	2364.25	0	2364.25
338.99	2671.5	0	2671.5
339.128	2680.75	0	2680.75
339.267	2451	0	2451
339.405	2361.5	0	2361.5
339.544	2392	0	2392
339.682	2340.5	0	2340.5
339.821	2458.75	0	2458.75
339.959	2332.25	0	2332.25
340.098	2184.5	0	2184.5
340.236	2399.75	0	2399.75
340.375	2693	0	2693
340.513	3029	0	3029
340.651	3104	0	3104
340.79	3110.5	0	3110.5
340.928	2907.25	0	2907.25
341.067	2846.25	0	2846.25
341.205	3021.75	0	3021.75
341.343	3096.25	0	3096.25
341.482	3093	0	3093
341.62	3086.75	0	3086.75
341.758	2858	0	2858
341.897	2749	0	2749
342.035	2654	0	2654
342.173	2765.75	0	2765.75
342.311	2978.75	0	2978.75
342.45	3096.25	0	3096.25
342.588	3278.25	0	3278.25
342.726	3193.75	0	3193.75
342.864	2685.25	0	2685.25
343.002	2562	0	2562
343.141	2734	0	2734
343.279	2468.75	0	2468.75
343.417	2157.75	0	2157.75
343.555	2104.75	0	2104.75
343.693	2062.25	0	2062.25
343.831	2161.75	0	2161.75
343.969	2140.25	0	2140.25
344.108	2241	0	2241
344.246	2245.25	0	2245.25
344.384	2139.75	0	2139.75
344.522	1990.75	0	1990.75
344.66	1822.75	0	1822.75
344.798	1811.75	0	1811.75
344.936	1954.25	0	1954.25
345.074	2111.25	0	2111.25
345.212	2125.5	0	2125.5
345.35	1997.75	0	1997.75
345.488	2223	0	2223
345.626	2403	0	2403
345.764	2520.75	0	2520.75
345.902	2459.5	0	2459.5
346.04	2303.5	0	2303.5
346.178	2687.25	0	2687.25
346.315	2819.25	0	2819.25
346.453	2677.75	0	2677.75
346.591	2538.5	0	2538.5
346.729	2548	0	2548
346.867	2632.75	0	2632.75
347.005	2744	0	2744
347.143	2812.5	0	2812.5
347.28	2688	0	2688
347.418	2479.25	0	2479.25
347.556	2614.75	0	2614.75
347.694	2944.25	0	2944.25
347.832	3006.5	0	3006.5
347.969	2704.25	0	2704.25
348.107	2368	0	2368
348.245	2299.5	0	2299.5
348.382	2416	0	2416
348.52	2308.5	0	2308.5
348.658	2230.5	0	2230.5
348.796	2380.75	0	2380.75
348.933	2654.5	0	2654.5
349.071	2625.75	0	2625.75
349.209	2264	0	2264
349.346	2275.5	0	2275.5
349.484	2627.25	0	2627.25
349.621	3178	0	3178
349.759	3529.75	0	3529.75
349.897	2746.75	0	2746.75
350.034	2364.5	0	2364.5
350.172	2331.75	0	2331.75
350.309	2375.25	0	2375.25
350.447	2602	0	2602
350.584	3103.25	0	3103.25
350.722	3319	0	3319
350.859	2972.25	0	2972.25
350.997	2873.25	0	2873.25
351.134	2703.75	0	2703.75
351.272	2591.25	0	2591.25
351.409	2741.75	0	2741.75
351.547	3203.75	0	3203.75
351.684	3232	0	3232
351.822	3024.5	0	3024.5
351.959	2786	0	2786
352.096	2630	0	2630
352.234	2662.25	0	2662.25
352.371	2747.25	0	2747.25
352.508	2795	0	2795
352.646	2785.25	0	2785.25
352.783	2734.25	0	2734.25
352.92	2676.25	0	2676.25
353.058	2884.5	0	2884.5
353.195	3621.75	0	3621.75
353.332	4651	0	4651
353.469	5035.75	0	5035.75
353.607	4862	0	4862
353.744	4181.5	0	4181.5
353.881	3580.25	0	3580.25
354.018	3657.75	0	3657.75
354.156	4056.75	0	4056.75
354.293	4489.75	0	4489.75
354.43	3911	0	3911
354.567	3170.75	0	3170.75
354.704	3143.75	0	3143.75
354.841	3371.5	0	3371.5
354.979	3405.25	0	3405.25
355.116	3205.25	0	3205.25
355.253	3775.75	0	3775.75
355.39	4013	0	4013
355.527	3311	0	3311
355.664	2821.75	0	2821.75
355.801	2871.5	0	2871.5
355.938	2975	0	2975
356.075	3479.25	0	3479.25
356.212	4095.25	0	4095.25
356.349	3649.75	0	3649.75
356.486	2930	0	2930
356.623	2936.25	0	2936.25
356.76	3375.75	0	3375.75
356.897	3296	0	3296
357.034	2883.5	0	2883.5
357.171	3034.25	0	3034.25
357.308	3767.25	0	3767.25
357.445	4898.25	0	4898.25
357.582	5099.75	0	5099.75
357.718	5071.5	0	5071.5
357.855	5742.75	0	5742.75
357.992	5644	0	5644
358.129	4860.25	0	4860.25
358.266	4222.25	0	4222.25
358.403	4202.5	0	4202.5
358.539	3853.75	0	3853.75
358.676	4125.75	0	4125.75
358.813	4607.5	0	4607.5
358.95	4090.25	0	4090.25
359.086	3621	0	3621
359.223	3661.5	0	3661.5
359.36	3521.75	0	3521.75
359.497	3088.5	0	3088.5
359.633	3224.5	0	3224.5
359.77	3479.75	0	3479.75
359.907	3474	0	3474
360.043	3718	0	3718
360.18	4035	0	4035
360.317	3509	0	3509
360.453	3130.75	0	3130.75
360.59	3131.25	0	3131.25
360.727	3010.25	0	3010.25
360.863	2813.25	0	2813.25
361	2779.25	0	2779.25
361.136	2898.5	0	2898.5
361.273	2989	0	2989
361.409	3311.75	0	3311.75
361.546	3648	0	3648
361.682	3924.25	0	3924.25
361.819	4101	0	4101
361.955	3877.25	0	3877.25
362.092	3369.25	0	3369.25
362.228	3192.25	0	3192.25
362.365	3427	0	3427
362.501	3356.75	0	3356.75
362.638	3071	0	3071
362.774	3062.75	0	3062.75
362.91	3381.5	0	3381.5
363.047	3683.75	0	3683.75
363.183	4028.25	0	4028.25
363.319	4258.25	0	4258.25
363.456	4477.75	0	4477.75
363.592	4968	0	4968
363.728	5224.25	0	5224.25
363.865	4854.25	0	4854.25
364.001	4239.5	0	4239.5
364.137	4003	0	4003
364.274	4192.75	0	4192.75
364.41	4023.25	0	4023.25
364.546	3795.5	0	3795.5
364.682	4056	0	4056
364.819	4475.25	0	4475.25
364.955	4609	0	4609
365.091	3915.5	0	3915.5
365.227	3375	0	3375
365.363	3537.75	0	3537.75
365.499	3729.25	0	3729.25
365.636	4023.75	0	4023.75
365.772	4429.5	0	4429.5
365.908	4735.75	0	4735.75
366.044	4628.5	0	4628.5
366.18	4624	0	4624
366.316	5149.5	0	5149.5
366.452	5118.5	0	5118.5
366.588	4655.5	0	4655.5
366.724	4898.5	0	4898.5
366.86	4709.25	0	4709.25
366.996	4095.5	0	4095.5
367.132	4161.5	0	4161.5
367.268	4354	0	4354
367.404	4764.5	0	4764.5
367.54	4605.5	0	4605.5
367.676	4210	0	4210
367.812	3597.5	0	3597.5
367.948	3274.75	0	3274.75
368.084	3264.5	0	3264.5
368.22	3362.5	0	3362.5
368.356	3525.75	0	3525.75
368.492	3774.5	0	3774.5
368.627	4077.75	0	4077.75
368.763	4334.5	0	4334.5
368.899	3794	0	3794
369.035	3661.5	0	3661.5
369.171	3971.5	0	3971.5
369.306	4414.5	0	4414.5
369.442	4693	0	4693
369.578	5844.75	0	5844.75
369.714	6257	0	6257
369.85	5079.5	0	5079.5
369.985	4281	0	4281
370.121	4322.25	0	4322.25
370.257	4772.75	0	4772.75
370.392	4463.25	0	4463.25
370.528	4077	0	4077
370.664	4509.25	0	4509.25
370.799	5377	0	5377
370.935	6284	0	6284
371.071	7274.5	0	7274.5
371.206	7777.25	0	7777.25
371.342	6697.5	0	6697.5
371.477	6296.25	0	6296.25
371.613	6175.25	0	6175.25
371.749	5269.5	0	5269.5
371.884	4836.5	0	4836.5
372.02	5333.5	0	5333.5
372.155	5468	0	5468
372.291	5504.75	0	5504.75
372.426	6584.5	0	6584.5
372.562	6682	0	6682
372.697	5351.5	0	5351.5
372.833	4460.75	0	4460.75
372.968	4274.25	0	4274.25
373.103	4604	0	4604
373.239	4655.25	0	4655.25
373.374	4474	0	4474
373.51	4593.75	0	4593.75
373.645	5731.25	0	5731.25
373.78	7580.75	0	7580.75
373.916	8918.25	0	8918.25
374.051	8891.25	0	8891.25
374.186	7609	0	7609
374.322	6299.5	0	6299.5
374.457	5208.5	0	5208.5
374.592	5046.5	0	5046.5
374.728	5024.25	0	5024.25
374.863	4717.25	0	4717.25
374.998	4599	0	4599
375.133	4814.5	0	4814.5
375.268	4926	0	4926
375.404	5055	0	5055
375.539	5189.25	0	5189.25
375.674	5231.75	0	5231.75
375.809	6396	0	6396
375.944	6686.25	0	6686.25
376.08	6150.75	0	6150.75
376.215	6718	0	6718
376.35	6849.5	0	6849.5
376.485	6067.75	0	6067.75
376.62	5253.75	0	5253.75
376.755	5315.75	0	5315.75
376.89	6092.25	0	6092.25
377.025	6141.5	0	6141.5
377.16	5612	0	5612
377.295	5290.25	0	5290.25
377.43	5199	0	5199
377.565	4986.5	0	4986.5
377.7	4761.5	0	4761.5
377.835	4977.75	0	4977.75
377.97	5612.75	0	5612.75
378.105	5525.25	0	5525.25
378.24	5338.5	0	5338.5
378.375	5885	0	5885
378.51	7134.5	0	7134.5
378.645	7709.75	0	7709.75
378.78	7788.25	0	7788.25
378.914	9051.5	0	9051.5
379.049	8750.75	0	8750.75
379.184	7144	0	7144
379.319	6759	0	6759
379.454	7592.5	0	7592.5
379.589	8153.5	0	8153.5
379.723	8386.25	0	8386.25
379.858	7550.25	0	7550.25
379.993	8195.75	0	8195.75
380.128	9495	0	9495
380.262	9881.5	0	9881.5
380.397	8535.75	0	8535.75
380.532	7064.5	0	7064.5
380.666	5956	0	5956
380.801	6382.75	0	6382.75
380.936	7639	0	7639
381.07	6875.75	0	6875.75
381.205	5715.5	0	5715.5
381.34	6144.25	0	6144.25
381.474	6425	0	6425
381.609	5737.25	0	5737.25
381.744	5807	0	5807
381.878	5760	0	5760
382.013	5208.75	0	5208.75
382.147	5215.75	0	5215.75
382.282	6179.75	0	6179.75
382.416	6544.75	0	6544.75
382.551	5829.75	0	5829.75
382.685	5105.25	0	5105.25
382.82	4777.5	0	4777.5
382.954	4950.25	0	4950.25
383.089	4824.5	0	4824.5
383.223	5236.25	0	5236.25
383.357	5709.75	0	5709.75
383.492	6157.5	0	6157.5
383.626	5467.75	0	5467.75
383.761	4584.5	0	4584.5
383.895	4372.75	0	4372.75
384.029	5175.75	0	5175.75
384.164	5701.5	0	5701.5
384.298	5817.25	0	5817.25
384.432	5411	0	5411
384.567	4830.75	0	4830.75
384.701	4166.5	0	4166.5
384.835	3985	0	3985
384.97	4028.25	0	4028.25
385.104	4368.75	0	4368.75
385.238	5122.5	0	5122.5
385.372	5545.5	0	5545.5
385.506	5155.75	0	5155.75
385.641	4992	0	4992
385.775	5392.5	0	5392.5
385.909	4960	0	4960
386.043	5132	0	5132
386.177	6109.75	0	6109.75
386.311	5982.25	0	5982.25
386.446	5066	0	5066
386.58	5135.25	0	5135.25
386.714	5430.75	0	5430.75
386.848	4806	0	4806
386.982	4659.5	0	4659.5
387.116	4584.25	0	4584.25
387.25	4634	0	4634
387.384	5693	0	5693
387.518	6956.25	0	6956.25
387.652	8141	0	8141
387.786	7694	0	7694
387.92	6350.25	0	6350.25
388.054	6194.25	0	6194.25
388.188	7790.75	0	7790.75
388.322	8789.25	0	8789.25
388.456	9499.75	0	9499.75
388.59	7958.5	0	7958.5
388.723	6346.25	0	6346.25
388.857	6385.25	0	6385.25
388.991	7215.25	0	7215.25
389.125	7536.25	0	7536.25
389.259	8353	0	8353
389.393	7820	0	7820
389.526	6453.25	0	6453.25
389.66	5761	0	5761
389.794	5591.25	0	5591.25
389.928	4789.25	0	4789.25
390.062	4526.25	0	4526.25
390.195	4865	0	4865
390.329	4994.75	0	4994.75
390.463	4898.5	0	4898.5
390.596	5315.25	0	5315.25
390.73	5957	0	5957
390.864	6083.75	0	6083.75
390.997	5186.25	0	5186.25
391.131	5573.5	0	5573.5
391.265	6701.5	0	6701.5
391.398	6754.25	0	6754.25
391.532	5793.75	0	5793.75
391.665	5418.75	0	5418.75
391.799	6874	0	6874
391.933	7158.5	0	7158.5
392.066	6369.5	0	6369.5
392.2	5538.5	0	5538.5
392.333	5995.75	0	5995.75
392.467	5583.75	0	5583.75
392.6	4967	0	4967
392.734	4941	0	4941
392.867	5000.5	0	5000.5
393.001	4731	0	4731
393.134	5046.75	0	5046.75
393.267	5750.25	0	5750.25
393.401	5952.25	0	5952.25
393.534	6932	0	6932
393.668	7107.25	0	7107.25
393.801	5913	0	5913
393.934	5665.5	0	5665.5
394.068	5808.75	0	5808.75
394.201	6200.75	0	6200.75
394.334	5638.75	0	5638.75
394.468	4752.25	0	4752.25
394.601	4993	0	4993
394.734	5180.75	0	5180.75
394.867	5077.5	0	5077.5
395.001	4681.75	0	4681.75
395.134	4752.75	0	4752.75
395.267	4880.25	0	4880.25
395.4	5153	0	5153
395.533	5173.5	0	5173.5
395.667	5092	0	5092
395.8	5277.75	0	5277.75
395.933	5099.25	0	5099.25
396.066	4869.75	0	4869.75
396.199	5012.5	0	5012.5
396.332	6352.25	0	6352.25
396.465	8261	0	8261
396.598	7291.5	0	7291.5
396.732	5911.5	0	5911.5
396.865	5564.5	0	5564.5
396.998	6366.25	0	6366.25
397.131	6900.75	0	6900.75
397.264	6149	0	6149
397.397	5472	0	5472
397.53	5540	0	5540
397.663	5964.5	0	5964.5
397.796	6257	0	6257
397.928	6110.75	0	6110.75
398.061	5405.75	0	5405.75
398.194	4607.75	0	4607.75
398.327	4785	0	4785
398.46	4738.75	0	4738.75
398.593	4668.5	0	4668.5
398.726	4886.75	0	4886.75
398.859	4767.5	0	4767.5
398.991	5083.75	0	5083.75
399.124	5082.5	0	5082.5
399.257	4695.5	0	4695.5
399.39	4480	0	4480
399.523	4790	0	4790
399.655	5358	0	5358
399.788	6134.5	0	6134.5
399.921	5771.5	0	5771.5
400.054	5281.25	0	5281.25
400.186	4745.75	0	4745.75
400.319	4675.75	0	4675.75
400.452	4694	0	4694
400.584	5083.5	0	5083.5
400.717	5539.25	0	5539.25
400.85	5514.75	0	5514.75
400.982	5514	0	5514
401.115	5922.75	0	5922.75
401.247	6023	0	6023
401.38	5706.5	0	5706.5
401.513	5580.5	0	5580.5
401.645	5480.75	0	5480.75
401.778	5347.5	0	5347.5
401.91	5146.25	0	5146.25
402.043	5458.5	0	5458.5
402.175	5963	0	5963
402.308	5809	0	5809
402.44	5544.5	0	5544.5
402.573	5933.75	0	5933.75
402.705	6279.5	0	6279.5
402.837	6403.75	0	6403.75
402.97	6760.25	0	6760.25
403.102	9026	0	9026
403.235	8461.25	0	8461.25
403.367	7062.5	0	7062.5
403.499	6486.75	0	6486.75
403.632	6399.25	0	6399.25
403.764	7423.75	0	7423.75
403.896	7649.75	0	7649.75
404.029	6475	0	6475
404.161	6458	0	6458
404.293	7337.5	0	7337.5
404.425	6648.5	0	6648.5
404.558	5765.75	0	5765.75
404.69	5896.25	0	5896.25
404.822	6251.75	0	6251.75
404.954	6815.5	0	6815.5
405.086	6886.5	0	6886.5
405.219	6514.5	0	6514.5
405.351	6962	0	6962
405.483	8328.5	0	8328.5
405.615	10793.5	0	10793.5
405.747	13747	0	13747
405.879	13605	0	13605
406.011	11682.8	0	11682.8
406.143	9039	0	9039
406.275	7499	0	7499
406.407	7426.75	0	7426.75
406.539	7368.75	0	7368.75
406.672	7358.25	0	7358.25
406.803	6688.75	0	6688.75
406.935	6452.75	0	6452.75
407.067	6412	0	6412
407.199	6087.75	0	6087.75
407.331	6263.75	0	6263.75
407.463	6606.75	0	6606.75
407.595	7744.5	0	7744.5
407.727	10351.2	0	10351.2
407.859	12724.5	0	12724.5
407.991	10619.2	0	10619.2
408.123	8244.5	0	8244.5
408.255	8261.5	0	8261.5
408.386	7919.25	0	7919.25
408.518	6745	0	6745
408.65	5831.25	0	5831.25
408.782	5785.5	0	5785.5
408.914	5946	0	5946
409.045	5839	0	5839
409.177	5684.25	0	5684.25
409.309	6008.5	0	6008.5
409.44	6191.5	0	6191.5
409.572	6451.25	0	6451.25
409.704	8091.75	0	8091.75
409.836	10621.5	0	10621.5
409.967	12836.5	0	12836.5
410.099	10228.5	0	10228.5
410.23	7745.75	0	7745.75
410.362	6710.75	0	6710.75
410.494	6251.5	0	6251.5
410.625	5672	0	5672
410.757	5615.5	0	5615.5
410.888	5420.75	0	5420.75
411.02	5733	0	5733
411.152	6558	0	6558
411.283	6548.75	0	6548.75
411.415	6332.5	0	6332.5
411.546	7002.5	0	7002.5
411.677	6207.25	0	6207.25
411.809	5678.25	0	5678.25
411.94	5711.75	0	5711.75
412.072	7408.5	0	7408.5
412.203	10457.5	0	10457.5
412.335	10921.8	0	10921.8
412.466	8876.5	0	8876.5
412.597	7801	0	7801
412.729	8662	0	8662
412.86	10040	0	10040
412.991	8292.75	0	8292.75
413.123	6743	0	6743
413.254	7112.25	0	7112.25
413.385	8005.25	0	8005.25
413.517	9645.25	0	9645.25
413.648	10676.5	0	10676.5
413.779	11337.2	0	11337.2
413.91	10759.2	0	10759.2
414.042	8232.5	0	8232.5
414.173	8207.75	0	8207.75
414.304	7035.5	0	7035.5
414.435	6620.75	0	6620.75
414.566	6970	0	6970
414.697	7315.5	0	7315.5
414.828	8522.25	0	8522.25
414.96	9593	0	9593
415.091	11114.2	0	11114.2
415.222	10170.8	0	10170.8
415.353	7469	0	7469
415.484	6218.75	0	6218.75
415.615	6302.25	0	6302.25
415.746	6320.75	0	6320.75
415.877	6419.75	0	6419.75
416.008	7361.25	0	7361.25
416.139	10053.2	0	10053.2
416.27	13029.2	0	13029.2
416.401	12640.2	0	12640.2
416.532	10024	0	10024
416.663	11066.5	0	11066.5
416.794	9930.75	0	9930.75
416.925	7808	0	7808
417.055	6376.25	0	6376.25
417.186	6256.25	0	6256.25
417.317	6378	0	6378
417.448	5824.25	0	5824.25
417.579	5446.25	0	5446.25
417.71	5447	0	5447
417.84	5821.25	0	5821.25
417.971	5949.75	0	5949.75
418.102	5755.25	0	5755.25
418.233	6186	0	6186
418.363	6671.25	0	6671.25
418.494	6143	0	6143
418.625	5518.5	0	5518.5
418.756	6140.5	0	6140.5
418.886	8697.75	0	8697.75
419.017	10744	0	10744
419.148	8701.25	0	8701.25
419.278	8495.5	0	8495.5
419.409	9365.5	0	9365.5
419.539	8239.25	0	8239.25
419.67	8317.25	0	8317.25
419.801	7848	0	7848
419.931	7411.5	0	7411.5
420.062	8007	0	8007
420.192	7144.25	0	7144.25
420.323	8472.5	0	8472.5
420.453	8798.75	0	8798.75
420.584	7395	0	7395
420.714	6543.75	0	6543.75
420.845	5497	0	5497
420.975	5464	0	5464
421.106	6738.75	0	6738.75
421.236	7002.25	0	7002.25
421.366	7582.75	0	7582.75
421.497	6354.75	0	6354.75
421.627	7402.25	0	7402.25
421.757	6926.5	0	6926.5
421.888	5306.5	0	5306.5
422.018	5183.5	0	5183.5
422.148	5368.75	0	5368.75
422.279	5642.75	0	5642.75
422.409	6183.5	0	6183.5
422.539	7513.5	0	7513.5
422.67	7669.5	0	7669.5
422.8	9430	0	9430
422.93	8706.75	0	8706.75
423.06	7146	0	7146
423.19	5675	0	5675
423.321	5159.5	0	5159.5
423.451	4967.75	0	4967.75
423.581	5347	0	5347
423.711	5366.25	0	5366.25
423.841	5111.25	0	5111.25
423.971	5631.5	0	5631.5
424.101	6052	0	6052
424.231	5719.75	0	5719.75
424.361	5134.75	0	5134.75
424.492	5918.5	0	5918.5
424.622	5648.5	0	5648.5
424.752	6213.75	0	6213.75
424.882	5895	0	5895
425.012	5678.25	0	5678.25
425.142	7298	0	7298
425.271	8460	0	8460
425.401	8924.5	0	8924.5
425.531	7427.75	0	7427.75
425.661	6163.75	0	6163.75
425.791	5814.25	0	5814.25
425.921	6392.75	0	6392.75
426.051	8286	0	8286
426.181	7094.5	0	7094.5
426.311	6044.75	0	6044.75
426.44	7152.25	0	7152.25
426.57	6492.75	0	6492.75
426.7	6009.25	0	6009.25
426.83	6081.5	0	6081.5
426.96	6849.5	0	6849.5
427.089	5910	0	5910
427.219	5798	0	5798
427.349	5487.5	0	5487.5
427.479	5015.5	0	5015.5
427.608	5485.5	0	5485.5
427.738	5774.75	0	5774.75
427.868	6705.75	0	6705.75
427.997	6383	0	6383
428.127	5093	0	5093
428.256	5204	0	5204
428.386	5457.75	0	5457.75
428.516	7201.5	0	7201.5
428.645	7425.75	0	7425.75
428.775	7021.75	0	7021.75
428.904	7115.25	0	7115.25
429.034	7983	0	7983
429.163	7094.5	0	7094.5
429.293	5688	0	5688
429.422	6432.25	0	6432.25
429.552	6249.25	0	6249.25
429.681	6041.25	0	6041.25
429.811	8033.5	0	8033.5
429.94	9005.75	0	9005.75
430.069	7008.75	0	7008.75
430.199	5584	0	5584
430.328	5019.75	0	5019.75
430.458	5303.5	0	5303.5
430.587	5494	0	5494
430.716	6246.25	0	6246.25
430.846	6523.75	0	6523.75
430.975	7746.25	0	7746.25
431.104	7999	0	7999
431.233	6213.75	0	6213.75
431.363	5243.75	0	5243.75
431.492	4929.75	0	4929.75
431.621	4931.75	0	4931.75
431.75	4828.75	0	4828.75
431.88	4479	0	4479
432.009	4668.75	0	4668.75
432.138	4449.5	0	4449.5
432.267	4594.25	0	4594.25
432.396	5344.5	0	5344.5
432.525	7386.25	0	7386.25
432.654	6575	0	6575
432.784	5858	0	5858
432.913	5990.25	0	5990.25
433.042	6185.5	0	6185.5
433.171	4885.75	0	4885.75
433.3	4206.75	0	4206.75
433.429	4096.25	0	4096.25
433.558	4346	0	4346
433.687	4479	0	4479
433.816	4272.25	0	4272.25
433.945	4077.5	0	4077.5
434.074	4776.5	0	4776.5
434.203	5158.25	0	5158.25
434.332	5109.75	0	5109.75
434.46	5701.75	0	5701.75
434.589	5608.5	0	5608.5
434.718	6345	0	6345
434.847	6276.5	0	6276.5
434.976	6316.5	0	6316.5
435.105	6267.25	0	6267.25
435.233	5529.5	0	5529.5
435.362	5159.75	0	5159.75
435.491	4715.5	0	4715.5
435.62	4466.5	0	4466.5
435.749	4598.75	0	4598.75
435.877	5085.5	0	5085.5
436.006	4798.5	0	4798.5
436.135	4428	0	4428
436.263	4142.5	0	4142.5
436.392	4022.25	0	4022.25
436.521	4251	0	4251
436.649	5179.5	0	5179.5
436.778	5664.75	0	5664.75
436.907	5059.5	0	5059.5
437.035	4311.75	0	4311.75
437.164	4131.25	0	4131.25
437.292	4629	0	4629
437.421	5120.25	0	5120.25
437.549	5342	0	5342
437.678	5793.75	0	5793.75
437.806	5422.25	0	5422.25
437.935	5222.25	0	5222.25
438.063	5161.25	0	5161.25
438.192	5091.25	0	5091.25
438.32	5053	0	5053
438.449	4819	0	4819
438.577	5071.75	0	5071.75
438.706	5679	0	5679
438.834	5048.25	0	5048.25
438.962	4869.25	0	4869.25
439.091	5352.25	0	5352.25
439.219	5194.75	0	5194.75
439.347	4483.25	0	4483.25
439.476	4373	0	4373
439.604	4607.25	0	4607.25
439.732	4259.5	0	4259.5
439.86	4581	0	4581
439.989	4988	0	4988
440.117	4542.75	0	4542.75
440.245	4529	0	4529
440.373	4721.5	0	4721.5
440.501	4819.75	0	4819.75
440.63	4728.75	0	4728.75
440.758	4901.25	0	4901.25
440.886	6327.25	0	6327.25
441.014	6070.5	0	6070.5
441.142	5083.5	0	5083.5
441.27	4789.75	0	4789.75
441.398	4821.25	0	4821.25
441.526	4908	0	4908
441.654	4682	0	4682
441.782	6265	0	6265
441.91	7438	0	7438
442.038	5490	0	5490
442.166	4448.75	0	4448.75
442.294	4569.75	0	4569.75
442.422	4571.25	0	4571.25
442.55	5185.25	0	5185.25
442.678	4640.25	0	4640.25
442.806	5252.75	0	5252.75
442.934	4620	0	4620
443.062	4306	0	4306
443.19	4412.75	0	4412.75
443.318	4476.5	0	4476.5
443.445	4885.5	0	4885.5
443.573	6588.75	0	6588.75
443.701	5885.25	0	5885.25
443.829	5009.75	0	5009.75
443.957	4856	0	4856
444.084	4913	0	4913
444.212	4710.5	0	4710.5
444.34	4888.5	0	4888.5
444.467	5911	0	5911
444.595	7192.75	0	7192.75
444.723	5614.25	0	5614.25
444.85	4514	0	4514
444.978	4277.5	0	4277.5
445.106	4031.75	0	4031.75
445.233	4151	0	4151
445.361	4498	0	4498
445.489	5545.25	0	5545.25
445.616	7227	0	7227
445.744	5746.5	0	5746.5
445.871	5805.75	0	5805.75
445.999	5302.75	0	5302.75
446.126	4331.5	0	4331.5
446.254	4973.75	0	4973.75
446.381	5012.5	0	5012.5
446.509	5052.5	0	5052.5
446.636	4623.25	0	4623.25
446.764	5306	0	5306
446.891	6079.75	0	6079.75
447.018	6186.5	0	6186.5
447.146	5922.5	0	5922.5
447.273	4820.25	0	4820.25
447.4	4563.25	0	4563.25
447.528	4428.5	0	4428.5
447.655	4230	0	4230
447.782	4095.5	0	4095.5
447.91	4075	0	4075
448.037	4197.25	0	4197.25
448.164	4023.5	0	4023.5
448.291	3822.25	0	3822.25
448.419	3959	0	3959
448.546	3896.75	0	3896.75
448.673	3829	0	3829
448.8	3923.5	0	3923.5
448.927	3913	0	3913
449.055	3942.75	0	3942.75
449.182	3919.75	0	3919.75
449.309	4095.25	0	4095.25
449.436	4015	0	4015
449.563	4060.75	0	4060.75
449.69	4206.25	0	4206.25
449.817	4474	0	4474
449.944	4412.5	0	4412.5
450.071	4688.25	0	4688.25
450.198	5892.75	0	5892.75
450.325	4388.25	0	4388.25
450.452	3778.75	0	3778.75
450.579	3775	0	3775
450.706	4401.5	0	4401.5
450.833	4428	0	4428
450.96	5994	0	5994
451.087	5843	0	5843
451.214	5208.75	0	5208.75
451.341	4805	0	4805
451.467	4849.75	0	4849.75
451.594	5003.75	0	5003.75
451.721	4860.25	0	4860.25
451.848	4842.5	0	4842.5
451.975	4882.25	0	4882.25
452.101	5804	0	5804
452.228	8237.25	0	8237.25
452.355	6163.75	0	6163.75
452.482	4746.5	0	4746.5
452.608	4580.25	0	4580.25
452.735	4624.75	0	4624.75
452.862	4814.75	0	4814.75
452.988	4777.75	0	4777.75
453.115	4487.5	0	4487.5
453.242	4599	0	4599
453.368	4347	0	4347
453.495	4304.25	0	4304.25
453.621	4430	0	4430
453.748	4349	0	4349
453.875	4642.75	0	4642.75
454.001	5011.75	0	5011.75
454.128	5216.25	0	5216.25
454.254	5228.75	0	5228.75
454.381	5142.75	0	5142.75
454.507	6557.25	0	6557.25
454.633	6725.5	0	6725.5
454.76	5256	0	5256
454.886	4884.5	0	4884.5
455.013	5127.75	0	5127.75
455.139	5109.25	0	5109.25
455.266	5651.5	0	5651.5
455.392	4928.75	0	4928.75
455.518	4873.5	0	4873.5
455.645	4723	0	4723
455.771	4400	0	4400
455.897	4474.5	0	4474.5
456.023	4382.25	0	4382.25
456.15	4816	0	4816
456.276	5593	0	5593
456.402	6370.25	0	6370.25
456.528	5068	0	5068
456.655	4634.25	0	4634.25
456.781	4546.75	0	4546.75
456.907	4922	0	4922
457.033	5272.5	0	5272.5
457.159	7789.75	0	7789.75
457.285	7383.5	0	7383.5
457.411	6453.5	0	6453.5
457.538	4828.25	0	4828.25
457.664	4439	0	4439
457.79	4503.25	0	4503.25
457.916	5103	0	5103
458.042	7564	0	7564
458.168	6283.75	0	6283.75
458.294	4937.25	0	4937.25
458.42	4406.75	0	4406.75
458.546	4152.25	0	4152.25
458.672	4040.25	0	4040.25
458.798	4009.25	0	4009.25
458.924	3920.25	0	3920.25
459.049	3970.25	0	3970.25
459.175	4051.75	0	4051.75
459.301	3933	0	3933
459.427	3936.25	0	3936.25
459.553	3779	0	3779
459.679	3964.25	0	3964.25
459.805	4842.25	0	4842.25
459.93	5373.75	0	5373.75
460.056	4381.5	0	4381.5
460.182	4485.25	0	4485.25
460.308	4391	0	4391
460.433	5531.75	0	5531.75
460.559	8136.75	0	8136.75
460.685	6019.5	0	6019.5
460.81	4628	0	4628
460.936	4505.25	0	4505.25
461.062	4456.25	0	4456.25
461.187	4339.5	0	4339.5
461.313	4160	0	4160
461.439	5236.75	0	5236.75
461.564	5080	0	5080
461.69	4135.75	0	4135.75
461.815	3935.5	0	3935.5
461.941	3962.25	0	3962.25
462.066	4149.75	0	4149.75
462.192	3945.75	0	3945.75
462.317	3910.25	0	3910.25
462.443	4075	0	4075
462.568	4159.5	0	4159.5
462.694	4493.5	0	4493.5
462.819	6133.25	0	6133.25
462.944	6572.75	0	6572.75
463.07	5042.25	0	5042.25
463.195	4390	0	4390
463.321	4349	0	4349
463.446	3998.75	0	3998.75
463.571	3989.25	0	3989.25
463.697	4459.25	0	4459.25
463.822	4117.75	0	4117.75
463.947	4005.75	0	4005.75
464.072	3857.75	0	3857.75
464.198	4576.25	0	4576.25
464.323	4323.5	0	4323.5
464.448	4050.5	0	4050.5
464.573	4584.75	0	4584.75
464.698	5950	0	5950
464.824	7497.5	0	7497.5
464.949	4801	0	4801
465.074	4106.5	0	4106.5
465.199	3919	0	3919
465.324	3935.75	0	3935.75
465.449	3830	0	3830
465.574	3860.25	0	3860.25
465.699	4184	0	4184
465.824	4139.75	0	4139.75
465.949	4117.5	0	4117.5
466.074	4540.25	0	4540.25
466.199	6591.25	0	6591.25
466.324	7375.25	0	7375.25
466.449	7549	0	7549
466.574	8588.5	0	8588.5
466.699	6100.25	0	6100.25
466.824	5438	0	5438
466.949	5743.25	0	5743.25
467.074	8970.75	0	8970.75
467.199	6624.5	0	6624.5
467.323	6609	0	6609
467.448	8041.75	0	8041.75
467.573	5363	0	5363
467.698	5372	0	5372
467.823	4712.5	0	4712.5
467.947	4509.75	0	4509.75
468.072	4757.75	0	4757.75
468.197	4933.75	0	4933.75
468.322	6075.25	0	6075.25
468.446	7319	0	7319
468.571	5252.75	0	5252.75
468.696	5049	0	5049
468.82	6210.25	0	6210.25
468.945	5894.25	0	5894.25
469.069	5967.75	0	5967.75
469.194	5744.5	0	5744.5
469.319	6353.25	0	6353.25
469.443	7000.75	0	7000.75
469.568	7078	0	7078
469.692	7029.5	0	7029.5
469.817	5891	0	5891
469.941	5693.75	0	5693.75
470.066	5872.75	0	5872.75
470.19	5864.75	0	5864.75
470.315	6193.5	0	6193.5
470.439	7278.25	0	7278.25
470.563	7570.75	0	7570.75
470.688	8775.5	0	8775.5
470.812	7303.75	0	7303.75
470.937	6118	0	6118
471.061	6215	0	6215
471.185	7893	0	7893
471.31	6807.5	0	6807.5
471.434	6265.5	0	6265.5
471.558	6041.25	0	6041.25
471.682	6152.25	0	6152.25
471.807	5966.75	0	5966.75
471.931	5783	0	5783
472.055	5578.5	0	5578.5
472.179	6050.75	0	6050.75
472.303	6243.5	0	6243.5
472.428	5619	0	5619
472.552	5922.25	0	5922.25
472.676	5992.5	0	5992.5
472.8	5748.25	0	5748.25
472.924	6309.5	0	6309.5
473.048	5696.75	0	5696.75
473.172	7267.25	0	7267.25
473.296	8524.5	0	8524.5
473.42	6759.25	0	6759.25
473.544	6455	0	6455
473.668	5692	0	5692
473.792	5557.5	0	5557.5
473.916	6319	0	6319
474.04	5981.5	0	5981.5
474.164	6307.75	0	6307.75
474.288	7795.25	0	7795.25
474.412	7417.5	0	7417.5
474.536	6229.25	0	6229.25
474.66	6221.5	0	6221.5
474.784	8332.25	0	8332.25
474.908	9066.75	0	9066.75
475.031	7321.5	0	7321.5
475.155	6433.75	0	6433.75
475.279	6135	0	6135
475.403	6824.25	0	6824.25
475.526	6256.25	0	6256.25
475.65	6214	0	6214
475.774	5880.25	0	5880.25
475.898	5557.75	0	5557.75
476.021	5654	0	5654
476.145	5488.25	0	5488.25
476.269	5468.75	0	5468.75
476.392	5568.75	0	5568.75
476.516	7016.25	0	7016.25
476.64	6883.25	0	6883.25
476.763	5918.5	0	5918.5
476.887	5814	0	5814
477.01	6132.25	0	6132.25
477.134	7011.25	0	7011.25
477.257	6834	0	6834
477.381	5944	0	5944
477.504	6021.75	0	6021.75
477.628	6123.25	0	6123.25
477.751	5834	0	5834
477.875	5901.25	0	5901.25
477.998	6229.25	0	6229.25
478.122	6237.5	0	6237.5
478.245	6543	0	6543
478.368	6675.25	0	6675.25
478.492	6355.5	0	6355.5
478.615	6452.25	0	6452.25
478.738	6255	0	6255
478.862	7716.75	0	7716.75
478.985	8123.5	0	8123.5
479.108	6572.5	0	6572.5
479.231	6393.5	0	6393.5
479.355	6103.25	0	6103.25
479.478	5834.75	0	5834.75
479.601	5741.5	0	5741.5
479.724	6078.5	0	6078.5
479.848	6055.5	0	6055.5
479.971	6056	0	6056
480.094	6547.5	0	6547.5
480.217	6244	0	6244
480.34	6360	0	6360
480.463	6703	0	6703
480.586	7138.25	0	7138.25
480.709	7190.5	0	7190.5
480.832	9281.75	0	9281.75
480.955	9995.75	0	9995.75
481.078	7722.75	0	7722.75
481.201	6757	0	6757
481.324	6737	0	6737
481.447	8614.75	0	8614.75
481.57	9219	0	9219
481.693	7018.25	0	7018.25
481.816	6536.75	0	6536.75
481.939	6590.75	0	6590.75
482.062	6811.5	0	6811.5
482.185	6602.25	0	6602.25
482.307	6761.25	0	6761.25
482.43	6887.25	0	6887.25
482.553	6417.5	0	6417.5
482.676	6586.5	0	6586.5
482.799	8174.25	0	8174.25
482.921	7367.5	0	7367.5
483.044	6986.25	0	6986.25
483.167	8569.5	0	8569.5
483.29	7998	0	7998
483.412	6729.5	0	6729.5
483.535	6817.5	0	6817.5
483.658	8605	0	8605
483.78	7127	0	7127
483.903	6545.25	0	6545.25
484.025	7096	0	7096
484.148	7495.5	0	7495.5
484.271	6817.25	0	6817.25
484.393	8402.25	0	8402.25
484.516	7481.75	0	7481.75
484.638	8492.75	0	8492.75
484.761	9822	0	9822
484.883	7016	0	7016
485.006	6949.25	0	6949.25
485.128	7546.75	0	7546.75
485.251	6719	0	6719
485.373	6395.25	0	6395.25
485.495	6055.75	0	6055.75
485.618	6079	0	6079
485.74	6143.5	0	6143.5
485.863	6004.25	0	6004.25
485.985	6339.75	0	6339.75
486.107	6057.25	0	6057.25
486.229	6032.25	0	6032.25
486.352	6193	0	6193
486.474	6512.75	0	6512.75
486.596	7012.75	0	7012.75
486.719	7625.25	0	7625.25
486.841	8218.5	0	8218.5
486.963	6770.75	0	6770.75
487.085	6839.25	0	6839.25
487.207	6690	0	6690
487.329	6200	0	6200
487.452	6315.5	0	6315.5
487.574	6108.25	0	6108.25
487.696	6968.25	0	6968.25
487.818	6824.75	0	6824.75
487.94	6830.25	0	6830.25
488.062	6546.5	0	6546.5
488.184	6173.75	0	6173.75
488.306	6070	0	6070
488.428	6546	0	6546
488.55	6218	0	6218
488.672	6333.5	0	6333.5
488.794	7164.75	0	7164.75
488.916	9421.75	0	9421.75
489.038	8323.25	0	8323.25
489.16	7830.25	0	7830.25
489.281	6546	0	6546
489.403	6927	0	6927
489.525	6750.75	0	6750.75
489.647	6694.75	0	6694.75
489.769	6955.5	0	6955.5
489.891	7279.75	0	7279.75
490.012	7613.25	0	7613.25
490.134	6662	0	6662
490.256	7233.25	0	7233.25
490.378	7828	0	7828
490.499	6192.25	0	6192.25
490.621	6431.75	0	6431.75
490.743	7817.25	0	7817.25
490.864	7221.75	0	7221.75
490.986	8940.75	0	8940.75
491.108	7466.75	0	7466.75
491.229	6987.25	0	6987.25
491.351	7778.75	0	7778.75
491.472	9921.75	0	9921.75
491.594	8721.5	0	8721.5
491.715	7728.75	0	7728.75
491.837	7477.25	0	7477.25
491.958	7858.25	0	7858.25
492.08	7481.5	0	7481.5
492.201	7278	0	7278
492.323	7796.5	0	7796.5
492.444	7821.5	0	7821.5
492.566	7326.75	0	7326.75
492.687	7639	0	7639
492.808	9218.75	0	9218.75
492.93	7810	0	7810
493.051	7535.5	0	7535.5
493.172	7756.25	0	7756.25
493.294	7316.25	0	7316.25
493.415	7048.25	0	7048.25
493.536	7417.25	0	7417.25
493.658	7365.5	0	7365.5
493.779	6801.25	0	6801.25
493.9	6977	0	6977
494.021	8542.75	0	8542.75
494.143	7565.5	0	7565.5
494.264	6852	0	6852
494.385	7962.5	0	7962.5
494.506	8058.25	0	8058.25
494.627	7765.75	0	7765.75
494.748	7573.5	0	7573.5
494.869	7722.75	0	7722.75
494.99	7483	0	7483
495.111	7829	0	7829
495.232	8185.5	0	8185.5
495.353	7365.5	0	7365.5
495.475	7601	0	7601
495.595	8412.25	0	8412.25
495.716	7626.75	0	7626.75
495.837	7198	0	7198
495.958	7331	0	7331
496.079	7574.75	0	7574.75
496.2	8786.75	0	8786.75
496.321	8074.25	0	8074.25
496.442	9561.75	0	9561.75
496.563	8432.75	0	8432.75
496.684	10248	0	10248
496.804	8063.25	0	8063.25
496.925	7492.25	0	7492.25
497.046	8569.75	0	8569.75
497.167	9609.5	0	9609.5
497.287	8617.75	0	8617.75
497.408	8537.25	0	8537.25
497.529	7539	0	7539
497.65	6960	0	6960
497.77	7066.5	0	7066.5
497.891	6989.5	0	6989.5
498.012	7132.5	0	7132.5
498.132	6915.25	0	6915.25
498.253	6772.75	0	6772.75
498.373	7101	0	7101
498.494	6734	0	6734
498.614	6989.5	0	6989.5
498.735	9687.5	0	9687.5
498.856	8862.5	0	8862.5
498.976	7048.25	0	7048.25
499.096	7813.75	0	7813.75
499.217	8391.5	0	8391.5
499.337	8469.5	0	8469.5
499.458	7036	0	7036
499.578	7287.25	0	7287.25
499.699	8536.75	0	8536.75
499.819	7468	0	7468
499.939	9554	0	9554
500.06	9472.25	0	9472.25
500.18	8045.5	0	8045.5
500.3	6937	0	6937
500.421	6735.25	0	6735.25
500.541	6732.75	0	6732.75
500.661	7358.5	0	7358.5
500.781	6889.5	0	6889.5
500.902	6790.25	0	6790.25
501.022	7133.75	0	7133.75
501.142	7620.75	0	7620.75
501.262	7622.5	0	7622.5
501.382	6760.5	0	6760.5
501.502	7073.75	0	7073.75
501.623	10744.8	0	10744.8
501.743	9136	0	9136
501.863	8242	0	8242
501.983	6945	0	6945
502.103	6489.25	0	6489.25
502.223	6477.5	0	6477.5
502.343	6638.25	0	6638.25
502.463	8421.25	0	8421.25
502.583	8415.75	0	8415.75
502.703	6876.25	0	6876.25
502.823	7738.5	0	7738.5
502.943	7790.25	0	7790.25
503.063	7526.5	0	7526.5
503.182	6923	0	6923
503.302	6797.5	0	6797.5
503.422	7211	0	7211
503.542	7306	0	7306
503.662	7492	0	7492
503.782	10349.2	0	10349.2
503.901	7463	0	7463
504.021	6919.75	0	6919.75
504.141	7403.75	0	7403.75
504.261	8117.25	0	8117.25
504.38	7095.75	0	7095.75
504.5	6976.25	0	6976.25
504.62	7670	0	7670
504.739	7613.25	0	7613.25
504.859	6990.75	0	6990.75
504.979	6707.25	0	6707.25
505.098	6583.75	0	6583.75
505.218	6660.25	0	6660.25
505.338	7769.75	0	7769.75
505.457	7506.25	0	7506.25
505.577	7427.25	0	7427.25
505.696	9944.25	0	9944.25
505.816	8546.75	0	8546.75
505.935	7189.25	0	7189.25
506.055	6709.75	0	6709.75
506.174	6454	0	6454
506.293	7483.75	0	7483.75
506.413	9631.25	0	9631.25
506.532	7109.25	0	7109.25
506.652	6704.75	0	6704.75
506.771	6647.25	0	6647.25
506.89	6485.25	0	6485.25
507.01	7203.75	0	7203.75
507.129	7366	0	7366
507.248	6751.5	0	6751.5
507.368	6759	0	6759
507.487	7810.25	0	7810.25
507.606	8622.25	0	8622.25
507.725	12186.2	0	12186.2
507.844	11898	0	11898
507.964	7654.25	0	7654.25
508.083	7034	0	7034
508.202	6605.75	0	6605.75
508.321	7019	0	7019
508.44	7212.25	0	7212.25
508.559	6968.5	0	6968.5
508.678	7251.25	0	7251.25
508.797	7750.25	0	7750.25
508.916	6771.25	0	6771.25
509.035	6526	0	6526
509.154	6747	0	6747
509.273	8543.5	0	8543.5
509.392	13400.8	0	13400.8
509.511	10175.5	0	10175.5
509.63	8174.75	0	8174.75
509.749	7991.75	0	7991.75
509.868	9789	0	9789
509.987	8451.25	0	8451.25
510.106	7721	0	7721
510.225	6787.75	0	6787.75
510.344	6568	0	6568
510.462	6370.75	0	6370.75
510.581	6262.75	0	6262.75
510.7	6344.75	0	6344.75
510.819	6349.5	0	6349.5
510.937	7278.75	0	7278.75
511.056	6978	0	6978
511.175	6408.75	0	6408.75
511.294	6403	0	6403
511.412	6483.5	0	6483.5
511.531	7200.5	0	7200.5
511.649	7214.75	0	7214.75
511.768	7063.5	0	7063.5
511.887	9587.25	0	9587.25
512.005	9191.5	0	9191.5
512.124	8158.5	0	8158.5
512.242	6926	0	6926
512.361	7478.5	0	7478.5
512.479	6987.75	0	6987.75
512.598	7734	0	7734
512.716	7985	0	7985
512.835	7008.75	0	7008.75
512.953	6633.5	0	6633.5
513.072	6670.75	0	6670.75
513.19	7899.75	0	7899.75
513.308	10057.8	0	10057.8
513.427	9867.5	0	9867.5
513.545	7336.5	0	7336.5
513.664	7240	0	7240
513.782	6747.25	0	6747.25
513.9	8248	0	8248
514.018	8052.5	0	8052.5
514.137	6779.5	0	6779.5
514.255	6641.75	0	6641.75
514.373	7028.25	0	7028.25
514.491	7804.75	0	7804.75
514.609	8763.5	0	8763.5
514.728	8332	0	8332
514.846	7847.5	0	7847.5
514.964	8656	0	8656
515.082	8965	0	8965
515.2	9963	0	9963
515.318	7337.75	0	7337.75
515.436	6857.5	0	6857.5
515.554	7172.75	0	7172.75
515.672	8018.75	0	8018.75
515.79	7582.75	0	7582.75
515.908	11354.2	0	11354.2
516.026	8877.5	0	8877.5
516.144	7726.75	0	7726.75
516.262	9679	0	9679
516.38	10017.8	0	10017.8
516.498	7599.75	0	7599.75
516.616	7454.5	0	7454.5
516.734	6871	0	6871
516.852	6693.75	0	6693.75
516.969	6518.5	0	6518.5
517.087	6557.25	0	6557.25
517.205	6871.5	0	6871.5
517.323	7604.75	0	7604.75
517.44	7011.5	0	7011.5
517.558	6842.5	0	6842.5
517.676	7261.25	0	7261.25
517.794	7784.5	0	7784.5
517.911	11156.5	0	11156.5
518.029	8436.5	0	8436.5
518.147	7527.5	0	7527.5
518.264	7898.5	0	7898.5
518.382	7074	0	7074
518.5	7715	0	7715
518.617	9310.5	0	9310.5
518.735	9412.5	0	9412.5
518.852	10188.5	0	10188.5
518.97	7677.25	0	7677.25
519.087	8424.75	0	8424.75
519.205	11569.5	0	11569.5
519.322	8627	0	8627
519.44	10694.5	0	10694.5
519.557	9448.25	0	9448.25
519.674	7744.25	0	7744.25
519.792	7293.5	0	7293.5
519.909	7398.25	0	7398.25
520.026	8458	0	8458
520.144	9580	0	9580
520.261	9404.25	0	9404.25
520.378	9054	0	9054
520.496	7868.25	0	7868.25
520.613	7455.25	0	7455.25
520.73	7085.25	0	7085.25
520.847	6984	0	6984
520.965	7317.75	0	7317.75
521.082	7292.5	0	7292.5
521.199	6849.25	0	6849.25
521.316	6681.5	0	6681.5
521.433	6821.75	0	6821.75
521.55	6742.75	0	6742.75
521.667	7155	0	7155
521.785	9054	0	9054
521.902	7568.5	0	7568.5
522.019	6837.75	0	6837.75
522.136	6664.5	0	6664.5
522.253	6687.25	0	6687.25
522.37	8123.25	0	8123.25
522.487	7519.5	0	7519.5
522.604	6752.5	0	6752.5
522.721	7186.5	0	7186.5
522.838	7685.75	0	7685.75
522.954	7228	0	7228
523.071	7965	0	7965
523.188	9685.5	0	9685.5
523.305	7870	0	7870
523.422	7799.75	0	7799.75
523.539	8618.25	0	8618.25
523.655	9247.25	0	9247.25
523.772	7131	0	7131
523.889	7671.75	0	7671.75
524.006	7840	0	7840
524.122	7140	0	7140
524.239	6689.75	0	6689.75
524.356	6574.25	0	6574.25
524.472	6610.5	0	6610.5
524.589	7527.75	0	7527.75
524.706	7316.75	0	7316.75
524.822	6690.75	0	6690.75
524.939	7447.25	0	7447.25
525.055	9786	0	9786
525.172	9596	0	9596
525.289	9485.25	0	9485.25
525.405	7393	0	7393
525.522	6622.5	0	6622.5
525.638	6351.75	0	6351.75
525.754	6359.75	0	6359.75
525.871	7054.25	0	7054.25
525.987	7101.75	0	7101.75
526.104	6555.5	0	6555.5
526.22	6486.25	0	6486.25
526.336	6481	0	6481
526.453	6553	0	6553
526.569	6391.5	0	6391.5
526.685	6381	0	6381
526.802	7149.75	0	7149.75
526.918	8385.25	0	8385.25
527.034	10922.8	0	10922.8
527.151	8801.5	0	8801.5
527.267	6957.25	0	6957.25
527.383	7428.25	0	7428.25
527.499	9996.25	0	9996.25
527.615	8392.25	0	8392.25
527.732	7701	0	7701
527.848	7486.5	0	7486.5
527.964	6545.25	0	6545.25
528.08	6546.5	0	6546.5
528.196	6310.25	0	6310.25
528.312	6816.75	0	6816.75
528.428	8118.5	0	8118.5
528.544	6946.5	0	6946.5
528.66	6372.5	0	6372.5
528.776	6025.5	0	6025.5
528.892	6055	0	6055
529.008	6098.5	0	6098.5
529.124	6180	0	6180
529.24	6680	0	6680
529.356	6465.5	0	6465.5
529.471	6844.75	0	6844.75
529.587	6923.5	0	6923.5
529.703	6854.75	0	6854.75
529.819	6718.75	0	6718.75
529.935	6170	0	6170
530.05	6284.5	0	6284.5
530.166	6268.5	0	6268.5
530.282	6078.5	0	6078.5
530.398	6020.25	0	6020.25
530.513	6818.75	0	6818.75
530.629	6513.5	0	6513.5
530.745	5984.5	0	5984.5
530.86	5845	0	5845
530.976	5921.25	0	5921.25
531.092	5916.25	0	5916.25
531.207	6091.5	0	6091.5
531.323	6651	0	6651
531.438	7344.75	0	7344.75
531.554	7300	0	7300
531.669	9083.75	0	9083.75
531.785	10911	0	10911
531.9	8602.25	0	8602.25
532.016	7265.75	0	7265.75
532.131	6883.75	0	6883.75
532.247	6433.25	0	6433.25
532.362	6086.75	0	6086.75
532.477	6208.5	0	6208.5
532.593	6399.5	0	6399.5
532.708	5761.75	0	5761.75
532.823	5715.75	0	5715.75
532.939	5685.75	0	5685.75
533.054	5681	0	5681
533.169	5810	0	5810
533.285	6710	0	6710
533.4	7723.25	0	7723.25
533.515	6808.5	0	6808.5
533.63	6777.75	0	6777.75
533.745	6214.75	0	6214.75
533.861	6536.75	0	6536.75
533.976	7490.25	0	7490.25
534.091	6855.5	0	6855.5
534.206	8801.5	0	8801.5
534.321	12083.2	0	12083.2
534.436	8334	0	8334
534.551	6685.5	0	6685.5
534.666	6148.5	0	6148.5
534.781	6406.5	0	6406.5
534.896	8910.75	0	8910.75
535.011	10479.8	0	10479.8
535.126	7394	0	7394
535.241	7203.5	0	7203.5
535.356	7217	0	7217
535.471	7869.25	0	7869.25
535.586	6377	0	6377
535.701	6028.25	0	6028.25
535.815	6378	0	6378
535.93	5928.25	0	5928.25
536.045	6157.75	0	6157.75
536.16	6456.75	0	6456.75