Lambda	Spectrum	Dark	SpecMinusDark
268.175	68	0	68
268.319	58.5	0	58.5
268.463	59	0	59
268.607	67	0	67
268.751	66.5	0	66.5
268.895	68.5	0	68.5
269.039	67	0	67
269.183	66.5	0	66.5
269.327	62.25	0	62.25
269.47	74.25	0	74.25
269.614	81.5	0	81.5
269.758	80	0	80
269.902	73.5	0	73.5
270.046	83.25	0	83.25
270.19	78.75	0	78.75
270.334	74.75	0	74.75
270.477	78.25	0	78.25
270.621	82.25	0	82.25
270.765	94.25	0	94.25
270.909	85	0	85
271.053	85	0	85
271.196	89.25	0	89.25
271.34	85.75	0	85.75
271.484	81.25	0	81.25
271.628	83.75	0	83.75
271.771	76.5	0	76.5
271.915	88.25	0	88.25
272.059	79	0	79
272.202	75.25	0	75.25
272.346	83.5	0	83.5
272.49	84.5	0	84.5
272.634	72.75	0	72.75
272.777	86.25	0	86.25
272.921	91.25	0	91.25
273.064	84	0	84
273.208	81.25	0	81.25
273.352	95.5	0	95.5
273.495	86.75	0	86.75
273.639	84.75	0	84.75
273.783	88.5	0	88.5
273.926	92.25	0	92.25
274.07	101.25	0	101.25
274.213	89.5	0	89.5
274.357	83	0	83
274.5	100.5	0	100.5
274.644	107.75	0	107.75
274.787	104.25	0	104.25
274.931	106.25	0	106.25
275.074	82.75	0	82.75
275.218	91.75	0	91.75
275.361	83.5	0	83.5
275.505	107.75	0	107.75
275.648	83.75	0	83.75
275.792	89.5	0	89.5
275.935	98.5	0	98.5
276.079	99.25	0	99.25
276.222	82	0	82
276.366	91	0	91
276.509	107	0	107
276.652	89.25	0	89.25
276.796	91.25	0	91.25
276.939	97.5	0	97.5
277.082	107.25	0	107.25
277.226	97.5	0	97.5
277.369	98.25	0	98.25
277.513	104.25	0	104.25
277.656	112	0	112
277.799	96.75	0	96.75
277.942	112	0	112
278.086	107.25	0	107.25
278.229	115.75	0	115.75
278.372	89.5	0	89.5
278.516	104	0	104
278.659	130	0	130
278.802	122.75	0	122.75
278.945	127.5	0	127.5
279.089	141.5	0	141.5
279.232	208.5	0	208.5
279.375	268.75	0	268.75
279.518	255	0	255
279.661	305.5	0	305.5
279.805	313.75	0	313.75
279.948	262	0	262
280.091	216	0	216
280.234	172.75	0	172.75
280.377	160.75	0	160.75
280.52	142.5	0	142.5
280.663	142	0	142
280.806	139.75	0	139.75
280.95	125.5	0	125.5
281.093	125.5	0	125.5
281.236	119.75	0	119.75
281.379	119.75	0	119.75
281.522	150	0	150
281.665	144.5	0	144.5
281.808	164.75	0	164.75
281.951	200	0	200
282.094	226	0	226
282.237	159.75	0	159.75
282.38	129.25	0	129.25
282.523	136	0	136
282.666	129	0	129
282.809	125.25	0	125.25
282.952	137	0	137
283.095	126.25	0	126.25
283.238	127	0	127
283.381	137.75	0	137.75
283.523	141.25	0	141.25
283.666	134.75	0	134.75
283.809	136.75	0	136.75
283.952	118.75	0	118.75
284.095	129.5	0	129.5
284.238	121.75	0	121.75
284.381	137	0	137
284.524	130	0	130
284.666	130	0	130
284.809	138.5	0	138.5
284.952	158	0	158
285.095	174.25	0	174.25
285.238	163	0	163
285.38	140.75	0	140.75
285.523	127.75	0	127.75
285.666	127.25	0	127.25
285.809	128.75	0	128.75
285.951	148.75	0	148.75
286.094	136.5	0	136.5
286.237	167	0	167
286.38	170.25	0	170.25
286.522	157.5	0	157.5
286.665	136	0	136
286.808	150.5	0	150.5
286.95	136	0	136
287.093	141.25	0	141.25
287.236	141.25	0	141.25
287.378	156.75	0	156.75
287.521	141.75	0	141.75
287.663	152.75	0	152.75
287.806	154.75	0	154.75
287.949	167.75	0	167.75
288.091	166.5	0	166.5
288.234	169	0	169
288.376	168	0	168
288.519	166.5	0	166.5
288.661	140.5	0	140.5
288.804	166	0	166
288.946	143	0	143
289.089	150.75	0	150.75
289.231	150.75	0	150.75
289.374	151	0	151
289.516	142.5	0	142.5
289.659	146.25	0	146.25
289.801	128.5	0	128.5
289.944	163	0	163
290.086	154	0	154
290.229	146	0	146
290.371	158.25	0	158.25
290.513	174.5	0	174.5
290.656	181.5	0	181.5
290.798	164.25	0	164.25
290.941	155	0	155
291.083	163.75	0	163.75
291.225	175.25	0	175.25
291.368	165	0	165
291.51	169.75	0	169.75
291.652	163.25	0	163.25
291.795	155	0	155
291.937	168.25	0	168.25
292.079	157	0	157
292.221	174	0	174
292.364	176.25	0	176.25
292.506	157.25	0	157.25
292.648	163.25	0	163.25
292.79	176.25	0	176.25
292.933	192	0	192
293.075	182.75	0	182.75
293.217	178.25	0	178.25
293.359	190.75	0	190.75
293.502	196.75	0	196.75
293.644	199.75	0	199.75
293.786	218	0	218
293.928	242.75	0	242.75
294.07	316	0	316
294.212	431	0	431
294.354	489	0	489
294.497	327.25	0	327.25
294.639	258	0	258
294.781	245.75	0	245.75
294.923	202.5	0	202.5
295.065	206.25	0	206.25
295.207	201.25	0	201.25
295.349	199.25	0	199.25
295.491	202	0	202
295.633	206	0	206
295.775	188.75	0	188.75
295.917	198.75	0	198.75
296.059	190.25	0	190.25
296.201	200.25	0	200.25
296.343	188	0	188
296.485	204.5	0	204.5
296.627	219	0	219
296.769	207.25	0	207.25
296.911	207.75	0	207.75
297.053	230.75	0	230.75
297.195	235.75	0	235.75
297.337	239.25	0	239.25
297.478	254.75	0	254.75
297.62	283	0	283
297.762	374.5	0	374.5
297.904	526.5	0	526.5
298.046	763.75	0	763.75
298.188	783	0	783
298.33	648.5	0	648.5
298.471	514.5	0	514.5
298.613	424.25	0	424.25
298.755	430.5	0	430.5
298.897	496.5	0	496.5
299.038	702.5	0	702.5
299.18	985.75	0	985.75
299.322	1045.25	0	1045.25
299.464	949.75	0	949.75
299.605	802	0	802
299.747	917.25	0	917.25
299.889	1205	0	1205
300.031	1646.75	0	1646.75
300.172	1877.5	0	1877.5
300.314	1897.5	0	1897.5
300.456	1535.25	0	1535.25
300.597	1232	0	1232
300.739	1156	0	1156
300.881	1299.75	0	1299.75
301.022	1660.5	0	1660.5
301.164	1785.25	0	1785.25
301.305	1413.75	0	1413.75
301.447	1046.5	0	1046.5
301.589	906.5	0	906.5
301.73	874.75	0	874.75
301.872	861.25	0	861.25
302.013	635.5	0	635.5
302.155	518	0	518
302.296	459.75	0	459.75
302.438	440.5	0	440.5
302.579	402.75	0	402.75
302.721	415	0	415
302.862	469	0	469
303.004	550	0	550
303.145	584.25	0	584.25
303.287	595	0	595
303.428	761	0	761
303.569	1161.25	0	1161.25
303.711	1500	0	1500
303.852	1233.75	0	1233.75
303.994	853.5	0	853.5
304.135	754.75	0	754.75
304.276	751.75	0	751.75
304.418	848.75	0	848.75
304.559	912.5	0	912.5
304.7	1219	0	1219
304.842	1697	0	1697
304.983	2171.5	0	2171.5
305.124	2204.5	0	2204.5
305.266	2102	0	2102
305.407	2065.5	0	2065.5
305.548	2015.25	0	2015.25
305.69	1952.25	0	1952.25
305.831	1557	0	1557
305.972	1111	0	1111
306.113	1015	0	1015
306.254	1056.75	0	1056.75
306.396	1103.25	0	1103.25
306.537	842.5	0	842.5
306.678	616.75	0	616.75
306.819	553.5	0	553.5
306.96	498.5	0	498.5
307.102	435.75	0	435.75
307.243	435.5	0	435.5
307.384	458	0	458
307.525	466	0	466
307.666	544.25	0	544.25
307.807	669	0	669
307.948	902.75	0	902.75
308.089	790.25	0	790.25
308.23	613	0	613
308.371	518.25	0	518.25
308.513	481.5	0	481.5
308.654	478.5	0	478.5
308.795	476.75	0	476.75
308.936	530.75	0	530.75
309.077	624.25	0	624.25
309.218	728.5	0	728.5
309.359	801.25	0	801.25
309.499	1033	0	1033
309.64	1440	0	1440
309.781	1821.75	0	1821.75
309.922	2327.75	0	2327.75
310.063	2713.25	0	2713.25
310.204	2613	0	2613
310.345	2084.25	0	2084.25
310.486	1560	0	1560
310.627	1190	0	1190
310.768	905.25	0	905.25
310.909	760.25	0	760.25
311.049	746.25	0	746.25
311.19	781.75	0	781.75
311.331	860.5	0	860.5
311.472	720.25	0	720.25
311.613	588.75	0	588.75
311.753	532.75	0	532.75
311.894	514.5	0	514.5
312.035	492	0	492
312.176	513.25	0	513.25
312.316	512.5	0	512.5
312.457	535.5	0	535.5
312.598	595.5	0	595.5
312.739	665	0	665
312.879	810.25	0	810.25
313.02	1190.25	0	1190.25
313.161	1841	0	1841
313.301	2339.75	0	2339.75
313.442	2165.25	0	2165.25
313.583	1518.25	0	1518.25
313.723	1007.25	0	1007.25
313.864	817	0	817
314.005	663	0	663
314.145	614.75	0	614.75
314.286	590.25	0	590.25
314.426	585.75	0	585.75
314.567	531.75	0	531.75
314.707	467	0	467
314.848	471	0	471
314.989	468.75	0	468.75
315.129	429	0	429
315.27	461.5	0	461.5
315.41	439.25	0	439.25
315.551	445	0	445
315.691	428	0	428
315.831	411	0	411
315.972	403.5	0	403.5
316.112	402.25	0	402.25
316.253	424.25	0	424.25
316.393	427.5	0	427.5
316.534	428.75	0	428.75
316.674	437.75	0	437.75
316.814	432.25	0	432.25
316.955	439.25	0	439.25
317.095	450.5	0	450.5
317.236	450.5	0	450.5
317.376	472	0	472
317.516	482.25	0	482.25
317.656	476.75	0	476.75
317.797	512.25	0	512.25
317.937	602	0	602
318.077	659	0	659
318.218	702.25	0	702.25
318.358	684	0	684
318.498	574.25	0	574.25
318.638	564.5	0	564.5
318.779	561.75	0	561.75
318.919	591.25	0	591.25
319.059	649.75	0	649.75
319.199	651.75	0	651.75
319.34	737	0	737
319.48	835.5	0	835.5
319.62	910.25	0	910.25
319.76	854.5	0	854.5
319.9	838.5	0	838.5
320.04	813.5	0	813.5
320.18	764.5	0	764.5
320.32	756.75	0	756.75
320.461	813.5	0	813.5
320.601	825.25	0	825.25
320.741	874	0	874
320.881	909.75	0	909.75
321.021	910.5	0	910.5
321.161	1034.75	0	1034.75
321.301	1115.75	0	1115.75
321.441	1134.5	0	1134.5
321.581	1192	0	1192
321.721	1191.75	0	1191.75
321.861	1162.5	0	1162.5
322.001	1268	0	1268
322.141	1344	0	1344
322.281	1366	0	1366
322.421	1463.5	0	1463.5
322.561	1323.25	0	1323.25
322.7	1212.25	0	1212.25
322.84	1224	0	1224
322.98	1515.25	0	1515.25
323.12	2086.75	0	2086.75
323.26	2418.25	0	2418.25
323.4	1833.75	0	1833.75
323.54	1319.25	0	1319.25
323.68	1142.25	0	1142.25
323.819	1075	0	1075
323.959	1206.75	0	1206.75
324.099	1617	0	1617
324.239	1786.25	0	1786.25
324.379	1422.75	0	1422.75
324.518	1162.5	0	1162.5
324.658	1216	0	1216
324.798	1292	0	1292
324.937	1230.25	0	1230.25
325.077	1095.5	0	1095.5
325.217	904	0	904
325.357	844	0	844
325.496	813.75	0	813.75
325.636	767.75	0	767.75
325.776	752	0	752
325.915	788	0	788
326.055	744.75	0	744.75
326.195	779.5	0	779.5
326.334	775	0	775
326.474	760.5	0	760.5
326.613	774.25	0	774.25
326.753	799	0	799
326.892	917	0	917
327.032	937.5	0	937.5
327.172	871.5	0	871.5
327.311	833.75	0	833.75
327.451	827.75	0	827.75
327.59	815	0	815
327.73	834.5	0	834.5
327.869	888.75	0	888.75
328.009	1024.5	0	1024.5
328.148	1003	0	1003
328.288	966.25	0	966.25
328.427	916.25	0	916.25
328.566	971	0	971
328.706	911.25	0	911.25
328.845	836.25	0	836.25
328.985	835.75	0	835.75
329.124	873.75	0	873.75
329.263	863	0	863
329.403	868.25	0	868.25
329.542	884.25	0	884.25
329.681	891.5	0	891.5
329.821	929.5	0	929.5
329.96	940.75	0	940.75
330.099	970.75	0	970.75
330.239	1018.75	0	1018.75
330.378	1035.25	0	1035.25
330.517	1084	0	1084
330.656	1142	0	1142
330.796	1173.5	0	1173.5
330.935	1314	0	1314
331.074	1384.75	0	1384.75
331.213	1616	0	1616
331.352	2072.25	0	2072.25
331.492	2476.25	0	2476.25
331.631	2008.25	0	2008.25
331.77	2020	0	2020
331.909	2536.75	0	2536.75
332.048	2423.25	0	2423.25
332.187	2088.25	0	2088.25
332.327	1567.25	0	1567.25
332.466	1399.25	0	1399.25
332.605	1261.5	0	1261.5
332.744	1210.75	0	1210.75
332.883	1182.75	0	1182.75
333.022	1123.25	0	1123.25
333.161	1168.75	0	1168.75
333.3	1126	0	1126
333.439	1164.5	0	1164.5
333.578	1128	0	1128
333.717	1137.75	0	1137.75
333.856	1138	0	1138
333.995	1157.5	0	1157.5
334.134	1149.5	0	1149.5
334.273	1183	0	1183
334.412	1187	0	1187
334.551	1182.5	0	1182.5
334.69	1202	0	1202
334.828	1278.25	0	1278.25
334.967	1312.25	0	1312.25
335.106	1359	0	1359
335.245	1427	0	1427
335.384	1484.5	0	1484.5
335.523	1608.75	0	1608.75
335.662	1737.75	0	1737.75
335.8	2097.25	0	2097.25
335.939	2698.5	0	2698.5
336.078	3146.5	0	3146.5
336.217	2985	0	2985
336.356	3549	0	3549
336.494	4426.75	0	4426.75
336.633	4676	0	4676
336.772	5280.25	0	5280.25
336.911	5911.75	0	5911.75
337.049	5423	0	5423
337.188	4736.5	0	4736.5
337.327	4202.5	0	4202.5
337.465	3820.75	0	3820.75
337.604	3718.5	0	3718.5
337.743	4608.25	0	4608.25
337.881	6023.75	0	6023.75
338.02	6698.5	0	6698.5
338.158	5489.5	0	5489.5
338.297	4442.5	0	4442.5
338.436	3631.75	0	3631.75
338.574	3374.5	0	3374.5
338.713	3581.25	0	3581.25
338.851	4396.5	0	4396.5
338.99	5986.25	0	5986.25
339.128	6661.5	0	6661.5
339.267	6302.25	0	6302.25
339.405	4990.75	0	4990.75
339.544	3908.75	0	3908.75
339.682	3221.25	0	3221.25
339.821	2981.75	0	2981.75
339.959	2879.75	0	2879.75
340.098	2794.5	0	2794.5
340.236	2819	0	2819
340.375	2913.25	0	2913.25
340.513	3236.5	0	3236.5
340.651	3795.5	0	3795.5
340.79	4671.5	0	4671.5
340.928	6018	0	6018
341.067	7845.25	0	7845.25
341.205	10001.8	0	10001.8
341.343	11311.5	0	11311.5
341.482	11608.8	0	11608.8
341.62	10541.2	0	10541.2
341.758	8788.25	0	8788.25
341.897	7806.5	0	7806.5
342.035	7281.25	0	7281.25
342.173	7600	0	7600
342.311	7460.25	0	7460.25
342.45	5566.25	0	5566.25
342.588	4311.75	0	4311.75
342.726	3823.75	0	3823.75
342.864	3700	0	3700
343.002	4249.75	0	4249.75
343.141	5866.75	0	5866.75
343.279	6858	0	6858
343.417	6237.5	0	6237.5
343.555	5711.25	0	5711.25
343.693	5332	0	5332
343.831	4263	0	4263
343.969	3895	0	3895
344.108	4103.5	0	4103.5
344.246	5113.75	0	5113.75
344.384	6774.75	0	6774.75
344.522	7901.5	0	7901.5
344.66	7329.25	0	7329.25
344.798	5718.25	0	5718.25
344.936	5441.5	0	5441.5
345.074	6052	0	6052
345.212	6796.5	0	6796.5
345.35	6111.25	0	6111.25
345.488	6625.75	0	6625.75
345.626	8306.25	0	8306.25
345.764	9632.25	0	9632.25
345.902	10237.2	0	10237.2
346.04	9751.75	0	9751.75
346.178	8990	0	8990
346.315	7143.25	0	7143.25
346.453	5889.25	0	5889.25
346.591	5345.25	0	5345.25
346.729	5069.5	0	5069.5
346.867	5271.75	0	5271.75
347.005	6019.25	0	6019.25
347.143	7000.75	0	7000.75
347.28	5901.25	0	5901.25
347.418	4342.5	0	4342.5
347.556	3751.5	0	3751.5
347.694	3432.25	0	3432.25
347.832	3255.5	0	3255.5
347.969	3492.25	0	3492.25
348.107	4188.25	0	4188.25
348.245	5320	0	5320
348.382	5088.25	0	5088.25
348.52	4239.5	0	4239.5
348.658	3964.25	0	3964.25
348.796	4409.75	0	4409.75
348.933	5904.5	0	5904.5
349.071	8227.25	0	8227.25
349.209	9723.25	0	9723.25
349.346	8906.75	0	8906.75
349.484	7011.5	0	7011.5
349.621	5479	0	5479
349.759	5107.75	0	5107.75
349.897	5622.25	0	5622.25
350.034	5519	0	5519
350.172	4370	0	4370
350.309	3861.5	0	3861.5
350.447	3946	0	3946
350.584	4430.25	0	4430.25
350.722	5914.75	0	5914.75
350.859	8193.5	0	8193.5
350.997	9040.5	0	9040.5
351.134	9112	0	9112
351.272	10200.8	0	10200.8
351.409	11142	0	11142
351.547	11111	0	11111
351.684	9549.75	0	9549.75
351.822	8889.25	0	8889.25
351.959	8755.5	0	8755.5
352.096	9704.75	0	9704.75
352.234	11003.5	0	11003.5
352.371	11829	0	11829
352.508	12186.8	0	12186.8
352.646	10384.5	0	10384.5
352.783	8439	0	8439
352.92	6853.5	0	6853.5
353.058	5727.5	0	5727.5
353.195	4818	0	4818
353.332	4198.75	0	4198.75
353.469	3840.25	0	3840.25
353.607	3482.75	0	3482.75
353.744	3212	0	3212
353.881	3123	0	3123
354.018	3013	0	3013
354.156	2881.75	0	2881.75
354.293	2754	0	2754
354.43	2973	0	2973
354.567	3417.25	0	3417.25
354.704	3936	0	3936
354.841	3438	0	3438
354.979	2964	0	2964
355.116	2829.75	0	2829.75
355.253	2673.75	0	2673.75
355.39	2517.75	0	2517.75
355.527	2566	0	2566
355.664	2581.25	0	2581.25
355.801	2825.5	0	2825.5
355.938	3197.5	0	3197.5
356.075	3846.5	0	3846.5
356.212	4963.25	0	4963.25
356.349	7188.75	0	7188.75
356.486	9963.5	0	9963.5
356.623	10216.2	0	10216.2
356.76	8389	0	8389
356.897	6967.25	0	6967.25
357.034	7061	0	7061
357.171	6284.25	0	6284.25
357.308	4506.25	0	4506.25
357.445	3597.5	0	3597.5
357.582	3193.25	0	3193.25
357.718	2843.5	0	2843.5
357.855	2646.25	0	2646.25
357.992	2456.25	0	2456.25
358.129	2383.5	0	2383.5
358.266	2263.25	0	2263.25
358.403	2262.5	0	2262.5
358.539	2473.75	0	2473.75
358.676	2586.25	0	2586.25
358.813	2333.25	0	2333.25
358.95	2224.75	0	2224.75
359.086	2253.75	0	2253.75
359.223	2385.5	0	2385.5
359.36	2735.75	0	2735.75
359.497	4068.25	0	4068.25
359.633	5738	0	5738
359.77	5431	0	5431
359.907	3971.25	0	3971.25
360.043	3503.5	0	3503.5
360.18	3337.75	0	3337.75
360.317	2958.75	0	2958.75
360.453	3016	0	3016
360.59	3430.75	0	3430.75
360.727	4781.75	0	4781.75
360.863	6970.5	0	6970.5
361	7952	0	7952
361.136	7503.25	0	7503.25
361.273	6730	0	6730
361.409	6462	0	6462
361.546	8042.75	0	8042.75
361.682	11234.8	0	11234.8
361.819	13557.2	0	13557.2
361.955	13601.8	0	13601.8
362.092	11087.5	0	11087.5
362.228	8562	0	8562
362.365	6927	0	6927
362.501	5479.25	0	5479.25
362.638	4424	0	4424
362.774	3846	0	3846
362.91	3462	0	3462
363.047	3198.75	0	3198.75
363.183	2911.25	0	2911.25
363.319	2773.25	0	2773.25
363.456	2570	0	2570
363.592	2352.75	0	2352.75
363.728	2224	0	2224
363.865	2137.75	0	2137.75
364.001	2110.75	0	2110.75
364.137	2010.25	0	2010.25
364.274	1972	0	1972
364.41	1933.25	0	1933.25
364.546	1912.5	0	1912.5
364.682	1866.5	0	1866.5
364.819	1837.75	0	1837.75
364.955	1767.75	0	1767.75
365.091	1770.25	0	1770.25
365.227	1731.5	0	1731.5
365.363	1712.75	0	1712.75
365.499	1710.5	0	1710.5
365.636	1716.5	0	1716.5
365.772	1736.25	0	1736.25
365.908	1781.25	0	1781.25
366.044	1941.5	0	1941.5
366.18	2200.75	0	2200.75
366.316	2460	0	2460
366.452	2237.75	0	2237.75
366.588	1955.25	0	1955.25
366.724	2202.25	0	2202.25
366.86	2437.5	0	2437.5
366.996	2331	0	2331
367.132	2430	0	2430
367.268	2805.75	0	2805.75
367.404	2622.25	0	2622.25
367.54	2028.75	0	2028.75
367.676	1792.75	0	1792.75
367.812	1664.5	0	1664.5
367.948	1629	0	1629
368.084	1591.25	0	1591.25
368.22	1598.5	0	1598.5
368.356	1624	0	1624
368.492	1679	0	1679
368.627	1950.5	0	1950.5
368.763	2091.25	0	2091.25
368.899	1840.25	0	1840.25
369.035	1694.25	0	1694.25
369.171	1672.5	0	1672.5
369.306	1780.5	0	1780.5
369.442	1651.75	0	1651.75
369.578	1604.25	0	1604.25
369.714	1581.75	0	1581.75
369.85	1524.5	0	1524.5
369.985	1523.25	0	1523.25
370.121	1536.5	0	1536.5
370.257	1553.75	0	1553.75
370.392	1522	0	1522
370.528	1540.25	0	1540.25
370.664	1555.75	0	1555.75
370.799	1546.75	0	1546.75
370.935	1544	0	1544
371.071	1526.5	0	1526.5
371.206	1576.25	0	1576.25
371.342	1598.5	0	1598.5
371.477	1638.5	0	1638.5
371.613	1636.5	0	1636.5
371.749	1714	0	1714
371.884	1793.75	0	1793.75
372.02	2005.5	0	2005.5
372.155	2158.75	0	2158.75
372.291	1945	0	1945
372.426	1767.5	0	1767.5
372.562	1686.5	0	1686.5
372.697	1693.75	0	1693.75
372.833	1672.5	0	1672.5
372.968	1699	0	1699
373.103	1714.5	0	1714.5
373.239	1861.75	0	1861.75
373.374	2118.5	0	2118.5
373.51	2759.25	0	2759.25
373.645	2802.75	0	2802.75
373.78	2343.25	0	2343.25
373.916	2105.5	0	2105.5
374.051	1823.25	0	1823.25
374.186	1777.25	0	1777.25
374.322	1819	0	1819
374.457	1675.25	0	1675.25
374.592	1738.75	0	1738.75
374.728	1750.75	0	1750.75
374.863	1745.75	0	1745.75
374.998	1648.25	0	1648.25
375.133	1516.25	0	1516.25
375.268	1529	0	1529
375.404	1495.5	0	1495.5
375.539	1529.5	0	1529.5
375.674	1497.25	0	1497.25
375.809	1523.25	0	1523.25
375.944	1503	0	1503
376.08	1462.5	0	1462.5
376.215	1504.75	0	1504.75
376.35	1518.75	0	1518.75
376.485	1529.25	0	1529.25
376.62	1560.75	0	1560.75
376.755	1620.25	0	1620.25
376.89	1686	0	1686
377.025	1785.5	0	1785.5
377.16	2167.75	0	2167.75
377.295	3228	0	3228
377.43	4632.75	0	4632.75
377.565	4002.5	0	4002.5
377.7	2753.5	0	2753.5
377.835	2309.5	0	2309.5
377.97	2492.25	0	2492.25
378.105	3820.5	0	3820.5
378.24	5188	0	5188
378.375	3957.75	0	3957.75
378.51	2426	0	2426
378.645	1990.75	0	1990.75
378.78	1827.5	0	1827.5
378.914	1662	0	1662
379.049	1768	0	1768
379.184	1810.5	0	1810.5
379.319	1723.5	0	1723.5
379.454	1634.25	0	1634.25
379.589	1597.75	0	1597.75
379.723	1618.5	0	1618.5
379.858	1669.5	0	1669.5
379.993	1714.25	0	1714.25
380.128	1838.25	0	1838.25
380.262	2078.5	0	2078.5
380.397	3093	0	3093
380.532	5525.25	0	5525.25
380.666	6120.75	0	6120.75
380.801	3998.25	0	3998.25
380.936	2677.5	0	2677.5
381.07	2130.5	0	2130.5
381.205	1919.75	0	1919.75
381.34	1754.5	0	1754.5
381.474	1692.75	0	1692.75
381.609	1682.25	0	1682.25
381.744	1638.5	0	1638.5
381.878	1746.5	0	1746.5
382.013	1729	0	1729
382.147	1769.5	0	1769.5
382.282	1852.75	0	1852.75
382.416	1750.75	0	1750.75
382.551	1646	0	1646
382.685	1630.5	0	1630.5
382.82	1746	0	1746
382.954	2038.5	0	2038.5
383.089	2321.5	0	2321.5
383.223	2137.5	0	2137.5
383.357	1905.5	0	1905.5
383.492	1786	0	1786
383.626	1670	0	1670
383.761	1688.75	0	1688.75
383.895	1678	0	1678
384.029	1762.25	0	1762.25
384.164	1678.25	0	1678.25
384.298	1690.5	0	1690.5
384.432	1640	0	1640
384.567	1637.5	0	1637.5
384.701	1664.25	0	1664.25
384.835	1676.25	0	1676.25
384.97	1786.5	0	1786.5
385.104	1875.5	0	1875.5
385.238	2071	0	2071
385.372	2596.25	0	2596.25
385.506	4145.75	0	4145.75
385.641	7653.25	0	7653.25
385.775	9339	0	9339
385.909	6002	0	6002
386.043	4002.25	0	4002.25
386.177	2902	0	2902
386.311	2441.25	0	2441.25
386.446	2173	0	2173
386.58	1963.75	0	1963.75
386.714	1912.75	0	1912.75
386.848	1846.25	0	1846.25
386.982	1768.75	0	1768.75
387.116	1735.25	0	1735.25
387.25	1638	0	1638
387.384	1639.5	0	1639.5
387.518	1593.75	0	1593.75
387.652	1560.5	0	1560.5
387.786	1540.75	0	1540.75
387.92	1577.25	0	1577.25
388.054	1566.75	0	1566.75
388.188	1601.5	0	1601.5
388.322	1573.25	0	1573.25
388.456	1642	0	1642
388.59	1624.75	0	1624.75
388.723	1699.5	0	1699.5
388.857	1766.75	0	1766.75
388.991	1690.75	0	1690.75
389.125	1602.5	0	1602.5
389.259	1578	0	1578
389.393	1550.25	0	1550.25
389.526	1532.5	0	1532.5
389.66	1490.5	0	1490.5
389.794	1457	0	1457
389.928	1438	0	1438
390.062	1452.25	0	1452.25
390.195	1475.25	0	1475.25
390.329	1472.5	0	1472.5
390.463	1430.5	0	1430.5
390.596	1440.75	0	1440.75
390.73	1397.75	0	1397.75
390.864	1417.25	0	1417.25
390.997	1421.75	0	1421.75
391.131	1438.5	0	1438.5
391.265	1415	0	1415
391.398	1384	0	1384
391.532	1346.75	0	1346.75
391.665	1364	0	1364
391.799	1371.25	0	1371.25
391.933	1393.75	0	1393.75
392.066	1358.5	0	1358.5
392.2	1326	0	1326
392.333	1332.5	0	1332.5
392.467	1377.25	0	1377.25
392.6	1342	0	1342
392.734	1314.5	0	1314.5
392.867	1364	0	1364
393.001	1347.5	0	1347.5
393.134	1349.75	0	1349.75
393.267	1347.75	0	1347.75
393.401	1365.75	0	1365.75
393.534	1326.25	0	1326.25
393.668	1365.75	0	1365.75
393.801	1318.5	0	1318.5
393.934	1393	0	1393
394.068	1454.5	0	1454.5
394.201	1759.25	0	1759.25
394.334	1932	0	1932
394.468	1707.75	0	1707.75
394.601	1569.25	0	1569.25
394.734	1498.75	0	1498.75
394.867	1415.75	0	1415.75
395.001	1413	0	1413
395.134	1383.5	0	1383.5
395.267	1371.25	0	1371.25
395.4	1430.5	0	1430.5
395.533	1440.5	0	1440.5
395.667	1437.25	0	1437.25
395.8	1598.25	0	1598.25
395.933	2063.75	0	2063.75
396.066	2585.75	0	2585.75
396.199	2182.5	0	2182.5
396.332	1827.75	0	1827.75
396.465	1687.25	0	1687.25
396.598	1526	0	1526
396.732	1584.5	0	1584.5
396.865	1526.25	0	1526.25
396.998	1596.5	0	1596.5
397.131	1680.25	0	1680.25
397.264	1862.25	0	1862.25
397.397	1683.75	0	1683.75
397.53	1565.75	0	1565.75
397.663	1480.25	0	1480.25
397.796	1382.75	0	1382.75
397.928	1430.25	0	1430.25
398.061	1420.5	0	1420.5
398.194	1403.5	0	1403.5
398.327	1349.75	0	1349.75
398.46	1401.5	0	1401.5
398.593	1446.75	0	1446.75
398.726	1398.25	0	1398.25
398.859	1349	0	1349
398.991	1393.5	0	1393.5
399.124	1387	0	1387
399.257	1378	0	1378
399.39	1371.25	0	1371.25
399.523	1367	0	1367
399.655	1328.5	0	1328.5
399.788	1347	0	1347
399.921	1351.75	0	1351.75
400.054	1353.25	0	1353.25
400.186	1333.75	0	1333.75
400.319	1348.75	0	1348.75
400.452	1324.25	0	1324.25
400.584	1384	0	1384
400.717	1334.75	0	1334.75
400.85	1342.5	0	1342.5
400.982	1343	0	1343
401.115	1361.25	0	1361.25
401.247	1357.25	0	1357.25
401.38	1332.5	0	1332.5
401.513	1355	0	1355
401.645	1404.5	0	1404.5
401.778	1448.75	0	1448.75
401.91	1377.25	0	1377.25
402.043	1345.5	0	1345.5
402.175	1334.5	0	1334.5
402.308	1383.5	0	1383.5
402.44	1412.5	0	1412.5
402.573	1417.75	0	1417.75
402.705	1575.25	0	1575.25
402.837	2239.5	0	2239.5
402.97	3055.25	0	3055.25
403.102	2965.5	0	2965.5
403.235	2991	0	2991
403.367	2619.75	0	2619.75
403.499	1923.75	0	1923.75
403.632	1643.75	0	1643.75
403.764	1505.75	0	1505.75
403.896	1637.25	0	1637.25
404.029	1749.5	0	1749.5
404.161	1555.5	0	1555.5
404.293	1466	0	1466
404.425	1501.5	0	1501.5
404.558	1495.75	0	1495.75
404.69	1483	0	1483
404.822	1408.75	0	1408.75
404.954	1355.25	0	1355.25
405.086	1391.25	0	1391.25
405.219	1362	0	1362
405.351	1446.5	0	1446.5
405.483	1482	0	1482
405.615	1436.25	0	1436.25
405.747	1375.25	0	1375.25
405.879	1357.5	0	1357.5
406.011	1313	0	1313
406.143	1393	0	1393
406.275	1391.25	0	1391.25
406.407	1375.75	0	1375.75
406.539	1318.5	0	1318.5
406.672	1254	0	1254
406.803	1298.25	0	1298.25
406.935	1270.25	0	1270.25
407.067	1276.5	0	1276.5
407.199	1195.25	0	1195.25
407.331	1258.25	0	1258.25
407.463	1231.75	0	1231.75
407.595	1235.25	0	1235.25
407.727	1271.75	0	1271.75
407.859	1365.25	0	1365.25
407.991	1275.75	0	1275.75
408.123	1338	0	1338
408.255	1367.75	0	1367.75
408.386	1292.5	0	1292.5
408.518	1203.75	0	1203.75
408.65	1230.5	0	1230.5
408.782	1212	0	1212
408.914	1210.5	0	1210.5
409.045	1158.25	0	1158.25
409.177	1175.5	0	1175.5
409.309	1158.25	0	1158.25
409.44	1141.75	0	1141.75
409.572	1136.25	0	1136.25
409.704	1156.25	0	1156.25
409.836	1139.25	0	1139.25
409.967	1151.75	0	1151.75
410.099	1185	0	1185
410.23	1151.75	0	1151.75
410.362	1144.75	0	1144.75
410.494	1120.75	0	1120.75
410.625	1117.5	0	1117.5
410.757	1120.25	0	1120.25
410.888	1098.5	0	1098.5
411.02	1090	0	1090
411.152	1136.5	0	1136.5
411.283	1113.5	0	1113.5
411.415	1129.25	0	1129.25
411.546	1127.5	0	1127.5
411.677	1140	0	1140
411.809	1145.5	0	1145.5
411.94	1055.25	0	1055.25
412.072	1128.75	0	1128.75
412.203	1081.25	0	1081.25
412.335	1096.25	0	1096.25
412.466	1067.25	0	1067.25
412.597	1106.75	0	1106.75
412.729	1085.5	0	1085.5
412.86	1083.25	0	1083.25
412.991	1093.25	0	1093.25
413.123	1107.25	0	1107.25
413.254	1116	0	1116
413.385	1115.5	0	1115.5
413.517	1105.25	0	1105.25
413.648	1121.25	0	1121.25
413.779	1099.25	0	1099.25
413.91	1133.75	0	1133.75
414.042	1144.75	0	1144.75
414.173	1150.25	0	1150.25
414.304	1143.75	0	1143.75
414.435	1117.25	0	1117.25
414.566	1074	0	1074
414.697	1126	0	1126
414.828	1078.25	0	1078.25
414.96	1091.5	0	1091.5
415.091	1065.25	0	1065.25
415.222	1090.75	0	1090.75
415.353	1100.5	0	1100.5
415.484	1079.25	0	1079.25
415.615	1098.75	0	1098.75
415.746	1068.75	0	1068.75
415.877	1058.5	0	1058.5
416.008	1069.5	0	1069.5
416.139	1039.25	0	1039.25
416.27	1037	0	1037
416.401	1060	0	1060
416.532	1012	0	1012
416.663	1085.25	0	1085.25
416.794	1014.25	0	1014.25
416.925	1028.5	0	1028.5
417.055	1059.75	0	1059.75
417.186	1023	0	1023
417.317	1068.25	0	1068.25
417.448	1027.25	0	1027.25
417.579	1027	0	1027
417.71	1082	0	1082
417.84	1049.75	0	1049.75
417.971	1018.75	0	1018.75
418.102	1020.25	0	1020.25
418.233	1037.5	0	1037.5
418.363	1025.75	0	1025.75
418.494	1039	0	1039
418.625	1022	0	1022
418.756	1097.75	0	1097.75
418.886	1068.5	0	1068.5
419.017	1078.5	0	1078.5
419.148	1084.75	0	1084.75
419.278	1078	0	1078
419.409	1120.5	0	1120.5
419.539	1128.75	0	1128.75
419.67	1128	0	1128
419.801	1129	0	1129
419.931	1163.25	0	1163.25
420.062	1208.25	0	1208.25
420.192	1133.5	0	1133.5
420.323	1134.5	0	1134.5
420.453	1102.25	0	1102.25
420.584	1067.25	0	1067.25
420.714	1065.25	0	1065.25
420.845	1006.25	0	1006.25
420.975	1049	0	1049
421.106	1076.25	0	1076.25
421.236	1016.75	0	1016.75
421.366	1025.25	0	1025.25
421.497	1046.75	0	1046.75
421.627	1030	0	1030
421.757	1023.75	0	1023.75
421.888	992	0	992
422.018	1030.75	0	1030.75
422.148	1011	0	1011
422.279	1032.25	0	1032.25
422.409	1002	0	1002
422.539	1036.25	0	1036.25
422.67	1052	0	1052
422.8	1020.25	0	1020.25
422.93	1040.75	0	1040.75
423.06	1043.75	0	1043.75
423.19	1011.75	0	1011.75
423.321	1078.75	0	1078.75
423.451	1137.25	0	1137.25
423.581	1070.5	0	1070.5
423.711	1060	0	1060
423.841	1058.5	0	1058.5
423.971	1022	0	1022
424.101	1025.25	0	1025.25
424.231	964.75	0	964.75
424.361	983.25	0	983.25
424.492	966.75	0	966.75
424.622	992.25	0	992.25
424.752	982.75	0	982.75
424.882	999.5	0	999.5
425.012	980.75	0	980.75
425.142	976	0	976
425.271	976.75	0	976.75
425.401	987	0	987
425.531	973.25	0	973.25
425.661	994	0	994
425.791	942.5	0	942.5
425.921	980.5	0	980.5
426.051	1002.5	0	1002.5
426.181	981.75	0	981.75
426.311	983.5	0	983.5
426.44	982.5	0	982.5
426.57	1006.75	0	1006.75
426.7	966	0	966
426.83	962	0	962
426.96	1020	0	1020
427.089	988.75	0	988.75
427.219	996	0	996
427.349	997.5	0	997.5
427.479	988.25	0	988.25
427.608	970.5	0	970.5
427.738	992.5	0	992.5
427.868	1020.5	0	1020.5
427.997	1057	0	1057
428.127	1013.75	0	1013.75
428.256	1087	0	1087
428.386	1118.75	0	1118.75
428.516	1138	0	1138
428.645	1263	0	1263
428.775	1241	0	1241
428.904	1227	0	1227
429.034	1175	0	1175
429.163	1151.5	0	1151.5
429.293	1126.25	0	1126.25
429.422	1113	0	1113
429.552	1096.75	0	1096.75
429.681	1108	0	1108
429.811	1059	0	1059
429.94	1055.25	0	1055.25
430.069	1027.25	0	1027.25
430.199	1010	0	1010
430.328	986.25	0	986.25
430.458	995	0	995
430.587	1036.25	0	1036.25
430.716	1032.75	0	1032.75
430.846	1002.75	0	1002.75
430.975	938.75	0	938.75
431.104	968.75	0	968.75
431.233	948.25	0	948.25
431.363	957	0	957
431.492	905.5	0	905.5
431.621	917	0	917
431.75	916.5	0	916.5
431.88	896.25	0	896.25
432.009	924	0	924
432.138	936	0	936
432.267	945.5	0	945.5
432.396	1030	0	1030
432.525	1055.25	0	1055.25
432.654	981.25	0	981.25
432.784	1009.5	0	1009.5
432.913	1026	0	1026
433.042	1084.5	0	1084.5
433.171	1044.75	0	1044.75
433.3	992.25	0	992.25
433.429	925	0	925
433.558	919.5	0	919.5
433.687	912.5	0	912.5
433.816	921.5	0	921.5
433.945	892.75	0	892.75
434.074	884.5	0	884.5
434.203	877	0	877
434.332	896.25	0	896.25
434.46	866.5	0	866.5
434.589	866	0	866
434.718	886.5	0	886.5
434.847	876.5	0	876.5
434.976	851.75	0	851.75
435.105	860.75	0	860.75
435.233	895.25	0	895.25
435.362	883.75	0	883.75
435.491	860.5	0	860.5
435.62	919	0	919
435.749	944.5	0	944.5
435.877	975.75	0	975.75
436.006	965	0	965
436.135	956.75	0	956.75
436.263	948.75	0	948.75
436.392	907.25	0	907.25
436.521	946	0	946
436.649	941	0	941
436.778	917	0	917
436.907	911.5	0	911.5
437.035	912.75	0	912.75
437.164	884.5	0	884.5
437.292	915.25	0	915.25
437.421	893.5	0	893.5
437.549	925	0	925
437.678	909.5	0	909.5
437.806	904.5	0	904.5
437.935	965.75	0	965.75
438.063	1008.5	0	1008.5
438.192	1034	0	1034
438.32	1090.5	0	1090.5
438.449	1006.25	0	1006.25
438.577	1050.5	0	1050.5
438.706	1010.75	0	1010.75
438.834	981.25	0	981.25
438.962	1004.75	0	1004.75
439.091	976.75	0	976.75
439.219	993.75	0	993.75
439.347	982	0	982
439.476	1056.75	0	1056.75
439.604	1055.5	0	1055.5
439.732	1077	0	1077
439.86	1258.5	0	1258.5
439.989	1864	0	1864
440.117	2225.5	0	2225.5
440.245	2042.25	0	2042.25
440.373	1766.75	0	1766.75
440.501	1633.75	0	1633.75
440.63	1521.25	0	1521.25
440.758	1404.25	0	1404.25
440.886	1366.25	0	1366.25
441.014	1257	0	1257
441.142	1229.5	0	1229.5
441.27	1264.25	0	1264.25
441.398	1193.75	0	1193.75
441.526	1168.75	0	1168.75
441.654	1099.75	0	1099.75
441.782	1150.75	0	1150.75
441.91	1109.75	0	1109.75
442.038	1078.5	0	1078.5
442.166	1071	0	1071
442.294	1056	0	1056
442.422	1064.5	0	1064.5
442.55	1005.5	0	1005.5
442.678	1005.5	0	1005.5
442.806	1054	0	1054
442.934	1021.75	0	1021.75
443.062	1034.25	0	1034.25
443.19	1075.5	0	1075.5
443.318	1039.75	0	1039.75
443.445	1064.75	0	1064.75
443.573	1108.5	0	1108.5
443.701	1104.25	0	1104.25
443.829	1113.25	0	1113.25
443.957	1122	0	1122
444.084	1068	0	1068
444.212	1053.5	0	1053.5
444.34	1105.75	0	1105.75
444.467	1048.25	0	1048.25
444.595	1077	0	1077
444.723	1068.75	0	1068.75
444.85	1097.25	0	1097.25
444.978	1140	0	1140
445.106	1149.75	0	1149.75
445.233	1186.25	0	1186.25
445.361	1162	0	1162
445.489	1197.75	0	1197.75
445.616	1278	0	1278
445.744	1634	0	1634
445.871	1765.25	0	1765.25
445.999	1677.75	0	1677.75
446.126	1641	0	1641
446.254	1603.25	0	1603.25
446.381	1488.5	0	1488.5
446.509	1471.25	0	1471.25
446.636	1398.5	0	1398.5
446.764	1422.75	0	1422.75
446.891	1639.25	0	1639.25
447.018	1665	0	1665
447.146	1516.25	0	1516.25
447.273	1493	0	1493
447.4	1376	0	1376
447.528	1343.75	0	1343.75
447.655	1294	0	1294
447.782	1250.25	0	1250.25
447.91	1204	0	1204
448.037	1196.75	0	1196.75
448.164	1131.5	0	1131.5
448.291	1127.75	0	1127.75
448.419	1151.25	0	1151.25
448.546	1122.25	0	1122.25
448.673	1081.5	0	1081.5
448.8	1110.5	0	1110.5
448.927	1069.5	0	1069.5
449.055	1080.75	0	1080.75
449.182	1053.25	0	1053.25
449.309	1011	0	1011
449.436	1052.75	0	1052.75
449.563	1047	0	1047
449.69	1031	0	1031
449.817	980.75	0	980.75
449.944	999.5	0	999.5
450.071	1052.5	0	1052.5
450.198	1035.5	0	1035.5
450.325	980.25	0	980.25
450.452	963.5	0	963.5
450.579	971	0	971
450.706	951.75	0	951.75
450.833	969.5	0	969.5
450.96	980.75	0	980.75
451.087	1019.5	0	1019.5
451.214	992.5	0	992.5
451.341	993.5	0	993.5
451.467	983.25	0	983.25
451.594	984	0	984
451.721	995.75	0	995.75
451.848	970	0	970
451.975	980.25	0	980.25
452.101	933.75	0	933.75
452.228	968	0	968
452.355	936.5	0	936.5
452.482	895.5	0	895.5
452.608	927.75	0	927.75
452.735	907	0	907
452.862	930.75	0	930.75
452.988	949.25	0	949.25
453.115	926.5	0	926.5
453.242	946.5	0	946.5
453.368	930.75	0	930.75
453.495	923.5	0	923.5
453.621	943.25	0	943.25
453.748	900.25	0	900.25
453.875	950.5	0	950.5
454.001	952.5	0	952.5
454.128	954.5	0	954.5
454.254	933.25	0	933.25
454.381	954.75	0	954.75
454.507	1014.75	0	1014.75
454.633	1061.5	0	1061.5
454.76	1047.75	0	1047.75
454.886	1044.75	0	1044.75
455.013	1027.5	0	1027.5
455.139	1038	0	1038
455.266	1026.25	0	1026.25
455.392	999.5	0	999.5
455.518	963	0	963
455.645	985	0	985
455.771	957.5	0	957.5
455.897	1001.75	0	1001.75
456.023	947.25	0	947.25
456.15	951.25	0	951.25
456.276	936.75	0	936.75
456.402	922.5	0	922.5
456.528	937.5	0	937.5
456.655	927.25	0	927.25
456.781	931.75	0	931.75
456.907	943	0	943
457.033	923.25	0	923.25
457.159	954	0	954
457.285	919.75	0	919.75
457.411	914	0	914
457.538	924	0	924
457.664	939.75	0	939.75
457.79	930.5	0	930.5
457.916	931	0	931
458.042	931.5	0	931.5
458.168	909.25	0	909.25
458.294	924.5	0	924.5
458.42	921.5	0	921.5
458.546	930.5	0	930.5
458.672	962.5	0	962.5
458.798	983.75	0	983.75
458.924	989.5	0	989.5
459.049	1053.25	0	1053.25
459.175	1234	0	1234
459.301	1207.75	0	1207.75
459.427	1195.5	0	1195.5
459.553	1150.75	0	1150.75
459.679	1092.75	0	1092.75
459.805	1117	0	1117
459.93	1174	0	1174
460.056	1185.25	0	1185.25
460.182	1214.5	0	1214.5
460.308	1374.5	0	1374.5
460.433	1596.75	0	1596.75
460.559	1448	0	1448
460.685	1336.25	0	1336.25
460.81	1256.25	0	1256.25
460.936	1214.5	0	1214.5
461.062	1177	0	1177
461.187	1120.25	0	1120.25
461.313	1130.75	0	1130.75
461.439	1097.25	0	1097.25
461.564	1081.75	0	1081.75
461.69	1093.25	0	1093.25
461.815	1034.25	0	1034.25
461.941	1052	0	1052
462.066	1060.75	0	1060.75
462.192	1035	0	1035
462.317	998.25	0	998.25
462.443	1037.75	0	1037.75
462.568	1046	0	1046
462.694	1005	0	1005
462.819	1020.5	0	1020.5
462.944	1002.75	0	1002.75
463.07	988	0	988
463.195	987.25	0	987.25
463.321	1021	0	1021
463.446	980.5	0	980.5
463.571	1010.5	0	1010.5
463.697	970.75	0	970.75
463.822	1015.25	0	1015.25
463.947	1070.75	0	1070.75
464.072	987.75	0	987.75
464.198	1064	0	1064
464.323	1033.5	0	1033.5
464.448	1104.25	0	1104.25
464.573	1142	0	1142
464.698	1433	0	1433
464.824	1654.5	0	1654.5
464.949	1526.5	0	1526.5
465.074	1380.75	0	1380.75
465.199	1334.75	0	1334.75
465.324	1307.5	0	1307.5
465.449	1244.5	0	1244.5
465.574	1215.25	0	1215.25
465.699	1209.5	0	1209.5
465.824	1203.5	0	1203.5
465.949	1180.5	0	1180.5
466.074	1177.75	0	1177.75
466.199	1149.75	0	1149.75
466.324	1189.75	0	1189.75
466.449	1171.5	0	1171.5
466.574	1177.25	0	1177.25
466.699	1216	0	1216
466.824	1225	0	1225
466.949	1211.5	0	1211.5
467.074	1155.25	0	1155.25
467.199	1120.25	0	1120.25
467.323	1127.5	0	1127.5
467.448	1179.75	0	1179.75
467.573	1174.75	0	1174.75
467.698	1113.75	0	1113.75
467.823	1101.25	0	1101.25
467.947	1136	0	1136
468.072	1167.5	0	1167.5
468.197	1113.5	0	1113.5
468.322	1143.5	0	1143.5
468.446	1211.25	0	1211.25
468.571	1307.5	0	1307.5
468.696	1282	0	1282
468.82	1228.75	0	1228.75
468.945	1233	0	1233
469.069	1244.75	0	1244.75
469.194	1221.5	0	1221.5
469.319	1212.5	0	1212.5
469.443	1233	0	1233
469.568	1236	0	1236
469.692	1253	0	1253
469.817	1290.75	0	1290.75
469.941	1287	0	1287
470.066	1368.5	0	1368.5
470.19	1326.25	0	1326.25
470.315	1370.5	0	1370.5
470.439	1368	0	1368
470.563	1334.5	0	1334.5
470.688	1366	0	1366
470.812	1414.25	0	1414.25
470.937	1460	0	1460
471.061	1520	0	1520
471.185	1762.5	0	1762.5
471.31	2648.5	0	2648.5
471.434	3152.75	0	3152.75
471.558	2834.5	0	2834.5
471.682	2449.75	0	2449.75
471.807	2292.25	0	2292.25
471.931	2129.5	0	2129.5
472.055	1979	0	1979
472.179	1910	0	1910
472.303	1790	0	1790
472.428	1731.75	0	1731.75
472.552	1705.25	0	1705.25
472.676	1798.25	0	1798.25
472.8	1711	0	1711
472.924	1674.25	0	1674.25
473.048	1713	0	1713
473.172	1690.75	0	1690.75
473.296	1650.75	0	1650.75
473.42	1613.75	0	1613.75
473.544	1639.75	0	1639.75
473.668	1519.75	0	1519.75
473.792	1565.5	0	1565.5
473.916	1511	0	1511
474.04	1487	0	1487
474.164	1471.5	0	1471.5
474.288	1481.5	0	1481.5
474.412	1498	0	1498
474.536	1430.5	0	1430.5
474.66	1483.25	0	1483.25
474.784	1506.75	0	1506.75
474.908	1510.5	0	1510.5
475.031	1526	0	1526
475.155	1547.5	0	1547.5
475.279	1665.75	0	1665.75
475.403	1779	0	1779
475.526	1994.75	0	1994.75
475.65	2000.75	0	2000.75
475.774	1838.25	0	1838.25
475.898	1766.5	0	1766.5
476.021	1851.5	0	1851.5
476.145	1944.5	0	1944.5
476.269	1847	0	1847
476.392	1830.75	0	1830.75
476.516	1910.25	0	1910.25
476.64	1813	0	1813
476.763	1644.75	0	1644.75
476.887	1618.25	0	1618.25
477.01	1545	0	1545
477.134	1585.25	0	1585.25
477.257	1586.5	0	1586.5
477.381	1578.5	0	1578.5
477.504	1465.25	0	1465.25
477.628	1529.25	0	1529.25
477.751	1538.25	0	1538.25
477.875	1525.5	0	1525.5
477.998	1499.75	0	1499.75
478.122	1542.25	0	1542.25
478.245	1749.75	0	1749.75
478.368	1718.75	0	1718.75
478.492	1968.75	0	1968.75
478.615	2287.5	0	2287.5
478.738	2017.25	0	2017.25
478.862	1899	0	1899
478.985	1829	0	1829
479.108	1730	0	1730
479.231	1744.25	0	1744.25
479.355	1611.25	0	1611.25
479.478	1617	0	1617
479.601	1633.75	0	1633.75
479.724	1645.5	0	1645.5
479.848	1663.25	0	1663.25
479.971	1623.75	0	1623.75
480.094	1591.75	0	1591.75
480.217	1620	0	1620
480.34	1613.5	0	1613.5
480.463	1628.25	0	1628.25
480.586	1732	0	1732
480.709	1768.5	0	1768.5
480.832	1706.75	0	1706.75
480.955	1685.75	0	1685.75
481.078	1669.75	0	1669.75
481.201	1698.5	0	1698.5
481.324	1687.5	0	1687.5
481.447	1657.5	0	1657.5
481.57	1635	0	1635
481.693	1721	0	1721
481.816	1731.5	0	1731.5
481.939	1686.75	0	1686.75
482.062	1766	0	1766
482.185	1841.5	0	1841.5
482.307	1869.25	0	1869.25
482.43	1831.75	0	1831.75
482.553	1790	0	1790
482.676	1847	0	1847
482.799	1943	0	1943
482.921	1987.25	0	1987.25
483.044	2240.5	0	2240.5
483.167	2179.5	0	2179.5
483.29	2119.25	0	2119.25
483.412	2016.5	0	2016.5
483.535	1987.25	0	1987.25
483.658	1895.25	0	1895.25
483.78	1941	0	1941
483.903	1831.25	0	1831.25
484.025	1878.5	0	1878.5
484.148	1908.25	0	1908.25
484.271	1892.75	0	1892.75
484.393	1888	0	1888
484.516	1841.25	0	1841.25
484.638	1752.25	0	1752.25
484.761	1832.25	0	1832.25
484.883	1810.5	0	1810.5
485.006	1821.25	0	1821.25
485.128	1913.25	0	1913.25
485.251	1998.75	0	1998.75
485.373	2189.25	0	2189.25
485.495	2166	0	2166
485.618	2053.75	0	2053.75
485.74	1968.75	0	1968.75
485.863	1945	0	1945
485.985	1952.75	0	1952.75
486.107	1918.5	0	1918.5
486.229	1961.5	0	1961.5
486.352	2032	0	2032
486.474	2221.75	0	2221.75
486.596	2326	0	2326
486.719	2181	0	2181
486.841	2036.75	0	2036.75
486.963	2046.25	0	2046.25
487.085	1994	0	1994
487.207	2109.75	0	2109.75
487.329	2141.5	0	2141.5
487.452	2034	0	2034
487.574	1920.75	0	1920.75
487.696	1865.75	0	1865.75
487.818	1856	0	1856
487.94	1782	0	1782
488.062	1743	0	1743
488.184	1733.5	0	1733.5
488.306	1668	0	1668
488.428	1660.25	0	1660.25
488.55	1734.5	0	1734.5
488.672	1697.75	0	1697.75
488.794	1666.25	0	1666.25
488.916	1655.75	0	1655.75
489.038	1662.75	0	1662.75
489.16	1641	0	1641
489.281	1682	0	1682
489.403	1642.25	0	1642.25
489.525	1606	0	1606
489.647	1580	0	1580
489.769	1636.5	0	1636.5
489.891	1671.75	0	1671.75
490.012	1676.75	0	1676.75
490.134	1725.25	0	1725.25
490.256	1838	0	1838
490.378	1841	0	1841
490.499	1749.5	0	1749.5
490.621	1656	0	1656
490.743	1691.75	0	1691.75
490.864	1629.75	0	1629.75
490.986	1677.5	0	1677.5
491.108	1741	0	1741
491.229	1781.5	0	1781.5
491.351	1752.5	0	1752.5
491.472	1742	0	1742
491.594	1792	0	1792
491.715	2031	0	2031
491.837	2023.5	0	2023.5
491.958	1905.75	0	1905.75
492.08	1834.25	0	1834.25
492.201	1743.5	0	1743.5
492.323	1735.25	0	1735.25
492.444	1867.75	0	1867.75
492.566	1757.5	0	1757.5
492.687	1725.25	0	1725.25
492.808	1728.5	0	1728.5
492.93	1672.75	0	1672.75
493.051	1707	0	1707
493.172	1704.75	0	1704.75
493.294	1678.25	0	1678.25
493.415	1818.25	0	1818.25
493.536	1973	0	1973
493.658	1883	0	1883
493.779	1755	0	1755
493.9	1688.25	0	1688.25
494.021	1734.25	0	1734.25
494.143	1653.5	0	1653.5
494.264	1664.75	0	1664.75
494.385	1687	0	1687
494.506	1655.75	0	1655.75
494.627	1641.25	0	1641.25
494.748	1602	0	1602
494.869	1582.5	0	1582.5
494.99	1573.25	0	1573.25
495.111	1654.5	0	1654.5
495.232	1720.25	0	1720.25
495.353	1700	0	1700
495.475	1699.5	0	1699.5
495.595	1687.75	0	1687.75
495.716	1649.5	0	1649.5
495.837	1615.75	0	1615.75
495.958	1605.25	0	1605.25
496.079	1638.75	0	1638.75
496.2	1653	0	1653
496.321	1660.25	0	1660.25
496.442	1644.5	0	1644.5
496.563	1662.75	0	1662.75
496.684	1688	0	1688
496.804	1671	0	1671
496.925	1722.25	0	1722.25
497.046	1704.25	0	1704.25
497.167	1698	0	1698
497.287	1772.5	0	1772.5
497.408	1728.25	0	1728.25
497.529	1853.25	0	1853.25
497.65	1890.75	0	1890.75
497.77	1945	0	1945
497.891	2151.5	0	2151.5
498.012	1978.25	0	1978.25
498.132	1936.25	0	1936.25
498.253	2126.5	0	2126.5
498.373	2010.75	0	2010.75
498.494	1820.75	0	1820.75
498.614	1756.25	0	1756.25
498.735	1754.75	0	1754.75
498.856	1695	0	1695
498.976	1661	0	1661
499.096	1615.5	0	1615.5
499.217	1644.25	0	1644.25
499.337	1716.5	0	1716.5
499.458	1620	0	1620
499.578	1742.25	0	1742.25
499.699	1788.75	0	1788.75
499.819	1836.25	0	1836.25
499.939	1815.75	0	1815.75
500.06	1711.75	0	1711.75
500.18	1732.75	0	1732.75
500.3	1697	0	1697
500.421	1614.25	0	1614.25
500.541	1690	0	1690
500.661	1677.5	0	1677.5
500.781	1673	0	1673
500.902	1752.5	0	1752.5
501.022	1790.25	0	1790.25
501.142	1912.5	0	1912.5
501.262	1930.5	0	1930.5
501.382	1937	0	1937
501.502	1988	0	1988
501.623	2416.25	0	2416.25
501.743	2537.5	0	2537.5
501.863	2208.75	0	2208.75
501.983	2135.75	0	2135.75
502.103	2120	0	2120
502.223	2056.75	0	2056.75
502.343	2014.75	0	2014.75
502.463	1936	0	1936
502.583	1963.5	0	1963.5
502.703	1914.75	0	1914.75
502.823	1965.5	0	1965.5
502.943	1995	0	1995
503.063	2091.5	0	2091.5
503.182	2169	0	2169
503.302	2252	0	2252
503.422	2476.5	0	2476.5
503.542	2164	0	2164
503.662	2066.5	0	2066.5
503.782	2005	0	2005
503.901	1947.25	0	1947.25
504.021	1883.25	0	1883.25
504.141	1855.75	0	1855.75
504.261	1848.25	0	1848.25
504.38	1742.75	0	1742.75
504.5	1745.25	0	1745.25
504.62	1783.25	0	1783.25
504.739	1808	0	1808
504.859	1750.75	0	1750.75
504.979	1759	0	1759
505.098	1742.25	0	1742.25
505.218	1671.25	0	1671.25
505.338	1616.75	0	1616.75
505.457	1690	0	1690
505.577	1675.75	0	1675.75
505.696	1662.25	0	1662.25
505.816	1672.75	0	1672.75
505.935	1680.5	0	1680.5
506.055	1678.25	0	1678.25
506.174	1678.5	0	1678.5
506.293	1675.75	0	1675.75
506.413	1744	0	1744
506.532	1699	0	1699
506.652	1740.25	0	1740.25
506.771	1806.5	0	1806.5
506.89	1772	0	1772
507.01	1769.25	0	1769.25
507.129	1830.5	0	1830.5
507.248	1900.75	0	1900.75
507.368	1949.75	0	1949.75
507.487	2025.25	0	2025.25
507.606	2153.25	0	2153.25
507.725	2280	0	2280
507.844	2631.5	0	2631.5
507.964	2983.5	0	2983.5
508.083	2581.25	0	2581.25
508.202	2288.25	0	2288.25
508.321	2180.5	0	2180.5
508.44	1986.5	0	1986.5
508.559	1939.25	0	1939.25
508.678	1911.75	0	1911.75
508.797	1877.25	0	1877.25
508.916	1858	0	1858
509.035	1782.25	0	1782.25
509.154	1768.75	0	1768.75
509.273	1737.5	0	1737.5
509.392	1737.75	0	1737.75
509.511	1750.5	0	1750.5
509.63	1787.75	0	1787.75
509.749	1867.5	0	1867.5
509.868	2016.5	0	2016.5
509.987	1988.5	0	1988.5
510.106	1870.5	0	1870.5
510.225	1886.5	0	1886.5
510.344	1744	0	1744
510.462	1725.75	0	1725.75
510.581	1762	0	1762
510.7	1750.75	0	1750.75
510.819	1748.5	0	1748.5
510.937	1793.5	0	1793.5
511.056	1768	0	1768
511.175	1825	0	1825
511.294	1853	0	1853
511.412	2169.25	0	2169.25
511.531	2196.5	0	2196.5
511.649	2041.5	0	2041.5
511.768	1939.25	0	1939.25
511.887	1955	0	1955
512.005	1973.25	0	1973.25
512.124	1948.25	0	1948.25
512.242	1960	0	1960
512.361	1959.25	0	1959.25
512.479	1910.25	0	1910.25
512.598	1894.25	0	1894.25
512.716	1860.25	0	1860.25
512.835	1920.5	0	1920.5
512.953	1806.75	0	1806.75
513.072	1822.75	0	1822.75
513.19	1817.75	0	1817.75
513.308	1723.25	0	1723.25
513.427	1753.5	0	1753.5
513.545	1878	0	1878
513.664	2001	0	2001
513.782	1815	0	1815
513.9	1774.75	0	1774.75
514.018	1727.75	0	1727.75
514.137	1786.75	0	1786.75
514.255	1750	0	1750
514.373	1691.75	0	1691.75
514.491	1800	0	1800
514.609	1661.5	0	1661.5
514.728	1584	0	1584
514.846	1560.25	0	1560.25
514.964	1562	0	1562
515.082	1525.75	0	1525.75
515.2	1504.75	0	1504.75
515.318	1544.75	0	1544.75
515.436	1640.75	0	1640.75
515.554	1545.25	0	1545.25
515.672	1505.5	0	1505.5
515.79	1473	0	1473
515.908	1452.5	0	1452.5
516.026	1427.5	0	1427.5
516.144	1436.75	0	1436.75
516.262	1390.5	0	1390.5
516.38	1406	0	1406
516.498	1401.5	0	1401.5
516.616	1398.25	0	1398.25
516.734	1439.5	0	1439.5
516.852	1382.75	0	1382.75
516.969	1314.75	0	1314.75
517.087	1342.75	0	1342.75
517.205	1347.75	0	1347.75
517.323	1281.75	0	1281.75
517.44	1337	0	1337
517.558	1361	0	1361
517.676	1291.5	0	1291.5
517.794	1272.5	0	1272.5
517.911	1257.5	0	1257.5
518.029	1285	0	1285
518.147	1195.25	0	1195.25
518.264	1242.25	0	1242.25
518.382	1283	0	1283
518.5	1239.75	0	1239.75
518.617	1212.25	0	1212.25
518.735	1228.25	0	1228.25
518.852	1210.25	0	1210.25
518.97	1190	0	1190
519.087	1230.5	0	1230.5
519.205	1202.25	0	1202.25
519.322	1162.75	0	1162.75
519.44	1193.75	0	1193.75
519.557	1196.25	0	1196.25
519.674	1141.75	0	1141.75
519.792	1182.75	0	1182.75
519.909	1137	0	1137
520.026	1131	0	1131
520.144	1138.75	0	1138.75
520.261	1104.5	0	1104.5
520.378	1098	0	1098
520.496	1118.75	0	1118.75
520.613	1121	0	1121
520.73	1096.5	0	1096.5
520.847	1094.25	0	1094.25
520.965	1083.25	0	1083.25
521.082	1061.5	0	1061.5
521.199	1086.75	0	1086.75
521.316	1050.75	0	1050.75
521.433	1084.25	0	1084.25
521.55	1056.25	0	1056.25
521.667	1051	0	1051
521.785	1079	0	1079
521.902	1058.5	0	1058.5
522.019	1083.75	0	1083.75
522.136	1045.75	0	1045.75
522.253	1038	0	1038
522.37	1029.75	0	1029.75
522.487	997.25	0	997.25
522.604	1050	0	1050
522.721	983	0	983
522.838	1023.75	0	1023.75
522.954	987.5	0	987.5
523.071	1049.75	0	1049.75
523.188	1032	0	1032
523.305	1024.75	0	1024.75
523.422	1012.5	0	1012.5
523.539	992	0	992
523.655	998.5	0	998.5
523.772	996.25	0	996.25
523.889	1024.5	0	1024.5
524.006	960.5	0	960.5
524.122	991.5	0	991.5
524.239	983	0	983
524.356	974.25	0	974.25
524.472	988	0	988
524.589	980.25	0	980.25
524.706	930.5	0	930.5
524.822	922	0	922
524.939	936.75	0	936.75
525.055	942.5	0	942.5
525.172	948.25	0	948.25
525.289	948.75	0	948.75
525.405	945.25	0	945.25
525.522	953	0	953
525.638	962.5	0	962.5
525.754	910.75	0	910.75
525.871	942	0	942
525.987	920.25	0	920.25
526.104	904.25	0	904.25
526.22	928.25	0	928.25
526.336	909.5	0	909.5
526.453	929	0	929
526.569	949.25	0	949.25
526.685	980.75	0	980.75
526.802	973.75	0	973.75
526.918	950.25	0	950.25
527.034	892.75	0	892.75
527.151	901.75	0	901.75
527.267	931	0	931
527.383	906.5	0	906.5
527.499	939.25	0	939.25
527.615	918.5	0	918.5
527.732	902	0	902
527.848	923	0	923
527.964	905.5	0	905.5
528.08	932.25	0	932.25
528.196	919.5	0	919.5
528.312	905.5	0	905.5
528.428	926.25	0	926.25
528.544	874.25	0	874.25
528.66	918.25	0	918.25
528.776	898.75	0	898.75
528.892	898	0	898
529.008	862.25	0	862.25
529.124	874.75	0	874.75
529.24	889.75	0	889.75
529.356	902.5	0	902.5
529.471	869	0	869
529.587	846.75	0	846.75
529.703	868	0	868
529.819	847.5	0	847.5
529.935	890.25	0	890.25
530.05	844.25	0	844.25
530.166	880	0	880
530.282	872.75	0	872.75
530.398	838.25	0	838.25
530.513	855.25	0	855.25
530.629	871.75	0	871.75
530.745	862.75	0	862.75
530.86	832.5	0	832.5
530.976	835.75	0	835.75
531.092	856.25	0	856.25
531.207	829.5	0	829.5
531.323	847.5	0	847.5
531.438	813.5	0	813.5
531.554	825	0	825
531.669	849.75	0	849.75
531.785	820.25	0	820.25
531.9	806	0	806
532.016	828.75	0	828.75
532.131	860.75	0	860.75
532.247	828	0	828
532.362	842.75	0	842.75
532.477	810.5	0	810.5
532.593	830	0	830
532.708	847	0	847
532.823	821.25	0	821.25
532.939	801	0	801
533.054	835	0	835
533.169	808	0	808
533.285	808.25	0	808.25
533.4	795.75	0	795.75
533.515	796.75	0	796.75
533.63	811.5	0	811.5
533.745	798.25	0	798.25
533.861	791.25	0	791.25
533.976	824	0	824
534.091	800	0	800
534.206	811	0	811
534.321	800.25	0	800.25
534.436	795.25	0	795.25
534.551	777	0	777
534.666	815.25	0	815.25
534.781	821.5	0	821.5
534.896	817.75	0	817.75
535.011	836.25	0	836.25
535.126	804.25	0	804.25
535.241	802.75	0	802.75
535.356	827.5	0	827.5
535.471	826.5	0	826.5
535.586	809.25	0	809.25
535.701	792.25	0	792.25
535.815	801	0	801
535.93	807.25	0	807.25
536.045	791.5	0	791.5
536.16	789.75	0	789.75