Lambda	Spectrum	Dark	SpecMinusDark
268.175	330.25	0	330.25
268.319	326	0	326
268.463	358	0	358
268.607	347	0	347
268.751	388.75	0	388.75
268.895	396.75	0	396.75
269.039	370.25	0	370.25
269.183	354	0	354
269.327	384.75	0	384.75
269.47	377.5	0	377.5
269.614	387.5	0	387.5
269.758	399.75	0	399.75
269.902	395.25	0	395.25
270.046	428.5	0	428.5
270.19	423	0	423
270.334	431.75	0	431.75
270.477	414.5	0	414.5
270.621	439.75	0	439.75
270.765	446	0	446
270.909	483	0	483
271.053	471.5	0	471.5
271.196	483.75	0	483.75
271.34	507.5	0	507.5
271.484	516.5	0	516.5
271.628	496.25	0	496.25
271.771	525.25	0	525.25
271.915	533.5	0	533.5
272.059	536.25	0	536.25
272.202	525	0	525
272.346	581.75	0	581.75
272.49	584.75	0	584.75
272.634	616.75	0	616.75
272.777	604.75	0	604.75
272.921	663	0	663
273.064	651.5	0	651.5
273.208	679.5	0	679.5
273.352	655	0	655
273.495	681.5	0	681.5
273.639	679.25	0	679.25
273.783	687.25	0	687.25
273.926	716	0	716
274.07	674	0	674
274.213	678.5	0	678.5
274.357	643.25	0	643.25
274.5	644.75	0	644.75
274.644	615.5	0	615.5
274.787	619.25	0	619.25
274.931	616.25	0	616.25
275.074	589.25	0	589.25
275.218	604	0	604
275.361	587.5	0	587.5
275.505	613.75	0	613.75
275.648	550.25	0	550.25
275.792	578.25	0	578.25
275.935	580.75	0	580.75
276.079	574.75	0	574.75
276.222	571.5	0	571.5
276.366	553.25	0	553.25
276.509	561.25	0	561.25
276.652	573.5	0	573.5
276.796	532.5	0	532.5
276.939	530.75	0	530.75
277.082	542.75	0	542.75
277.226	565.25	0	565.25
277.369	553	0	553
277.513	565.75	0	565.75
277.656	583.5	0	583.5
277.799	566.5	0	566.5
277.942	599.75	0	599.75
278.086	585.5	0	585.5
278.229	552.5	0	552.5
278.372	595.25	0	595.25
278.516	596	0	596
278.659	561.5	0	561.5
278.802	550	0	550
278.945	546.25	0	546.25
279.089	560.75	0	560.75
279.232	596.5	0	596.5
279.375	569	0	569
279.518	573.5	0	573.5
279.661	612.25	0	612.25
279.805	591.5	0	591.5
279.948	575	0	575
280.091	573.5	0	573.5
280.234	580	0	580
280.377	551.25	0	551.25
280.52	569	0	569
280.663	591	0	591
280.806	589	0	589
280.95	591	0	591
281.093	617.75	0	617.75
281.236	600.5	0	600.5
281.379	581.25	0	581.25
281.522	594.5	0	594.5
281.665	616.75	0	616.75
281.808	618.5	0	618.5
281.951	602.5	0	602.5
282.094	612.75	0	612.75
282.237	643	0	643
282.38	651	0	651
282.523	627.5	0	627.5
282.666	661.25	0	661.25
282.809	622.5	0	622.5
282.952	657	0	657
283.095	666.75	0	666.75
283.238	664.75	0	664.75
283.381	654.75	0	654.75
283.523	646.75	0	646.75
283.666	640.75	0	640.75
283.809	666.5	0	666.5
283.952	642.5	0	642.5
284.095	670.5	0	670.5
284.238	707.5	0	707.5
284.381	686	0	686
284.524	684	0	684
284.666	673.25	0	673.25
284.809	694	0	694
284.952	718.75	0	718.75
285.095	700.25	0	700.25
285.238	733	0	733
285.38	722.75	0	722.75
285.523	747	0	747
285.666	749.5	0	749.5
285.809	764.75	0	764.75
285.951	747.75	0	747.75
286.094	796	0	796
286.237	827.25	0	827.25
286.38	819.75	0	819.75
286.522	837.5	0	837.5
286.665	873	0	873
286.808	876.75	0	876.75
286.95	852.25	0	852.25
287.093	874.5	0	874.5
287.236	848.25	0	848.25
287.378	857.25	0	857.25
287.521	851	0	851
287.663	889.75	0	889.75
287.806	887.25	0	887.25
287.949	883.25	0	883.25
288.091	880.25	0	880.25
288.234	972.75	0	972.75
288.376	926.5	0	926.5
288.519	940.75	0	940.75
288.661	913.25	0	913.25
288.804	938.75	0	938.75
288.946	903	0	903
289.089	928.5	0	928.5
289.231	960	0	960
289.374	898.25	0	898.25
289.516	906	0	906
289.659	925.75	0	925.75
289.801	918.25	0	918.25
289.944	945.75	0	945.75
290.086	967.25	0	967.25
290.229	911.75	0	911.75
290.371	933.5	0	933.5
290.513	965.75	0	965.75
290.656	930	0	930
290.798	922.25	0	922.25
290.941	928	0	928
291.083	925	0	925
291.225	941.5	0	941.5
291.368	943.25	0	943.25
291.51	956.75	0	956.75
291.652	967.25	0	967.25
291.795	953.5	0	953.5
291.937	946	0	946
292.079	945.75	0	945.75
292.221	961	0	961
292.364	949.75	0	949.75
292.506	910	0	910
292.648	908	0	908
292.79	935.5	0	935.5
292.933	936	0	936
293.075	908.5	0	908.5
293.217	938.5	0	938.5
293.359	892.25	0	892.25
293.502	939.25	0	939.25
293.644	915.25	0	915.25
293.786	943.75	0	943.75
293.928	924.5	0	924.5
294.07	926.75	0	926.75
294.212	902.25	0	902.25
294.354	963.75	0	963.75
294.497	913	0	913
294.639	955.25	0	955.25
294.781	947.5	0	947.5
294.923	948.75	0	948.75
295.065	945	0	945
295.207	970.5	0	970.5
295.349	915.75	0	915.75
295.491	977.25	0	977.25
295.633	962	0	962
295.775	992.5	0	992.5
295.917	997.5	0	997.5
296.059	960.5	0	960.5
296.201	956.75	0	956.75
296.343	977.5	0	977.5
296.485	961	0	961
296.627	970.25	0	970.25
296.769	994.5	0	994.5
296.911	1004.5	0	1004.5
297.053	1019	0	1019
297.195	1001.5	0	1001.5
297.337	1000.25	0	1000.25
297.478	1003.75	0	1003.75
297.62	1029	0	1029
297.762	1067	0	1067
297.904	1026.5	0	1026.5
298.046	1065.25	0	1065.25
298.188	1065.5	0	1065.5
298.33	1085.5	0	1085.5
298.471	1048.75	0	1048.75
298.613	1066.75	0	1066.75
298.755	997.75	0	997.75
298.897	1030.25	0	1030.25
299.038	1025	0	1025
299.18	1012	0	1012
299.322	972	0	972
299.464	1009.5	0	1009.5
299.605	1046.75	0	1046.75
299.747	1027.5	0	1027.5
299.889	1038.25	0	1038.25
300.031	1033	0	1033
300.172	1030.5	0	1030.5
300.314	1043.5	0	1043.5
300.456	1052.5	0	1052.5
300.597	1007.25	0	1007.25
300.739	1103.75	0	1103.75
300.881	1048.25	0	1048.25
301.022	1095.5	0	1095.5
301.164	1089.75	0	1089.75
301.305	1064.75	0	1064.75
301.447	1065.5	0	1065.5
301.589	1088.25	0	1088.25
301.73	1071.75	0	1071.75
301.872	1077	0	1077
302.013	1080.5	0	1080.5
302.155	1119	0	1119
302.296	1129.75	0	1129.75
302.438	1083.5	0	1083.5
302.579	1111	0	1111
302.721	1077.5	0	1077.5
302.862	1084	0	1084
303.004	1128.5	0	1128.5
303.145	1094.75	0	1094.75
303.287	1051.25	0	1051.25
303.428	1067.75	0	1067.75
303.569	1073.75	0	1073.75
303.711	1116.25	0	1116.25
303.852	1091	0	1091
303.994	1120.25	0	1120.25
304.135	1129	0	1129
304.276	1105	0	1105
304.418	1149.25	0	1149.25
304.559	1108.5	0	1108.5
304.7	1055.25	0	1055.25
304.842	1099	0	1099
304.983	1101.75	0	1101.75
305.124	1060.75	0	1060.75
305.266	1084	0	1084
305.407	1095.25	0	1095.25
305.548	1099.25	0	1099.25
305.69	1070.5	0	1070.5
305.831	1100.5	0	1100.5
305.972	1056	0	1056
306.113	1098.75	0	1098.75
306.254	1103.75	0	1103.75
306.396	1074	0	1074
306.537	1125.75	0	1125.75
306.678	1075.75	0	1075.75
306.819	1117	0	1117
306.96	1131	0	1131
307.102	1150.5	0	1150.5
307.243	1111.5	0	1111.5
307.384	1122.5	0	1122.5
307.525	1130.75	0	1130.75
307.666	1164	0	1164
307.807	1091	0	1091
307.948	1156.25	0	1156.25
308.089	1107	0	1107
308.23	1161.5	0	1161.5
308.371	1139.25	0	1139.25
308.513	1162.5	0	1162.5
308.654	1170.25	0	1170.25
308.795	1123	0	1123
308.936	1174	0	1174
309.077	1152.25	0	1152.25
309.218	1156	0	1156
309.359	1153.75	0	1153.75
309.499	1157.25	0	1157.25
309.64	1139	0	1139
309.781	1141.75	0	1141.75
309.922	1148.5	0	1148.5
310.063	1209	0	1209
310.204	1168.25	0	1168.25
310.345	1118.75	0	1118.75
310.486	1164	0	1164
310.627	1157	0	1157
310.768	1191	0	1191
310.909	1198.75	0	1198.75
311.049	1214.5	0	1214.5
311.19	1215.25	0	1215.25
311.331	1257	0	1257
311.472	1220.75	0	1220.75
311.613	1239	0	1239
311.753	1270.5	0	1270.5
311.894	1237.25	0	1237.25
312.035	1276.75	0	1276.75
312.176	1277	0	1277
312.316	1223.25	0	1223.25
312.457	1317.25	0	1317.25
312.598	1322.75	0	1322.75
312.739	1302.5	0	1302.5
312.879	1337.75	0	1337.75
313.02	1358.75	0	1358.75
313.161	1396.25	0	1396.25
313.301	1364.5	0	1364.5
313.442	1328	0	1328
313.583	1368.5	0	1368.5
313.723	1313.5	0	1313.5
313.864	1408.75	0	1408.75
314.005	1377.5	0	1377.5
314.145	1399	0	1399
314.286	1407	0	1407
314.426	1443.75	0	1443.75
314.567	1447	0	1447
314.707	1435.25	0	1435.25
314.848	1389.75	0	1389.75
314.989	1468.5	0	1468.5
315.129	1468.5	0	1468.5
315.27	1471	0	1471
315.41	1464.75	0	1464.75
315.551	1481.5	0	1481.5
315.691	1516.5	0	1516.5
315.831	1482.75	0	1482.75
315.972	1444.25	0	1444.25
316.112	1520	0	1520
316.253	1547.5	0	1547.5
316.393	1556.25	0	1556.25
316.534	1618	0	1618
316.674	1613.75	0	1613.75
316.814	1656.25	0	1656.25
316.955	1627.25	0	1627.25
317.095	1628.25	0	1628.25
317.236	1647	0	1647
317.376	1724	0	1724
317.516	1677.75	0	1677.75
317.656	1612.25	0	1612.25
317.797	1660.75	0	1660.75
317.937	1701.75	0	1701.75
318.077	1687	0	1687
318.218	1731	0	1731
318.358	1723.75	0	1723.75
318.498	1748	0	1748
318.638	1784.5	0	1784.5
318.779	1754.75	0	1754.75
318.919	1809	0	1809
319.059	1793.5	0	1793.5
319.199	1878	0	1878
319.34	1767.5	0	1767.5
319.48	1783	0	1783
319.62	1822.25	0	1822.25
319.76	1759.75	0	1759.75
319.9	1743.75	0	1743.75
320.04	1794.75	0	1794.75
320.18	1778.25	0	1778.25
320.32	1779.25	0	1779.25
320.461	1794.5	0	1794.5
320.601	1792.5	0	1792.5
320.741	1826	0	1826
320.881	1875.25	0	1875.25
321.021	1819.75	0	1819.75
321.161	1816.25	0	1816.25
321.301	1904	0	1904
321.441	1924	0	1924
321.581	1932.25	0	1932.25
321.721	1982	0	1982
321.861	2115.75	0	2115.75
322.001	2124.5	0	2124.5
322.141	2176.25	0	2176.25
322.281	2238.75	0	2238.75
322.421	2174.75	0	2174.75
322.561	2310	0	2310
322.7	2297	0	2297
322.84	2259.75	0	2259.75
322.98	2352.5	0	2352.5
323.12	2394.5	0	2394.5
323.26	2470.25	0	2470.25
323.4	2584.5	0	2584.5
323.54	2541.5	0	2541.5
323.68	2611.75	0	2611.75
323.819	2536.5	0	2536.5
323.959	2504.25	0	2504.25
324.099	2560	0	2560
324.239	2357.75	0	2357.75
324.379	2383.5	0	2383.5
324.518	2338.75	0	2338.75
324.658	2308.75	0	2308.75
324.798	2232.5	0	2232.5
324.937	2230.5	0	2230.5
325.077	2209.75	0	2209.75
325.217	2199	0	2199
325.357	2222	0	2222
325.496	2091	0	2091
325.636	2087.25	0	2087.25
325.776	2056	0	2056
325.915	2151	0	2151
326.055	2112.75	0	2112.75
326.195	2161	0	2161
326.334	2193.25	0	2193.25
326.474	2174.5	0	2174.5
326.613	2097.25	0	2097.25
326.753	2028.5	0	2028.5
326.892	2018.25	0	2018.25
327.032	1938.25	0	1938.25
327.172	1882	0	1882
327.311	1865.75	0	1865.75
327.451	1850	0	1850
327.59	1913.25	0	1913.25
327.73	1902.75	0	1902.75
327.869	1893.5	0	1893.5
328.009	1934.5	0	1934.5
328.148	1854	0	1854
328.288	1913.75	0	1913.75
328.427	1860	0	1860
328.566	1931	0	1931
328.706	1838.75	0	1838.75
328.845	1872.25	0	1872.25
328.985	1842.5	0	1842.5
329.124	1879.25	0	1879.25
329.263	1859.5	0	1859.5
329.403	1796	0	1796
329.542	1901.25	0	1901.25
329.681	1849	0	1849
329.821	1901.75	0	1901.75
329.96	1930.5	0	1930.5
330.099	1852	0	1852
330.239	1930.75	0	1930.75
330.378	1889.5	0	1889.5
330.517	1922.5	0	1922.5
330.656	1979.75	0	1979.75
330.796	1952.75	0	1952.75
330.935	1983	0	1983
331.074	1894	0	1894
331.213	1932.75	0	1932.75
331.352	1918	0	1918
331.492	1961	0	1961
331.631	1915.25	0	1915.25
331.77	1926	0	1926
331.909	2024	0	2024
332.048	1996	0	1996
332.187	2006.25	0	2006.25
332.327	2044.75	0	2044.75
332.466	2164.75	0	2164.75
332.605	2160	0	2160
332.744	2199.75	0	2199.75
332.883	2239.25	0	2239.25
333.022	2313	0	2313
333.161	2451.5	0	2451.5
333.3	2419.75	0	2419.75
333.439	2443.5	0	2443.5
333.578	2438.75	0	2438.75
333.717	2453	0	2453
333.856	2462	0	2462
333.995	2513	0	2513
334.134	2546	0	2546
334.273	2511	0	2511
334.412	2536.25	0	2536.25
334.551	2470.5	0	2470.5
334.69	2521.25	0	2521.25
334.828	2526.5	0	2526.5
334.967	2494.25	0	2494.25
335.106	2552.25	0	2552.25
335.245	2513	0	2513
335.384	2503.25	0	2503.25
335.523	2494.5	0	2494.5
335.662	2475.25	0	2475.25
335.8	2465.75	0	2465.75
335.939	2505.5	0	2505.5
336.078	2576.25	0	2576.25
336.217	2594.25	0	2594.25
336.356	2565.25	0	2565.25
336.494	2617	0	2617
336.633	2591	0	2591
336.772	2552.75	0	2552.75
336.911	2466.75	0	2466.75
337.049	2526.75	0	2526.75
337.188	2406.25	0	2406.25
337.327	2344.5	0	2344.5
337.465	2346	0	2346
337.604	2278	0	2278
337.743	2281	0	2281
337.881	2143.75	0	2143.75
338.02	2161.5	0	2161.5
338.158	2170	0	2170
338.297	2147.75	0	2147.75
338.436	2146	0	2146
338.574	2088	0	2088
338.713	2134.75	0	2134.75
338.851	2101.25	0	2101.25
338.99	2128.5	0	2128.5
339.128	2099.75	0	2099.75
339.267	2095.5	0	2095.5
339.405	2099.5	0	2099.5
339.544	2159.25	0	2159.25
339.682	2109.5	0	2109.5
339.821	2085.5	0	2085.5
339.959	2075.5	0	2075.5
340.098	2048.25	0	2048.25
340.236	2072.25	0	2072.25
340.375	2081.25	0	2081.25
340.513	2102	0	2102
340.651	2095.25	0	2095.25
340.79	2144.75	0	2144.75
340.928	2147.25	0	2147.25
341.067	2110.75	0	2110.75
341.205	2066.5	0	2066.5
341.343	2144.75	0	2144.75
341.482	2111	0	2111
341.62	2149.25	0	2149.25
341.758	2091	0	2091
341.897	2160	0	2160
342.035	2144	0	2144
342.173	2142.75	0	2142.75
342.311	2143.75	0	2143.75
342.45	2133.25	0	2133.25
342.588	2093.5	0	2093.5
342.726	2167.25	0	2167.25
342.864	2115.5	0	2115.5
343.002	2127	0	2127
343.141	2136.25	0	2136.25
343.279	2139.5	0	2139.5
343.417	2232.25	0	2232.25
343.555	2328.5	0	2328.5
343.693	2469	0	2469
343.831	2438.25	0	2438.25
343.969	2368.75	0	2368.75
344.108	2257.25	0	2257.25
344.246	2242.25	0	2242.25
344.384	2179.25	0	2179.25
344.522	2152.75	0	2152.75
344.66	2118.5	0	2118.5
344.798	2106.75	0	2106.75
344.936	2122.25	0	2122.25
345.074	2049.25	0	2049.25
345.212	2073.5	0	2073.5
345.35	2032.25	0	2032.25
345.488	2092	0	2092
345.626	2019.25	0	2019.25
345.764	2049.25	0	2049.25
345.902	2066.75	0	2066.75
346.04	2045.75	0	2045.75
346.178	2054	0	2054
346.315	2053.25	0	2053.25
346.453	2067.75	0	2067.75
346.591	2019	0	2019
346.729	2076	0	2076
346.867	2068.75	0	2068.75
347.005	2111.75	0	2111.75
347.143	2133	0	2133
347.28	2143	0	2143
347.418	2170.25	0	2170.25
347.556	2145.5	0	2145.5
347.694	2272	0	2272
347.832	2275.5	0	2275.5
347.969	2245.25	0	2245.25
348.107	2242.25	0	2242.25
348.245	2229.5	0	2229.5
348.382	2168	0	2168
348.52	2195.5	0	2195.5
348.658	2177.25	0	2177.25
348.796	2188.75	0	2188.75
348.933	2210.25	0	2210.25
349.071	2225.25	0	2225.25
349.209	2223.25	0	2223.25
349.346	2145.25	0	2145.25
349.484	2178	0	2178
349.621	2100.25	0	2100.25
349.759	2154.25	0	2154.25
349.897	2160.75	0	2160.75
350.034	2200.25	0	2200.25
350.172	2183.25	0	2183.25
350.309	2235.75	0	2235.75
350.447	2193.25	0	2193.25
350.584	2180	0	2180
350.722	2203.25	0	2203.25
350.859	2255.75	0	2255.75
350.997	2201.5	0	2201.5
351.134	2202.75	0	2202.75
351.272	2211.25	0	2211.25
351.409	2182.25	0	2182.25
351.547	2166	0	2166
351.684	2191.25	0	2191.25
351.822	2188.5	0	2188.5
351.959	2164.25	0	2164.25
352.096	2150.75	0	2150.75
352.234	2139.5	0	2139.5
352.371	2158.75	0	2158.75
352.508	2181.25	0	2181.25
352.646	2191.75	0	2191.75
352.783	2227	0	2227
352.92	2148.5	0	2148.5
353.058	2159	0	2159
353.195	2152.75	0	2152.75
353.332	2124	0	2124
353.469	2187.75	0	2187.75
353.607	2112.25	0	2112.25
353.744	2099.25	0	2099.25
353.881	2124.5	0	2124.5
354.018	2124.75	0	2124.75
354.156	2109.5	0	2109.5
354.293	2074.25	0	2074.25
354.43	2171.25	0	2171.25
354.567	2159	0	2159
354.704	2210	0	2210
354.841	2207	0	2207
354.979	2176.75	0	2176.75
355.116	2172.25	0	2172.25
355.253	2193.5	0	2193.5
355.39	2170.25	0	2170.25
355.527	2226.5	0	2226.5
355.664	2192	0	2192
355.801	2143.75	0	2143.75
355.938	2244	0	2244
356.075	2290.75	0	2290.75
356.212	2223.5	0	2223.5
356.349	2200	0	2200
356.486	2129.5	0	2129.5
356.623	2199.5	0	2199.5
356.76	2195	0	2195
356.897	2239.25	0	2239.25
357.034	2174.25	0	2174.25
357.171	2144.75	0	2144.75
357.308	2176.5	0	2176.5
357.445	2219.5	0	2219.5
357.582	2190.75	0	2190.75
357.718	2108.25	0	2108.25
357.855	2128.5	0	2128.5
357.992	2081.25	0	2081.25
358.129	2094	0	2094
358.266	2094	0	2094
358.403	2091.25	0	2091.25
358.539	2102.75	0	2102.75
358.676	2118.75	0	2118.75
358.813	2077.5	0	2077.5
358.95	2038.75	0	2038.75
359.086	2119.25	0	2119.25
359.223	2080.5	0	2080.5
359.36	2067.5	0	2067.5
359.497	2100.5	0	2100.5
359.633	2066.5	0	2066.5
359.77	2101.25	0	2101.25
359.907	2056.25	0	2056.25
360.043	2068.5	0	2068.5
360.18	2049.25	0	2049.25
360.317	2084	0	2084
360.453	2118.75	0	2118.75
360.59	2054.75	0	2054.75
360.727	2091.25	0	2091.25
360.863	2082.25	0	2082.25
361	2101.5	0	2101.5
361.136	2094.5	0	2094.5
361.273	2115	0	2115
361.409	2122.75	0	2122.75
361.546	2130.25	0	2130.25
361.682	2125.5	0	2125.5
361.819	2102.75	0	2102.75
361.955	2148.75	0	2148.75
362.092	2157.5	0	2157.5
362.228	2130.25	0	2130.25
362.365	2111.25	0	2111.25
362.501	2111	0	2111
362.638	2113.5	0	2113.5
362.774	2111.5	0	2111.5
362.91	2147.25	0	2147.25
363.047	2132.25	0	2132.25
363.183	2191	0	2191
363.319	2120.5	0	2120.5
363.456	2171.75	0	2171.75
363.592	2206.25	0	2206.25
363.728	2117.75	0	2117.75
363.865	2111.25	0	2111.25
364.001	2136.25	0	2136.25
364.137	2105	0	2105
364.274	2181.25	0	2181.25
364.41	2204	0	2204
364.546	2218.25	0	2218.25
364.682	2173.75	0	2173.75
364.819	2238	0	2238
364.955	2171.25	0	2171.25
365.091	2169.5	0	2169.5
365.227	2231.25	0	2231.25
365.363	2191.5	0	2191.5
365.499	2166.75	0	2166.75
365.636	2292.75	0	2292.75
365.772	2267	0	2267
365.908	2244.75	0	2244.75
366.044	2264.5	0	2264.5
366.18	2244	0	2244
366.316	2261	0	2261
366.452	2268.5	0	2268.5
366.588	2295	0	2295
366.724	2274.75	0	2274.75
366.86	2255.25	0	2255.25
366.996	2285	0	2285
367.132	2212	0	2212
367.268	2250	0	2250
367.404	2340.5	0	2340.5
367.54	2302.75	0	2302.75
367.676	2274.25	0	2274.25
367.812	2285.5	0	2285.5
367.948	2314.75	0	2314.75
368.084	2280.25	0	2280.25
368.22	2299	0	2299
368.356	2383.75	0	2383.75
368.492	2333	0	2333
368.627	2316.5	0	2316.5
368.763	2342.75	0	2342.75
368.899	2368	0	2368
369.035	2388.5	0	2388.5
369.171	2431.5	0	2431.5
369.306	2428	0	2428
369.442	2439.5	0	2439.5
369.578	2427.25	0	2427.25
369.714	2453.25	0	2453.25
369.85	2466.5	0	2466.5
369.985	2578.5	0	2578.5
370.121	2595	0	2595
370.257	2594.25	0	2594.25
370.392	2592.75	0	2592.75
370.528	2701.25	0	2701.25
370.664	2721	0	2721
370.799	2692.5	0	2692.5
370.935	2760.75	0	2760.75
371.071	2705	0	2705
371.206	2776.75	0	2776.75
371.342	2798	0	2798
371.477	2786.5	0	2786.5
371.613	2779	0	2779
371.749	2677.75	0	2677.75
371.884	2677.5	0	2677.5
372.02	2651.25	0	2651.25
372.155	2663.25	0	2663.25
372.291	2589.25	0	2589.25
372.426	2671.5	0	2671.5
372.562	2687.5	0	2687.5
372.697	2723.75	0	2723.75
372.833	2662.25	0	2662.25
372.968	2655.75	0	2655.75
373.103	2564.5	0	2564.5
373.239	2578.25	0	2578.25
373.374	2544	0	2544
373.51	2508.75	0	2508.75
373.645	2553.5	0	2553.5
373.78	2550.25	0	2550.25
373.916	2583.25	0	2583.25
374.051	2585.5	0	2585.5
374.186	2531	0	2531
374.322	2640.75	0	2640.75
374.457	2602.75	0	2602.75
374.592	2739.75	0	2739.75
374.728	2818.5	0	2818.5
374.863	2854.5	0	2854.5
374.998	2806	0	2806
375.133	2815.5	0	2815.5
375.268	2776.5	0	2776.5
375.404	2680.75	0	2680.75
375.539	2723	0	2723
375.674	2687.5	0	2687.5
375.809	2644.5	0	2644.5
375.944	2610.75	0	2610.75
376.08	2569.5	0	2569.5
376.215	2501	0	2501
376.35	2498	0	2498
376.485	2516.75	0	2516.75
376.62	2509	0	2509
376.755	2533.75	0	2533.75
376.89	2518.25	0	2518.25
377.025	2560.5	0	2560.5
377.16	2550.5	0	2550.5
377.295	2536.5	0	2536.5
377.43	2521	0	2521
377.565	2452.25	0	2452.25
377.7	2438.5	0	2438.5
377.835	2353.25	0	2353.25
377.97	2431	0	2431
378.105	2448.5	0	2448.5
378.24	2433.25	0	2433.25
378.375	2444.25	0	2444.25
378.51	2474.75	0	2474.75
378.645	2479.5	0	2479.5
378.78	2499.5	0	2499.5
378.914	2474.25	0	2474.25
379.049	2564.25	0	2564.25
379.184	2498	0	2498
379.319	2532	0	2532
379.454	2525.75	0	2525.75
379.589	2458.25	0	2458.25
379.723	2501.25	0	2501.25
379.858	2549.25	0	2549.25
379.993	2555	0	2555
380.128	2530.5	0	2530.5
380.262	2555.75	0	2555.75
380.397	2520.75	0	2520.75
380.532	2499.25	0	2499.25
380.666	2520.25	0	2520.25
380.801	2510.75	0	2510.75
380.936	2617.5	0	2617.5
381.07	2572.5	0	2572.5
381.205	2531.75	0	2531.75
381.34	2507.75	0	2507.75
381.474	2636	0	2636
381.609	2512.75	0	2512.75
381.744	2573	0	2573
381.878	2580.5	0	2580.5
382.013	2593.5	0	2593.5
382.147	2561	0	2561
382.282	2712.5	0	2712.5
382.416	2627.5	0	2627.5
382.551	2693	0	2693
382.685	2722.75	0	2722.75
382.82	2649.25	0	2649.25
382.954	2757.25	0	2757.25
383.089	2738	0	2738
383.223	2767.5	0	2767.5
383.357	2777.5	0	2777.5
383.492	2828.25	0	2828.25
383.626	2808.25	0	2808.25
383.761	2921	0	2921
383.895	2858	0	2858
384.029	2909.75	0	2909.75
384.164	2949.75	0	2949.75
384.298	3002.75	0	3002.75
384.432	3052.75	0	3052.75
384.567	3070	0	3070
384.701	3100	0	3100
384.835	3058	0	3058
384.97	3095.5	0	3095.5
385.104	3035.5	0	3035.5
385.238	3023.25	0	3023.25
385.372	3119.5	0	3119.5
385.506	3097.25	0	3097.25
385.641	3081.75	0	3081.75
385.775	3011.5	0	3011.5
385.909	3032.75	0	3032.75
386.043	3062	0	3062
386.177	3152.75	0	3152.75
386.311	3038	0	3038
386.446	3086.75	0	3086.75
386.58	3007.5	0	3007.5
386.714	2991	0	2991
386.848	3005.5	0	3005.5
386.982	2941.5	0	2941.5
387.116	2992.5	0	2992.5
387.25	2968.25	0	2968.25
387.384	2991.75	0	2991.75
387.518	2949.75	0	2949.75
387.652	2919	0	2919
387.786	2878.75	0	2878.75
387.92	2961.75	0	2961.75
388.054	3011	0	3011
388.188	3004	0	3004
388.322	3050.5	0	3050.5
388.456	2905.5	0	2905.5
388.59	2974.5	0	2974.5
388.723	2907.25	0	2907.25
388.857	2939.5	0	2939.5
388.991	2934	0	2934
389.125	2801.75	0	2801.75
389.259	2863	0	2863
389.393	2936.25	0	2936.25
389.526	2935.5	0	2935.5
389.66	2916.5	0	2916.5
389.794	2892.5	0	2892.5
389.928	2836.5	0	2836.5
390.062	2868.75	0	2868.75
390.195	2919.25	0	2919.25
390.329	2987	0	2987
390.463	2989.75	0	2989.75
390.596	3020.5	0	3020.5
390.73	2955	0	2955
390.864	3104.75	0	3104.75
390.997	3128.5	0	3128.5
391.131	3133	0	3133
391.265	3290.25	0	3290.25
391.398	3286.75	0	3286.75
391.532	3296	0	3296
391.665	3373.5	0	3373.5
391.799	3481.5	0	3481.5
391.933	3520.75	0	3520.75
392.066	3361.5	0	3361.5
392.2	3226.75	0	3226.75
392.333	3272.75	0	3272.75
392.467	3282.5	0	3282.5
392.6	3318	0	3318
392.734	3256	0	3256
392.867	3367.5	0	3367.5
393.001	3260	0	3260
393.134	3321.25	0	3321.25
393.267	3420.75	0	3420.75
393.401	3328	0	3328
393.534	3370	0	3370
393.668	3404.5	0	3404.5
393.801	3405.75	0	3405.75
393.934	3464.5	0	3464.5
394.068	3329.25	0	3329.25
394.201	3416.5	0	3416.5
394.334	3442	0	3442
394.468	3372.5	0	3372.5
394.601	3482	0	3482
394.734	3430.25	0	3430.25
394.867	3412.5	0	3412.5
395.001	3398.5	0	3398.5
395.134	3486	0	3486
395.267	3528	0	3528
395.4	3629.25	0	3629.25
395.533	3714.75	0	3714.75
395.667	3698	0	3698
395.8	3578.5	0	3578.5
395.933	3611.25	0	3611.25
396.066	3473.75	0	3473.75
396.199	3414	0	3414
396.332	3471.5	0	3471.5
396.465	3377.5	0	3377.5
396.598	3409.25	0	3409.25
396.732	3512.5	0	3512.5
396.865	3512	0	3512
396.998	3608.5	0	3608.5
397.131	3642.25	0	3642.25
397.264	3721.75	0	3721.75
397.397	3767.75	0	3767.75
397.53	3588.75	0	3588.75
397.663	3640.75	0	3640.75
397.796	3664.25	0	3664.25
397.928	3693	0	3693
398.061	3825.5	0	3825.5
398.194	3743	0	3743
398.327	3861.5	0	3861.5
398.46	3917.25	0	3917.25
398.593	4021.25	0	4021.25
398.726	4192.75	0	4192.75
398.859	4461.25	0	4461.25
398.991	4877.25	0	4877.25
399.124	5311.75	0	5311.75
399.257	6026.75	0	6026.75
399.39	6498.5	0	6498.5
399.523	6653.75	0	6653.75
399.655	6211.25	0	6211.25
399.788	5655	0	5655
399.921	5279	0	5279
400.054	4973.25	0	4973.25
400.186	4658.5	0	4658.5
400.319	4499.75	0	4499.75
400.452	4262.25	0	4262.25
400.584	4379	0	4379
400.717	4239.25	0	4239.25
400.85	4221.75	0	4221.75
400.982	4229.5	0	4229.5
401.115	4187.25	0	4187.25
401.247	4185.75	0	4185.75
401.38	4092.25	0	4092.25
401.513	4227	0	4227
401.645	4182.75	0	4182.75
401.778	4361.75	0	4361.75
401.91	4226	0	4226
402.043	4348.75	0	4348.75
402.175	4339.5	0	4339.5
402.308	4497	0	4497
402.44	4562	0	4562
402.573	4406.25	0	4406.25
402.705	4569	0	4569
402.837	4875	0	4875
402.97	4720	0	4720
403.102	4912.75	0	4912.75
403.235	4757.25	0	4757.25
403.367	4885.75	0	4885.75
403.499	5037	0	5037
403.632	5033.25	0	5033.25
403.764	5054.5	0	5054.5
403.896	4963.75	0	4963.75
404.029	4914	0	4914
404.161	4914.75	0	4914.75
404.293	5068.25	0	5068.25
404.425	5122.5	0	5122.5
404.558	4911	0	4911
404.69	5056.25	0	5056.25
404.822	4799.5	0	4799.5
404.954	4839.75	0	4839.75
405.086	4878.25	0	4878.25
405.219	4873.25	0	4873.25
405.351	4793.75	0	4793.75
405.483	4872.5	0	4872.5
405.615	5006.5	0	5006.5
405.747	4854.25	0	4854.25
405.879	4826.25	0	4826.25
406.011	4992.5	0	4992.5
406.143	5022.75	0	5022.75
406.275	4937.5	0	4937.5
406.407	5099.75	0	5099.75
406.539	5112.75	0	5112.75
406.672	4940.25	0	4940.25
406.803	5212.5	0	5212.5
406.935	5355.25	0	5355.25
407.067	5627	0	5627
407.199	5628.5	0	5628.5
407.331	5648.75	0	5648.75
407.463	5601.75	0	5601.75
407.595	5484.75	0	5484.75
407.727	5416.5	0	5416.5
407.859	5370.5	0	5370.5
407.991	5113	0	5113
408.123	4907.5	0	4907.5
408.255	5064	0	5064
408.386	4927	0	4927
408.518	4886.75	0	4886.75
408.65	4722.25	0	4722.25
408.782	4776.25	0	4776.25
408.914	4705.25	0	4705.25
409.045	4820.5	0	4820.5
409.177	4959	0	4959
409.309	5049.75	0	5049.75
409.44	5105.75	0	5105.75
409.572	5134.25	0	5134.25
409.704	5086.5	0	5086.5
409.836	5029.5	0	5029.5
409.967	4989.5	0	4989.5
410.099	4867.5	0	4867.5
410.23	4727.25	0	4727.25
410.362	4667.25	0	4667.25
410.494	4453	0	4453
410.625	4477.25	0	4477.25
410.757	4507.5	0	4507.5
410.888	4298.75	0	4298.75
411.02	4257.25	0	4257.25
411.152	4332	0	4332
411.283	4120.25	0	4120.25
411.415	4167.75	0	4167.75
411.546	4282	0	4282
411.677	4301.75	0	4301.75
411.809	4341.25	0	4341.25
411.94	4273.75	0	4273.75
412.072	4326.5	0	4326.5
412.203	4256.5	0	4256.5
412.335	4214	0	4214
412.466	4174.75	0	4174.75
412.597	3980.5	0	3980.5
412.729	4073.25	0	4073.25
412.86	4006	0	4006
412.991	4007.5	0	4007.5
413.123	3978.5	0	3978.5
413.254	4082.25	0	4082.25
413.385	3929.75	0	3929.75
413.517	3958	0	3958
413.648	3983	0	3983
413.779	3899.25	0	3899.25
413.91	3883.75	0	3883.75
414.042	3950	0	3950
414.173	4099.25	0	4099.25
414.304	4086.5	0	4086.5
414.435	4187.25	0	4187.25
414.566	4180.5	0	4180.5
414.697	4119.25	0	4119.25
414.828	4050.25	0	4050.25
414.96	3998.5	0	3998.5
415.091	3964.75	0	3964.75
415.222	4090	0	4090
415.353	4069.75	0	4069.75
415.484	4032.25	0	4032.25
415.615	4047.75	0	4047.75
415.746	3976	0	3976
415.877	3993.5	0	3993.5
416.008	4017	0	4017
416.139	4019.75	0	4019.75
416.27	3962	0	3962
416.401	4019	0	4019
416.532	3881.5	0	3881.5
416.663	4102.5	0	4102.5
416.794	3953.5	0	3953.5
416.925	4122.5	0	4122.5
417.055	4227.75	0	4227.75
417.186	4167.25	0	4167.25
417.317	4286	0	4286
417.448	4373.75	0	4373.75
417.579	4327.5	0	4327.5
417.71	4533	0	4533
417.84	4578.25	0	4578.25
417.971	4501.5	0	4501.5
418.102	4712.5	0	4712.5
418.233	4616.75	0	4616.75
418.363	4589.25	0	4589.25
418.494	4626.25	0	4626.25
418.625	4729	0	4729
418.756	4827.75	0	4827.75
418.886	4745	0	4745
419.017	4711.25	0	4711.25
419.148	4482.75	0	4482.75
419.278	4693.5	0	4693.5
419.409	4541.5	0	4541.5
419.539	4521	0	4521
419.67	4481.75	0	4481.75
419.801	4457.5	0	4457.5
419.931	4352	0	4352
420.062	4483.25	0	4483.25
420.192	4401.75	0	4401.75
420.323	4540	0	4540
420.453	4373	0	4373
420.584	4625.5	0	4625.5
420.714	4512.25	0	4512.25
420.845	4461.5	0	4461.5
420.975	4397.75	0	4397.75
421.106	4598.5	0	4598.5
421.236	4461.5	0	4461.5
421.366	4731.25	0	4731.25
421.497	4621	0	4621
421.627	4810.5	0	4810.5
421.757	4917.5	0	4917.5
421.888	4832.75	0	4832.75
422.018	4969.75	0	4969.75
422.148	4865	0	4865
422.279	4856	0	4856
422.409	4841.75	0	4841.75
422.539	4973	0	4973
422.67	4763.5	0	4763.5
422.8	4701.25	0	4701.25
422.93	4701.5	0	4701.5
423.06	4736	0	4736
423.19	4536.5	0	4536.5
423.321	4684.5	0	4684.5
423.451	4695.25	0	4695.25
423.581	4653	0	4653
423.711	4734	0	4734
423.841	4667	0	4667
423.971	4716.75	0	4716.75
424.101	4653.25	0	4653.25
424.231	4755.5	0	4755.5
424.361	4546.75	0	4546.75
424.492	4613.5	0	4613.5
424.622	4455	0	4455
424.752	4620.25	0	4620.25
424.882	4399	0	4399
425.012	4219	0	4219
425.142	4230	0	4230
425.271	3919	0	3919
425.401	3981.25	0	3981.25
425.531	4060	0	4060
425.661	3950.25	0	3950.25
425.791	3696	0	3696
425.921	3932.75	0	3932.75
426.051	3702.75	0	3702.75
426.181	3688.25	0	3688.25
426.311	3654.75	0	3654.75
426.44	3583.75	0	3583.75
426.57	3672	0	3672
426.7	3598.5	0	3598.5
426.83	3510.25	0	3510.25
426.96	3507	0	3507
427.089	3521	0	3521
427.219	3620.75	0	3620.75
427.349	3448.75	0	3448.75
427.479	3319.75	0	3319.75
427.608	3305.5	0	3305.5
427.738	3332.75	0	3332.75
427.868	3271.5	0	3271.5
427.997	3321.5	0	3321.5
428.127	3032.5	0	3032.5
428.256	3251	0	3251
428.386	3146.5	0	3146.5
428.516	3243	0	3243
428.645	3147.25	0	3147.25
428.775	3086.5	0	3086.5
428.904	3074.5	0	3074.5
429.034	3171	0	3171
429.163	3044	0	3044
429.293	3032.75	0	3032.75
429.422	3003.25	0	3003.25
429.552	2985.5	0	2985.5
429.681	3091.5	0	3091.5
429.811	3067.25	0	3067.25
429.94	3048	0	3048
430.069	2984.25	0	2984.25
430.199	2990.25	0	2990.25
430.328	2954.5	0	2954.5
430.458	2886.25	0	2886.25
430.587	2955.75	0	2955.75
430.716	3008.25	0	3008.25
430.846	2934.25	0	2934.25
430.975	2836.25	0	2836.25
431.104	2971.75	0	2971.75
431.233	2995.5	0	2995.5
431.363	2989.75	0	2989.75
431.492	2989.75	0	2989.75
431.621	3070.25	0	3070.25
431.75	3105	0	3105
431.88	3002.5	0	3002.5
432.009	3103	0	3103
432.138	2941	0	2941
432.267	2936.75	0	2936.75
432.396	2967.75	0	2967.75
432.525	2963.25	0	2963.25
432.654	2930.75	0	2930.75
432.784	2962	0	2962
432.913	2977.5	0	2977.5
433.042	2894	0	2894
433.171	2891.75	0	2891.75
433.3	2936	0	2936
433.429	2867.25	0	2867.25
433.558	2953.25	0	2953.25
433.687	2886.75	0	2886.75
433.816	2934.5	0	2934.5
433.945	3002.25	0	3002.25
434.074	3121.75	0	3121.75
434.203	3098.25	0	3098.25
434.332	3195	0	3195
434.46	3238.5	0	3238.5
434.589	3358.75	0	3358.75
434.718	3351.5	0	3351.5
434.847	3490.25	0	3490.25
434.976	3335.25	0	3335.25
435.105	3222.75	0	3222.75
435.233	3039.5	0	3039.5
435.362	2981.75	0	2981.75
435.491	2936.75	0	2936.75
435.62	2863.75	0	2863.75
435.749	2849	0	2849
435.877	2848.75	0	2848.75
436.006	2768.5	0	2768.5
436.135	2870	0	2870
436.263	2867	0	2867
436.392	2752.5	0	2752.5
436.521	2845.5	0	2845.5
436.649	2809.75	0	2809.75
436.778	2799.75	0	2799.75
436.907	2775	0	2775
437.035	2770.5	0	2770.5
437.164	2762.25	0	2762.25
437.292	2826.5	0	2826.5
437.421	2696.5	0	2696.5
437.549	2814.75	0	2814.75
437.678	2683.25	0	2683.25
437.806	2633.25	0	2633.25
437.935	2684.75	0	2684.75
438.063	2739	0	2739
438.192	2659.5	0	2659.5
438.32	2772.75	0	2772.75
438.449	2688.75	0	2688.75
438.577	2733	0	2733
438.706	2657	0	2657
438.834	2806.5	0	2806.5
438.962	2726.5	0	2726.5
439.091	2688	0	2688
439.219	2809.5	0	2809.5
439.347	2762.75	0	2762.75
439.476	2839.25	0	2839.25
439.604	2862	0	2862
439.732	2768	0	2768
439.86	2851.5	0	2851.5
439.989	2823.5	0	2823.5
440.117	2814.75	0	2814.75
440.245	2986.5	0	2986.5
440.373	2882.25	0	2882.25
440.501	2885.25	0	2885.25
440.63	3011.5	0	3011.5
440.758	3046	0	3046
440.886	3031.5	0	3031.5
441.014	3138.75	0	3138.75
441.142	3211.75	0	3211.75
441.27	3368.25	0	3368.25
441.398	3404.75	0	3404.75
441.526	3570.75	0	3570.75
441.654	3403.5	0	3403.5
441.782	3378	0	3378
441.91	3369.25	0	3369.25
442.038	3372.5	0	3372.5
442.166	3327	0	3327
442.294	3356.75	0	3356.75
442.422	3292.75	0	3292.75
442.55	3281.75	0	3281.75
442.678	3206	0	3206
442.806	3260	0	3260
442.934	3236.5	0	3236.5
443.062	3252.5	0	3252.5
443.19	3264.5	0	3264.5
443.318	3196.5	0	3196.5
443.445	3233.25	0	3233.25
443.573	3321.25	0	3321.25
443.701	3262	0	3262
443.829	3354.75	0	3354.75
443.957	3535.5	0	3535.5
444.084	3574.25	0	3574.25
444.212	3652.75	0	3652.75
444.34	3827	0	3827
444.467	3888	0	3888
444.595	4140.75	0	4140.75
444.723	4146.25	0	4146.25
444.85	3907.5	0	3907.5
444.978	3742.25	0	3742.25
445.106	3542.5	0	3542.5
445.233	3492	0	3492
445.361	3392.25	0	3392.25
445.489	3279	0	3279
445.616	3233.75	0	3233.75
445.744	3239.5	0	3239.5
445.871	3093	0	3093
445.999	3163.75	0	3163.75
446.126	3085.5	0	3085.5
446.254	3157.5	0	3157.5
446.381	3031.25	0	3031.25
446.509	3122.75	0	3122.75
446.636	3220.5	0	3220.5
446.764	3036	0	3036
446.891	3079.75	0	3079.75
447.018	3049.75	0	3049.75
447.146	2974	0	2974
447.273	3085.5	0	3085.5
447.4	3119	0	3119
447.528	3067	0	3067
447.655	3011	0	3011
447.782	3034.25	0	3034.25
447.91	2932.75	0	2932.75
448.037	2941.75	0	2941.75
448.164	2956	0	2956
448.291	2922.75	0	2922.75
448.419	2953.25	0	2953.25
448.546	2958	0	2958
448.673	2933.5	0	2933.5
448.8	2910.75	0	2910.75
448.927	2818.5	0	2818.5
449.055	2797.75	0	2797.75
449.182	2840.5	0	2840.5
449.309	2840	0	2840
449.436	2840.5	0	2840.5
449.563	2843.5	0	2843.5
449.69	2833	0	2833
449.817	2795	0	2795
449.944	2830.5	0	2830.5
450.071	2871.5	0	2871.5
450.198	2916.75	0	2916.75
450.325	2888.25	0	2888.25
450.452	2846	0	2846
450.579	2925	0	2925
450.706	2938.25	0	2938.25
450.833	3020.5	0	3020.5
450.96	2968.25	0	2968.25
451.087	3092.75	0	3092.75
451.214	2960.5	0	2960.5
451.341	2939.25	0	2939.25
451.467	2894.25	0	2894.25
451.594	2997.25	0	2997.25
451.721	2962	0	2962
451.848	2910	0	2910
451.975	2813.25	0	2813.25
452.101	2736.75	0	2736.75
452.228	2828.25	0	2828.25
452.355	2761.25	0	2761.25
452.482	2762.5	0	2762.5
452.608	2738.75	0	2738.75
452.735	2698.5	0	2698.5
452.862	2724.75	0	2724.75
452.988	2755.25	0	2755.25
453.115	2657.5	0	2657.5
453.242	2717	0	2717
453.368	2595	0	2595
453.495	2613	0	2613
453.621	2619.75	0	2619.75
453.748	2584.75	0	2584.75
453.875	2627.25	0	2627.25
454.001	2632.5	0	2632.5
454.128	2544.75	0	2544.75
454.254	2566.5	0	2566.5
454.381	2614.5	0	2614.5
454.507	2497.25	0	2497.25
454.633	2536.5	0	2536.5
454.76	2537	0	2537
454.886	2571.5	0	2571.5
455.013	2568.75	0	2568.75
455.139	2531.75	0	2531.75
455.266	2562.25	0	2562.25
455.392	2515.25	0	2515.25
455.518	2482.75	0	2482.75
455.645	2490	0	2490
455.771	2422.5	0	2422.5
455.897	2480.25	0	2480.25
456.023	2445.75	0	2445.75
456.15	2517.5	0	2517.5
456.276	2498	0	2498
456.402	2478.5	0	2478.5
456.528	2489.25	0	2489.25
456.655	2499	0	2499
456.781	2457.25	0	2457.25
456.907	2441.75	0	2441.75
457.033	2455.75	0	2455.75
457.159	2529.25	0	2529.25
457.285	2554.5	0	2554.5
457.411	2502.25	0	2502.25
457.538	2514	0	2514
457.664	2549	0	2549
457.79	2582.75	0	2582.75
457.916	2443.5	0	2443.5
458.042	2533.25	0	2533.25
458.168	2551.25	0	2551.25
458.294	2574	0	2574
458.42	2687.5	0	2687.5
458.546	2758.75	0	2758.75
458.672	2792.25	0	2792.25
458.798	2967.25	0	2967.25
458.924	3015.25	0	3015.25
459.049	3064.25	0	3064.25
459.175	3136.5	0	3136.5
459.301	3140.25	0	3140.25
459.427	3245.25	0	3245.25
459.553	3218.25	0	3218.25
459.679	3301.25	0	3301.25
459.805	3402.25	0	3402.25
459.93	3487.75	0	3487.75
460.056	3619.25	0	3619.25
460.182	3691.25	0	3691.25
460.308	3668.25	0	3668.25
460.433	3634.75	0	3634.75
460.559	3579.5	0	3579.5
460.685	3739.75	0	3739.75
460.81	3614.75	0	3614.75
460.936	3593.25	0	3593.25
461.062	3606	0	3606
461.187	3550	0	3550
461.313	3470.5	0	3470.5
461.439	3584	0	3584
461.564	3616.25	0	3616.25
461.69	3614.25	0	3614.25
461.815	3499	0	3499
461.941	3740	0	3740
462.066	3848	0	3848
462.192	3738.75	0	3738.75
462.317	3775.25	0	3775.25
462.443	4033.75	0	4033.75
462.568	4175	0	4175
462.694	4380.25	0	4380.25
462.819	4718	0	4718
462.944	4805.75	0	4805.75
463.07	4835.5	0	4835.5
463.195	4540.25	0	4540.25
463.321	4443.75	0	4443.75
463.446	4170.25	0	4170.25
463.571	3989	0	3989
463.697	4141.5	0	4141.5
463.822	4102.75	0	4102.75
463.947	4260	0	4260
464.072	4042.75	0	4042.75
464.198	4214.25	0	4214.25
464.323	3933.75	0	3933.75
464.448	3776.5	0	3776.5
464.573	3683.5	0	3683.5
464.698	3604.5	0	3604.5
464.824	3613.25	0	3613.25
464.949	3397.5	0	3397.5
465.074	3214.75	0	3214.75
465.199	3168.5	0	3168.5
465.324	3007.75	0	3007.75
465.449	2936.75	0	2936.75
465.574	2790.75	0	2790.75
465.699	2823.5	0	2823.5
465.824	2876.75	0	2876.75
465.949	2707	0	2707
466.074	2773	0	2773
466.199	2756.5	0	2756.5
466.324	2693.25	0	2693.25
466.449	2609.5	0	2609.5
466.574	2586.5	0	2586.5
466.699	2660.25	0	2660.25
466.824	2639.75	0	2639.75
466.949	2546.25	0	2546.25
467.074	2640.25	0	2640.25
467.199	2551.5	0	2551.5
467.323	2613.75	0	2613.75
467.448	2558.5	0	2558.5
467.573	2633.25	0	2633.25
467.698	2574.25	0	2574.25
467.823	2456.75	0	2456.75
467.947	2435	0	2435
468.072	2428.75	0	2428.75
468.197	2434.75	0	2434.75
468.322	2376.75	0	2376.75
468.446	2439.5	0	2439.5
468.571	2407	0	2407
468.696	2412	0	2412
468.82	2457	0	2457
468.945	2474.5	0	2474.5
469.069	2509.75	0	2509.75
469.194	2421.75	0	2421.75
469.319	2501.5	0	2501.5
469.443	2545.75	0	2545.75
469.568	2553.75	0	2553.75
469.692	2651.5	0	2651.5
469.817	2603	0	2603
469.941	2636.5	0	2636.5
470.066	2680.5	0	2680.5
470.19	2694	0	2694
470.315	2719.25	0	2719.25
470.439	2732.25	0	2732.25
470.563	2677.75	0	2677.75
470.688	2623.5	0	2623.5
470.812	2605.5	0	2605.5
470.937	2588.75	0	2588.75
471.061	2581.25	0	2581.25
471.185	2511.5	0	2511.5
471.31	2475.75	0	2475.75
471.434	2456	0	2456
471.558	2449	0	2449
471.682	2382.75	0	2382.75
471.807	2463.25	0	2463.25
471.931	2347.5	0	2347.5
472.055	2338.5	0	2338.5
472.179	2378.75	0	2378.75
472.303	2347	0	2347
472.428	2295.25	0	2295.25
472.552	2296.75	0	2296.75
472.676	2329.5	0	2329.5
472.8	2312.5	0	2312.5
472.924	2261.25	0	2261.25
473.048	2282.25	0	2282.25
473.172	2303.5	0	2303.5
473.296	2274.25	0	2274.25
473.42	2241	0	2241
473.544	2259.75	0	2259.75
473.668	2225.75	0	2225.75
473.792	2273.25	0	2273.25
473.916	2261.25	0	2261.25
474.04	2324	0	2324
474.164	2202.5	0	2202.5
474.288	2257	0	2257
474.412	2245.75	0	2245.75
474.536	2266.75	0	2266.75
474.66	2312.75	0	2312.75
474.784	2314.25	0	2314.25
474.908	2265.25	0	2265.25
475.031	2314	0	2314
475.155	2365.5	0	2365.5
475.279	2278	0	2278
475.403	2330.75	0	2330.75
475.526	2339.75	0	2339.75
475.65	2381.25	0	2381.25
475.774	2355.25	0	2355.25
475.898	2320.25	0	2320.25
476.021	2407	0	2407
476.145	2320.5	0	2320.5
476.269	2300.75	0	2300.75
476.392	2314.25	0	2314.25
476.516	2402.75	0	2402.75
476.64	2419.25	0	2419.25
476.763	2458.75	0	2458.75
476.887	2436	0	2436
477.01	2432.25	0	2432.25
477.134	2556.5	0	2556.5
477.257	2575.75	0	2575.75
477.381	2531.5	0	2531.5
477.504	2544.5	0	2544.5
477.628	2637.25	0	2637.25
477.751	2681.75	0	2681.75
477.875	2737	0	2737
477.998	2747.25	0	2747.25
478.122	2662.5	0	2662.5
478.245	2759.75	0	2759.75
478.368	2794	0	2794
478.492	2711.5	0	2711.5
478.615	2881.25	0	2881.25
478.738	2842.25	0	2842.25
478.862	2891	0	2891
478.985	2816.5	0	2816.5
479.108	2710	0	2710
479.231	2829.75	0	2829.75
479.355	2832.25	0	2832.25
479.478	2757.5	0	2757.5
479.601	2829	0	2829
479.724	2891	0	2891
479.848	2990.5	0	2990.5
479.971	3035.25	0	3035.25
480.094	3009	0	3009
480.217	3112.5	0	3112.5
480.34	3152.25	0	3152.25
480.463	3023.75	0	3023.75
480.586	2883.75	0	2883.75
480.709	2865	0	2865
480.832	2832.5	0	2832.5
480.955	2858.25	0	2858.25
481.078	2831.5	0	2831.5
481.201	2731.5	0	2731.5
481.324	2672.25	0	2672.25
481.447	2563.75	0	2563.75
481.57	2558.75	0	2558.75
481.693	2639.75	0	2639.75
481.816	2621.5	0	2621.5
481.939	2610.25	0	2610.25
482.062	2599.5	0	2599.5
482.185	2631	0	2631
482.307	2558	0	2558
482.43	2568.25	0	2568.25
482.553	2513.25	0	2513.25
482.676	2486.75	0	2486.75
482.799	2573.25	0	2573.25
482.921	2559.5	0	2559.5
483.044	2605.75	0	2605.75
483.167	2570.25	0	2570.25
483.29	2602	0	2602
483.412	2602.25	0	2602.25
483.535	2580.5	0	2580.5
483.658	2500.5	0	2500.5
483.78	2554.75	0	2554.75
483.903	2563.5	0	2563.5
484.025	2620.75	0	2620.75
484.148	2616.75	0	2616.75
484.271	2572	0	2572
484.393	2631.5	0	2631.5
484.516	2631.5	0	2631.5
484.638	2603.5	0	2603.5
484.761	2706.5	0	2706.5
484.883	2679	0	2679
485.006	2654.5	0	2654.5
485.128	2784.25	0	2784.25
485.251	2762	0	2762
485.373	2787.25	0	2787.25
485.495	2757.75	0	2757.75
485.618	2848.75	0	2848.75
485.74	2847.75	0	2847.75
485.863	2849	0	2849
485.985	2857.75	0	2857.75
486.107	2843.5	0	2843.5
486.229	2820	0	2820
486.352	2882	0	2882
486.474	2793.25	0	2793.25
486.596	2746.5	0	2746.5
486.719	2738	0	2738
486.841	2812	0	2812
486.963	2637.75	0	2637.75
487.085	2680.25	0	2680.25
487.207	2560.5	0	2560.5
487.329	2576	0	2576
487.452	2631.25	0	2631.25
487.574	2563	0	2563
487.696	2625.25	0	2625.25
487.818	2564.25	0	2564.25
487.94	2566.25	0	2566.25
488.062	2573.25	0	2573.25
488.184	2540.25	0	2540.25
488.306	2555.25	0	2555.25
488.428	2496.25	0	2496.25
488.55	2495.75	0	2495.75
488.672	2516.75	0	2516.75
488.794	2433.25	0	2433.25
488.916	2526.25	0	2526.25
489.038	2488.75	0	2488.75
489.16	2497.5	0	2497.5
489.281	2478	0	2478
489.403	2443.25	0	2443.25
489.525	2482.25	0	2482.25
489.647	2468	0	2468
489.769	2435.75	0	2435.75
489.891	2438.75	0	2438.75
490.012	2372.75	0	2372.75
490.134	2428.75	0	2428.75
490.256	2434	0	2434
490.378	2426	0	2426
490.499	2411	0	2411
490.621	2405	0	2405
490.743	2390	0	2390
490.864	2372.75	0	2372.75
490.986	2389	0	2389
491.108	2354.75	0	2354.75
491.229	2380.5	0	2380.5
491.351	2397.25	0	2397.25
491.472	2403	0	2403
491.594	2335.25	0	2335.25
491.715	2339	0	2339
491.837	2381	0	2381
491.958	2439.25	0	2439.25
492.08	2353.25	0	2353.25
492.201	2388.25	0	2388.25
492.323	2322.25	0	2322.25
492.444	2411.5	0	2411.5
492.566	2390.25	0	2390.25
492.687	2418.25	0	2418.25
492.808	2413.75	0	2413.75
492.93	2403.75	0	2403.75
493.051	2476	0	2476
493.172	2443.75	0	2443.75
493.294	2399.25	0	2399.25
493.415	2423.5	0	2423.5
493.536	2449.5	0	2449.5
493.658	2492.5	0	2492.5
493.779	2448.5	0	2448.5
493.9	2466.25	0	2466.25
494.021	2479	0	2479
494.143	2490.75	0	2490.75
494.264	2514.5	0	2514.5
494.385	2528.25	0	2528.25
494.506	2507.25	0	2507.25
494.627	2513	0	2513
494.748	2535	0	2535
494.869	2520.75	0	2520.75
494.99	2462.75	0	2462.75
495.111	2537.75	0	2537.75
495.232	2503.75	0	2503.75
495.353	2495	0	2495
495.475	2542	0	2542
495.595	2525.5	0	2525.5
495.716	2525.5	0	2525.5
495.837	2529	0	2529
495.958	2559.25	0	2559.25
496.079	2574	0	2574
496.2	2613.5	0	2613.5
496.321	2550.75	0	2550.75
496.442	2597.25	0	2597.25
496.563	2605.25	0	2605.25
496.684	2578.75	0	2578.75
496.804	2625.75	0	2625.75
496.925	2650	0	2650
497.046	2715.75	0	2715.75
497.167	2662.25	0	2662.25
497.287	2681	0	2681
497.408	2737.5	0	2737.5
497.529	2775.5	0	2775.5
497.65	2858.5	0	2858.5
497.77	2952.25	0	2952.25
497.891	2904.75	0	2904.75
498.012	2990.75	0	2990.75
498.132	3158	0	3158
498.253	3246.25	0	3246.25
498.373	3321.75	0	3321.75
498.494	3498.5	0	3498.5
498.614	3605.5	0	3605.5
498.735	3711	0	3711
498.856	3893.75	0	3893.75
498.976	4030.5	0	4030.5
499.096	4292	0	4292
499.217	4620.25	0	4620.25
499.337	4873.75	0	4873.75
499.458	5184.5	0	5184.5
499.578	5389.5	0	5389.5
499.699	5901	0	5901
499.819	6337.25	0	6337.25
499.939	6882.5	0	6882.5
500.06	7374.5	0	7374.5
500.18	7655.75	0	7655.75
500.3	7658.75	0	7658.75
500.421	7561.25	0	7561.25
500.541	7327	0	7327
500.661	6900.75	0	6900.75
500.781	6324.5	0	6324.5
500.902	5904.5	0	5904.5
501.022	5531.75	0	5531.75
501.142	5202	0	5202
501.262	4769	0	4769
501.382	4540.75	0	4540.75
501.502	4222	0	4222
501.623	3989.5	0	3989.5
501.743	3850.25	0	3850.25
501.863	3708.5	0	3708.5
501.983	3574	0	3574
502.103	3481	0	3481
502.223	3398	0	3398
502.343	3312.75	0	3312.75
502.463	3260.5	0	3260.5
502.583	3194.5	0	3194.5
502.703	2976.75	0	2976.75
502.823	2967.5	0	2967.5
502.943	2903	0	2903
503.063	2855.25	0	2855.25
503.182	2787	0	2787
503.302	2822	0	2822
503.422	2681	0	2681
503.542	2704	0	2704
503.662	2709.75	0	2709.75
503.782	2676	0	2676
503.901	2799.75	0	2799.75
504.021	2787	0	2787
504.141	2815.25	0	2815.25
504.261	2907	0	2907
504.38	2932.25	0	2932.25
504.5	2836	0	2836
504.62	2766.75	0	2766.75
504.739	2697.25	0	2697.25
504.859	2591.75	0	2591.75
504.979	2568.25	0	2568.25
505.098	2447.75	0	2447.75
505.218	2409	0	2409
505.338	2408.75	0	2408.75
505.457	2402.5	0	2402.5
505.577	2360.75	0	2360.75
505.696	2274.5	0	2274.5
505.816	2316.75	0	2316.75
505.935	2292.5	0	2292.5
506.055	2323.5	0	2323.5
506.174	2259.5	0	2259.5
506.293	2288.5	0	2288.5
506.413	2235.5	0	2235.5
506.532	2218.5	0	2218.5
506.652	2212.75	0	2212.75
506.771	2229	0	2229
506.89	2252.75	0	2252.75
507.01	2288	0	2288
507.129	2253.25	0	2253.25
507.248	2170.5	0	2170.5
507.368	2191	0	2191
507.487	2172.5	0	2172.5
507.606	2187.5	0	2187.5
507.725	2163.25	0	2163.25
507.844	2161.75	0	2161.75
507.964	2105.25	0	2105.25
508.083	2115.25	0	2115.25
508.202	2118.5	0	2118.5
508.321	2080.25	0	2080.25
508.44	2129	0	2129
508.559	2118.25	0	2118.25
508.678	2109.25	0	2109.25
508.797	2137.25	0	2137.25
508.916	2112.25	0	2112.25
509.035	2159.5	0	2159.5
509.154	2147.25	0	2147.25
509.273	2131.75	0	2131.75
509.392	2082.75	0	2082.75
509.511	2089.75	0	2089.75
509.63	2127	0	2127
509.749	2044.75	0	2044.75
509.868	2101.5	0	2101.5
509.987	2169.5	0	2169.5
510.106	2096	0	2096
510.225	2111.5	0	2111.5
510.344	2108	0	2108
510.462	2113.75	0	2113.75
510.581	2111.5	0	2111.5
510.7	2098	0	2098
510.819	2130.5	0	2130.5
510.937	2117	0	2117
511.056	2124.5	0	2124.5
511.175	2085.25	0	2085.25
511.294	2102.75	0	2102.75
511.412	2133.75	0	2133.75
511.531	2086.75	0	2086.75
511.649	2085.75	0	2085.75
511.768	2082.75	0	2082.75
511.887	2074.5	0	2074.5
512.005	2103	0	2103
512.124	2130.5	0	2130.5
512.242	2076	0	2076
512.361	2113	0	2113
512.479	2134.5	0	2134.5
512.598	2073	0	2073
512.716	2084	0	2084
512.835	2131.5	0	2131.5
512.953	2092.75	0	2092.75
513.072	2118.25	0	2118.25
513.19	2120.25	0	2120.25
513.308	2088.5	0	2088.5
513.427	2125.5	0	2125.5
513.545	2115	0	2115
513.664	2056.75	0	2056.75
513.782	2100.25	0	2100.25
513.9	2119.5	0	2119.5
514.018	2135.75	0	2135.75
514.137	2164.25	0	2164.25
514.255	2188	0	2188
514.373	2187.75	0	2187.75
514.491	2165.25	0	2165.25
514.609	2166	0	2166
514.728	2186.25	0	2186.25
514.846	2172.75	0	2172.75
514.964	2198.5	0	2198.5
515.082	2181.25	0	2181.25
515.2	2199.5	0	2199.5
515.318	2192.25	0	2192.25
515.436	2280.5	0	2280.5
515.554	2345.5	0	2345.5
515.672	2283.75	0	2283.75
515.79	2301.5	0	2301.5
515.908	2324.25	0	2324.25
516.026	2378	0	2378
516.144	2478.25	0	2478.25
516.262	2477	0	2477
516.38	2508.25	0	2508.25
516.498	2599.75	0	2599.75
516.616	2649	0	2649
516.734	2681.75	0	2681.75
516.852	2805	0	2805
516.969	2856.75	0	2856.75
517.087	2877	0	2877
517.205	3038.25	0	3038.25
517.323	3057.5	0	3057.5
517.44	3075.25	0	3075.25
517.558	3081	0	3081
517.676	3111.75	0	3111.75
517.794	3139.25	0	3139.25
517.911	3031.5	0	3031.5
518.029	2992.75	0	2992.75
518.147	2863.25	0	2863.25
518.264	2812.5	0	2812.5
518.382	2811.25	0	2811.25
518.5	2678.25	0	2678.25
518.617	2639	0	2639
518.735	2567.25	0	2567.25
518.852	2560.5	0	2560.5
518.97	2482.75	0	2482.75
519.087	2509.25	0	2509.25
519.205	2428.5	0	2428.5
519.322	2372.25	0	2372.25
519.44	2349.75	0	2349.75
519.557	2319.5	0	2319.5
519.674	2309.75	0	2309.75
519.792	2269	0	2269
519.909	2255.25	0	2255.25
520.026	2254	0	2254
520.144	2212.25	0	2212.25
520.261	2212	0	2212
520.378	2261	0	2261
520.496	2216.75	0	2216.75
520.613	2192	0	2192
520.73	2195.75	0	2195.75
520.847	2195.5	0	2195.5
520.965	2189.25	0	2189.25
521.082	2160	0	2160
521.199	2208.75	0	2208.75
521.316	2175	0	2175
521.433	2206	0	2206
521.55	2163.25	0	2163.25
521.667	2145.75	0	2145.75
521.785	2135.5	0	2135.5
521.902	2101.25	0	2101.25
522.019	2093.5	0	2093.5
522.136	2128.25	0	2128.25
522.253	2112.5	0	2112.5
522.37	2112	0	2112
522.487	2140.25	0	2140.25
522.604	2126	0	2126
522.721	2129.75	0	2129.75
522.838	2144.5	0	2144.5
522.954	2178.5	0	2178.5
523.071	2213.25	0	2213.25
523.188	2122.5	0	2122.5
523.305	2183.5	0	2183.5
523.422	2209.25	0	2209.25
523.539	2154	0	2154
523.655	2196.75	0	2196.75
523.772	2195	0	2195
523.889	2221.25	0	2221.25
524.006	2155.25	0	2155.25
524.122	2240.5	0	2240.5
524.239	2271.5	0	2271.5
524.356	2191	0	2191
524.472	2254.75	0	2254.75
524.589	2282.25	0	2282.25
524.706	2240.5	0	2240.5
524.822	2280.75	0	2280.75
524.939	2247.75	0	2247.75
525.055	2296	0	2296
525.172	2264.75	0	2264.75
525.289	2223.25	0	2223.25
525.405	2221	0	2221
525.522	2196	0	2196
525.638	2194.25	0	2194.25
525.754	2184.5	0	2184.5
525.871	2140.25	0	2140.25
525.987	2152	0	2152
526.104	2098.75	0	2098.75
526.22	2058.75	0	2058.75
526.336	2153.5	0	2153.5
526.453	2052.75	0	2052.75
526.569	2073.25	0	2073.25
526.685	2081	0	2081
526.802	2044	0	2044
526.918	2065.25	0	2065.25
527.034	2065	0	2065
527.151	2081.25	0	2081.25
527.267	2024.75	0	2024.75
527.383	2032	0	2032
527.499	2029.25	0	2029.25
527.615	2057	0	2057
527.732	2060.75	0	2060.75
527.848	2041.5	0	2041.5
527.964	2026.25	0	2026.25
528.08	2067.75	0	2067.75
528.196	2063.75	0	2063.75
528.312	2087	0	2087
528.428	2077	0	2077
528.544	2047.25	0	2047.25
528.66	2042	0	2042
528.776	2101.5	0	2101.5
528.892	2092.75	0	2092.75
529.008	2139	0	2139
529.124	2109.25	0	2109.25
529.24	2169	0	2169
529.356	2128	0	2128
529.471	2113	0	2113
529.587	2115.25	0	2115.25
529.703	2045.75	0	2045.75
529.819	2017.25	0	2017.25
529.935	2026.5	0	2026.5
530.05	1988.75	0	1988.75
530.166	1976.75	0	1976.75
530.282	1975.5	0	1975.5
530.398	1976.75	0	1976.75
530.513	1961	0	1961
530.629	1998	0	1998
530.745	1949	0	1949
530.86	1988.25	0	1988.25
530.976	2020	0	2020
531.092	2009.5	0	2009.5
531.207	2052.25	0	2052.25
531.323	2016	0	2016
531.438	2035.25	0	2035.25
531.554	1950.5	0	1950.5
531.669	1973.5	0	1973.5
531.785	1940.75	0	1940.75
531.9	1982.25	0	1982.25
532.016	1956.25	0	1956.25
532.131	1942	0	1942
532.247	1917.25	0	1917.25
532.362	1949	0	1949
532.477	1876.75	0	1876.75
532.593	1937.75	0	1937.75
532.708	1925.5	0	1925.5
532.823	1871.25	0	1871.25
532.939	1913	0	1913
533.054	1857	0	1857
533.169	1876	0	1876
533.285	1902	0	1902
533.4	1861.75	0	1861.75
533.515	1950.25	0	1950.25
533.63	1939	0	1939
533.745	1922.75	0	1922.75
533.861	1945.5	0	1945.5
533.976	1899.5	0	1899.5
534.091	1953.75	0	1953.75
534.206	1953.75	0	1953.75
534.321	1931.5	0	1931.5
534.436	1923.5	0	1923.5
534.551	1884.25	0	1884.25
534.666	1919	0	1919
534.781	1876	0	1876
534.896	1881.5	0	1881.5
535.011	1862.25	0	1862.25
535.126	1816.25	0	1816.25
535.241	1897	0	1897
535.356	1813.25	0	1813.25
535.471	1887.75	0	1887.75
535.586	1858.75	0	1858.75
535.701	1793.25	0	1793.25
535.815	1842.25	0	1842.25
535.93	1805.25	0	1805.25
536.045	1815	0	1815
536.16	1818.5	0	1818.5