Lambda	Spectrum	Dark	SpecMinusDark
268.175	106	0	106
268.319	101.75	0	101.75
268.463	114.5	0	114.5
268.607	111.5	0	111.5
268.751	116	0	116
268.895	125	0	125
269.039	123.75	0	123.75
269.183	115.75	0	115.75
269.327	128.75	0	128.75
269.47	130.5	0	130.5
269.614	131	0	131
269.758	143.25	0	143.25
269.902	137.75	0	137.75
270.046	117.25	0	117.25
270.19	135.25	0	135.25
270.334	136.5	0	136.5
270.477	127.5	0	127.5
270.621	134.75	0	134.75
270.765	137	0	137
270.909	134.5	0	134.5
271.053	136.75	0	136.75
271.196	151.25	0	151.25
271.34	154.75	0	154.75
271.484	138	0	138
271.628	164.25	0	164.25
271.771	146.25	0	146.25
271.915	141	0	141
272.059	143.25	0	143.25
272.202	139.5	0	139.5
272.346	141	0	141
272.49	155	0	155
272.634	136.5	0	136.5
272.777	163	0	163
272.921	151.25	0	151.25
273.064	150.5	0	150.5
273.208	145.5	0	145.5
273.352	154.75	0	154.75
273.495	158.5	0	158.5
273.639	154	0	154
273.783	157.25	0	157.25
273.926	164.25	0	164.25
274.07	153.75	0	153.75
274.213	158.75	0	158.75
274.357	161.5	0	161.5
274.5	156.5	0	156.5
274.644	171	0	171
274.787	166.75	0	166.75
274.931	188.25	0	188.25
275.074	159.75	0	159.75
275.218	164.75	0	164.75
275.361	183	0	183
275.505	188.75	0	188.75
275.648	186.5	0	186.5
275.792	202.75	0	202.75
275.935	179.75	0	179.75
276.079	195.5	0	195.5
276.222	187.75	0	187.75
276.366	196.25	0	196.25
276.509	216.25	0	216.25
276.652	230.75	0	230.75
276.796	206.25	0	206.25
276.939	224.25	0	224.25
277.082	230	0	230
277.226	230	0	230
277.369	228.25	0	228.25
277.513	241	0	241
277.656	243.5	0	243.5
277.799	239	0	239
277.942	255.5	0	255.5
278.086	265	0	265
278.229	274	0	274
278.372	303.75	0	303.75
278.516	323.5	0	323.5
278.659	312.75	0	312.75
278.802	306.5	0	306.5
278.945	344	0	344
279.089	343.75	0	343.75
279.232	369.75	0	369.75
279.375	361.75	0	361.75
279.518	363.25	0	363.25
279.661	399	0	399
279.805	396.75	0	396.75
279.948	351.75	0	351.75
280.091	331.75	0	331.75
280.234	353	0	353
280.377	369.5	0	369.5
280.52	395.75	0	395.75
280.663	376.75	0	376.75
280.806	386.25	0	386.25
280.95	351.5	0	351.5
281.093	363.25	0	363.25
281.236	342.25	0	342.25
281.379	339.75	0	339.75
281.522	356.5	0	356.5
281.665	368.25	0	368.25
281.808	385	0	385
281.951	390.5	0	390.5
282.094	410.25	0	410.25
282.237	420.75	0	420.75
282.38	385.5	0	385.5
282.523	387	0	387
282.666	410.25	0	410.25
282.809	414	0	414
282.952	398.75	0	398.75
283.095	341.25	0	341.25
283.238	282	0	282
283.381	358	0	358
283.523	424.5	0	424.5
283.666	436.75	0	436.75
283.809	431	0	431
283.952	423	0	423
284.095	396.5	0	396.5
284.238	397.25	0	397.25
284.381	389.75	0	389.75
284.524	382.5	0	382.5
284.666	389	0	389
284.809	370.75	0	370.75
284.952	331	0	331
285.095	353.75	0	353.75
285.238	375.75	0	375.75
285.38	383	0	383
285.523	324.75	0	324.75
285.666	349.5	0	349.5
285.809	355.25	0	355.25
285.951	357.25	0	357.25
286.094	362	0	362
286.237	373.75	0	373.75
286.38	374.75	0	374.75
286.522	364	0	364
286.665	395	0	395
286.808	450	0	450
286.95	463.75	0	463.75
287.093	517.25	0	517.25
287.236	496.5	0	496.5
287.378	453.5	0	453.5
287.521	448	0	448
287.663	406.75	0	406.75
287.806	377.5	0	377.5
287.949	358.75	0	358.75
288.091	349.25	0	349.25
288.234	339	0	339
288.376	325.75	0	325.75
288.519	319.75	0	319.75
288.661	297.75	0	297.75
288.804	328.5	0	328.5
288.946	281.5	0	281.5
289.089	263.25	0	263.25
289.231	291.25	0	291.25
289.374	282.25	0	282.25
289.516	270.25	0	270.25
289.659	274.75	0	274.75
289.801	268	0	268
289.944	253	0	253
290.086	268	0	268
290.229	259.5	0	259.5
290.371	246.25	0	246.25
290.513	262.5	0	262.5
290.656	261.5	0	261.5
290.798	264.5	0	264.5
290.941	236.75	0	236.75
291.083	247	0	247
291.225	240.25	0	240.25
291.368	261.25	0	261.25
291.51	247.75	0	247.75
291.652	263.25	0	263.25
291.795	269	0	269
291.937	252.5	0	252.5
292.079	248.5	0	248.5
292.221	242.25	0	242.25
292.364	253	0	253
292.506	239	0	239
292.648	240.75	0	240.75
292.79	241.25	0	241.25
292.933	252.5	0	252.5
293.075	230.5	0	230.5
293.217	254	0	254
293.359	260.25	0	260.25
293.502	261.5	0	261.5
293.644	243.25	0	243.25
293.786	242.75	0	242.75
293.928	234	0	234
294.07	233.5	0	233.5
294.212	244.25	0	244.25
294.354	259	0	259
294.497	251.25	0	251.25
294.639	265	0	265
294.781	254.75	0	254.75
294.923	261.5	0	261.5
295.065	253.5	0	253.5
295.207	263	0	263
295.349	228.5	0	228.5
295.491	253.25	0	253.25
295.633	253.25	0	253.25
295.775	248.25	0	248.25
295.917	234.5	0	234.5
296.059	242.25	0	242.25
296.201	258.5	0	258.5
296.343	248.5	0	248.5
296.485	254	0	254
296.627	250.75	0	250.75
296.769	252.5	0	252.5
296.911	255.25	0	255.25
297.053	259.25	0	259.25
297.195	243	0	243
297.337	250.25	0	250.25
297.478	239.75	0	239.75
297.62	246	0	246
297.762	240.5	0	240.5
297.904	252	0	252
298.046	248	0	248
298.188	233.25	0	233.25
298.33	239	0	239
298.471	258.75	0	258.75
298.613	240	0	240
298.755	245.5	0	245.5
298.897	250	0	250
299.038	227	0	227
299.18	243.75	0	243.75
299.322	252	0	252
299.464	234.75	0	234.75
299.605	238.5	0	238.5
299.747	248.5	0	248.5
299.889	247.75	0	247.75
300.031	253.5	0	253.5
300.172	233.25	0	233.25
300.314	237.25	0	237.25
300.456	228.75	0	228.75
300.597	243.25	0	243.25
300.739	241.75	0	241.75
300.881	230	0	230
301.022	243	0	243
301.164	230.75	0	230.75
301.305	238	0	238
301.447	238.75	0	238.75
301.589	246	0	246
301.73	232.5	0	232.5
301.872	247.25	0	247.25
302.013	247	0	247
302.155	247.75	0	247.75
302.296	239.5	0	239.5
302.438	248.75	0	248.75
302.579	247	0	247
302.721	246.5	0	246.5
302.862	255.25	0	255.25
303.004	244.75	0	244.75
303.145	240.75	0	240.75
303.287	241	0	241
303.428	240.25	0	240.25
303.569	242.5	0	242.5
303.711	232.75	0	232.75
303.852	248.25	0	248.25
303.994	227	0	227
304.135	246.5	0	246.5
304.276	260.75	0	260.75
304.418	253.75	0	253.75
304.559	249	0	249
304.7	249	0	249
304.842	247.25	0	247.25
304.983	250.25	0	250.25
305.124	254.75	0	254.75
305.266	256.5	0	256.5
305.407	250	0	250
305.548	258	0	258
305.69	267	0	267
305.831	243.75	0	243.75
305.972	216.25	0	216.25
306.113	253	0	253
306.254	250.5	0	250.5
306.396	247.5	0	247.5
306.537	267.25	0	267.25
306.678	253.5	0	253.5
306.819	247	0	247
306.96	248.75	0	248.75
307.102	271.25	0	271.25
307.243	246.5	0	246.5
307.384	252.25	0	252.25
307.525	239	0	239
307.666	264.25	0	264.25
307.807	259	0	259
307.948	252.25	0	252.25
308.089	244.5	0	244.5
308.23	266	0	266
308.371	269	0	269
308.513	267.5	0	267.5
308.654	272	0	272
308.795	258.25	0	258.25
308.936	275	0	275
309.077	251.5	0	251.5
309.218	279.75	0	279.75
309.359	260.5	0	260.5
309.499	264	0	264
309.64	269.5	0	269.5
309.781	279.75	0	279.75
309.922	271.25	0	271.25
310.063	278.25	0	278.25
310.204	299	0	299
310.345	285.25	0	285.25
310.486	285.25	0	285.25
310.627	269.5	0	269.5
310.768	304	0	304
310.909	285.5	0	285.5
311.049	272.5	0	272.5
311.19	292	0	292
311.331	290.75	0	290.75
311.472	290.5	0	290.5
311.613	283.75	0	283.75
311.753	285.75	0	285.75
311.894	289.5	0	289.5
312.035	298.25	0	298.25
312.176	315.25	0	315.25
312.316	309.25	0	309.25
312.457	298.25	0	298.25
312.598	306.25	0	306.25
312.739	330.5	0	330.5
312.879	321.5	0	321.5
313.02	354.5	0	354.5
313.161	355	0	355
313.301	327	0	327
313.442	338.75	0	338.75
313.583	366.75	0	366.75
313.723	351.25	0	351.25
313.864	366.5	0	366.5
314.005	342	0	342
314.145	376.75	0	376.75
314.286	379.75	0	379.75
314.426	382.5	0	382.5
314.567	395.75	0	395.75
314.707	402	0	402
314.848	392.75	0	392.75
314.989	416.75	0	416.75
315.129	413.25	0	413.25
315.27	383.25	0	383.25
315.41	400	0	400
315.551	401.75	0	401.75
315.691	379.75	0	379.75
315.831	371	0	371
315.972	354	0	354
316.112	372	0	372
316.253	365.25	0	365.25
316.393	367.25	0	367.25
316.534	366.5	0	366.5
316.674	364	0	364
316.814	359.5	0	359.5
316.955	334.5	0	334.5
317.095	358	0	358
317.236	331.25	0	331.25
317.376	341.5	0	341.5
317.516	332.25	0	332.25
317.656	326.75	0	326.75
317.797	332	0	332
317.937	324.5	0	324.5
318.077	314.75	0	314.75
318.218	327.5	0	327.5
318.358	323.25	0	323.25
318.498	310	0	310
318.638	329.25	0	329.25
318.779	324.25	0	324.25
318.919	343.75	0	343.75
319.059	323	0	323
319.199	330	0	330
319.34	334.5	0	334.5
319.48	325.5	0	325.5
319.62	339.25	0	339.25
319.76	293.5	0	293.5
319.9	341	0	341
320.04	314.75	0	314.75
320.18	293.75	0	293.75
320.32	297	0	297
320.461	316.75	0	316.75
320.601	311.5	0	311.5
320.741	324.25	0	324.25
320.881	317.25	0	317.25
321.021	316	0	316
321.161	314.75	0	314.75
321.301	296.25	0	296.25
321.441	323	0	323
321.581	319	0	319
321.721	334	0	334
321.861	322.75	0	322.75
322.001	347	0	347
322.141	337.5	0	337.5
322.281	317.5	0	317.5
322.421	331.5	0	331.5
322.561	338.25	0	338.25
322.7	335.5	0	335.5
322.84	324.75	0	324.75
322.98	326.25	0	326.25
323.12	330.25	0	330.25
323.26	353.5	0	353.5
323.4	333.75	0	333.75
323.54	340.75	0	340.75
323.68	349.5	0	349.5
323.819	353.5	0	353.5
323.959	328.25	0	328.25
324.099	360.25	0	360.25
324.239	349.25	0	349.25
324.379	346.75	0	346.75
324.518	333.75	0	333.75
324.658	363	0	363
324.798	355.5	0	355.5
324.937	351	0	351
325.077	349.75	0	349.75
325.217	354.25	0	354.25
325.357	359.5	0	359.5
325.496	330.25	0	330.25
325.636	349	0	349
325.776	357.75	0	357.75
325.915	374.5	0	374.5
326.055	355.75	0	355.75
326.195	384	0	384
326.334	368.5	0	368.5
326.474	379.25	0	379.25
326.613	358.25	0	358.25
326.753	374.75	0	374.75
326.892	357.5	0	357.5
327.032	364.25	0	364.25
327.172	336	0	336
327.311	344	0	344
327.451	358.25	0	358.25
327.59	370.25	0	370.25
327.73	330.5	0	330.5
327.869	320.5	0	320.5
328.009	352	0	352
328.148	339	0	339
328.288	342	0	342
328.427	327.25	0	327.25
328.566	354.25	0	354.25
328.706	361.5	0	361.5
328.845	338.5	0	338.5
328.985	368	0	368
329.124	368	0	368
329.263	343	0	343
329.403	351.75	0	351.75
329.542	334.25	0	334.25
329.681	349.5	0	349.5
329.821	364.5	0	364.5
329.96	354	0	354
330.099	347.75	0	347.75
330.239	356	0	356
330.378	353.25	0	353.25
330.517	356.75	0	356.75
330.656	365.5	0	365.5
330.796	374.25	0	374.25
330.935	389	0	389
331.074	349.5	0	349.5
331.213	371.25	0	371.25
331.352	355.25	0	355.25
331.492	348.5	0	348.5
331.631	371.5	0	371.5
331.77	368.25	0	368.25
331.909	365	0	365
332.048	383.5	0	383.5
332.187	335.25	0	335.25
332.327	379.25	0	379.25
332.466	376	0	376
332.605	371.5	0	371.5
332.744	364.25	0	364.25
332.883	365.5	0	365.5
333.022	377.5	0	377.5
333.161	384.5	0	384.5
333.3	374.25	0	374.25
333.439	392.5	0	392.5
333.578	355.75	0	355.75
333.717	368.25	0	368.25
333.856	378.75	0	378.75
333.995	380	0	380
334.134	402.75	0	402.75
334.273	379.75	0	379.75
334.412	391.5	0	391.5
334.551	388.75	0	388.75
334.69	372	0	372
334.828	390.75	0	390.75
334.967	379.25	0	379.25
335.106	391.75	0	391.75
335.245	374.75	0	374.75
335.384	392.5	0	392.5
335.523	400.25	0	400.25
335.662	400	0	400
335.8	407.75	0	407.75
335.939	393.25	0	393.25
336.078	403.75	0	403.75
336.217	416	0	416
336.356	399	0	399
336.494	388.75	0	388.75
336.633	402.5	0	402.5
336.772	415.75	0	415.75
336.911	417.5	0	417.5
337.049	409	0	409
337.188	401.25	0	401.25
337.327	424.75	0	424.75
337.465	432.25	0	432.25
337.604	414.75	0	414.75
337.743	408	0	408
337.881	398.5	0	398.5
338.02	417.25	0	417.25
338.158	423	0	423
338.297	428.75	0	428.75
338.436	429	0	429
338.574	427.25	0	427.25
338.713	443	0	443
338.851	404.5	0	404.5
338.99	408.75	0	408.75
339.128	423	0	423
339.267	430	0	430
339.405	411.5	0	411.5
339.544	440.75	0	440.75
339.682	427.25	0	427.25
339.821	443	0	443
339.959	452.5	0	452.5
340.098	462.25	0	462.25
340.236	450.25	0	450.25
340.375	494.5	0	494.5
340.513	513.5	0	513.5
340.651	560.25	0	560.25
340.79	618	0	618
340.928	677	0	677
341.067	791.25	0	791.25
341.205	910.75	0	910.75
341.343	957.5	0	957.5
341.482	955.5	0	955.5
341.62	995.5	0	995.5
341.758	945	0	945
341.897	923.25	0	923.25
342.035	785.25	0	785.25
342.173	688.75	0	688.75
342.311	644.25	0	644.25
342.45	599.5	0	599.5
342.588	563	0	563
342.726	540.5	0	540.5
342.864	505.25	0	505.25
343.002	471.5	0	471.5
343.141	486.75	0	486.75
343.279	457.5	0	457.5
343.417	477.75	0	477.75
343.555	492	0	492
343.693	488.75	0	488.75
343.831	465.25	0	465.25
343.969	482.25	0	482.25
344.108	487.75	0	487.75
344.246	487	0	487
344.384	480.25	0	480.25
344.522	474	0	474
344.66	493.5	0	493.5
344.798	486.25	0	486.25
344.936	513	0	513
345.074	488	0	488
345.212	485	0	485
345.35	492.75	0	492.75
345.488	488	0	488
345.626	499	0	499
345.764	505	0	505
345.902	491	0	491
346.04	483.25	0	483.25
346.178	519.5	0	519.5
346.315	503	0	503
346.453	538.5	0	538.5
346.591	509	0	509
346.729	536.5	0	536.5
346.867	509.25	0	509.25
347.005	540.5	0	540.5
347.143	513.75	0	513.75
347.28	537.5	0	537.5
347.418	515.75	0	515.75
347.556	559	0	559
347.694	528.25	0	528.25
347.832	555.75	0	555.75
347.969	542.75	0	542.75
348.107	534.25	0	534.25
348.245	570.5	0	570.5
348.382	555	0	555
348.52	568.75	0	568.75
348.658	562.75	0	562.75
348.796	582	0	582
348.933	550.75	0	550.75
349.071	573.5	0	573.5
349.209	570.25	0	570.25
349.346	591.75	0	591.75
349.484	581	0	581
349.621	575.25	0	575.25
349.759	594.25	0	594.25
349.897	599	0	599
350.034	591.25	0	591.25
350.172	594.5	0	594.5
350.309	610	0	610
350.447	616.5	0	616.5
350.584	606	0	606
350.722	625	0	625
350.859	621.75	0	621.75
350.997	610	0	610
351.134	646.75	0	646.75
351.272	647.5	0	647.5
351.409	647	0	647
351.547	625.25	0	625.25
351.684	640.5	0	640.5
351.822	637.75	0	637.75
351.959	649.75	0	649.75
352.096	671.5	0	671.5
352.234	688.5	0	688.5
352.371	659.75	0	659.75
352.508	670.25	0	670.25
352.646	698.75	0	698.75
352.783	709.25	0	709.25
352.92	690.75	0	690.75
353.058	695.75	0	695.75
353.195	736	0	736
353.332	707.75	0	707.75
353.469	708	0	708
353.607	742.25	0	742.25
353.744	756.75	0	756.75
353.881	767.5	0	767.5
354.018	761.75	0	761.75
354.156	804	0	804
354.293	802.5	0	802.5
354.43	828.75	0	828.75
354.567	816.25	0	816.25
354.704	850.75	0	850.75
354.841	901	0	901
354.979	896.25	0	896.25
355.116	944.75	0	944.75
355.253	922.5	0	922.5
355.39	935.75	0	935.75
355.527	1003	0	1003
355.664	1022.5	0	1022.5
355.801	1068.25	0	1068.25
355.938	1106.25	0	1106.25
356.075	1161.75	0	1161.75
356.212	1219.5	0	1219.5
356.349	1295.75	0	1295.75
356.486	1404	0	1404
356.623	1559.5	0	1559.5
356.76	1809.75	0	1809.75
356.897	2179.25	0	2179.25
357.034	2998.25	0	2998.25
357.171	3894	0	3894
357.308	3809.75	0	3809.75
357.445	3379.75	0	3379.75
357.582	2980.5	0	2980.5
357.718	2757.5	0	2757.5
357.855	2568	0	2568
357.992	2375.75	0	2375.75
358.129	2314.75	0	2314.75
358.266	2195.25	0	2195.25
358.403	2132.25	0	2132.25
358.539	2060	0	2060
358.676	2041.75	0	2041.75
358.813	1916.25	0	1916.25
358.95	1879.5	0	1879.5
359.086	1850.5	0	1850.5
359.223	1794	0	1794
359.36	1769.25	0	1769.25
359.497	1752	0	1752
359.633	1718.75	0	1718.75
359.77	1693.75	0	1693.75
359.907	1659.5	0	1659.5
360.043	1710	0	1710
360.18	1624	0	1624
360.317	1612.25	0	1612.25
360.453	1696.25	0	1696.25
360.59	1608.25	0	1608.25
360.727	1646.5	0	1646.5
360.863	1621	0	1621
361	1580.5	0	1580.5
361.136	1604.5	0	1604.5
361.273	1596.5	0	1596.5
361.409	1589.25	0	1589.25
361.546	1632	0	1632
361.682	1677.25	0	1677.25
361.819	1625.75	0	1625.75
361.955	1719.25	0	1719.25
362.092	1685.5	0	1685.5
362.228	1698.5	0	1698.5
362.365	1776	0	1776
362.501	1828.25	0	1828.25
362.638	1903	0	1903
362.774	1930.25	0	1930.25
362.91	2132.25	0	2132.25
363.047	2385	0	2385
363.183	2502	0	2502
363.319	2789	0	2789
363.456	3281.5	0	3281.5
363.592	4014.5	0	4014.5
363.728	4799	0	4799
363.865	5206.5	0	5206.5
364.001	5078	0	5078
364.137	4782.75	0	4782.75
364.274	4491.25	0	4491.25
364.41	4094	0	4094
364.546	3778.25	0	3778.25
364.682	3650	0	3650
364.819	3381.25	0	3381.25
364.955	3185.5	0	3185.5
365.091	3079	0	3079
365.227	2887.5	0	2887.5
365.363	2810.5	0	2810.5
365.499	2721	0	2721
365.636	2666.25	0	2666.25
365.772	2571.5	0	2571.5
365.908	2498.75	0	2498.75
366.044	2517.75	0	2517.75
366.18	2524.5	0	2524.5
366.316	2509.5	0	2509.5
366.452	2531.25	0	2531.25
366.588	2578.25	0	2578.25
366.724	2596.75	0	2596.75
366.86	2777.75	0	2777.75
366.996	3221.25	0	3221.25
367.132	3407	0	3407
367.268	3219	0	3219
367.404	3306.75	0	3306.75
367.54	3368.25	0	3368.25
367.676	3679.5	0	3679.5
367.812	4004.5	0	4004.5
367.948	4660	0	4660
368.084	5278.75	0	5278.75
368.22	5532	0	5532
368.356	5638.75	0	5638.75
368.492	5346.75	0	5346.75
368.627	5167	0	5167
368.763	5041.75	0	5041.75
368.899	4673	0	4673
369.035	4297.25	0	4297.25
369.171	4104.75	0	4104.75
369.306	3956.5	0	3956.5
369.442	3810.25	0	3810.25
369.578	3722	0	3722
369.714	3549.5	0	3549.5
369.85	3295.25	0	3295.25
369.985	3200.75	0	3200.75
370.121	3060	0	3060
370.257	2971	0	2971
370.392	2882.25	0	2882.25
370.528	2808.5	0	2808.5
370.664	2709.25	0	2709.25
370.799	2635.5	0	2635.5
370.935	2566.5	0	2566.5
371.071	2453.5	0	2453.5
371.206	2427.25	0	2427.25
371.342	2418	0	2418
371.477	2322.75	0	2322.75
371.613	2253.75	0	2253.75
371.749	2221.75	0	2221.75
371.884	2220	0	2220
372.02	2177.5	0	2177.5
372.155	2133.75	0	2133.75
372.291	2079.25	0	2079.25
372.426	2092.75	0	2092.75
372.562	2013	0	2013
372.697	2071.75	0	2071.75
372.833	2097.75	0	2097.75
372.968	2096	0	2096
373.103	2199.25	0	2199.25
373.239	2270.5	0	2270.5
373.374	2437.25	0	2437.25
373.51	2638.25	0	2638.25
373.645	3318.5	0	3318.5
373.78	4586	0	4586
373.916	5580.75	0	5580.75
374.051	4828	0	4828
374.186	4135	0	4135
374.322	3757.25	0	3757.25
374.457	3324.5	0	3324.5
374.592	3173.25	0	3173.25
374.728	2982	0	2982
374.863	2812	0	2812
374.998	2731.5	0	2731.5
375.133	2605.75	0	2605.75
375.268	2459.5	0	2459.5
375.404	2373.5	0	2373.5
375.539	2276	0	2276
375.674	2222.25	0	2222.25
375.809	2085.75	0	2085.75
375.944	2053.75	0	2053.75
376.08	2000.25	0	2000.25
376.215	1934.5	0	1934.5
376.35	1906.5	0	1906.5
376.485	1850.75	0	1850.75
376.62	1793.75	0	1793.75
376.755	1751.5	0	1751.5
376.89	1723.25	0	1723.25
377.025	1653.25	0	1653.25
377.16	1603.75	0	1603.75
377.295	1622.25	0	1622.25
377.43	1609.25	0	1609.25
377.565	1575.5	0	1575.5
377.7	1534.5	0	1534.5
377.835	1487.25	0	1487.25
377.97	1483	0	1483
378.105	1425	0	1425
378.24	1427.25	0	1427.25
378.375	1413.75	0	1413.75
378.51	1367	0	1367
378.645	1392	0	1392
378.78	1364.5	0	1364.5
378.914	1316	0	1316
379.049	1340.75	0	1340.75
379.184	1334.5	0	1334.5
379.319	1284.5	0	1284.5
379.454	1330.25	0	1330.25
379.589	1271.5	0	1271.5
379.723	1302.75	0	1302.75
379.858	1261.25	0	1261.25
379.993	1281.25	0	1281.25
380.128	1317.5	0	1317.5
380.262	1245.75	0	1245.75
380.397	1227.75	0	1227.75
380.532	1211.5	0	1211.5
380.666	1249	0	1249
380.801	1234.75	0	1234.75
380.936	1235.25	0	1235.25
381.07	1216.25	0	1216.25
381.205	1176.75	0	1176.75
381.34	1178	0	1178
381.474	1187.75	0	1187.75
381.609	1174.5	0	1174.5
381.744	1170.5	0	1170.5
381.878	1200.75	0	1200.75
382.013	1143	0	1143
382.147	1146.75	0	1146.75
382.282	1196.25	0	1196.25
382.416	1141.25	0	1141.25
382.551	1123.75	0	1123.75
382.685	1124.5	0	1124.5
382.82	1088.75	0	1088.75
382.954	1137	0	1137
383.089	1088.5	0	1088.5
383.223	1026.25	0	1026.25
383.357	1062.25	0	1062.25
383.492	1106.75	0	1106.75
383.626	1051	0	1051
383.761	1081.75	0	1081.75
383.895	1107	0	1107
384.029	1077.5	0	1077.5
384.164	1035.75	0	1035.75
384.298	1063.5	0	1063.5
384.432	1054.25	0	1054.25
384.567	1062.5	0	1062.5
384.701	1071.25	0	1071.25
384.835	1022.75	0	1022.75
384.97	1028.25	0	1028.25
385.104	1050.5	0	1050.5
385.238	1054.25	0	1054.25
385.372	1030.5	0	1030.5
385.506	984.75	0	984.75
385.641	1018	0	1018
385.775	1004.25	0	1004.25
385.909	965	0	965
386.043	1016.75	0	1016.75
386.177	1024.25	0	1024.25
386.311	1037.5	0	1037.5
386.446	1032.5	0	1032.5
386.58	989.5	0	989.5
386.714	989.25	0	989.25
386.848	1010	0	1010
386.982	976.25	0	976.25
387.116	962.75	0	962.75
387.25	953.25	0	953.25
387.384	993	0	993
387.518	981.5	0	981.5
387.652	950	0	950
387.786	984.25	0	984.25
387.92	981	0	981
388.054	985	0	985
388.188	981.25	0	981.25
388.322	954	0	954
388.456	967.5	0	967.5
388.59	924.5	0	924.5
388.723	939	0	939
388.857	985	0	985
388.991	934	0	934
389.125	897.75	0	897.75
389.259	939.25	0	939.25
389.393	940.5	0	940.5
389.526	960	0	960
389.66	933	0	933
389.794	913.25	0	913.25
389.928	909	0	909
390.062	917.25	0	917.25
390.195	938.5	0	938.5
390.329	934.5	0	934.5
390.463	954.5	0	954.5
390.596	948.5	0	948.5
390.73	905.5	0	905.5
390.864	947.25	0	947.25
390.997	943.75	0	943.75
391.131	923.75	0	923.75
391.265	944.75	0	944.75
391.398	962.25	0	962.25
391.532	931	0	931
391.665	943.75	0	943.75
391.799	939.25	0	939.25
391.933	959.25	0	959.25
392.066	938	0	938
392.2	903.5	0	903.5
392.333	954.25	0	954.25
392.467	928	0	928
392.6	940.5	0	940.5
392.734	953	0	953
392.867	936.75	0	936.75
393.001	952.5	0	952.5
393.134	924	0	924
393.267	944.25	0	944.25
393.401	954	0	954
393.534	955.75	0	955.75
393.668	962.75	0	962.75
393.801	973	0	973
393.934	988.5	0	988.5
394.068	985.5	0	985.5
394.201	962.25	0	962.25
394.334	996.25	0	996.25
394.468	987	0	987
394.601	988.75	0	988.75
394.734	1003.75	0	1003.75
394.867	996.5	0	996.5
395.001	983	0	983
395.134	972	0	972
395.267	1033.75	0	1033.75
395.4	1033.75	0	1033.75
395.533	1010.75	0	1010.75
395.667	1021.5	0	1021.5
395.8	1053	0	1053
395.933	1058.75	0	1058.75
396.066	1065.75	0	1065.75
396.199	1065.25	0	1065.25
396.332	1080.25	0	1080.25
396.465	1049	0	1049
396.598	1069.25	0	1069.25
396.732	1019.75	0	1019.75
396.865	1094.5	0	1094.5
396.998	1099.5	0	1099.5
397.131	1117.5	0	1117.5
397.264	1134	0	1134
397.397	1161.25	0	1161.25
397.53	1137.25	0	1137.25
397.663	1118.25	0	1118.25
397.796	1183.25	0	1183.25
397.928	1212	0	1212
398.061	1240	0	1240
398.194	1181.5	0	1181.5
398.327	1222	0	1222
398.46	1194	0	1194
398.593	1278.5	0	1278.5
398.726	1338	0	1338
398.859	1298.75	0	1298.75
398.991	1292.5	0	1292.5
399.124	1360.5	0	1360.5
399.257	1379.25	0	1379.25
399.39	1356	0	1356
399.523	1442.75	0	1442.75
399.655	1370.25	0	1370.25
399.788	1419.25	0	1419.25
399.921	1474	0	1474
400.054	1528.5	0	1528.5
400.186	1528.25	0	1528.25
400.319	1575	0	1575
400.452	1541	0	1541
400.584	1664.5	0	1664.5
400.717	1652.75	0	1652.75
400.85	1653.5	0	1653.5
400.982	1730.5	0	1730.5
401.115	1805	0	1805
401.247	1856.75	0	1856.75
401.38	1937.75	0	1937.75
401.513	2089.75	0	2089.75
401.645	2291.75	0	2291.75
401.778	2861	0	2861
401.91	2556.75	0	2556.75
402.043	2272.25	0	2272.25
402.175	2133.25	0	2133.25
402.308	2153.25	0	2153.25
402.44	2135.5	0	2135.5
402.573	2068.75	0	2068.75
402.705	2138.5	0	2138.5
402.837	2350	0	2350
402.97	2216	0	2216
403.102	2379.75	0	2379.75
403.235	2382.75	0	2382.75
403.367	2504.25	0	2504.25
403.499	2643	0	2643
403.632	2723	0	2723
403.764	2783.25	0	2783.25
403.896	2958.75	0	2958.75
404.029	2988	0	2988
404.161	3099.5	0	3099.5
404.293	3465.5	0	3465.5
404.425	3784	0	3784
404.558	3858.75	0	3858.75
404.69	4375	0	4375
404.822	4650.75	0	4650.75
404.954	5115.25	0	5115.25
405.086	5865.5	0	5865.5
405.219	6852.25	0	6852.25
405.351	8028	0	8028
405.483	9943.25	0	9943.25
405.615	11591	0	11591
405.747	11113.2	0	11113.2
405.879	10329	0	10329
406.011	10023.5	0	10023.5
406.143	9433	0	9433
406.275	8172.5	0	8172.5
406.407	7731	0	7731
406.539	7051	0	7051
406.672	6450.75	0	6450.75
406.803	6177	0	6177
406.935	5774.75	0	5774.75
407.067	5738	0	5738
407.199	5278.5	0	5278.5
407.331	5203.75	0	5203.75
407.463	4862.5	0	4862.5
407.595	4578.25	0	4578.25
407.727	4556	0	4556
407.859	4413.25	0	4413.25
407.991	4343.25	0	4343.25
408.123	4058.25	0	4058.25
408.255	4033.5	0	4033.5
408.386	3925	0	3925
408.518	3815.5	0	3815.5
408.65	3501.5	0	3501.5
408.782	3528.5	0	3528.5
408.914	3439.25	0	3439.25
409.045	3412.5	0	3412.5
409.177	3316.25	0	3316.25
409.309	3249.25	0	3249.25
409.44	3125.75	0	3125.75
409.572	3086.5	0	3086.5
409.704	2921.75	0	2921.75
409.836	2905	0	2905
409.967	2862	0	2862
410.099	2782.25	0	2782.25
410.23	2632.75	0	2632.75
410.362	2634.25	0	2634.25
410.494	2515	0	2515
410.625	2448	0	2448
410.757	2500	0	2500
410.888	2369.75	0	2369.75
411.02	2368.5	0	2368.5
411.152	2384	0	2384
411.283	2231.5	0	2231.5
411.415	2191	0	2191
411.546	2202.75	0	2202.75
411.677	2196.25	0	2196.25
411.809	2146	0	2146
411.94	1971.75	0	1971.75
412.072	2116	0	2116
412.203	2016.75	0	2016.75
412.335	1977.5	0	1977.5
412.466	2010	0	2010
412.597	1921.25	0	1921.25
412.729	1888	0	1888
412.86	1844.25	0	1844.25
412.991	1819.25	0	1819.25
413.123	1757	0	1757
413.254	1794.5	0	1794.5
413.385	1754.5	0	1754.5
413.517	1655	0	1655
413.648	1762.5	0	1762.5
413.779	1625	0	1625
413.91	1661.25	0	1661.25
414.042	1663.75	0	1663.75
414.173	1612.5	0	1612.5
414.304	1546.25	0	1546.25
414.435	1597	0	1597
414.566	1580	0	1580
414.697	1553.75	0	1553.75
414.828	1510.75	0	1510.75
414.96	1558.5	0	1558.5
415.091	1462	0	1462
415.222	1499.5	0	1499.5
415.353	1530.75	0	1530.75
415.484	1477.25	0	1477.25
415.615	1462.25	0	1462.25
415.746	1482.5	0	1482.5
415.877	1466.75	0	1466.75
416.008	1459.75	0	1459.75
416.139	1460	0	1460
416.27	1505	0	1505
416.401	1584.75	0	1584.75
416.532	1675.75	0	1675.75
416.663	1950.25	0	1950.25
416.794	1646.5	0	1646.5
416.925	1493.5	0	1493.5
417.055	1466.25	0	1466.25
417.186	1405.75	0	1405.75
417.317	1325	0	1325
417.448	1362.25	0	1362.25
417.579	1285.25	0	1285.25
417.71	1292	0	1292
417.84	1275.25	0	1275.25
417.971	1214	0	1214
418.102	1246.5	0	1246.5
418.233	1212.5	0	1212.5
418.363	1190.5	0	1190.5
418.494	1193	0	1193
418.625	1153.5	0	1153.5
418.756	1209.25	0	1209.25
418.886	1181.25	0	1181.25
419.017	1202.25	0	1202.25
419.148	1139	0	1139
419.278	1181.75	0	1181.75
419.409	1197	0	1197
419.539	1139.5	0	1139.5
419.67	1127.5	0	1127.5
419.801	1115.5	0	1115.5
419.931	1109.75	0	1109.75
420.062	1086.5	0	1086.5
420.192	1137.25	0	1137.25
420.323	1163.75	0	1163.75
420.453	1096.25	0	1096.25
420.584	1143.75	0	1143.75
420.714	1121.75	0	1121.75
420.845	1049.5	0	1049.5
420.975	1032.25	0	1032.25
421.106	1076	0	1076
421.236	998.25	0	998.25
421.366	1055.25	0	1055.25
421.497	1022.75	0	1022.75
421.627	1021	0	1021
421.757	1066.5	0	1066.5
421.888	1008	0	1008
422.018	1039.5	0	1039.5
422.148	980.25	0	980.25
422.279	1000.5	0	1000.5
422.409	970.25	0	970.25
422.539	1036.5	0	1036.5
422.67	1017.25	0	1017.25
422.8	958.5	0	958.5
422.93	985.75	0	985.75
423.06	959	0	959
423.19	981.75	0	981.75
423.321	954	0	954
423.451	925.25	0	925.25
423.581	981.75	0	981.75
423.711	980	0	980
423.841	965.25	0	965.25
423.971	940	0	940
424.101	954	0	954
424.231	976.75	0	976.75
424.361	934	0	934
424.492	957.5	0	957.5
424.622	904	0	904
424.752	963	0	963
424.882	932.25	0	932.25
425.012	884	0	884
425.142	940.25	0	940.25
425.271	884	0	884
425.401	900	0	900
425.531	921	0	921
425.661	922	0	922
425.791	889.5	0	889.5
425.921	894.5	0	894.5
426.051	876.5	0	876.5
426.181	910	0	910
426.311	820.5	0	820.5
426.44	904.75	0	904.75
426.57	872.75	0	872.75
426.7	839.75	0	839.75
426.83	872	0	872
426.96	883.75	0	883.75
427.089	850.25	0	850.25
427.219	881.75	0	881.75
427.349	840.25	0	840.25
427.479	793	0	793
427.608	819.75	0	819.75
427.738	821	0	821
427.868	816.75	0	816.75
427.997	836.5	0	836.5
428.127	739.5	0	739.5
428.256	805.75	0	805.75
428.386	824.5	0	824.5
428.516	812.75	0	812.75
428.645	821.25	0	821.25
428.775	774.25	0	774.25
428.904	775.25	0	775.25
429.034	823.25	0	823.25
429.163	772.75	0	772.75
429.293	759.5	0	759.5
429.422	745	0	745
429.552	722.5	0	722.5
429.681	749	0	749
429.811	777.75	0	777.75
429.94	736.25	0	736.25
430.069	727	0	727
430.199	734.25	0	734.25
430.328	689.5	0	689.5
430.458	731.75	0	731.75
430.587	720.5	0	720.5
430.716	739	0	739
430.846	713.5	0	713.5
430.975	700.25	0	700.25
431.104	732.75	0	732.75
431.233	688.75	0	688.75
431.363	693.5	0	693.5
431.492	686.25	0	686.25
431.621	705	0	705
431.75	683.25	0	683.25
431.88	698.75	0	698.75
432.009	710.25	0	710.25
432.138	681	0	681
432.267	689.5	0	689.5
432.396	700.5	0	700.5
432.525	737.25	0	737.25
432.654	660	0	660
432.784	698	0	698
432.913	665.75	0	665.75
433.042	695.25	0	695.25
433.171	657	0	657
433.3	684	0	684
433.429	656	0	656
433.558	697.25	0	697.25
433.687	678.5	0	678.5
433.816	664	0	664
433.945	644	0	644
434.074	661.5	0	661.5
434.203	674	0	674
434.332	641.25	0	641.25
434.46	652	0	652
434.589	638	0	638
434.718	657.25	0	657.25
434.847	639.5	0	639.5
434.976	650.5	0	650.5
435.105	635.5	0	635.5
435.233	608	0	608
435.362	596.5	0	596.5
435.491	626.25	0	626.25
435.62	639.25	0	639.25
435.749	587.25	0	587.25
435.877	627.5	0	627.5
436.006	626.75	0	626.75
436.135	654	0	654
436.263	640.5	0	640.5
436.392	605.5	0	605.5
436.521	628.25	0	628.25
436.649	629.75	0	629.75
436.778	631.5	0	631.5
436.907	663.75	0	663.75
437.035	606.75	0	606.75
437.164	593.5	0	593.5
437.292	613.25	0	613.25
437.421	621.75	0	621.75
437.549	615.75	0	615.75
437.678	595.25	0	595.25
437.806	596.25	0	596.25
437.935	624	0	624
438.063	628.25	0	628.25
438.192	617.75	0	617.75
438.32	616	0	616
438.449	579.5	0	579.5
438.577	603	0	603
438.706	602	0	602
438.834	637.25	0	637.25
438.962	607.5	0	607.5
439.091	600.75	0	600.75
439.219	598.5	0	598.5
439.347	627.5	0	627.5
439.476	605.5	0	605.5
439.604	610.75	0	610.75
439.732	600.25	0	600.25
439.86	612.75	0	612.75
439.989	602.75	0	602.75
440.117	578.25	0	578.25
440.245	616.75	0	616.75
440.373	577.5	0	577.5
440.501	592.75	0	592.75
440.63	584.25	0	584.25
440.758	597	0	597
440.886	590.75	0	590.75
441.014	593.25	0	593.25
441.142	589.75	0	589.75
441.27	584	0	584
441.398	613	0	613
441.526	620.75	0	620.75
441.654	584	0	584
441.782	609.25	0	609.25
441.91	609	0	609
442.038	606	0	606
442.166	592.75	0	592.75
442.294	590.5	0	590.5
442.422	564.5	0	564.5
442.55	585	0	585
442.678	579.5	0	579.5
442.806	582.75	0	582.75
442.934	567.75	0	567.75
443.062	574.75	0	574.75
443.19	579.5	0	579.5
443.318	579.25	0	579.25
443.445	573.25	0	573.25
443.573	596.25	0	596.25
443.701	545.75	0	545.75
443.829	597.75	0	597.75
443.957	574	0	574
444.084	575	0	575
444.212	552.5	0	552.5
444.34	568.75	0	568.75
444.467	556.75	0	556.75
444.595	562.5	0	562.5
444.723	594	0	594
444.85	566.75	0	566.75
444.978	588.25	0	588.25
445.106	561.25	0	561.25
445.233	589.25	0	589.25
445.361	573	0	573
445.489	597.75	0	597.75
445.616	566.5	0	566.5
445.744	554	0	554
445.871	521.5	0	521.5
445.999	573.5	0	573.5
446.126	578.25	0	578.25
446.254	568.25	0	568.25
446.381	573	0	573
446.509	583.25	0	583.25
446.636	561.25	0	561.25
446.764	555.5	0	555.5
446.891	565	0	565
447.018	577.5	0	577.5
447.146	539	0	539
447.273	589	0	589
447.4	611.75	0	611.75
447.528	600	0	600
447.655	579.75	0	579.75
447.782	575	0	575
447.91	552.5	0	552.5
448.037	582.25	0	582.25
448.164	532.5	0	532.5
448.291	553.25	0	553.25
448.419	562	0	562
448.546	568.75	0	568.75
448.673	562.5	0	562.5
448.8	574.75	0	574.75
448.927	591.5	0	591.5
449.055	508	0	508
449.182	535.25	0	535.25
449.309	555.75	0	555.75
449.436	558.75	0	558.75
449.563	572.25	0	572.25
449.69	548.5	0	548.5
449.817	541	0	541
449.944	558.25	0	558.25
450.071	542.75	0	542.75
450.198	535.5	0	535.5
450.325	548.75	0	548.75
450.452	538	0	538
450.579	516	0	516
450.706	519.25	0	519.25
450.833	556.25	0	556.25
450.96	531.25	0	531.25
451.087	544	0	544
451.214	534.5	0	534.5
451.341	537.5	0	537.5
451.467	533	0	533
451.594	557	0	557
451.721	534.5	0	534.5
451.848	533.25	0	533.25
451.975	513.25	0	513.25
452.101	532.5	0	532.5
452.228	527	0	527
452.355	500.75	0	500.75
452.482	503.5	0	503.5
452.608	493	0	493
452.735	493.75	0	493.75
452.862	514.5	0	514.5
452.988	514.25	0	514.25
453.115	499.25	0	499.25
453.242	488	0	488
453.368	495.25	0	495.25
453.495	486.25	0	486.25
453.621	502.5	0	502.5
453.748	479.5	0	479.5
453.875	491.5	0	491.5
454.001	498	0	498
454.128	491	0	491
454.254	490.75	0	490.75
454.381	492.25	0	492.25
454.507	464.75	0	464.75
454.633	473.5	0	473.5
454.76	483.5	0	483.5
454.886	502.75	0	502.75
455.013	519.5	0	519.5
455.139	521.25	0	521.25
455.266	488.75	0	488.75
455.392	512.75	0	512.75
455.518	474.75	0	474.75
455.645	496.75	0	496.75
455.771	473.5	0	473.5
455.897	478.25	0	478.25
456.023	467.25	0	467.25
456.15	504.75	0	504.75
456.276	502	0	502
456.402	499.25	0	499.25
456.528	492	0	492
456.655	488	0	488
456.781	485.25	0	485.25
456.907	486.25	0	486.25
457.033	490.5	0	490.5
457.159	481.5	0	481.5
457.285	501	0	501
457.411	500.5	0	500.5
457.538	461	0	461
457.664	487.75	0	487.75
457.79	463.75	0	463.75
457.916	470	0	470
458.042	456.75	0	456.75
458.168	466.5	0	466.5
458.294	473.25	0	473.25
458.42	471.75	0	471.75
458.546	474.5	0	474.5
458.672	467.25	0	467.25
458.798	462.25	0	462.25
458.924	497.5	0	497.5
459.049	465.25	0	465.25
459.175	486.75	0	486.75
459.301	489	0	489
459.427	466	0	466
459.553	458.75	0	458.75
459.679	472.5	0	472.5
459.805	496.25	0	496.25
459.93	441	0	441
460.056	478.5	0	478.5
460.182	486.75	0	486.75
460.308	503.25	0	503.25
460.433	485	0	485
460.559	462.5	0	462.5
460.685	465.75	0	465.75
460.81	463.75	0	463.75
460.936	464.5	0	464.5
461.062	444.5	0	444.5
461.187	434.75	0	434.75
461.313	465.75	0	465.75
461.439	453.75	0	453.75
461.564	472.25	0	472.25
461.69	471.75	0	471.75
461.815	464.75	0	464.75
461.941	481.25	0	481.25
462.066	486.25	0	486.25
462.192	442.5	0	442.5
462.317	433.75	0	433.75
462.443	480.25	0	480.25
462.568	463.5	0	463.5
462.694	465	0	465
462.819	470.75	0	470.75
462.944	433.25	0	433.25
463.07	457.5	0	457.5
463.195	483.25	0	483.25
463.321	469.5	0	469.5
463.446	468.25	0	468.25
463.571	454	0	454
463.697	459.75	0	459.75
463.822	455.5	0	455.5
463.947	471.75	0	471.75
464.072	445.5	0	445.5
464.198	475.5	0	475.5
464.323	461.25	0	461.25
464.448	467.75	0	467.75
464.573	462.75	0	462.75
464.698	464.75	0	464.75
464.824	474.25	0	474.25
464.949	457.5	0	457.5
465.074	452.25	0	452.25
465.199	458.75	0	458.75
465.324	464.75	0	464.75
465.449	489	0	489
465.574	462.25	0	462.25
465.699	437	0	437
465.824	488.25	0	488.25
465.949	454.25	0	454.25
466.074	468	0	468
466.199	459	0	459
466.324	469.5	0	469.5
466.449	468.5	0	468.5
466.574	461	0	461
466.699	467	0	467
466.824	489.5	0	489.5
466.949	470.75	0	470.75
467.074	479.25	0	479.25
467.199	445.5	0	445.5
467.323	466.5	0	466.5
467.448	464.25	0	464.25
467.573	474.25	0	474.25
467.698	488.5	0	488.5
467.823	445.25	0	445.25
467.947	455.25	0	455.25
468.072	468.5	0	468.5
468.197	485.5	0	485.5
468.322	448.25	0	448.25
468.446	468	0	468
468.571	483.5	0	483.5
468.696	481.75	0	481.75
468.82	467.75	0	467.75
468.945	475.5	0	475.5
469.069	481	0	481
469.194	450.25	0	450.25
469.319	456.75	0	456.75
469.443	479.25	0	479.25
469.568	476.75	0	476.75
469.692	488	0	488
469.817	479.5	0	479.5
469.941	509.75	0	509.75
470.066	485.5	0	485.5
470.19	473.75	0	473.75
470.315	488	0	488
470.439	465.75	0	465.75
470.563	493.75	0	493.75
470.688	469.75	0	469.75
470.812	498.75	0	498.75
470.937	472	0	472
471.061	508.75	0	508.75
471.185	473.25	0	473.25
471.31	496.75	0	496.75
471.434	482.25	0	482.25
471.558	468	0	468
471.682	493.75	0	493.75
471.807	505	0	505
471.931	494.25	0	494.25
472.055	476.5	0	476.5
472.179	486.5	0	486.5
472.303	487.25	0	487.25
472.428	470	0	470
472.552	484	0	484
472.676	492.75	0	492.75
472.8	488.25	0	488.25
472.924	468.5	0	468.5
473.048	463	0	463
473.172	494.5	0	494.5
473.296	484.75	0	484.75
473.42	466	0	466
473.544	474.75	0	474.75
473.668	505	0	505
473.792	507.75	0	507.75
473.916	499.25	0	499.25
474.04	481	0	481
474.164	505.25	0	505.25
474.288	481.5	0	481.5
474.412	485.75	0	485.75
474.536	477.5	0	477.5
474.66	485.5	0	485.5
474.784	462.5	0	462.5
474.908	516.25	0	516.25
475.031	479.75	0	479.75
475.155	477.25	0	477.25
475.279	510.25	0	510.25
475.403	500.25	0	500.25
475.526	490.5	0	490.5
475.65	509.25	0	509.25
475.774	494	0	494
475.898	500	0	500
476.021	500.5	0	500.5
476.145	468.75	0	468.75
476.269	485.5	0	485.5
476.392	481	0	481
476.516	522	0	522
476.64	536.25	0	536.25
476.763	529.75	0	529.75
476.887	511.25	0	511.25
477.01	492	0	492
477.134	489	0	489
477.257	526	0	526
477.381	531.75	0	531.75
477.504	530.5	0	530.5
477.628	513	0	513
477.751	510.5	0	510.5
477.875	536	0	536
477.998	510.75	0	510.75
478.122	489.25	0	489.25
478.245	542	0	542
478.368	520.75	0	520.75
478.492	510.5	0	510.5
478.615	533.25	0	533.25
478.738	518	0	518
478.862	522	0	522
478.985	521.25	0	521.25
479.108	509.25	0	509.25
479.231	545	0	545
479.355	537	0	537
479.478	488	0	488
479.601	515.5	0	515.5
479.724	528.5	0	528.5
479.848	507	0	507
479.971	515.5	0	515.5
480.094	514	0	514
480.217	520.25	0	520.25
480.34	552.75	0	552.75
480.463	508.5	0	508.5
480.586	493.25	0	493.25
480.709	487	0	487
480.832	499	0	499
480.955	530.75	0	530.75
481.078	524.75	0	524.75
481.201	569	0	569
481.324	499.5	0	499.5
481.447	506	0	506
481.57	508.25	0	508.25
481.693	527.75	0	527.75
481.816	512.5	0	512.5
481.939	516.75	0	516.75
482.062	528.5	0	528.5
482.185	543.5	0	543.5
482.307	506.25	0	506.25
482.43	521.25	0	521.25
482.553	498.75	0	498.75
482.676	524.75	0	524.75
482.799	543.25	0	543.25
482.921	528.5	0	528.5
483.044	535.5	0	535.5
483.167	520.25	0	520.25
483.29	532.75	0	532.75
483.412	530	0	530
483.535	533.25	0	533.25
483.658	520.25	0	520.25
483.78	526	0	526
483.903	505.75	0	505.75
484.025	508.5	0	508.5
484.148	522	0	522
484.271	502.5	0	502.5
484.393	551.5	0	551.5
484.516	511.25	0	511.25
484.638	505.25	0	505.25
484.761	532.5	0	532.5
484.883	509.75	0	509.75
485.006	516.25	0	516.25
485.128	522	0	522
485.251	503.5	0	503.5
485.373	503.25	0	503.25
485.495	518.75	0	518.75
485.618	514.5	0	514.5
485.74	501.5	0	501.5
485.863	514.75	0	514.75
485.985	499.5	0	499.5
486.107	513.25	0	513.25
486.229	496.75	0	496.75
486.352	506.25	0	506.25
486.474	516.75	0	516.75
486.596	473.25	0	473.25
486.719	507	0	507
486.841	518.75	0	518.75
486.963	500.5	0	500.5
487.085	498.75	0	498.75
487.207	499.5	0	499.5
487.329	512	0	512
487.452	505.75	0	505.75
487.574	488.25	0	488.25
487.696	498.75	0	498.75
487.818	493.25	0	493.25
487.94	487.5	0	487.5
488.062	508.75	0	508.75
488.184	486	0	486
488.306	480.75	0	480.75
488.428	496	0	496
488.55	503.75	0	503.75
488.672	493.75	0	493.75
488.794	504	0	504
488.916	500.75	0	500.75
489.038	468	0	468
489.16	466.25	0	466.25
489.281	463.25	0	463.25
489.403	497.5	0	497.5
489.525	477.75	0	477.75
489.647	476	0	476
489.769	490	0	490
489.891	470.5	0	470.5
490.012	458.25	0	458.25
490.134	460.75	0	460.75
490.256	473	0	473
490.378	483	0	483
490.499	471.25	0	471.25
490.621	480	0	480
490.743	472.75	0	472.75
490.864	467.5	0	467.5
490.986	454.5	0	454.5
491.108	473	0	473
491.229	479	0	479
491.351	482.75	0	482.75
491.472	478.75	0	478.75
491.594	493.75	0	493.75
491.715	493	0	493
491.837	485.5	0	485.5
491.958	482.25	0	482.25
492.08	479.25	0	479.25
492.201	469.25	0	469.25
492.323	462.5	0	462.5
492.444	466.25	0	466.25
492.566	456.5	0	456.5
492.687	452.5	0	452.5
492.808	477	0	477
492.93	469.25	0	469.25
493.051	489.5	0	489.5
493.172	461.25	0	461.25
493.294	463.75	0	463.75
493.415	455	0	455
493.536	475	0	475
493.658	469.25	0	469.25
493.779	451	0	451
493.9	441.25	0	441.25
494.021	457.5	0	457.5
494.143	451	0	451
494.264	478	0	478
494.385	463	0	463
494.506	478.5	0	478.5
494.627	461.25	0	461.25
494.748	468.5	0	468.5
494.869	457	0	457
494.99	472	0	472
495.111	472.75	0	472.75
495.232	458	0	458
495.353	460.75	0	460.75
495.475	462.5	0	462.5
495.595	455	0	455
495.716	446.75	0	446.75
495.837	452.5	0	452.5
495.958	443.25	0	443.25
496.079	467.25	0	467.25
496.2	462.5	0	462.5
496.321	458.25	0	458.25
496.442	464.75	0	464.75
496.563	443.5	0	443.5
496.684	459	0	459
496.804	464.75	0	464.75
496.925	467.5	0	467.5
497.046	469.25	0	469.25
497.167	461.25	0	461.25
497.287	471.5	0	471.5
497.408	477.25	0	477.25
497.529	467.25	0	467.25
497.65	456.5	0	456.5
497.77	471.5	0	471.5
497.891	464.75	0	464.75
498.012	461	0	461
498.132	472.5	0	472.5
498.253	456.75	0	456.75
498.373	454.75	0	454.75
498.494	456.75	0	456.75
498.614	465.5	0	465.5
498.735	475.25	0	475.25
498.856	476.75	0	476.75
498.976	491.75	0	491.75
499.096	482.25	0	482.25
499.217	517.75	0	517.75
499.337	521.5	0	521.5
499.458	505.75	0	505.75
499.578	497.75	0	497.75
499.699	515.5	0	515.5
499.819	518.25	0	518.25
499.939	568.75	0	568.75
500.06	581.75	0	581.75
500.18	593.75	0	593.75
500.3	666.75	0	666.75
500.421	1076	0	1076
500.541	1120.25	0	1120.25
500.661	1002.25	0	1002.25
500.781	914.75	0	914.75
500.902	821.75	0	821.75
501.022	790	0	790
501.142	786.5	0	786.5
501.262	761.5	0	761.5
501.382	695.25	0	695.25
501.502	726.75	0	726.75
501.623	656.5	0	656.5
501.743	639.75	0	639.75
501.863	655.75	0	655.75
501.983	632.5	0	632.5
502.103	609.25	0	609.25
502.223	591.75	0	591.75
502.343	599.75	0	599.75
502.463	613.25	0	613.25
502.583	601.75	0	601.75
502.703	574.5	0	574.5
502.823	576.25	0	576.25
502.943	562.75	0	562.75
503.063	577	0	577
503.182	552.25	0	552.25
503.302	549.25	0	549.25
503.422	563	0	563
503.542	533.25	0	533.25
503.662	532.5	0	532.5
503.782	504.5	0	504.5
503.901	521.5	0	521.5
504.021	521.5	0	521.5
504.141	516.5	0	516.5
504.261	526.75	0	526.75
504.38	489.25	0	489.25
504.5	524.75	0	524.75
504.62	500.75	0	500.75
504.739	517.25	0	517.25
504.859	509.75	0	509.75
504.979	505.5	0	505.5
505.098	490.75	0	490.75
505.218	488.75	0	488.75
505.338	484.5	0	484.5
505.457	500.75	0	500.75
505.577	481.75	0	481.75
505.696	455.25	0	455.25
505.816	475.75	0	475.75
505.935	457.25	0	457.25
506.055	504.75	0	504.75
506.174	483.75	0	483.75
506.293	511	0	511
506.413	486.25	0	486.25
506.532	461	0	461
506.652	495.75	0	495.75
506.771	473.75	0	473.75
506.89	433.5	0	433.5
507.01	459	0	459
507.129	456.5	0	456.5
507.248	458.75	0	458.75
507.368	445.75	0	445.75
507.487	448.75	0	448.75
507.606	441.5	0	441.5
507.725	432.25	0	432.25
507.844	471.75	0	471.75
507.964	442.75	0	442.75
508.083	463.75	0	463.75
508.202	447.75	0	447.75
508.321	454	0	454
508.44	445.75	0	445.75
508.559	430.25	0	430.25
508.678	456.25	0	456.25
508.797	446.75	0	446.75
508.916	449.5	0	449.5
509.035	448.25	0	448.25
509.154	450	0	450
509.273	440	0	440
509.392	429.25	0	429.25
509.511	450.25	0	450.25
509.63	429	0	429
509.749	464.5	0	464.5
509.868	451.5	0	451.5
509.987	443	0	443
510.106	437.5	0	437.5
510.225	438.5	0	438.5
510.344	436.25	0	436.25
510.462	440.75	0	440.75
510.581	407.5	0	407.5
510.7	437.25	0	437.25
510.819	445.75	0	445.75
510.937	437	0	437
511.056	423.75	0	423.75
511.175	421.25	0	421.25
511.294	433.5	0	433.5
511.412	451.75	0	451.75
511.531	462	0	462
511.649	455.75	0	455.75
511.768	481	0	481
511.887	468.25	0	468.25
512.005	475.75	0	475.75
512.124	443.5	0	443.5
512.242	477.75	0	477.75
512.361	471	0	471
512.479	451	0	451
512.598	477.75	0	477.75
512.716	463.75	0	463.75
512.835	489.75	0	489.75
512.953	451.5	0	451.5
513.072	465.5	0	465.5
513.19	443.75	0	443.75
513.308	446.75	0	446.75
513.427	421.75	0	421.75
513.545	442.25	0	442.25
513.664	424.25	0	424.25
513.782	446.25	0	446.25
513.9	441.25	0	441.25
514.018	408.75	0	408.75
514.137	440.5	0	440.5
514.255	430.5	0	430.5
514.373	417	0	417
514.491	423.5	0	423.5
514.609	400.75	0	400.75
514.728	415.25	0	415.25
514.846	410.25	0	410.25
514.964	423	0	423
515.082	395.25	0	395.25
515.2	407.75	0	407.75
515.318	411	0	411
515.436	407	0	407
515.554	414.5	0	414.5
515.672	407.5	0	407.5
515.79	414.75	0	414.75
515.908	414.5	0	414.5
516.026	403.5	0	403.5
516.144	416.25	0	416.25
516.262	408.25	0	408.25
516.38	381.25	0	381.25
516.498	414.75	0	414.75
516.616	415.25	0	415.25
516.734	415	0	415
516.852	410	0	410
516.969	427	0	427
517.087	429.75	0	429.75
517.205	414.5	0	414.5
517.323	395.5	0	395.5
517.44	401	0	401
517.558	390	0	390
517.676	410.75	0	410.75
517.794	408.25	0	408.25
517.911	401.75	0	401.75
518.029	369.5	0	369.5
518.147	419.5	0	419.5
518.264	369.25	0	369.25
518.382	387	0	387
518.5	390.75	0	390.75
518.617	406.75	0	406.75
518.735	385.25	0	385.25
518.852	423	0	423
518.97	382	0	382
519.087	385.25	0	385.25
519.205	397.75	0	397.75
519.322	396.5	0	396.5
519.44	404	0	404
519.557	384.5	0	384.5
519.674	411	0	411
519.792	418.25	0	418.25
519.909	412.25	0	412.25
520.026	499	0	499
520.144	495.25	0	495.25
520.261	493.5	0	493.5
520.378	450.5	0	450.5
520.496	425	0	425
520.613	447.5	0	447.5
520.73	418	0	418
520.847	412.25	0	412.25
520.965	417.25	0	417.25
521.082	396.5	0	396.5
521.199	404.25	0	404.25
521.316	407.5	0	407.5
521.433	401	0	401
521.55	398	0	398
521.667	394.75	0	394.75
521.785	385	0	385
521.902	379.25	0	379.25
522.019	407.5	0	407.5
522.136	400.5	0	400.5
522.253	393.25	0	393.25
522.37	395.5	0	395.5
522.487	379	0	379
522.604	368.75	0	368.75
522.721	369.75	0	369.75
522.838	351	0	351
522.954	356.25	0	356.25
523.071	375.5	0	375.5
523.188	370.75	0	370.75
523.305	386.25	0	386.25
523.422	371.5	0	371.5
523.539	378	0	378
523.655	351.25	0	351.25
523.772	365.75	0	365.75
523.889	354	0	354
524.006	362.25	0	362.25
524.122	364.5	0	364.5
524.239	350.5	0	350.5
524.356	356.75	0	356.75
524.472	366.5	0	366.5
524.589	361.5	0	361.5
524.706	362.25	0	362.25
524.822	338.75	0	338.75
524.939	340.75	0	340.75
525.055	344.25	0	344.25
525.172	342.25	0	342.25
525.289	328.5	0	328.5
525.405	338.75	0	338.75
525.522	362.25	0	362.25
525.638	355.5	0	355.5
525.754	332	0	332
525.871	333.75	0	333.75
525.987	348.75	0	348.75
526.104	360	0	360
526.22	347.75	0	347.75
526.336	322.5	0	322.5
526.453	348.75	0	348.75
526.569	355.75	0	355.75
526.685	353.5	0	353.5
526.802	336.25	0	336.25
526.918	349.25	0	349.25
527.034	349.75	0	349.75
527.151	347.75	0	347.75
527.267	324.25	0	324.25
527.383	331.5	0	331.5
527.499	324.5	0	324.5
527.615	334.75	0	334.75
527.732	322.25	0	322.25
527.848	327.5	0	327.5
527.964	328.25	0	328.25
528.08	346.75	0	346.75
528.196	327.75	0	327.75
528.312	340	0	340
528.428	325.25	0	325.25
528.544	309.5	0	309.5
528.66	314.75	0	314.75
528.776	329.75	0	329.75
528.892	328.5	0	328.5
529.008	331	0	331
529.124	312.75	0	312.75
529.24	312.75	0	312.75
529.356	312.25	0	312.25
529.471	311.25	0	311.25
529.587	321.5	0	321.5
529.703	323.25	0	323.25
529.819	316.75	0	316.75
529.935	333.5	0	333.5
530.05	317.5	0	317.5
530.166	298.25	0	298.25
530.282	323	0	323
530.398	294.75	0	294.75
530.513	280.25	0	280.25
530.629	299.25	0	299.25
530.745	296.5	0	296.5
530.86	319.5	0	319.5
530.976	328.25	0	328.25
531.092	302.5	0	302.5
531.207	313	0	313
531.323	325.25	0	325.25
531.438	328.75	0	328.75
531.554	319	0	319
531.669	295.75	0	295.75
531.785	300.5	0	300.5
531.9	306.5	0	306.5
532.016	300.25	0	300.25
532.131	302.5	0	302.5
532.247	296.75	0	296.75
532.362	316.25	0	316.25
532.477	302.75	0	302.75
532.593	291	0	291
532.708	312.25	0	312.25
532.823	309.25	0	309.25
532.939	313.5	0	313.5
533.054	301.75	0	301.75
533.169	295.5	0	295.5
533.285	280.5	0	280.5
533.4	279	0	279
533.515	297.75	0	297.75
533.63	291.75	0	291.75
533.745	293.25	0	293.25
533.861	277.75	0	277.75
533.976	292.5	0	292.5
534.091	285.75	0	285.75
534.206	305.25	0	305.25
534.321	320.5	0	320.5
534.436	273.25	0	273.25
534.551	290.25	0	290.25
534.666	285.75	0	285.75
534.781	281.5	0	281.5
534.896	283.75	0	283.75
535.011	284.5	0	284.5
535.126	298	0	298
535.241	271.75	0	271.75
535.356	299.25	0	299.25
535.471	298.25	0	298.25
535.586	289.25	0	289.25
535.701	285	0	285
535.815	277.75	0	277.75
535.93	287	0	287
536.045	283.5	0	283.5
536.16	299.5	0	299.5