Lambda	Spectrum	Dark	SpecMinusDark
268.175	76.25	0	76.25
268.319	80.25	0	80.25
268.463	98.25	0	98.25
268.607	90.5	0	90.5
268.751	86.75	0	86.75
268.895	94.25	0	94.25
269.039	85.75	0	85.75
269.183	75.75	0	75.75
269.327	87.25	0	87.25
269.47	92	0	92
269.614	91.75	0	91.75
269.758	99.5	0	99.5
269.902	83	0	83
270.046	98.75	0	98.75
270.19	86.5	0	86.5
270.334	86	0	86
270.477	93.25	0	93.25
270.621	94	0	94
270.765	91	0	91
270.909	106.25	0	106.25
271.053	102.5	0	102.5
271.196	103.75	0	103.75
271.34	114	0	114
271.484	107.5	0	107.5
271.628	90.75	0	90.75
271.771	91.75	0	91.75
271.915	98.5	0	98.5
272.059	93	0	93
272.202	100.25	0	100.25
272.346	98	0	98
272.49	109	0	109
272.634	103.75	0	103.75
272.777	102	0	102
272.921	122.75	0	122.75
273.064	97	0	97
273.208	107	0	107
273.352	89	0	89
273.495	116	0	116
273.639	95.5	0	95.5
273.783	108.5	0	108.5
273.926	104	0	104
274.07	110	0	110
274.213	109.5	0	109.5
274.357	122.75	0	122.75
274.5	107.25	0	107.25
274.644	117	0	117
274.787	115	0	115
274.931	131.75	0	131.75
275.074	111	0	111
275.218	110.75	0	110.75
275.361	113.5	0	113.5
275.505	131.5	0	131.5
275.648	131	0	131
275.792	157.5	0	157.5
275.935	242	0	242
276.079	330.75	0	330.75
276.222	460.75	0	460.75
276.366	365	0	365
276.509	254.75	0	254.75
276.652	207	0	207
276.796	167.5	0	167.5
276.939	161.5	0	161.5
277.082	129	0	129
277.226	141.5	0	141.5
277.369	125	0	125
277.513	128.75	0	128.75
277.656	128.25	0	128.25
277.799	123.5	0	123.5
277.942	112.75	0	112.75
278.086	133.5	0	133.5
278.229	113	0	113
278.372	136.75	0	136.75
278.516	128.25	0	128.25
278.659	131.5	0	131.5
278.802	111.75	0	111.75
278.945	115	0	115
279.089	115.5	0	115.5
279.232	131.75	0	131.75
279.375	134.25	0	134.25
279.518	140	0	140
279.661	134	0	134
279.805	144.75	0	144.75
279.948	122.5	0	122.5
280.091	135.25	0	135.25
280.234	133	0	133
280.377	139	0	139
280.52	134.5	0	134.5
280.663	140.75	0	140.75
280.806	130.75	0	130.75
280.95	143.5	0	143.5
281.093	121	0	121
281.236	133.75	0	133.75
281.379	116.5	0	116.5
281.522	137	0	137
281.665	130.75	0	130.75
281.808	131.5	0	131.5
281.951	116	0	116
282.094	134.25	0	134.25
282.237	136	0	136
282.38	133	0	133
282.523	115.25	0	115.25
282.666	123.5	0	123.5
282.809	108.75	0	108.75
282.952	136.5	0	136.5
283.095	141.5	0	141.5
283.238	147.25	0	147.25
283.381	128.75	0	128.75
283.523	150.5	0	150.5
283.666	148.75	0	148.75
283.809	151.75	0	151.75
283.952	157.75	0	157.75
284.095	167	0	167
284.238	158.75	0	158.75
284.381	159	0	159
284.524	140	0	140
284.666	188	0	188
284.809	214	0	214
284.952	236	0	236
285.095	263	0	263
285.238	300.5	0	300.5
285.38	310.5	0	310.5
285.523	265	0	265
285.666	251	0	251
285.809	198.5	0	198.5
285.951	190.75	0	190.75
286.094	164.75	0	164.75
286.237	174	0	174
286.38	158.5	0	158.5
286.522	161.25	0	161.25
286.665	167	0	167
286.808	157.5	0	157.5
286.95	156	0	156
287.093	152.25	0	152.25
287.236	153.75	0	153.75
287.378	151	0	151
287.521	160.75	0	160.75
287.663	153	0	153
287.806	152.75	0	152.75
287.949	175	0	175
288.091	155	0	155
288.234	162	0	162
288.376	169.5	0	169.5
288.519	138.5	0	138.5
288.661	171	0	171
288.804	166.5	0	166.5
288.946	157	0	157
289.089	171.75	0	171.75
289.231	158.75	0	158.75
289.374	166.5	0	166.5
289.516	156.25	0	156.25
289.659	148.5	0	148.5
289.801	159	0	159
289.944	157	0	157
290.086	153.25	0	153.25
290.229	164.25	0	164.25
290.371	163.25	0	163.25
290.513	163	0	163
290.656	151.5	0	151.5
290.798	162.75	0	162.75
290.941	173.75	0	173.75
291.083	155.75	0	155.75
291.225	180	0	180
291.368	161.75	0	161.75
291.51	171.5	0	171.5
291.652	185.5	0	185.5
291.795	197	0	197
291.937	297	0	297
292.079	419.5	0	419.5
292.221	484.75	0	484.75
292.364	322.25	0	322.25
292.506	229.5	0	229.5
292.648	221.5	0	221.5
292.79	200.25	0	200.25
292.933	227.5	0	227.5
293.075	198.25	0	198.25
293.217	197.75	0	197.75
293.359	189.25	0	189.25
293.502	186.25	0	186.25
293.644	158.25	0	158.25
293.786	191.75	0	191.75
293.928	193.5	0	193.5
294.07	170.75	0	170.75
294.212	161.25	0	161.25
294.354	188.75	0	188.75
294.497	175	0	175
294.639	181.25	0	181.25
294.781	200.5	0	200.5
294.923	188.75	0	188.75
295.065	179.5	0	179.5
295.207	184	0	184
295.349	176.75	0	176.75
295.491	187.25	0	187.25
295.633	201	0	201
295.775	189.25	0	189.25
295.917	163	0	163
296.059	181	0	181
296.201	173.75	0	173.75
296.343	193.5	0	193.5
296.485	180.75	0	180.75
296.627	201	0	201
296.769	193.5	0	193.5
296.911	196.5	0	196.5
297.053	191.75	0	191.75
297.195	189.5	0	189.5
297.337	196.5	0	196.5
297.478	200.25	0	200.25
297.62	207.75	0	207.75
297.762	235	0	235
297.904	219.25	0	219.25
298.046	229.75	0	229.75
298.188	208.75	0	208.75
298.33	205.5	0	205.5
298.471	193	0	193
298.613	207.75	0	207.75
298.755	196	0	196
298.897	205.5	0	205.5
299.038	210.25	0	210.25
299.18	220	0	220
299.322	203.5	0	203.5
299.464	233.5	0	233.5
299.605	257.75	0	257.75
299.747	318.75	0	318.75
299.889	362	0	362
300.031	524.25	0	524.25
300.172	712.75	0	712.75
300.314	537	0	537
300.456	419	0	419
300.597	403.5	0	403.5
300.739	458.25	0	458.25
300.881	491.5	0	491.5
301.022	393	0	393
301.164	302	0	302
301.305	289.75	0	289.75
301.447	290.75	0	290.75
301.589	288.75	0	288.75
301.73	286	0	286
301.872	302.5	0	302.5
302.013	342.5	0	342.5
302.155	351.5	0	351.5
302.296	411	0	411
302.438	625	0	625
302.579	949.75	0	949.75
302.721	1221.75	0	1221.75
302.862	951.25	0	951.25
303.004	656.5	0	656.5
303.145	514.5	0	514.5
303.287	434	0	434
303.428	377	0	377
303.569	341.25	0	341.25
303.711	323.25	0	323.25
303.852	311.25	0	311.25
303.994	296.5	0	296.5
304.135	317.5	0	317.5
304.276	295.25	0	295.25
304.418	270.25	0	270.25
304.559	274.75	0	274.75
304.7	264.75	0	264.75
304.842	285.75	0	285.75
304.983	278.25	0	278.25
305.124	283.25	0	283.25
305.266	272.5	0	272.5
305.407	301.5	0	301.5
305.548	297.5	0	297.5
305.69	326.25	0	326.25
305.831	328.75	0	328.75
305.972	371.25	0	371.25
306.113	495.25	0	495.25
306.254	762.25	0	762.25
306.396	1173.25	0	1173.25
306.537	1120.5	0	1120.5
306.678	702.75	0	702.75
306.819	565.25	0	565.25
306.96	430.25	0	430.25
307.102	393.75	0	393.75
307.243	370.75	0	370.75
307.384	369	0	369
307.525	345.75	0	345.75
307.666	354.25	0	354.25
307.807	313.5	0	313.5
307.948	324.5	0	324.5
308.089	313.5	0	313.5
308.23	311.5	0	311.5
308.371	286.25	0	286.25
308.513	301.75	0	301.75
308.654	287.75	0	287.75
308.795	274.75	0	274.75
308.936	290.25	0	290.25
309.077	289.75	0	289.75
309.218	294	0	294
309.359	302.5	0	302.5
309.499	286	0	286
309.64	283.75	0	283.75
309.781	297.5	0	297.5
309.922	306	0	306
310.063	327.75	0	327.75
310.204	328	0	328
310.345	335.5	0	335.5
310.486	403.25	0	403.25
310.627	436	0	436
310.768	533.5	0	533.5
310.909	687.5	0	687.5
311.049	1050.25	0	1050.25
311.19	1639.75	0	1639.75
311.331	1934	0	1934
311.472	1525.75	0	1525.75
311.613	1055.25	0	1055.25
311.753	802.25	0	802.25
311.894	660.5	0	660.5
312.035	566.5	0	566.5
312.176	504	0	504
312.316	435.75	0	435.75
312.457	422.75	0	422.75
312.598	394.75	0	394.75
312.739	392.75	0	392.75
312.879	362	0	362
313.02	400	0	400
313.161	359	0	359
313.301	364.5	0	364.5
313.442	342.5	0	342.5
313.583	390.5	0	390.5
313.723	386	0	386
313.864	493	0	493
314.005	689.75	0	689.75
314.145	909.25	0	909.25
314.286	820.25	0	820.25
314.426	586.5	0	586.5
314.567	439.5	0	439.5
314.707	420.5	0	420.5
314.848	391.25	0	391.25
314.989	379.25	0	379.25
315.129	361.75	0	361.75
315.27	360.25	0	360.25
315.41	347.25	0	347.25
315.551	360.25	0	360.25
315.691	362.75	0	362.75
315.831	352	0	352
315.972	359.75	0	359.75
316.112	368.75	0	368.75
316.253	348.75	0	348.75
316.393	371.5	0	371.5
316.534	370.5	0	370.5
316.674	392.5	0	392.5
316.814	351.5	0	351.5
316.955	385.5	0	385.5
317.095	364.25	0	364.25
317.236	378.25	0	378.25
317.376	369.25	0	369.25
317.516	396.25	0	396.25
317.656	400.75	0	400.75
317.797	430.75	0	430.75
317.937	430.75	0	430.75
318.077	386.75	0	386.75
318.218	381.25	0	381.25
318.358	379	0	379
318.498	384	0	384
318.638	395.5	0	395.5
318.779	389.5	0	389.5
318.919	422.25	0	422.25
319.059	382.5	0	382.5
319.199	398	0	398
319.34	396.75	0	396.75
319.48	399.25	0	399.25
319.62	397.25	0	397.25
319.76	411.25	0	411.25
319.9	425	0	425
320.04	410	0	410
320.18	403.75	0	403.75
320.32	429.75	0	429.75
320.461	432.75	0	432.75
320.601	445	0	445
320.741	460.5	0	460.5
320.881	485.5	0	485.5
321.021	497.5	0	497.5
321.161	523	0	523
321.301	500.5	0	500.5
321.441	552.75	0	552.75
321.581	561.75	0	561.75
321.721	615.75	0	615.75
321.861	616.5	0	616.5
322.001	622.25	0	622.25
322.141	649	0	649
322.281	668.5	0	668.5
322.421	693.5	0	693.5
322.561	765.75	0	765.75
322.7	815.25	0	815.25
322.84	843.5	0	843.5
322.98	964.25	0	964.25
323.12	1050.25	0	1050.25
323.26	1218.5	0	1218.5
323.4	1432.75	0	1432.75
323.54	1669.75	0	1669.75
323.68	2070.75	0	2070.75
323.819	2770.25	0	2770.25
323.959	3352.25	0	3352.25
324.099	3683.5	0	3683.5
324.239	3561.5	0	3561.5
324.379	3659	0	3659
324.518	3324.25	0	3324.25
324.658	2890.75	0	2890.75
324.798	2763.25	0	2763.25
324.937	3019.25	0	3019.25
325.077	3256.5	0	3256.5
325.217	2744.75	0	2744.75
325.357	2293	0	2293
325.496	2164.75	0	2164.75
325.636	2756.75	0	2756.75
325.776	3068.75	0	3068.75
325.915	2807	0	2807
326.055	2063.5	0	2063.5
326.195	1698	0	1698
326.334	1478	0	1478
326.474	1303.5	0	1303.5
326.613	1185.5	0	1185.5
326.753	1090.25	0	1090.25
326.892	1012.5	0	1012.5
327.032	992.5	0	992.5
327.172	929.25	0	929.25
327.311	875.75	0	875.75
327.451	834.25	0	834.25
327.59	856.75	0	856.75
327.73	818.25	0	818.25
327.869	819.25	0	819.25
328.009	811	0	811
328.148	850.25	0	850.25
328.288	887.5	0	887.5
328.427	1118.25	0	1118.25
328.566	1397.25	0	1397.25
328.706	1348	0	1348
328.845	1038.75	0	1038.75
328.985	965.75	0	965.75
329.124	924.25	0	924.25
329.263	948.75	0	948.75
329.403	995	0	995
329.542	1157	0	1157
329.681	1352.5	0	1352.5
329.821	1871.25	0	1871.25
329.96	2751	0	2751
330.099	3441	0	3441
330.239	3209	0	3209
330.378	2526.25	0	2526.25
330.517	2005.75	0	2005.75
330.656	1684.5	0	1684.5
330.796	1452.5	0	1452.5
330.935	1322	0	1322
331.074	1151.75	0	1151.75
331.213	1098	0	1098
331.352	1025.75	0	1025.75
331.492	957.25	0	957.25
331.631	928	0	928
331.77	863.5	0	863.5
331.909	864.5	0	864.5
332.048	841.5	0	841.5
332.187	790.25	0	790.25
332.327	768	0	768
332.466	751.75	0	751.75
332.605	783.25	0	783.25
332.744	724.25	0	724.25
332.883	703.25	0	703.25
333.022	719	0	719
333.161	722.5	0	722.5
333.3	716.25	0	716.25
333.439	715.25	0	715.25
333.578	699.75	0	699.75
333.717	702.5	0	702.5
333.856	685.75	0	685.75
333.995	729.75	0	729.75
334.134	725.25	0	725.25
334.273	705.5	0	705.5
334.412	737.75	0	737.75
334.551	706.5	0	706.5
334.69	745	0	745
334.828	768.25	0	768.25
334.967	725.75	0	725.75
335.106	774.5	0	774.5
335.245	749.75	0	749.75
335.384	807.5	0	807.5
335.523	808.25	0	808.25
335.662	811	0	811
335.8	822.25	0	822.25
335.939	899.5	0	899.5
336.078	912.25	0	912.25
336.217	976.75	0	976.75
336.356	967	0	967
336.494	1081.25	0	1081.25
336.633	1226.25	0	1226.25
336.772	1468.75	0	1468.75
336.911	2044.5	0	2044.5
337.049	3025	0	3025
337.188	3708.75	0	3708.75
337.327	3395.25	0	3395.25
337.465	2605	0	2605
337.604	2016.75	0	2016.75
337.743	1739.5	0	1739.5
337.881	1585.5	0	1585.5
338.02	1532.25	0	1532.25
338.158	1425.5	0	1425.5
338.297	1432.5	0	1432.5
338.436	1476.25	0	1476.25
338.574	1462.75	0	1462.75
338.713	1603.75	0	1603.75
338.851	1609.75	0	1609.75
338.99	1740.75	0	1740.75
339.128	1927.25	0	1927.25
339.267	2043.5	0	2043.5
339.405	2312.5	0	2312.5
339.544	2646	0	2646
339.682	3042.5	0	3042.5
339.821	3546.75	0	3546.75
339.959	4272.75	0	4272.75
340.098	4866.25	0	4866.25
340.236	4791	0	4791
340.375	4604.75	0	4604.75
340.513	5164	0	5164
340.651	4971	0	4971
340.79	4584.75	0	4584.75
340.928	3994.5	0	3994.5
341.067	3789.5	0	3789.5
341.205	3615	0	3615
341.343	3461	0	3461
341.482	3593	0	3593
341.62	3932.25	0	3932.25
341.758	4402.25	0	4402.25
341.897	5066.5	0	5066.5
342.035	5052	0	5052
342.173	4945.5	0	4945.5
342.311	4297.25	0	4297.25
342.45	3630.25	0	3630.25
342.588	3220.25	0	3220.25
342.726	3072	0	3072
342.864	3014.25	0	3014.25
343.002	3388.75	0	3388.75
343.141	4276.75	0	4276.75
343.279	4619.75	0	4619.75
343.417	3976	0	3976
343.555	3292.25	0	3292.25
343.693	3214	0	3214
343.831	3754	0	3754
343.969	4423.5	0	4423.5
344.108	4673.5	0	4673.5
344.246	4006.75	0	4006.75
344.384	3191.5	0	3191.5
344.522	2696.5	0	2696.5
344.66	2304.25	0	2304.25
344.798	2121.25	0	2121.25
344.936	2009.5	0	2009.5
345.074	1875.25	0	1875.25
345.212	1814.75	0	1814.75
345.35	1900.75	0	1900.75
345.488	2091.25	0	2091.25
345.626	2556.75	0	2556.75
345.764	3404.25	0	3404.25
345.902	4479	0	4479
346.04	4321.5	0	4321.5
346.178	3593.75	0	3593.75
346.315	2812.5	0	2812.5
346.453	2296.75	0	2296.75
346.591	1998.5	0	1998.5
346.729	1825.75	0	1825.75
346.867	1708	0	1708
347.005	1624.75	0	1624.75
347.143	1660.5	0	1660.5
347.28	1722.75	0	1722.75
347.418	1894	0	1894
347.556	2191	0	2191
347.694	2871.5	0	2871.5
347.832	3901.75	0	3901.75
347.969	4827	0	4827
348.107	4653	0	4653
348.245	3905.5	0	3905.5
348.382	3267.25	0	3267.25
348.52	3013	0	3013
348.658	3152	0	3152
348.796	3890.5	0	3890.5
348.933	3925.25	0	3925.25
349.071	3040.25	0	3040.25
349.209	2306.5	0	2306.5
349.346	1948.5	0	1948.5
349.484	1705.25	0	1705.25
349.621	1526.25	0	1526.25
349.759	1484.25	0	1484.25
349.897	1377.75	0	1377.75
350.034	1357.25	0	1357.25
350.172	1285.25	0	1285.25
350.309	1303.75	0	1303.75
350.447	1374.75	0	1374.75
350.584	1384.5	0	1384.5
350.722	1470.25	0	1470.25
350.859	1646.75	0	1646.75
350.997	1785	0	1785
351.134	2171.5	0	2171.5
351.272	2826.25	0	2826.25
351.409	3939.25	0	3939.25
351.547	4871	0	4871
351.684	4769.5	0	4769.5
351.822	3981.75	0	3981.75
351.959	3152.25	0	3152.25
352.096	2658.25	0	2658.25
352.234	2185	0	2185
352.371	1916.75	0	1916.75
352.508	1738	0	1738
352.646	1629.75	0	1629.75
352.783	1553.75	0	1553.75
352.92	1437.5	0	1437.5
353.058	1309	0	1309
353.195	1278	0	1278
353.332	1284	0	1284
353.469	1183.5	0	1183.5
353.607	1204.75	0	1204.75
353.744	1249.5	0	1249.5
353.881	1279	0	1279
354.018	1366.5	0	1366.5
354.156	1407.75	0	1407.75
354.293	1476.5	0	1476.5
354.43	1713.25	0	1713.25
354.567	1983.5	0	1983.5
354.704	2398.75	0	2398.75
354.841	3003.5	0	3003.5
354.979	4048.25	0	4048.25
355.116	4996.75	0	4996.75
355.253	5192.75	0	5192.75
355.39	4594.5	0	4594.5
355.527	3890.25	0	3890.25
355.664	3192.75	0	3192.75
355.801	2746	0	2746
355.938	2388.5	0	2388.5
356.075	2140.75	0	2140.75
356.212	1974.75	0	1974.75
356.349	1932.5	0	1932.5
356.486	1875.5	0	1875.5
356.623	2085.75	0	2085.75
356.76	2573.5	0	2573.5
356.897	3549.5	0	3549.5
357.034	4064.25	0	4064.25
357.171	3184.25	0	3184.25
357.308	2390.5	0	2390.5
357.445	1923.75	0	1923.75
357.582	1672.25	0	1672.25
357.718	1510.25	0	1510.25
357.855	1441.75	0	1441.75
357.992	1354.75	0	1354.75
358.129	1338	0	1338
358.266	1264.25	0	1264.25
358.403	1203.75	0	1203.75
358.539	1257.5	0	1257.5
358.676	1226	0	1226
358.813	1184.5	0	1184.5
358.95	1191.75	0	1191.75
359.086	1258	0	1258
359.223	1273.75	0	1273.75
359.36	1370	0	1370
359.497	1438.25	0	1438.25
359.633	1557	0	1557
359.77	1615	0	1615
359.907	1681	0	1681
360.043	1874.5	0	1874.5
360.18	2149.75	0	2149.75
360.317	2630	0	2630
360.453	3411.5	0	3411.5
360.59	4329	0	4329
360.727	5243.75	0	5243.75
360.863	5456	0	5456
361	5327.5	0	5327.5
361.136	4662.25	0	4662.25
361.273	4021.5	0	4021.5
361.409	3385	0	3385
361.546	2874.5	0	2874.5
361.682	2601.25	0	2601.25
361.819	2367.25	0	2367.25
361.955	2238.25	0	2238.25
362.092	2077	0	2077
362.228	2076.25	0	2076.25
362.365	2077.75	0	2077.75
362.501	2198.25	0	2198.25
362.638	2383.75	0	2383.75
362.774	2683	0	2683
362.91	3314.25	0	3314.25
363.047	4223.5	0	4223.5
363.183	5261.75	0	5261.75
363.319	5608	0	5608
363.456	5769	0	5769
363.592	5397.75	0	5397.75
363.728	4411.75	0	4411.75
363.865	3665.5	0	3665.5
364.001	3221.5	0	3221.5
364.137	2741.5	0	2741.5
364.274	2464.5	0	2464.5
364.41	2203.5	0	2203.5
364.546	2002.75	0	2002.75
364.682	1839.75	0	1839.75
364.819	1699.25	0	1699.25
364.955	1524.75	0	1524.75
365.091	1454.25	0	1454.25
365.227	1367	0	1367
365.363	1291.5	0	1291.5
365.499	1238.25	0	1238.25
365.636	1143.5	0	1143.5
365.772	1142.75	0	1142.75
365.908	1074	0	1074
366.044	1053.25	0	1053.25
366.18	1010.75	0	1010.75
366.316	971.25	0	971.25
366.452	976.5	0	976.5
366.588	950	0	950
366.724	945.75	0	945.75
366.86	922.5	0	922.5
366.996	896.25	0	896.25
367.132	889.25	0	889.25
367.268	862	0	862
367.404	856	0	856
367.54	878.25	0	878.25
367.676	865.25	0	865.25
367.812	873.75	0	873.75
367.948	899	0	899
368.084	921.5	0	921.5
368.22	989.25	0	989.25
368.356	1095.25	0	1095.25
368.492	1347	0	1347
368.627	1795.5	0	1795.5
368.763	3056.25	0	3056.25
368.899	4225.25	0	4225.25
369.035	3908.75	0	3908.75
369.171	2701	0	2701
369.306	1995.25	0	1995.25
369.442	1609.75	0	1609.75
369.578	1303.75	0	1303.75
369.714	1131.5	0	1131.5
369.85	1011	0	1011
369.985	963.25	0	963.25
370.121	883.5	0	883.5
370.257	851.5	0	851.5
370.392	808.25	0	808.25
370.528	799	0	799
370.664	764.25	0	764.25
370.799	789.75	0	789.75
370.935	743.25	0	743.25
371.071	775.75	0	775.75
371.206	808.5	0	808.5
371.342	852.25	0	852.25
371.477	1068.5	0	1068.5
371.613	1660.75	0	1660.75
371.749	2579	0	2579
371.884	2367.25	0	2367.25
372.02	1492.25	0	1492.25
372.155	1101.25	0	1101.25
372.291	871	0	871
372.426	791	0	791
372.562	731.75	0	731.75
372.697	704.75	0	704.75
372.833	706.75	0	706.75
372.968	646.5	0	646.5
373.103	625	0	625
373.239	627.5	0	627.5
373.374	648	0	648
373.51	631.5	0	631.5
373.645	606.75	0	606.75
373.78	606.5	0	606.5
373.916	613.25	0	613.25
374.051	597.5	0	597.5
374.186	596.25	0	596.25
374.322	593	0	593
374.457	543.25	0	543.25
374.592	554.25	0	554.25
374.728	549.25	0	549.25
374.863	559.75	0	559.75
374.998	522.5	0	522.5
375.133	551.25	0	551.25
375.268	532.25	0	532.25
375.404	528.25	0	528.25
375.539	526.5	0	526.5
375.674	555.75	0	555.75
375.809	540.75	0	540.75
375.944	514.25	0	514.25
376.08	511.75	0	511.75
376.215	501.25	0	501.25
376.35	516.5	0	516.5
376.485	494.5	0	494.5
376.62	513.25	0	513.25
376.755	519.5	0	519.5
376.89	507.75	0	507.75
377.025	491.25	0	491.25
377.16	487.75	0	487.75
377.295	508.25	0	508.25
377.43	504.75	0	504.75
377.565	528	0	528
377.7	526.25	0	526.25
377.835	517.5	0	517.5
377.97	496.75	0	496.75
378.105	486	0	486
378.24	492.5	0	492.5
378.375	505.75	0	505.75
378.51	518.75	0	518.75
378.645	530.5	0	530.5
378.78	512.5	0	512.5
378.914	530.75	0	530.75
379.049	557	0	557
379.184	554.5	0	554.5
379.319	605.75	0	605.75
379.454	719.25	0	719.25
379.589	1154	0	1154
379.723	2153	0	2153
379.858	2502.25	0	2502.25
379.993	1727	0	1727
380.128	1215.25	0	1215.25
380.262	952.5	0	952.5
380.397	747.5	0	747.5
380.532	672.75	0	672.75
380.666	623	0	623
380.801	635.25	0	635.25
380.936	569.75	0	569.75
381.07	586.25	0	586.25
381.205	567	0	567
381.34	578	0	578
381.474	569.75	0	569.75
381.609	599	0	599
381.744	586.25	0	586.25
381.878	604	0	604
382.013	570.5	0	570.5
382.147	596	0	596
382.282	573	0	573
382.416	583.25	0	583.25
382.551	627.5	0	627.5
382.685	713.75	0	713.75
382.82	883	0	883
382.954	1581	0	1581
383.089	2550.25	0	2550.25
383.223	2431.75	0	2431.75
383.357	1453.5	0	1453.5
383.492	985.5	0	985.5
383.626	803.5	0	803.5
383.761	710.75	0	710.75
383.895	639	0	639
384.029	596.25	0	596.25
384.164	558.25	0	558.25
384.298	584.75	0	584.75
384.432	539.5	0	539.5
384.567	520	0	520
384.701	507.25	0	507.25
384.835	498.75	0	498.75
384.97	481.5	0	481.5
385.104	509.25	0	509.25
385.238	488	0	488
385.372	472.75	0	472.75
385.506	491.5	0	491.5
385.641	507.75	0	507.75
385.775	465.25	0	465.25
385.909	471.5	0	471.5
386.043	491.5	0	491.5
386.177	482.75	0	482.75
386.311	485.5	0	485.5
386.446	470.75	0	470.75
386.58	448.25	0	448.25
386.714	487.25	0	487.25
386.848	465.5	0	465.5
386.982	439.75	0	439.75
387.116	465.5	0	465.5
387.25	465.75	0	465.75
387.384	480.75	0	480.75
387.518	453.25	0	453.25
387.652	480.5	0	480.5
387.786	446.25	0	446.25
387.92	451.5	0	451.5
388.054	483	0	483
388.188	497.75	0	497.75
388.322	543.25	0	543.25
388.456	550.75	0	550.75
388.59	600.75	0	600.75
388.723	640.5	0	640.5
388.857	747	0	747
388.991	1038.25	0	1038.25
389.125	1854.5	0	1854.5
389.259	3342	0	3342
389.393	3510.25	0	3510.25
389.526	2157.5	0	2157.5
389.66	1452.75	0	1452.75
389.794	1073.25	0	1073.25
389.928	900.5	0	900.5
390.062	760.75	0	760.75
390.195	688.25	0	688.25
390.329	604	0	604
390.463	576.75	0	576.75
390.596	510.25	0	510.25
390.73	489.5	0	489.5
390.864	494.75	0	494.75
390.997	469.5	0	469.5
391.131	457.5	0	457.5
391.265	458.75	0	458.75
391.398	411.75	0	411.75
391.532	442	0	442
391.665	411.75	0	411.75
391.799	453.75	0	453.75
391.933	447.5	0	447.5
392.066	421	0	421
392.2	417	0	417
392.333	405	0	405
392.467	379	0	379
392.6	414.75	0	414.75
392.734	434	0	434
392.867	421	0	421
393.001	407	0	407
393.134	403	0	403
393.267	428.5	0	428.5
393.401	390	0	390
393.534	415	0	415
393.668	383.5	0	383.5
393.801	399	0	399
393.934	404.75	0	404.75
394.068	401	0	401
394.201	412	0	412
394.334	390.25	0	390.25
394.468	417.5	0	417.5
394.601	420	0	420
394.734	460	0	460
394.867	437.5	0	437.5
395.001	450.75	0	450.75
395.134	501.75	0	501.75
395.267	568.5	0	568.5
395.4	753	0	753
395.533	1259.75	0	1259.75
395.667	2519	0	2519
395.8	3221	0	3221
395.933	2153.75	0	2153.75
396.066	1302	0	1302
396.199	956.5	0	956.5
396.332	769	0	769
396.465	637	0	637
396.598	574	0	574
396.732	521	0	521
396.865	491.75	0	491.75
396.998	496.5	0	496.5
397.131	493	0	493
397.264	449.5	0	449.5
397.397	451.5	0	451.5
397.53	411	0	411
397.663	434.25	0	434.25
397.796	393	0	393
397.928	419.75	0	419.75
398.061	430.75	0	430.75
398.194	403	0	403
398.327	414.75	0	414.75
398.46	402	0	402
398.593	420.5	0	420.5
398.726	410	0	410
398.859	405	0	405
398.991	420	0	420
399.124	414.5	0	414.5
399.257	408.75	0	408.75
399.39	379	0	379
399.523	410.5	0	410.5
399.655	374	0	374
399.788	417.75	0	417.75
399.921	409.5	0	409.5
400.054	414	0	414
400.186	355.25	0	355.25
400.319	408	0	408
400.452	393	0	393
400.584	416.75	0	416.75
400.717	400.5	0	400.5
400.85	409.75	0	409.75
400.982	396.5	0	396.5
401.115	405	0	405
401.247	380	0	380
401.38	398.75	0	398.75
401.513	362.5	0	362.5
401.645	398.75	0	398.75
401.778	403	0	403
401.91	407.5	0	407.5
402.043	389.5	0	389.5
402.175	393.75	0	393.75
402.308	417	0	417
402.44	388	0	388
402.573	382.75	0	382.75
402.705	393.75	0	393.75
402.837	417	0	417
402.97	365	0	365
403.102	397.5	0	397.5
403.235	356.5	0	356.5
403.367	353	0	353
403.499	353.5	0	353.5
403.632	380.5	0	380.5
403.764	362.75	0	362.75
403.896	361.25	0	361.25
404.029	380.5	0	380.5
404.161	366.75	0	366.75
404.293	363.25	0	363.25
404.425	367.5	0	367.5
404.558	385.75	0	385.75
404.69	372.75	0	372.75
404.822	381	0	381
404.954	380.25	0	380.25
405.086	381.75	0	381.75
405.219	379.5	0	379.5
405.351	363.5	0	363.5
405.483	354	0	354
405.615	380.75	0	380.75
405.747	375	0	375
405.879	347.75	0	347.75
406.011	361.25	0	361.25
406.143	357.5	0	357.5
406.275	372	0	372
406.407	363	0	363
406.539	361	0	361
406.672	352.75	0	352.75
406.803	351.75	0	351.75
406.935	365	0	365
407.067	368	0	368
407.199	361	0	361
407.331	388	0	388
407.463	377	0	377
407.595	382.5	0	382.5
407.727	383.5	0	383.5
407.859	388.5	0	388.5
407.991	397	0	397
408.123	376.5	0	376.5
408.255	440.75	0	440.75
408.386	520.75	0	520.75
408.518	930.25	0	930.25
408.65	1290.5	0	1290.5
408.782	918.75	0	918.75
408.914	618.5	0	618.5
409.045	480.5	0	480.5
409.177	437.75	0	437.75
409.309	448.25	0	448.25
409.44	423.5	0	423.5
409.572	410.75	0	410.75
409.704	409.75	0	409.75
409.836	425	0	425
409.967	390.75	0	390.75
410.099	373.75	0	373.75
410.23	349	0	349
410.362	367	0	367
410.494	341.5	0	341.5
410.625	350.5	0	350.5
410.757	363.5	0	363.5
410.888	363.5	0	363.5
411.02	359	0	359
411.152	370.25	0	370.25
411.283	345.75	0	345.75
411.415	354.75	0	354.75
411.546	342.25	0	342.25
411.677	346	0	346
411.809	355.75	0	355.75
411.94	354	0	354
412.072	365	0	365
412.203	378.75	0	378.75
412.335	393	0	393
412.466	398	0	398
412.597	355.5	0	355.5
412.729	350.5	0	350.5
412.86	352	0	352
412.991	352	0	352
413.123	363	0	363
413.254	366.75	0	366.75
413.385	331.25	0	331.25
413.517	343.5	0	343.5
413.648	331.5	0	331.5
413.779	319	0	319
413.91	345.5	0	345.5
414.042	344.75	0	344.75
414.173	377.25	0	377.25
414.304	358.75	0	358.75
414.435	351	0	351
414.566	344.75	0	344.75
414.697	335	0	335
414.828	339.25	0	339.25
414.96	362	0	362
415.091	351	0	351
415.222	341	0	341
415.353	368	0	368
415.484	355.25	0	355.25
415.615	363.5	0	363.5
415.746	349	0	349
415.877	377.5	0	377.5
416.008	376.5	0	376.5
416.139	360.75	0	360.75
416.27	358.25	0	358.25
416.401	366.5	0	366.5
416.532	384.25	0	384.25
416.663	455.25	0	455.25
416.794	620	0	620
416.925	661.25	0	661.25
417.055	507.25	0	507.25
417.186	427.25	0	427.25
417.317	371.75	0	371.75
417.448	378.5	0	378.5
417.579	374.75	0	374.75
417.71	380.25	0	380.25
417.84	347.75	0	347.75
417.971	349	0	349
418.102	339.25	0	339.25
418.233	360	0	360
418.363	333.25	0	333.25
418.494	356.5	0	356.5
418.625	349	0	349
418.756	349.75	0	349.75
418.886	350	0	350
419.017	359.75	0	359.75
419.148	340.75	0	340.75
419.278	361	0	361
419.409	364.5	0	364.5
419.539	370	0	370
419.67	377.5	0	377.5
419.801	378	0	378
419.931	380	0	380
420.062	409.25	0	409.25
420.192	382.5	0	382.5
420.323	448.75	0	448.75
420.453	434.5	0	434.5
420.584	518.5	0	518.5
420.714	581.25	0	581.25
420.845	723.75	0	723.75
420.975	1185	0	1185
421.106	2866.75	0	2866.75
421.236	3454.25	0	3454.25
421.366	2413.75	0	2413.75
421.497	1366	0	1366
421.627	970.5	0	970.5
421.757	744.5	0	744.5
421.888	642.75	0	642.75
422.018	569	0	569
422.148	482	0	482
422.279	455.25	0	455.25
422.409	473.75	0	473.75
422.539	450.5	0	450.5
422.67	447.5	0	447.5
422.8	413	0	413
422.93	408.75	0	408.75
423.06	356.5	0	356.5
423.19	351.75	0	351.75
423.321	371.75	0	371.75
423.451	363	0	363
423.581	359.5	0	359.5
423.711	348.25	0	348.25
423.841	351.5	0	351.5
423.971	363.5	0	363.5
424.101	346.5	0	346.5
424.231	340.75	0	340.75
424.361	343.75	0	343.75
424.492	371.75	0	371.75
424.622	352.25	0	352.25
424.752	363.75	0	363.75
424.882	343.5	0	343.5
425.012	322.5	0	322.5
425.142	348.5	0	348.5
425.271	331.75	0	331.75
425.401	324.5	0	324.5
425.531	335.75	0	335.75
425.661	317.75	0	317.75
425.791	333.25	0	333.25
425.921	340	0	340
426.051	326.75	0	326.75
426.181	316	0	316
426.311	329.5	0	329.5
426.44	343.25	0	343.25
426.57	337.5	0	337.5
426.7	343.5	0	343.5
426.83	331	0	331
426.96	319.75	0	319.75
427.089	328.25	0	328.25
427.219	314.25	0	314.25
427.349	319.25	0	319.25
427.479	313.5	0	313.5
427.608	305	0	305
427.738	301.25	0	301.25
427.868	295.75	0	295.75
427.997	306.25	0	306.25
428.127	307.25	0	307.25
428.256	316	0	316
428.386	304.25	0	304.25
428.516	292	0	292
428.645	297.75	0	297.75
428.775	278.75	0	278.75
428.904	268	0	268
429.034	283.25	0	283.25
429.163	283.5	0	283.5
429.293	290.5	0	290.5
429.422	297.5	0	297.5
429.552	278	0	278
429.681	298.25	0	298.25
429.811	256.25	0	256.25
429.94	291.75	0	291.75
430.069	289.25	0	289.25
430.199	274.5	0	274.5
430.328	278.75	0	278.75
430.458	285.25	0	285.25
430.587	284	0	284
430.716	298.25	0	298.25
430.846	284.25	0	284.25
430.975	286	0	286
431.104	268.75	0	268.75
431.233	287	0	287
431.363	293.25	0	293.25
431.492	275.75	0	275.75
431.621	280.5	0	280.5
431.75	288	0	288
431.88	279.5	0	279.5
432.009	297.25	0	297.25
432.138	301.5	0	301.5
432.267	298.75	0	298.75
432.396	300.5	0	300.5
432.525	283.75	0	283.75
432.654	272.75	0	272.75
432.784	305.75	0	305.75
432.913	288	0	288
433.042	291.75	0	291.75
433.171	268	0	268
433.3	279	0	279
433.429	280.5	0	280.5
433.558	270.5	0	270.5
433.687	282	0	282
433.816	285	0	285
433.945	264.5	0	264.5
434.074	282.25	0	282.25
434.203	306.25	0	306.25
434.332	293	0	293
434.46	292.5	0	292.5
434.589	286.25	0	286.25
434.718	286.25	0	286.25
434.847	280.75	0	280.75
434.976	290.5	0	290.5
435.105	296.25	0	296.25
435.233	264.75	0	264.75
435.362	258.25	0	258.25
435.491	275	0	275
435.62	262.25	0	262.25
435.749	272.75	0	272.75
435.877	289	0	289
436.006	241.75	0	241.75
436.135	270	0	270
436.263	248.25	0	248.25
436.392	265.5	0	265.5
436.521	266	0	266
436.649	269.5	0	269.5
436.778	256	0	256
436.907	255.25	0	255.25
437.035	254.25	0	254.25
437.164	239.5	0	239.5
437.292	248.75	0	248.75
437.421	241	0	241
437.549	260.25	0	260.25
437.678	263.25	0	263.25
437.806	245.75	0	245.75
437.935	258	0	258
438.063	259	0	259
438.192	248.75	0	248.75
438.32	254.25	0	254.25
438.449	271.5	0	271.5
438.577	273.5	0	273.5
438.706	293	0	293
438.834	304.5	0	304.5
438.962	285.75	0	285.75
439.091	293.25	0	293.25
439.219	282.25	0	282.25
439.347	268	0	268
439.476	277.75	0	277.75
439.604	269.5	0	269.5
439.732	278.25	0	278.25
439.86	268.75	0	268.75
439.989	254.5	0	254.5
440.117	256.5	0	256.5
440.245	273.25	0	273.25
440.373	263.75	0	263.75
440.501	283.5	0	283.5
440.63	276.75	0	276.75
440.758	265.25	0	265.25
440.886	265.25	0	265.25
441.014	250	0	250
441.142	257.25	0	257.25
441.27	285.5	0	285.5
441.398	261.25	0	261.25
441.526	262.25	0	262.25
441.654	229	0	229
441.782	261.25	0	261.25
441.91	240.25	0	240.25
442.038	262.75	0	262.75
442.166	234.75	0	234.75
442.294	242.5	0	242.5
442.422	244.75	0	244.75
442.55	250.25	0	250.25
442.678	225	0	225
442.806	247	0	247
442.934	235.75	0	235.75
443.062	245.5	0	245.5
443.19	226.25	0	226.25
443.318	266	0	266
443.445	242.5	0	242.5
443.573	258.5	0	258.5
443.701	244.75	0	244.75
443.829	259.75	0	259.75
443.957	259	0	259
444.084	268.75	0	268.75
444.212	232.25	0	232.25
444.34	249	0	249
444.467	220.5	0	220.5
444.595	244	0	244
444.723	251	0	251
444.85	248.75	0	248.75
444.978	225.5	0	225.5
445.106	241.75	0	241.75
445.233	244	0	244
445.361	228.5	0	228.5
445.489	229.5	0	229.5
445.616	231.75	0	231.75
445.744	248.5	0	248.5
445.871	242.5	0	242.5
445.999	243.25	0	243.25
446.126	244.75	0	244.75
446.254	225	0	225
446.381	227.75	0	227.75
446.509	218.75	0	218.75
446.636	251.25	0	251.25
446.764	261.5	0	261.5
446.891	261	0	261
447.018	283.5	0	283.5
447.146	482	0	482
447.273	783.25	0	783.25
447.4	522.25	0	522.25
447.528	345	0	345
447.655	283.25	0	283.25
447.782	254.5	0	254.5
447.91	255.75	0	255.75
448.037	245.75	0	245.75
448.164	243	0	243
448.291	225.25	0	225.25
448.419	244.75	0	244.75
448.546	241	0	241
448.673	261	0	261
448.8	269.5	0	269.5
448.927	265.25	0	265.25
449.055	227.5	0	227.5
449.182	236.5	0	236.5
449.309	222	0	222
449.436	228.25	0	228.25
449.563	219.25	0	219.25
449.69	231.75	0	231.75
449.817	212.75	0	212.75
449.944	203.5	0	203.5
450.071	214.25	0	214.25
450.198	217.75	0	217.75
450.325	211	0	211
450.452	203	0	203
450.579	215.75	0	215.75
450.706	206.75	0	206.75
450.833	204.5	0	204.5
450.96	230.5	0	230.5
451.087	204.5	0	204.5
451.214	204	0	204
451.341	198	0	198
451.467	225.25	0	225.25
451.594	225.25	0	225.25
451.721	232.25	0	232.25
451.848	205.5	0	205.5
451.975	220	0	220
452.101	220.25	0	220.25
452.228	194.75	0	194.75
452.355	207.75	0	207.75
452.482	214.75	0	214.75
452.608	200.5	0	200.5
452.735	201.75	0	201.75
452.862	196.5	0	196.5
452.988	219	0	219
453.115	186.5	0	186.5
453.242	217.25	0	217.25
453.368	201	0	201
453.495	211.75	0	211.75
453.621	201.5	0	201.5
453.748	195.25	0	195.25
453.875	205.25	0	205.25
454.001	240.5	0	240.5
454.128	215.5	0	215.5
454.254	200.75	0	200.75
454.381	207.25	0	207.25
454.507	198.25	0	198.25
454.633	204.75	0	204.75
454.76	210.25	0	210.25
454.886	190	0	190
455.013	209.25	0	209.25
455.139	191.75	0	191.75
455.266	207.5	0	207.5
455.392	182.25	0	182.25
455.518	202	0	202
455.645	193.25	0	193.25
455.771	190.5	0	190.5
455.897	173.25	0	173.25
456.023	189.75	0	189.75
456.15	186	0	186
456.276	187.25	0	187.25
456.402	188.75	0	188.75
456.528	189.25	0	189.25
456.655	180.5	0	180.5
456.781	173	0	173
456.907	176.75	0	176.75
457.033	185.5	0	185.5
457.159	190.75	0	190.75
457.285	195.75	0	195.75
457.411	184	0	184
457.538	178	0	178
457.664	199.25	0	199.25
457.79	185.5	0	185.5
457.916	171.5	0	171.5
458.042	196.5	0	196.5
458.168	173	0	173
458.294	170.75	0	170.75
458.42	169.75	0	169.75
458.546	193.75	0	193.75
458.672	181.25	0	181.25
458.798	209.5	0	209.5
458.924	184.5	0	184.5
459.049	189	0	189
459.175	189	0	189
459.301	206.25	0	206.25
459.427	188.75	0	188.75
459.553	197.75	0	197.75
459.679	192.5	0	192.5
459.805	193	0	193
459.93	173.75	0	173.75
460.056	185	0	185
460.182	180.5	0	180.5
460.308	189.75	0	189.75
460.433	166.5	0	166.5
460.559	180.5	0	180.5
460.685	166.5	0	166.5
460.81	177.75	0	177.75
460.936	167.5	0	167.5
461.062	167.25	0	167.25
461.187	163.25	0	163.25
461.313	181.75	0	181.75
461.439	174.5	0	174.5
461.564	170.25	0	170.25
461.69	165.25	0	165.25
461.815	186.25	0	186.25
461.941	154.5	0	154.5
462.066	178.75	0	178.75
462.192	176.75	0	176.75
462.317	166.75	0	166.75
462.443	169.75	0	169.75
462.568	161.75	0	161.75
462.694	161	0	161
462.819	169.5	0	169.5
462.944	159.5	0	159.5
463.07	155	0	155
463.195	160.5	0	160.5
463.321	189	0	189
463.446	158.25	0	158.25
463.571	188.25	0	188.25
463.697	177	0	177
463.822	158.75	0	158.75
463.947	162.5	0	162.5
464.072	158.25	0	158.25
464.198	182.75	0	182.75
464.323	165	0	165
464.448	166.5	0	166.5
464.573	170.75	0	170.75
464.698	155.75	0	155.75
464.824	178.5	0	178.5
464.949	176.5	0	176.5
465.074	163.25	0	163.25
465.199	163	0	163
465.324	172	0	172
465.449	157.75	0	157.75
465.574	151.25	0	151.25
465.699	165.25	0	165.25
465.824	186	0	186
465.949	164	0	164
466.074	172.5	0	172.5
466.199	161.25	0	161.25
466.324	180.75	0	180.75
466.449	164	0	164
466.574	173.5	0	173.5
466.699	168.75	0	168.75
466.824	166.25	0	166.25
466.949	174	0	174
467.074	187.5	0	187.5
467.199	187.75	0	187.75
467.323	189	0	189
467.448	166.75	0	166.75
467.573	200	0	200
467.698	182.25	0	182.25
467.823	184.5	0	184.5
467.947	185.5	0	185.5
468.072	158.5	0	158.5
468.197	178.5	0	178.5
468.322	175.25	0	175.25
468.446	188.25	0	188.25
468.571	168.75	0	168.75
468.696	186.25	0	186.25
468.82	189.75	0	189.75
468.945	178.25	0	178.25
469.069	172.75	0	172.75
469.194	171.5	0	171.5
469.319	185.75	0	185.75
469.443	163	0	163
469.568	167.25	0	167.25
469.692	176.5	0	176.5
469.817	206.25	0	206.25
469.941	185.5	0	185.5
470.066	198	0	198
470.19	175.25	0	175.25
470.315	199.75	0	199.75
470.439	168.25	0	168.25
470.563	200.25	0	200.25
470.688	182.5	0	182.5
470.812	190.75	0	190.75
470.937	161	0	161
471.061	176.75	0	176.75
471.185	176.75	0	176.75
471.31	170.25	0	170.25
471.434	192	0	192
471.558	190.5	0	190.5
471.682	180.5	0	180.5
471.807	173.5	0	173.5
471.931	159.25	0	159.25
472.055	197.5	0	197.5
472.179	185.75	0	185.75
472.303	220.75	0	220.75
472.428	203.25	0	203.25
472.552	188.25	0	188.25
472.676	184.75	0	184.75
472.8	189.5	0	189.5
472.924	184	0	184
473.048	169.25	0	169.25
473.172	177.25	0	177.25
473.296	197	0	197
473.42	197.25	0	197.25
473.544	204.5	0	204.5
473.668	185.25	0	185.25
473.792	182.25	0	182.25
473.916	172	0	172
474.04	187.25	0	187.25
474.164	195.75	0	195.75
474.288	180.25	0	180.25
474.412	178.75	0	178.75
474.536	185.5	0	185.5
474.66	193.75	0	193.75
474.784	192	0	192
474.908	185.25	0	185.25
475.031	211.5	0	211.5
475.155	191.75	0	191.75
475.279	196.5	0	196.5
475.403	198	0	198
475.526	205.75	0	205.75
475.65	214.25	0	214.25
475.774	206.5	0	206.5
475.898	186.75	0	186.75
476.021	211	0	211
476.145	179	0	179
476.269	210.75	0	210.75
476.392	202.25	0	202.25
476.516	201	0	201
476.64	205.5	0	205.5
476.763	211	0	211
476.887	204.5	0	204.5
477.01	227.25	0	227.25
477.134	228.5	0	228.5
477.257	238.25	0	238.25
477.381	232.5	0	232.5
477.504	238.75	0	238.75
477.628	251.75	0	251.75
477.751	244.25	0	244.25
477.875	250.75	0	250.75
477.998	283.75	0	283.75
478.122	263.5	0	263.5
478.245	304	0	304
478.368	318.75	0	318.75
478.492	379.5	0	379.5
478.615	527	0	527
478.738	574.25	0	574.25
478.862	373.5	0	373.5
478.985	327	0	327
479.108	297.25	0	297.25
479.231	290	0	290
479.355	279.25	0	279.25
479.478	269.25	0	269.25
479.601	266.5	0	266.5
479.724	252.75	0	252.75
479.848	266.5	0	266.5
479.971	265.75	0	265.75
480.094	272.75	0	272.75
480.217	279.25	0	279.25
480.34	260.5	0	260.5
480.463	290.75	0	290.75
480.586	270	0	270
480.709	320	0	320
480.832	328.75	0	328.75
480.955	353.75	0	353.75
481.078	366	0	366
481.201	415	0	415
481.324	445	0	445
481.447	584.5	0	584.5
481.57	825	0	825
481.693	783	0	783
481.816	480	0	480
481.939	401.5	0	401.5
482.062	342.25	0	342.25
482.185	348	0	348
482.307	313.5	0	313.5
482.43	322.5	0	322.5
482.553	283.75	0	283.75
482.676	293.25	0	293.25
482.799	292	0	292
482.921	288.75	0	288.75
483.044	275.25	0	275.25
483.167	289	0	289
483.29	261.25	0	261.25
483.412	276.5	0	276.5
483.535	300	0	300
483.658	276.75	0	276.75
483.78	253	0	253
483.903	262.75	0	262.75
484.025	275.75	0	275.75
484.148	279.5	0	279.5
484.271	263	0	263
484.393	271	0	271
484.516	251.5	0	251.5
484.638	263.5	0	263.5
484.761	258.25	0	258.25
484.883	265	0	265
485.006	279	0	279
485.128	289.75	0	289.75
485.251	276.75	0	276.75
485.373	271.75	0	271.75
485.495	261.5	0	261.5
485.618	262	0	262
485.74	276	0	276
485.863	283	0	283
485.985	267.5	0	267.5
486.107	278.75	0	278.75
486.229	277	0	277
486.352	288.5	0	288.5
486.474	279.5	0	279.5
486.596	299.75	0	299.75
486.719	301	0	301
486.841	345.5	0	345.5
486.963	351.75	0	351.75
487.085	387.75	0	387.75
487.207	470	0	470
487.329	684.5	0	684.5
487.452	866.25	0	866.25
487.574	537.5	0	537.5
487.696	444.5	0	444.5
487.818	352.5	0	352.5
487.94	345.75	0	345.75
488.062	327.75	0	327.75
488.184	302.25	0	302.25
488.306	325.75	0	325.75
488.428	295.75	0	295.75
488.55	288.5	0	288.5
488.672	268.5	0	268.5
488.794	278.75	0	278.75
488.916	269	0	269
489.038	280	0	280
489.16	268.25	0	268.25
489.281	258.75	0	258.75
489.403	252.5	0	252.5
489.525	257	0	257
489.647	261	0	261
489.769	255.75	0	255.75
489.891	242.5	0	242.5
490.012	253.25	0	253.25
490.134	231.5	0	231.5
490.256	243.5	0	243.5
490.378	243	0	243
490.499	262.75	0	262.75
490.621	249.25	0	249.25
490.743	278.25	0	278.25
490.864	252.75	0	252.75
490.986	256	0	256
491.108	235	0	235
491.229	284.75	0	284.75
491.351	263.25	0	263.25
491.472	297	0	297
491.594	267.5	0	267.5
491.715	287.5	0	287.5
491.837	340.5	0	340.5
491.958	308.75	0	308.75
492.08	281.5	0	281.5
492.201	276.25	0	276.25
492.323	293.75	0	293.75
492.444	329.25	0	329.25
492.566	285.5	0	285.5
492.687	300.25	0	300.25
492.808	317.25	0	317.25
492.93	348	0	348
493.051	333.25	0	333.25
493.172	313.25	0	313.25
493.294	300.75	0	300.75
493.415	293.25	0	293.25
493.536	289	0	289
493.658	286.25	0	286.25
493.779	257.25	0	257.25
493.9	259	0	259
494.021	288.25	0	288.25
494.143	289	0	289
494.264	257.25	0	257.25
494.385	284.75	0	284.75
494.506	277.5	0	277.5
494.627	276.25	0	276.25
494.748	298	0	298
494.869	278.75	0	278.75
494.99	272	0	272
495.111	287.75	0	287.75
495.232	276.75	0	276.75
495.353	281.5	0	281.5
495.475	275	0	275
495.595	278.5	0	278.5
495.716	259	0	259
495.837	269	0	269
495.958	277.75	0	277.75
496.079	266	0	266
496.2	290.25	0	290.25
496.321	289.5	0	289.5
496.442	280	0	280
496.563	285	0	285
496.684	281	0	281
496.804	304.25	0	304.25
496.925	297.25	0	297.25
497.046	349.5	0	349.5
497.167	330.5	0	330.5
497.287	308	0	308
497.408	292.75	0	292.75
497.529	283.25	0	283.25
497.65	288.25	0	288.25
497.77	282.75	0	282.75
497.891	285	0	285
498.012	263.5	0	263.5
498.132	260.75	0	260.75
498.253	277.25	0	277.25
498.373	246.5	0	246.5
498.494	273	0	273
498.614	268.25	0	268.25
498.735	270	0	270
498.856	266.25	0	266.25
498.976	267.25	0	267.25
499.096	267	0	267
499.217	275.25	0	275.25
499.337	264.5	0	264.5
499.458	264.25	0	264.25
499.578	260.25	0	260.25
499.699	278.5	0	278.5
499.819	268.75	0	268.75
499.939	276.25	0	276.25
500.06	262.25	0	262.25
500.18	269.75	0	269.75
500.3	271.25	0	271.25
500.421	271	0	271
500.541	260.25	0	260.25
500.661	295.75	0	295.75
500.781	261	0	261
500.902	271.25	0	271.25
501.022	284	0	284
501.142	289.75	0	289.75
501.262	269	0	269
501.382	298.5	0	298.5
501.502	269.25	0	269.25
501.623	277	0	277
501.743	278	0	278
501.863	300	0	300
501.983	300.75	0	300.75
502.103	292.25	0	292.25
502.223	279	0	279
502.343	301	0	301
502.463	271.5	0	271.5
502.583	275	0	275
502.703	266.75	0	266.75
502.823	284	0	284
502.943	295	0	295
503.063	296.25	0	296.25
503.182	304.5	0	304.5
503.302	291.5	0	291.5
503.422	300	0	300
503.542	292	0	292
503.662	282.75	0	282.75
503.782	290.75	0	290.75
503.901	302.25	0	302.25
504.021	308.5	0	308.5
504.141	303.5	0	303.5
504.261	311	0	311
504.38	293.5	0	293.5
504.5	323.25	0	323.25
504.62	307.75	0	307.75
504.739	318.25	0	318.25
504.859	314	0	314
504.979	344.75	0	344.75
505.098	334.75	0	334.75
505.218	335	0	335
505.338	329.75	0	329.75
505.457	356.5	0	356.5
505.577	333	0	333
505.696	377.5	0	377.5
505.816	372.5	0	372.5
505.935	408.5	0	408.5
506.055	448.25	0	448.25
506.174	519.5	0	519.5
506.293	475.25	0	475.25
506.413	422.75	0	422.75
506.532	399.25	0	399.25
506.652	391.25	0	391.25
506.771	373.25	0	373.25
506.89	383.25	0	383.25
507.01	371	0	371
507.129	387.75	0	387.75
507.248	376.75	0	376.75
507.368	406.75	0	406.75
507.487	369.25	0	369.25
507.606	389	0	389
507.725	389.5	0	389.5
507.844	381	0	381
507.964	391	0	391
508.083	418.25	0	418.25
508.202	415	0	415
508.321	397.25	0	397.25
508.44	421	0	421
508.559	398.5	0	398.5
508.678	433.75	0	433.75
508.797	428	0	428
508.916	460.75	0	460.75
509.035	480.5	0	480.5
509.154	452.75	0	452.75
509.273	463	0	463
509.392	487.5	0	487.5
509.511	514	0	514
509.63	499.25	0	499.25
509.749	551.5	0	551.5
509.868	524.5	0	524.5
509.987	587.75	0	587.75
510.106	588.5	0	588.5
510.225	625.75	0	625.75
510.344	634.25	0	634.25
510.462	685.25	0	685.25
510.581	701	0	701
510.7	782.75	0	782.75
510.819	885	0	885
510.937	1122.25	0	1122.25
511.056	975.25	0	975.25
511.175	900.5	0	900.5
511.294	895.5	0	895.5
511.412	1006	0	1006
511.531	1208.25	0	1208.25
511.649	1120.25	0	1120.25
511.768	902.75	0	902.75
511.887	812.75	0	812.75
512.005	725	0	725
512.124	732.75	0	732.75
512.242	707.25	0	707.25
512.361	691	0	691
512.479	673.5	0	673.5
512.598	699.5	0	699.5
512.716	662	0	662
512.835	629.25	0	629.25
512.953	621.5	0	621.5
513.072	612.75	0	612.75
513.19	624.75	0	624.75
513.308	624.5	0	624.5
513.427	602.25	0	602.25
513.545	616.25	0	616.25
513.664	594.5	0	594.5
513.782	609.5	0	609.5
513.9	590.75	0	590.75
514.018	611.25	0	611.25
514.137	581.75	0	581.75
514.255	624.75	0	624.75
514.373	666.75	0	666.75
514.491	652.5	0	652.5
514.609	656.25	0	656.25
514.728	710	0	710
514.846	692.5	0	692.5
514.964	735	0	735
515.082	744.25	0	744.25
515.2	770.75	0	770.75
515.318	827	0	827
515.436	852.75	0	852.75
515.554	907	0	907
515.672	996.75	0	996.75
515.79	1057.5	0	1057.5
515.908	1218	0	1218
516.026	1405.5	0	1405.5
516.144	1799.5	0	1799.5
516.262	2450	0	2450
516.38	1512.75	0	1512.75
516.498	1099.5	0	1099.5
516.616	987.75	0	987.75
516.734	857.25	0	857.25
516.852	831	0	831
516.969	757.5	0	757.5
517.087	730.25	0	730.25
517.205	695.5	0	695.5
517.323	699.75	0	699.75
517.44	674	0	674
517.558	650.25	0	650.25
517.676	614.25	0	614.25
517.794	629.25	0	629.25
517.911	593	0	593
518.029	608.5	0	608.5
518.147	592.75	0	592.75
518.264	581.75	0	581.75
518.382	569.25	0	569.25
518.5	583	0	583
518.617	560.25	0	560.25
518.735	557	0	557
518.852	558	0	558
518.97	573.25	0	573.25
519.087	524	0	524
519.205	561.75	0	561.75
519.322	513.5	0	513.5
519.44	562.5	0	562.5
519.557	564.25	0	564.25
519.674	553	0	553
519.792	564.5	0	564.5
519.909	585.25	0	585.25
520.026	579.25	0	579.25
520.144	584.75	0	584.75
520.261	579.5	0	579.5
520.378	617.25	0	617.25
520.496	657.25	0	657.25
520.613	650.75	0	650.75
520.73	675.5	0	675.5
520.847	657.75	0	657.75
520.965	604.75	0	604.75
521.082	608.75	0	608.75
521.199	569.5	0	569.5
521.316	602.25	0	602.25
521.433	593	0	593
521.55	593	0	593
521.667	626	0	626
521.785	624.75	0	624.75
521.902	609.75	0	609.75
522.019	626.5	0	626.5
522.136	639.5	0	639.5
522.253	622.5	0	622.5
522.37	647	0	647
522.487	632	0	632
522.604	712.25	0	712.25
522.721	713.25	0	713.25
522.838	713.75	0	713.75
522.954	756	0	756
523.071	782.5	0	782.5
523.188	924.25	0	924.25
523.305	1092.75	0	1092.75
523.422	1064.5	0	1064.5
523.539	816	0	816
523.655	752.25	0	752.25
523.772	708.25	0	708.25
523.889	693.5	0	693.5
524.006	675.75	0	675.75
524.122	711.5	0	711.5
524.239	657.25	0	657.25
524.356	694.75	0	694.75
524.472	664.75	0	664.75
524.589	659.5	0	659.5
524.706	657.25	0	657.25
524.822	679.25	0	679.25
524.939	659.5	0	659.5
525.055	713.5	0	713.5
525.172	672.75	0	672.75
525.289	720.25	0	720.25
525.405	705.75	0	705.75
525.522	748.25	0	748.25
525.638	729.75	0	729.75
525.754	676.5	0	676.5
525.871	679.75	0	679.75
525.987	680	0	680
526.104	655.25	0	655.25
526.22	688.5	0	688.5
526.336	679.75	0	679.75
526.453	690.5	0	690.5
526.569	714.5	0	714.5
526.685	707.75	0	707.75
526.802	750.75	0	750.75
526.918	746	0	746
527.034	697.25	0	697.25
527.151	756.75	0	756.75
527.267	804.5	0	804.5
527.383	786.5	0	786.5
527.499	818	0	818
527.615	878.75	0	878.75
527.732	859.5	0	859.5
527.848	901.75	0	901.75
527.964	935.25	0	935.25
528.08	917.5	0	917.5
528.196	941.5	0	941.5
528.312	991.25	0	991.25
528.428	1029.5	0	1029.5
528.544	1100.75	0	1100.75
528.66	1174.75	0	1174.75
528.776	1213.25	0	1213.25
528.892	1304.75	0	1304.75
529.008	1427.75	0	1427.75
529.124	1554	0	1554
529.24	1838	0	1838
529.356	2456.25	0	2456.25
529.471	2676.5	0	2676.5
529.587	1747.5	0	1747.5
529.703	1376	0	1376
529.819	1229.5	0	1229.5
529.935	1103.75	0	1103.75
530.05	1072.75	0	1072.75
530.166	993.25	0	993.25
530.282	986	0	986
530.398	947.75	0	947.75
530.513	934.5	0	934.5
530.629	894	0	894
530.745	879.25	0	879.25
530.86	899	0	899
530.976	940	0	940
531.092	967.25	0	967.25
531.207	933.5	0	933.5
531.323	850.75	0	850.75
531.438	832	0	832
531.554	788	0	788
531.669	759.25	0	759.25
531.785	773.75	0	773.75
531.9	763.5	0	763.5
532.016	734.5	0	734.5
532.131	718.5	0	718.5
532.247	746.25	0	746.25
532.362	746	0	746
532.477	719.25	0	719.25
532.593	698.75	0	698.75
532.708	691.75	0	691.75
532.823	698.75	0	698.75
532.939	685	0	685
533.054	690.75	0	690.75
533.169	682	0	682
533.285	687.5	0	687.5
533.4	709.5	0	709.5
533.515	700	0	700
533.63	709	0	709
533.745	716.5	0	716.5
533.861	731.75	0	731.75
533.976	707.25	0	707.25
534.091	776.5	0	776.5
534.206	762.5	0	762.5
534.321	821.75	0	821.75
534.436	818.5	0	818.5
534.551	754.75	0	754.75
534.666	749.25	0	749.25
534.781	733.75	0	733.75
534.896	748.5	0	748.5
535.011	744.75	0	744.75
535.126	742.5	0	742.5
535.241	747.75	0	747.75
535.356	766.5	0	766.5
535.471	752.75	0	752.75
535.586	762	0	762
535.701	788.75	0	788.75
535.815	771.5	0	771.5
535.93	811.25	0	811.25
536.045	829	0	829
536.16	871.5	0	871.5