Lambda	Spectrum	Dark	SpecMinusDark
268.175	173	0	173
268.319	177.75	0	177.75
268.463	160.25	0	160.25
268.607	135	0	135
268.751	162.25	0	162.25
268.895	159	0	159
269.039	141.25	0	141.25
269.183	138.25	0	138.25
269.327	152.75	0	152.75
269.47	158.75	0	158.75
269.614	175.75	0	175.75
269.758	226.75	0	226.75
269.902	214	0	214
270.046	269.5	0	269.5
270.19	282.25	0	282.25
270.334	272	0	272
270.477	272.25	0	272.25
270.621	237	0	237
270.765	195.5	0	195.5
270.909	202.25	0	202.25
271.053	197.75	0	197.75
271.196	200.25	0	200.25
271.34	187.25	0	187.25
271.484	205.75	0	205.75
271.628	244	0	244
271.771	253	0	253
271.915	239	0	239
272.059	210.25	0	210.25
272.202	192.75	0	192.75
272.346	181	0	181
272.49	199.25	0	199.25
272.634	197.5	0	197.5
272.777	225	0	225
272.921	255	0	255
273.064	260.25	0	260.25
273.208	359.25	0	359.25
273.352	324	0	324
273.495	303	0	303
273.639	267.25	0	267.25
273.783	250.25	0	250.25
273.926	200	0	200
274.07	213	0	213
274.213	236.25	0	236.25
274.357	227.75	0	227.75
274.5	217.5	0	217.5
274.644	251	0	251
274.787	243.75	0	243.75
274.931	241.25	0	241.25
275.074	238.25	0	238.25
275.218	241.25	0	241.25
275.361	284.25	0	284.25
275.505	270	0	270
275.648	239.5	0	239.5
275.792	214.25	0	214.25
275.935	237.5	0	237.5
276.079	246.25	0	246.25
276.222	254.25	0	254.25
276.366	240.25	0	240.25
276.509	221.5	0	221.5
276.652	251.25	0	251.25
276.796	264.5	0	264.5
276.939	268.25	0	268.25
277.082	328.5	0	328.5
277.226	332.25	0	332.25
277.369	351.5	0	351.5
277.513	326.75	0	326.75
277.656	299	0	299
277.799	307.25	0	307.25
277.942	299.5	0	299.5
278.086	268.75	0	268.75
278.229	272.75	0	272.75
278.372	265.5	0	265.5
278.516	278.5	0	278.5
278.659	282.25	0	282.25
278.802	260.25	0	260.25
278.945	254	0	254
279.089	252	0	252
279.232	271.75	0	271.75
279.375	252.5	0	252.5
279.518	260.75	0	260.75
279.661	270.25	0	270.25
279.805	257	0	257
279.948	268.25	0	268.25
280.091	265.75	0	265.75
280.234	289.25	0	289.25
280.377	274.75	0	274.75
280.52	278.25	0	278.25
280.663	289.25	0	289.25
280.806	281.75	0	281.75
280.95	298.75	0	298.75
281.093	282.75	0	282.75
281.236	322.75	0	322.75
281.379	391	0	391
281.522	450	0	450
281.665	372.75	0	372.75
281.808	328.5	0	328.5
281.951	331.25	0	331.25
282.094	316.5	0	316.5
282.237	307.75	0	307.75
282.38	351.5	0	351.5
282.523	358	0	358
282.666	431.75	0	431.75
282.809	449	0	449
282.952	489.5	0	489.5
283.095	400	0	400
283.238	336.5	0	336.5
283.381	349.75	0	349.75
283.523	329.5	0	329.5
283.666	321	0	321
283.809	340	0	340
283.952	324.5	0	324.5
284.095	346.5	0	346.5
284.238	384	0	384
284.381	382	0	382
284.524	420.25	0	420.25
284.666	487.75	0	487.75
284.809	456.5	0	456.5
284.952	405.5	0	405.5
285.095	389.75	0	389.75
285.238	388.25	0	388.25
285.38	371.75	0	371.75
285.523	343.75	0	343.75
285.666	337	0	337
285.809	327	0	327
285.951	353	0	353
286.094	362.5	0	362.5
286.237	422.25	0	422.25
286.38	445.5	0	445.5
286.522	409.75	0	409.75
286.665	386.5	0	386.5
286.808	401	0	401
286.95	453.75	0	453.75
287.093	466.5	0	466.5
287.236	395.5	0	395.5
287.378	368.5	0	368.5
287.521	348.5	0	348.5
287.663	367.25	0	367.25
287.806	353.75	0	353.75
287.949	356	0	356
288.091	368.75	0	368.75
288.234	360.5	0	360.5
288.376	399.75	0	399.75
288.519	396.75	0	396.75
288.661	418	0	418
288.804	436.75	0	436.75
288.946	468.75	0	468.75
289.089	549.25	0	549.25
289.231	562.5	0	562.5
289.374	549.75	0	549.75
289.516	476.5	0	476.5
289.659	464.75	0	464.75
289.801	437.75	0	437.75
289.944	417	0	417
290.086	444	0	444
290.229	445.5	0	445.5
290.371	455.5	0	455.5
290.513	457.75	0	457.75
290.656	484	0	484
290.798	510.25	0	510.25
290.941	502.25	0	502.25
291.083	543	0	543
291.225	546.5	0	546.5
291.368	468.75	0	468.75
291.51	452.75	0	452.75
291.652	478.5	0	478.5
291.795	514.5	0	514.5
291.937	503.5	0	503.5
292.079	526	0	526
292.221	575.75	0	575.75
292.364	541.25	0	541.25
292.506	544.5	0	544.5
292.648	588.75	0	588.75
292.79	710.75	0	710.75
292.933	794	0	794
293.075	671	0	671
293.217	600.75	0	600.75
293.359	578.75	0	578.75
293.502	566.5	0	566.5
293.644	570.25	0	570.25
293.786	559.5	0	559.5
293.928	515.25	0	515.25
294.07	529.5	0	529.5
294.212	544.5	0	544.5
294.354	591.75	0	591.75
294.497	656	0	656
294.639	601.75	0	601.75
294.781	545.5	0	545.5
294.923	513.25	0	513.25
295.065	520.75	0	520.75
295.207	551.5	0	551.5
295.349	537.75	0	537.75
295.491	549.75	0	549.75
295.633	600	0	600
295.775	581	0	581
295.917	580	0	580
296.059	556.5	0	556.5
296.201	559.25	0	559.25
296.343	556	0	556
296.485	547.25	0	547.25
296.627	502.5	0	502.5
296.769	523	0	523
296.911	523.25	0	523.25
297.053	512.25	0	512.25
297.195	548.75	0	548.75
297.337	522.5	0	522.5
297.478	532.5	0	532.5
297.62	544	0	544
297.762	534.25	0	534.25
297.904	515.75	0	515.75
298.046	519.25	0	519.25
298.188	562.5	0	562.5
298.33	550	0	550
298.471	575	0	575
298.613	583	0	583
298.755	609	0	609
298.897	595.75	0	595.75
299.038	543.25	0	543.25
299.18	519.5	0	519.5
299.322	592.75	0	592.75
299.464	691	0	691
299.605	906.25	0	906.25
299.747	963.75	0	963.75
299.889	785.5	0	785.5
300.031	671	0	671
300.172	659.25	0	659.25
300.314	532.75	0	532.75
300.456	494.25	0	494.25
300.597	501.75	0	501.75
300.739	535.25	0	535.25
300.881	518.75	0	518.75
301.022	540.75	0	540.75
301.164	569.25	0	569.25
301.305	613.25	0	613.25
301.447	582.75	0	582.75
301.589	555.75	0	555.75
301.73	536.5	0	536.5
301.872	492.5	0	492.5
302.013	505.75	0	505.75
302.155	552.75	0	552.75
302.296	580.5	0	580.5
302.438	566.5	0	566.5
302.579	520.25	0	520.25
302.721	490.25	0	490.25
302.862	546	0	546
303.004	539	0	539
303.145	512.25	0	512.25
303.287	573	0	573
303.428	653.25	0	653.25
303.569	693.75	0	693.75
303.711	639.5	0	639.5
303.852	701	0	701
303.994	834.5	0	834.5
304.135	1022.5	0	1022.5
304.276	886	0	886
304.418	753	0	753
304.559	733	0	733
304.7	710	0	710
304.842	637.75	0	637.75
304.983	606.75	0	606.75
305.124	602	0	602
305.266	653.75	0	653.75
305.407	678	0	678
305.548	669.75	0	669.75
305.69	686.5	0	686.5
305.831	722.25	0	722.25
305.972	829.5	0	829.5
306.113	1012.75	0	1012.75
306.254	1342	0	1342
306.396	1413.5	0	1413.5
306.537	1245.25	0	1245.25
306.678	1012	0	1012
306.819	971.5	0	971.5
306.96	950.75	0	950.75
307.102	949.25	0	949.25
307.243	993.5	0	993.5
307.384	1061	0	1061
307.525	894	0	894
307.666	834.5	0	834.5
307.807	843.5	0	843.5
307.948	878.75	0	878.75
308.089	795.25	0	795.25
308.23	823	0	823
308.371	939.5	0	939.5
308.513	1081.75	0	1081.75
308.654	902.25	0	902.25
308.795	840.25	0	840.25
308.936	822.75	0	822.75
309.077	805.25	0	805.25
309.218	903.75	0	903.75
309.359	995.25	0	995.25
309.499	902.5	0	902.5
309.64	837.5	0	837.5
309.781	911.5	0	911.5
309.922	1079	0	1079
310.063	1051	0	1051
310.204	850.25	0	850.25
310.345	740.5	0	740.5
310.486	709.75	0	709.75
310.627	735.75	0	735.75
310.768	734	0	734
310.909	825	0	825
311.049	995.75	0	995.75
311.19	938.25	0	938.25
311.331	831.5	0	831.5
311.472	810.75	0	810.75
311.613	767.5	0	767.5
311.753	785.75	0	785.75
311.894	823.75	0	823.75
312.035	867.5	0	867.5
312.176	925	0	925
312.316	866	0	866
312.457	918.5	0	918.5
312.598	964.25	0	964.25
312.739	1164.25	0	1164.25
312.879	1519.25	0	1519.25
313.02	1953.5	0	1953.5
313.161	2205	0	2205
313.301	2076.75	0	2076.75
313.442	1700	0	1700
313.583	1457.75	0	1457.75
313.723	1290	0	1290
313.864	1223.5	0	1223.5
314.005	1097.25	0	1097.25
314.145	1036	0	1036
314.286	1005.75	0	1005.75
314.426	986.5	0	986.5
314.567	989.5	0	989.5
314.707	1005.75	0	1005.75
314.848	896.75	0	896.75
314.989	920	0	920
315.129	943.5	0	943.5
315.27	1049.75	0	1049.75
315.41	1192.25	0	1192.25
315.551	1615	0	1615
315.691	1821.75	0	1821.75
315.831	1538.25	0	1538.25
315.972	1209.25	0	1209.25
316.112	1097.75	0	1097.75
316.253	1108.75	0	1108.75
316.393	1128.5	0	1128.5
316.534	1248	0	1248
316.674	1676.75	0	1676.75
316.814	2181.25	0	2181.25
316.955	2321.5	0	2321.5
317.095	2067	0	2067
317.236	1620	0	1620
317.376	1423.75	0	1423.75
317.516	1309.75	0	1309.75
317.656	1168	0	1168
317.797	1220	0	1220
317.937	1214.75	0	1214.75
318.077	1242.5	0	1242.5
318.218	1387.75	0	1387.75
318.358	1421	0	1421
318.498	1305.75	0	1305.75
318.638	1240.5	0	1240.5
318.779	1271.5	0	1271.5
318.919	1444	0	1444
319.059	1773.75	0	1773.75
319.199	2379	0	2379
319.34	2467	0	2467
319.48	2162.75	0	2162.75
319.62	1723.25	0	1723.25
319.76	1491	0	1491
319.9	1489.25	0	1489.25
320.04	1456.5	0	1456.5
320.18	1511.25	0	1511.25
320.32	1890.25	0	1890.25
320.461	1940.75	0	1940.75
320.601	1852.75	0	1852.75
320.741	1948.5	0	1948.5
320.881	1842.75	0	1842.75
321.021	1605.5	0	1605.5
321.161	1483.5	0	1483.5
321.301	1486.25	0	1486.25
321.441	1452.75	0	1452.75
321.581	1211.75	0	1211.75
321.721	1119.25	0	1119.25
321.861	1180	0	1180
322.001	1238.75	0	1238.75
322.141	1262.75	0	1262.75
322.281	1082.5	0	1082.5
322.421	1102.5	0	1102.5
322.561	1270	0	1270
322.7	1561.75	0	1561.75
322.84	1521	0	1521
322.98	1483	0	1483
323.12	1528.75	0	1528.75
323.26	1723.75	0	1723.75
323.4	1544	0	1544
323.54	1551.75	0	1551.75
323.68	1491.5	0	1491.5
323.819	1303.25	0	1303.25
323.959	1267	0	1267
324.099	1149.75	0	1149.75
324.239	1123	0	1123
324.379	1228	0	1228
324.518	1296.25	0	1296.25
324.658	1307.75	0	1307.75
324.798	1248	0	1248
324.937	1258.25	0	1258.25
325.077	1291	0	1291
325.217	1293	0	1293
325.357	1405.5	0	1405.5
325.496	1624.75	0	1624.75
325.636	1471.75	0	1471.75
325.776	1370.75	0	1370.75
325.915	1470.5	0	1470.5
326.055	1559.5	0	1559.5
326.195	1814	0	1814
326.334	1813.25	0	1813.25
326.474	1566	0	1566
326.613	1378.5	0	1378.5
326.753	1355.25	0	1355.25
326.892	1438.75	0	1438.75
327.032	1521.75	0	1521.75
327.172	1266.75	0	1266.75
327.311	1181.25	0	1181.25
327.451	1169.5	0	1169.5
327.59	1213.5	0	1213.5
327.73	1212.25	0	1212.25
327.869	1238	0	1238
328.009	1282.5	0	1282.5
328.148	1361.75	0	1361.75
328.288	1482.5	0	1482.5
328.427	1707.75	0	1707.75
328.566	1752.25	0	1752.25
328.706	2001.75	0	2001.75
328.845	2297.75	0	2297.75
328.985	2153.25	0	2153.25
329.124	1742.75	0	1742.75
329.263	1535.75	0	1535.75
329.403	1512.25	0	1512.25
329.542	1449.5	0	1449.5
329.681	1431	0	1431
329.821	1507	0	1507
329.96	1879.25	0	1879.25
330.099	2061.25	0	2061.25
330.239	1853	0	1853
330.378	1785.5	0	1785.5
330.517	1707.75	0	1707.75
330.656	1597.25	0	1597.25
330.796	1420.5	0	1420.5
330.935	1418.5	0	1418.5
331.074	1390.5	0	1390.5
331.213	1438.5	0	1438.5
331.352	1376	0	1376
331.492	1327.25	0	1327.25
331.631	1305	0	1305
331.77	1381.25	0	1381.25
331.909	1494.5	0	1494.5
332.048	1540	0	1540
332.187	1739.5	0	1739.5
332.327	1966	0	1966
332.466	1857.5	0	1857.5
332.605	1729.25	0	1729.25
332.744	1563.25	0	1563.25
332.883	1390.25	0	1390.25
333.022	1348.25	0	1348.25
333.161	1354.25	0	1354.25
333.3	1379.5	0	1379.5
333.439	1373.75	0	1373.75
333.578	1406	0	1406
333.717	1387.25	0	1387.25
333.856	1493.5	0	1493.5
333.995	1524.25	0	1524.25
334.134	1670.25	0	1670.25
334.273	2108	0	2108
334.412	2272	0	2272
334.551	1992.75	0	1992.75
334.69	1775	0	1775
334.828	1633.25	0	1633.25
334.967	1522.25	0	1522.25
335.106	1477	0	1477
335.245	1549.25	0	1549.25
335.384	1700.5	0	1700.5
335.523	1958	0	1958
335.662	2430.75	0	2430.75
335.8	2345.75	0	2345.75
335.939	2128.75	0	2128.75
336.078	2177.5	0	2177.5
336.217	2203	0	2203
336.356	2014.25	0	2014.25
336.494	1763.5	0	1763.5
336.633	1695.75	0	1695.75
336.772	1619.75	0	1619.75
336.911	1566.75	0	1566.75
337.049	1580.25	0	1580.25
337.188	1587.5	0	1587.5
337.327	1665.5	0	1665.5
337.465	1734.75	0	1734.75
337.604	1842.5	0	1842.5
337.743	2166.5	0	2166.5
337.881	2344.25	0	2344.25
338.02	2297	0	2297
338.158	2496	0	2496
338.297	2844.5	0	2844.5
338.436	2667.75	0	2667.75
338.574	2128.5	0	2128.5
338.713	1959.5	0	1959.5
338.851	1858.75	0	1858.75
338.99	1759.75	0	1759.75
339.128	1785.75	0	1785.75
339.267	1757.75	0	1757.75
339.405	1641	0	1641
339.544	1692	0	1692
339.682	1648.25	0	1648.25
339.821	1636.5	0	1636.5
339.959	1732.75	0	1732.75
340.098	1989.5	0	1989.5
340.236	2553.75	0	2553.75
340.375	3170.25	0	3170.25
340.513	3485	0	3485
340.651	3257	0	3257
340.79	3025.5	0	3025.5
340.928	2839.5	0	2839.5
341.067	3125	0	3125
341.205	3306.5	0	3306.5
341.343	3614.25	0	3614.25
341.482	3887.75	0	3887.75
341.62	3857	0	3857
341.758	3814	0	3814
341.897	3754.5	0	3754.5
342.035	3442.25	0	3442.25
342.173	3220.75	0	3220.75
342.311	3202	0	3202
342.45	2897.25	0	2897.25
342.588	2625.75	0	2625.75
342.726	2326	0	2326
342.864	2073.5	0	2073.5
343.002	2062.25	0	2062.25
343.141	2306.75	0	2306.75
343.279	2776.75	0	2776.75
343.417	3391.5	0	3391.5
343.555	3398	0	3398
343.693	3192.75	0	3192.75
343.831	2957.25	0	2957.25
343.969	2831.5	0	2831.5
344.108	2802.5	0	2802.5
344.246	2837	0	2837
344.384	3190.25	0	3190.25
344.522	3933.75	0	3933.75
344.66	4047	0	4047
344.798	3485.25	0	3485.25
344.936	3056.75	0	3056.75
345.074	2864.25	0	2864.25
345.212	2731.25	0	2731.25
345.35	2623.5	0	2623.5
345.488	2818.5	0	2818.5
345.626	2697	0	2697
345.764	2572.5	0	2572.5
345.902	2912.75	0	2912.75
346.04	2715	0	2715
346.178	2358.75	0	2358.75
346.315	2382.75	0	2382.75
346.453	2692.75	0	2692.75
346.591	2968.25	0	2968.25
346.729	2926	0	2926
346.867	2763.25	0	2763.25
347.005	2452.5	0	2452.5
347.143	2231.75	0	2231.75
347.28	2218.25	0	2218.25
347.418	2317.25	0	2317.25
347.556	2121.25	0	2121.25
347.694	2141.5	0	2141.5
347.832	2366	0	2366
347.969	2561.5	0	2561.5
348.107	2589.25	0	2589.25
348.245	2638.5	0	2638.5
348.382	2722.25	0	2722.25
348.52	2472.25	0	2472.25
348.658	2131.25	0	2131.25
348.796	2134.5	0	2134.5
348.933	2138.25	0	2138.25
349.071	2203.5	0	2203.5
349.209	2223.25	0	2223.25
349.346	2043.5	0	2043.5
349.484	1972.75	0	1972.75
349.621	2001	0	2001
349.759	2111.75	0	2111.75
349.897	2123	0	2123
350.034	2225.75	0	2225.75
350.172	2620.25	0	2620.25
350.309	3200	0	3200
350.447	3166.25	0	3166.25
350.584	2936.5	0	2936.5
350.722	2895.25	0	2895.25
350.859	2556.25	0	2556.25
350.997	2317.25	0	2317.25
351.134	2271.75	0	2271.75
351.272	2287	0	2287
351.409	2342.75	0	2342.75
351.547	2482.5	0	2482.5
351.684	2671.75	0	2671.75
351.822	2746.25	0	2746.25
351.959	3014	0	3014
352.096	3233.25	0	3233.25
352.234	2961.75	0	2961.75
352.371	2943.25	0	2943.25
352.508	2686.25	0	2686.25
352.646	2370.75	0	2370.75
352.783	2285.25	0	2285.25
352.92	2276.25	0	2276.25
353.058	2261.75	0	2261.75
353.195	2379	0	2379
353.332	2520	0	2520
353.469	2808	0	2808
353.607	3172.75	0	3172.75
353.744	2900.75	0	2900.75
353.881	2749	0	2749
354.018	2814.25	0	2814.25
354.156	2798.5	0	2798.5
354.293	2603.75	0	2603.75
354.43	2432.5	0	2432.5
354.567	2477.75	0	2477.75
354.704	2399.75	0	2399.75
354.841	2315	0	2315
354.979	2366.5	0	2366.5
355.116	2490	0	2490
355.253	2539.5	0	2539.5
355.39	2600.75	0	2600.75
355.527	2854	0	2854
355.664	3158.5	0	3158.5
355.801	3102	0	3102
355.938	2880.5	0	2880.5
356.075	2987	0	2987
356.212	3114.75	0	3114.75
356.349	2960.25	0	2960.25
356.486	3033.25	0	3033.25
356.623	2911.75	0	2911.75
356.76	2868.25	0	2868.25
356.897	3090	0	3090
357.034	3118	0	3118
357.171	3037.25	0	3037.25
357.308	3104.25	0	3104.25
357.445	2864.75	0	2864.75
357.582	2786.75	0	2786.75
357.718	2767	0	2767
357.855	3116	0	3116
357.992	3752.25	0	3752.25
358.129	3846.25	0	3846.25
358.266	3144.5	0	3144.5
358.403	2944.75	0	2944.75
358.539	3021	0	3021
358.676	2824.5	0	2824.5
358.813	2862.75	0	2862.75
358.95	3007	0	3007
359.086	3021.5	0	3021.5
359.223	2776.25	0	2776.25
359.36	2792.75	0	2792.75
359.497	2908.75	0	2908.75
359.633	2909	0	2909
359.77	3111.5	0	3111.5
359.907	2951.25	0	2951.25
360.043	2945.25	0	2945.25
360.18	3068	0	3068
360.317	2920.75	0	2920.75
360.453	2823.75	0	2823.75
360.59	2875	0	2875
360.727	2883.25	0	2883.25
360.863	2944.25	0	2944.25
361	3226.5	0	3226.5
361.136	4068.75	0	4068.75
361.273	5120.5	0	5120.5
361.409	4720	0	4720
361.546	3609.25	0	3609.25
361.682	3162.5	0	3162.5
361.819	2912	0	2912
361.955	3025.5	0	3025.5
362.092	3328	0	3328
362.228	4240	0	4240
362.365	4748.75	0	4748.75
362.501	4083.75	0	4083.75
362.638	3950.25	0	3950.25
362.774	3859.75	0	3859.75
362.91	3446.5	0	3446.5
363.047	3111.75	0	3111.75
363.183	3282.5	0	3282.5
363.319	3790	0	3790
363.456	4332.5	0	4332.5
363.592	3837.5	0	3837.5
363.728	3691.5	0	3691.5
363.865	3544	0	3544
364.001	3481.5	0	3481.5
364.137	3391	0	3391
364.274	3170.75	0	3170.75
364.41	3062	0	3062
364.546	3038.5	0	3038.5
364.682	3132.5	0	3132.5
364.819	3183	0	3183
364.955	3236.25	0	3236.25
365.091	3232.5	0	3232.5
365.227	3149.5	0	3149.5
365.363	3338.25	0	3338.25
365.499	3601.25	0	3601.25
365.636	4358.25	0	4358.25
365.772	5039.5	0	5039.5
365.908	4904.25	0	4904.25
366.044	4490	0	4490
366.18	4596.25	0	4596.25
366.316	4885	0	4885
366.452	4848.25	0	4848.25
366.588	4457.5	0	4457.5
366.724	4236.5	0	4236.5
366.86	4061	0	4061
366.996	4180	0	4180
367.132	4373	0	4373
367.268	4153.75	0	4153.75
367.404	3704	0	3704
367.54	3467.5	0	3467.5
367.676	3528.75	0	3528.75
367.812	4123	0	4123
367.948	4994.25	0	4994.25
368.084	4303	0	4303
368.22	3588	0	3588
368.356	3423	0	3423
368.492	3418.25	0	3418.25
368.627	3637.75	0	3637.75
368.763	3828.25	0	3828.25
368.899	3832	0	3832
369.035	3777.75	0	3777.75
369.171	3970.75	0	3970.75
369.306	4727.75	0	4727.75
369.442	4713.25	0	4713.25
369.578	3921.25	0	3921.25
369.714	3603.5	0	3603.5
369.85	3513.75	0	3513.75
369.985	3585.5	0	3585.5
370.121	3688	0	3688
370.257	3458.75	0	3458.75
370.392	3398.5	0	3398.5
370.528	3353.5	0	3353.5
370.664	3363.5	0	3363.5
370.799	3349	0	3349
370.935	3256.25	0	3256.25
371.071	3358.75	0	3358.75
371.206	3572.5	0	3572.5
371.342	3870.25	0	3870.25
371.477	4228.75	0	4228.75
371.613	3889.75	0	3889.75
371.749	3748.75	0	3748.75
371.884	3700.25	0	3700.25
372.02	3544.5	0	3544.5
372.155	3437.5	0	3437.5
372.291	3644.25	0	3644.25
372.426	4039.5	0	4039.5
372.562	4373	0	4373
372.697	4517.25	0	4517.25
372.833	3891	0	3891
372.968	3600.75	0	3600.75
373.103	4206	0	4206
373.239	4213	0	4213
373.374	3901.5	0	3901.5
373.51	3657.5	0	3657.5
373.645	3531.75	0	3531.75
373.78	3459.5	0	3459.5
373.916	3648.25	0	3648.25
374.051	3847.25	0	3847.25
374.186	3857	0	3857
374.322	3690	0	3690
374.457	3490.5	0	3490.5
374.592	3639.25	0	3639.25
374.728	3710	0	3710
374.863	3521.5	0	3521.5
374.998	3433.75	0	3433.75
375.133	3339.25	0	3339.25
375.268	3286.5	0	3286.5
375.404	3459	0	3459
375.539	3530	0	3530
375.674	3580	0	3580
375.809	3654	0	3654
375.944	3712.75	0	3712.75
376.08	3702.75	0	3702.75
376.215	3760	0	3760
376.35	3859.75	0	3859.75
376.485	3754.5	0	3754.5
376.62	3673.25	0	3673.25
376.755	3850	0	3850
376.89	4263.25	0	4263.25
377.025	4339.5	0	4339.5
377.16	4117	0	4117
377.295	3616.25	0	3616.25
377.43	3571.25	0	3571.25
377.565	3813.25	0	3813.25
377.7	3729.5	0	3729.5
377.835	4036	0	4036
377.97	4168	0	4168
378.105	4152.25	0	4152.25
378.24	3954.5	0	3954.5
378.375	3983.75	0	3983.75
378.51	3942.75	0	3942.75
378.645	4011.5	0	4011.5
378.78	4116.5	0	4116.5
378.914	4136.75	0	4136.75
379.049	4582.25	0	4582.25
379.184	5292	0	5292
379.319	6348.5	0	6348.5
379.454	8508.25	0	8508.25
379.589	11023.8	0	11023.8
379.723	12240.8	0	12240.8
379.858	11207.2	0	11207.2
379.993	9184.75	0	9184.75
380.128	7271.5	0	7271.5
380.262	6043	0	6043
380.397	5285.25	0	5285.25
380.532	4935.25	0	4935.25
380.666	4632.25	0	4632.25
380.801	4390.25	0	4390.25
380.936	4264.75	0	4264.75
381.07	4352.75	0	4352.75
381.205	4143	0	4143
381.34	4067.75	0	4067.75
381.474	4052	0	4052
381.609	4207	0	4207
381.744	4669.75	0	4669.75
381.878	4773	0	4773
382.013	4440.25	0	4440.25
382.147	4384.5	0	4384.5
382.282	4524.75	0	4524.75
382.416	4806	0	4806
382.551	5513.25	0	5513.25
382.685	6026.25	0	6026.25
382.82	5961.5	0	5961.5
382.954	5559	0	5559
383.089	5608.75	0	5608.75
383.223	6445.25	0	6445.25
383.357	5894	0	5894
383.492	4740.75	0	4740.75
383.626	4122.75	0	4122.75
383.761	4104	0	4104
383.895	4006	0	4006
384.029	3886.5	0	3886.5
384.164	3977.75	0	3977.75
384.298	4126	0	4126
384.432	4544.25	0	4544.25
384.567	5003	0	5003
384.701	5094.5	0	5094.5
384.835	4603	0	4603
384.97	4362.75	0	4362.75
385.104	4438.25	0	4438.25
385.238	4393.25	0	4393.25
385.372	4522.25	0	4522.25
385.506	4669.25	0	4669.25
385.641	4884.5	0	4884.5
385.775	5359	0	5359
385.909	6297.25	0	6297.25
386.043	8607	0	8607
386.177	11864.8	0	11864.8
386.311	13342.5	0	13342.5
386.446	11787	0	11787
386.58	8864	0	8864
386.714	7650	0	7650
386.848	6738.25	0	6738.25
386.982	5613.25	0	5613.25
387.116	5082.25	0	5082.25
387.25	4895	0	4895
387.384	4744.25	0	4744.25
387.518	4445.75	0	4445.75
387.652	4382	0	4382
387.786	4300.25	0	4300.25
387.92	4287.25	0	4287.25
388.054	4085.75	0	4085.75
388.188	4244.75	0	4244.75
388.322	4276.5	0	4276.5
388.456	4772.5	0	4772.5
388.59	5344.75	0	5344.75
388.723	4916.75	0	4916.75
388.857	4485	0	4485
388.991	4356	0	4356
389.125	4387.75	0	4387.75
389.259	4433.25	0	4433.25
389.393	4608	0	4608
389.526	4769.25	0	4769.25
389.66	5069.5	0	5069.5
389.794	5656.75	0	5656.75
389.928	7476.25	0	7476.25
390.062	10936.8	0	10936.8
390.195	12850.2	0	12850.2
390.329	10735.5	0	10735.5
390.463	7969.5	0	7969.5
390.596	6574.5	0	6574.5
390.73	5700	0	5700
390.864	5296	0	5296
390.997	5090.75	0	5090.75
391.131	4932	0	4932
391.265	4778.75	0	4778.75
391.398	4762.75	0	4762.75
391.532	5006	0	5006
391.665	4860.75	0	4860.75
391.799	4602.5	0	4602.5
391.933	4511.25	0	4511.25
392.066	4509	0	4509
392.2	4641.75	0	4641.75
392.333	4756	0	4756
392.467	4553	0	4553
392.6	4449.75	0	4449.75
392.734	4362.25	0	4362.25
392.867	4457	0	4457
393.001	4208.75	0	4208.75
393.134	4190.5	0	4190.5
393.267	4171.25	0	4171.25
393.401	4311.25	0	4311.25
393.534	4265.25	0	4265.25
393.668	4168.5	0	4168.5
393.801	4233	0	4233
393.934	4332.25	0	4332.25
394.068	4827.5	0	4827.5
394.201	5388.75	0	5388.75
394.334	4906.5	0	4906.5
394.468	4508	0	4508
394.601	4480.5	0	4480.5
394.734	4521.25	0	4521.25
394.867	4348.75	0	4348.75
395.001	4297.75	0	4297.75
395.134	4303.75	0	4303.75
395.267	4389.25	0	4389.25
395.4	4380.5	0	4380.5
395.533	4311	0	4311
395.667	4328.75	0	4328.75
395.8	4467	0	4467
395.933	4456.5	0	4456.5
396.066	4452.75	0	4452.75
396.199	4488.75	0	4488.75
396.332	4605.5	0	4605.5
396.465	4833.25	0	4833.25
396.598	4757.75	0	4757.75
396.732	4662.75	0	4662.75
396.865	4529	0	4529
396.998	4529.5	0	4529.5
397.131	4874.75	0	4874.75
397.264	5257.25	0	5257.25
397.397	4988.5	0	4988.5
397.53	4689.75	0	4689.75
397.663	4709.75	0	4709.75
397.796	4728.25	0	4728.25
397.928	4853.25	0	4853.25
398.061	4936	0	4936
398.194	4729.5	0	4729.5
398.327	4631.75	0	4631.75
398.46	4821.75	0	4821.75
398.593	4764	0	4764
398.726	4591.5	0	4591.5
398.859	4461	0	4461
398.991	4750	0	4750
399.124	4761.25	0	4761.25
399.257	4819	0	4819
399.39	4592	0	4592
399.523	4600	0	4600
399.655	4667.75	0	4667.75
399.788	4800.25	0	4800.25
399.921	5058.75	0	5058.75
400.054	4948	0	4948
400.186	4714.75	0	4714.75
400.319	4652	0	4652
400.452	4592.5	0	4592.5
400.584	4766.5	0	4766.5
400.717	4791.25	0	4791.25
400.85	4949.5	0	4949.5
400.982	4897.25	0	4897.25
401.115	4851.75	0	4851.75
401.247	4910	0	4910
401.38	4822.75	0	4822.75
401.513	4757	0	4757
401.645	4809.25	0	4809.25
401.778	4823.25	0	4823.25
401.91	5068	0	5068
402.043	5127.25	0	5127.25
402.175	4938	0	4938
402.308	5174.5	0	5174.5
402.44	4999.25	0	4999.25
402.573	4846.25	0	4846.25
402.705	4852.25	0	4852.25
402.837	5044.25	0	5044.25
402.97	4915.75	0	4915.75
403.102	5064	0	5064
403.235	4914.75	0	4914.75
403.367	4879	0	4879
403.499	5056.25	0	5056.25
403.632	5513.75	0	5513.75
403.764	5208	0	5208
403.896	5006.25	0	5006.25
404.029	4954.5	0	4954.5
404.161	5087	0	5087
404.293	5096.5	0	5096.5
404.425	5058.25	0	5058.25
404.558	4904.25	0	4904.25
404.69	5045	0	5045
404.822	4861	0	4861
404.954	5046.5	0	5046.5
405.086	4996.25	0	4996.25
405.219	5080	0	5080
405.351	5365	0	5365
405.483	5852.75	0	5852.75
405.615	5880.75	0	5880.75
405.747	5757.5	0	5757.5
405.879	6100.5	0	6100.5
406.011	7265.75	0	7265.75
406.143	7565.5	0	7565.5
406.275	6088.25	0	6088.25
406.407	5819.25	0	5819.25
406.539	5907.5	0	5907.5
406.672	6218	0	6218
406.803	8609.5	0	8609.5
406.935	8650.25	0	8650.25
407.067	6737.5	0	6737.5
407.199	5711.75	0	5711.75
407.331	6259.25	0	6259.25
407.463	6778.25	0	6778.25
407.595	6306	0	6306
407.727	5891.25	0	5891.25
407.859	6605.25	0	6605.25
407.991	8647.25	0	8647.25
408.123	8214.5	0	8214.5
408.255	8280.5	0	8280.5
408.386	7735	0	7735
408.518	6492.75	0	6492.75
408.65	5654	0	5654
408.782	5463.25	0	5463.25
408.914	5312.5	0	5312.5
409.045	5324	0	5324
409.177	5180.25	0	5180.25
409.309	5287.5	0	5287.5
409.44	5438.5	0	5438.5
409.572	5578.25	0	5578.25
409.704	5800.25	0	5800.25
409.836	5474.75	0	5474.75
409.967	5615	0	5615
410.099	5812.25	0	5812.25
410.23	5538.5	0	5538.5
410.362	5853.75	0	5853.75
410.494	6330.25	0	6330.25
410.625	6972	0	6972
410.757	6324.5	0	6324.5
410.888	5488.25	0	5488.25
411.02	5286.25	0	5286.25
411.152	5332.75	0	5332.75
411.283	5273.75	0	5273.75
411.415	5350.25	0	5350.25
411.546	5483	0	5483
411.677	6321.25	0	6321.25
411.809	7868.75	0	7868.75
411.94	7699	0	7699
412.072	6454.5	0	6454.5
412.203	5950	0	5950
412.335	5906	0	5906
412.466	5620	0	5620
412.597	5644.25	0	5644.25
412.729	5928.25	0	5928.25
412.86	5757.75	0	5757.75
412.991	5912	0	5912
413.123	5998.75	0	5998.75
413.254	5753.75	0	5753.75
413.385	5466.5	0	5466.5
413.517	5497.5	0	5497.5
413.648	5552.75	0	5552.75
413.779	5398	0	5398
413.91	5697.75	0	5697.75
414.042	6563.25	0	6563.25
414.173	9608	0	9608
414.304	9619	0	9619
414.435	7401.25	0	7401.25
414.566	6196.5	0	6196.5
414.697	6268	0	6268
414.828	6111	0	6111
414.96	5804.25	0	5804.25
415.091	5561.75	0	5561.75
415.222	5691.5	0	5691.5
415.353	6382.5	0	6382.5
415.484	6660.75	0	6660.75
415.615	6780.25	0	6780.25
415.746	6039.25	0	6039.25
415.877	5672.25	0	5672.25
416.008	5636	0	5636
416.139	6171	0	6171
416.27	6163	0	6163
416.401	6150.25	0	6150.25
416.532	5691.5	0	5691.5
416.663	5641.5	0	5641.5
416.794	5585.75	0	5585.75
416.925	5744.5	0	5744.5
417.055	5717.5	0	5717.5
417.186	5526.75	0	5526.75
417.317	5545.5	0	5545.5
417.448	5665.5	0	5665.5
417.579	6112.5	0	6112.5
417.71	6398.25	0	6398.25
417.84	6135.25	0	6135.25
417.971	5989.75	0	5989.75
418.102	5971	0	5971
418.233	6167.75	0	6167.75
418.363	7098.5	0	7098.5
418.494	8430.75	0	8430.75
418.625	10016.2	0	10016.2
418.756	10867.5	0	10867.5
418.886	8327.75	0	8327.75
419.017	7010.25	0	7010.25
419.148	6560.75	0	6560.75
419.278	7189.25	0	7189.25
419.409	6785	0	6785
419.539	6030.5	0	6030.5
419.67	5812	0	5812
419.801	5763	0	5763
419.931	5906.5	0	5906.5
420.062	6049	0	6049
420.192	5796.5	0	5796.5
420.323	6058	0	6058
420.453	5912.75	0	5912.75
420.584	6162.75	0	6162.75
420.714	5814.25	0	5814.25
420.845	5721.25	0	5721.25
420.975	5587.75	0	5587.75
421.106	5751.5	0	5751.5
421.236	5475.75	0	5475.75
421.366	5680.75	0	5680.75
421.497	5621	0	5621
421.627	5775	0	5775
421.757	5783.5	0	5783.5
421.888	5764	0	5764
422.018	5855.75	0	5855.75
422.148	5820.5	0	5820.5
422.279	5949.75	0	5949.75
422.409	5851.25	0	5851.25
422.539	6085.75	0	6085.75
422.67	6005	0	6005
422.8	6076.5	0	6076.5
422.93	6684	0	6684
423.06	9143	0	9143
423.19	9900.5	0	9900.5
423.321	7975.25	0	7975.25
423.451	6780.25	0	6780.25
423.581	6522.75	0	6522.75
423.711	6577.5	0	6577.5
423.841	7426.5	0	7426.5
423.971	7800.75	0	7800.75
424.101	6683	0	6683
424.231	6349	0	6349
424.361	6454	0	6454
424.492	7149.75	0	7149.75
424.622	6419.75	0	6419.75
424.752	6251	0	6251
424.882	6426.25	0	6426.25
425.012	6991	0	6991
425.142	6918.25	0	6918.25
425.271	6581.5	0	6581.5
425.401	6645.75	0	6645.75
425.531	6402.75	0	6402.75
425.661	6217.25	0	6217.25
425.791	6061.75	0	6061.75
425.921	6592.5	0	6592.5
426.051	6431	0	6431
426.181	6012.75	0	6012.75
426.311	6179.25	0	6179.25
426.44	6318.75	0	6318.75
426.57	6649.75	0	6649.75
426.7	6994.25	0	6994.25
426.83	7492	0	7492
426.96	6813	0	6813
427.089	6509.5	0	6509.5
427.219	6928.25	0	6928.25
427.349	7194.75	0	7194.75
427.479	9793.25	0	9793.25
427.608	12904	0	12904
427.738	9855	0	9855
427.868	7469.75	0	7469.75
427.997	7010.75	0	7010.75
428.127	6217.75	0	6217.75
428.256	6398.25	0	6398.25
428.386	6622.5	0	6622.5
428.516	7479.25	0	7479.25
428.645	9283	0	9283
428.775	10574.8	0	10574.8
428.904	8852.25	0	8852.25
429.034	9428.5	0	9428.5
429.163	10971.8	0	10971.8
429.293	9593.25	0	9593.25
429.422	7115	0	7115
429.552	6456.5	0	6456.5
429.681	6176.75	0	6176.75
429.811	6051.25	0	6051.25
429.94	5919.75	0	5919.75
430.069	5855.75	0	5855.75
430.199	5808.75	0	5808.75
430.328	5642.25	0	5642.25
430.458	5731.25	0	5731.25
430.587	5597.25	0	5597.25
430.716	5694.5	0	5694.5
430.846	5738.25	0	5738.25
430.975	5585.75	0	5585.75
431.104	5729	0	5729
431.233	5832.25	0	5832.25
431.363	5642	0	5642
431.492	5734.25	0	5734.25
431.621	6286.75	0	6286.75
431.75	6186	0	6186
431.88	5712	0	5712
432.009	6004	0	6004
432.138	5801.5	0	5801.5
432.267	6132.5	0	6132.5
432.396	7890.75	0	7890.75
432.525	9932.5	0	9932.5
432.654	7575.75	0	7575.75
432.784	6367.25	0	6367.25
432.913	6049.5	0	6049.5
433.042	5677.5	0	5677.5
433.171	5765	0	5765
433.3	5886.5	0	5886.5
433.429	5678	0	5678
433.558	5580.75	0	5580.75
433.687	5700.5	0	5700.5
433.816	5865.5	0	5865.5
433.945	6202	0	6202
434.074	6192	0	6192
434.203	5591.25	0	5591.25
434.332	5490.25	0	5490.25
434.46	5348	0	5348
434.589	5401	0	5401
434.718	5486.75	0	5486.75
434.847	6188.75	0	6188.75
434.976	6383	0	6383
435.105	5897.5	0	5897.5
435.233	5472.25	0	5472.25
435.362	5458	0	5458
435.491	5334.75	0	5334.75
435.62	5520.5	0	5520.5
435.749	5523.5	0	5523.5
435.877	5381.25	0	5381.25
436.006	5534.75	0	5534.75
436.135	5809	0	5809
436.263	5753	0	5753
436.392	5856.75	0	5856.75
436.521	6075.5	0	6075.5
436.649	5973.5	0	5973.5
436.778	6417.25	0	6417.25
436.907	5872.5	0	5872.5
437.035	5538.25	0	5538.25
437.164	5699.25	0	5699.25
437.292	5931.5	0	5931.5
437.421	6019.25	0	6019.25
437.549	6141	0	6141
437.678	5868.75	0	5868.75
437.806	6422.5	0	6422.5
437.935	8643.25	0	8643.25
438.063	10719	0	10719
438.192	8092	0	8092
438.32	6814.75	0	6814.75
438.449	5787.75	0	5787.75
438.577	5788	0	5788
438.706	5518.5	0	5518.5
438.834	5668.75	0	5668.75
438.962	5710.5	0	5710.5
439.091	5917.75	0	5917.75
439.219	5868	0	5868
439.347	5863	0	5863
439.476	6286.5	0	6286.5
439.604	6603	0	6603
439.732	5799	0	5799
439.86	5669.25	0	5669.25
439.989	5678	0	5678
440.117	5800.5	0	5800.5
440.245	5913	0	5913
440.373	5597.75	0	5597.75
440.501	5528.25	0	5528.25
440.63	5820.25	0	5820.25
440.758	6052.25	0	6052.25
440.886	7083.25	0	7083.25
441.014	9524.5	0	9524.5
441.142	8817	0	8817
441.27	7003.75	0	7003.75
441.398	6075.5	0	6075.5
441.526	5843.25	0	5843.25
441.654	5595.5	0	5595.5
441.782	5608.5	0	5608.5
441.91	5757.75	0	5757.75
442.038	5881.75	0	5881.75
442.166	6030	0	6030
442.294	6215.25	0	6215.25
442.422	6113.5	0	6113.5
442.55	6578	0	6578
442.678	5945.25	0	5945.25
442.806	5822	0	5822
442.934	5637	0	5637
443.062	5864.25	0	5864.25
443.19	6428.25	0	6428.25
443.318	8140.75	0	8140.75
443.445	8520.75	0	8520.75
443.573	7170.5	0	7170.5
443.701	6254.5	0	6254.5
443.829	6128.75	0	6128.75
443.957	6078.75	0	6078.75
444.084	7261.5	0	7261.5
444.212	6874.5	0	6874.5
444.34	6407.25	0	6407.25
444.467	5878.75	0	5878.75
444.595	6211	0	6211
444.723	6244	0	6244
444.85	7145.25	0	7145.25
444.978	6446	0	6446
445.106	5857.5	0	5857.5
445.233	5851.75	0	5851.75
445.361	5870	0	5870
445.489	6294.5	0	6294.5
445.616	7661.5	0	7661.5
445.744	6698.5	0	6698.5
445.871	5923	0	5923
445.999	5922.75	0	5922.75
446.126	5639.75	0	5639.75
446.254	5656	0	5656
446.381	5618.75	0	5618.75
446.509	5806.75	0	5806.75
446.636	6368	0	6368
446.764	6465.75	0	6465.75
446.891	6080	0	6080
447.018	6260.75	0	6260.75
447.146	6513.5	0	6513.5
447.273	8039.75	0	8039.75
447.4	8311.5	0	8311.5
447.528	6650.75	0	6650.75
447.655	5985.5	0	5985.5
447.782	5866.5	0	5866.5
447.91	5508.5	0	5508.5
448.037	5625	0	5625
448.164	5615	0	5615
448.291	5947.5	0	5947.5
448.419	6665.25	0	6665.25
448.546	6403	0	6403
448.673	6004.5	0	6004.5
448.8	6271.75	0	6271.75
448.927	6372.25	0	6372.25
449.055	6688.5	0	6688.5
449.182	6443	0	6443
449.309	5997.5	0	5997.5
449.436	5877	0	5877
449.563	5809.5	0	5809.5
449.69	5884.75	0	5884.75
449.817	5839.25	0	5839.25
449.944	5792.25	0	5792.25
450.071	5902.25	0	5902.25
450.198	5752.25	0	5752.25
450.325	5788.75	0	5788.75
450.452	6139.25	0	6139.25
450.579	6003.5	0	6003.5
450.706	5700.25	0	5700.25
450.833	5646	0	5646
450.96	5736.5	0	5736.5
451.087	6128.5	0	6128.5
451.214	5840.25	0	5840.25
451.341	5908.5	0	5908.5
451.467	6089	0	6089
451.594	6904	0	6904
451.721	6396.25	0	6396.25
451.848	6064.5	0	6064.5
451.975	5907.75	0	5907.75
452.101	5899.25	0	5899.25
452.228	6212.5	0	6212.5
452.355	6529	0	6529
452.482	5927.25	0	5927.25
452.608	5765.75	0	5765.75
452.735	5835.75	0	5835.75
452.862	6142	0	6142
452.988	5960	0	5960
453.115	5560	0	5560
453.242	5704	0	5704
453.368	5824.25	0	5824.25
453.495	6778.5	0	6778.5
453.621	7163.75	0	7163.75
453.748	6136	0	6136
453.875	5826.25	0	5826.25
454.001	5879.25	0	5879.25
454.128	5526.5	0	5526.5
454.254	5373.5	0	5373.5
454.381	5304.75	0	5304.75
454.507	5142.75	0	5142.75
454.633	5326	0	5326
454.76	5328.75	0	5328.75
454.886	5278.5	0	5278.5
455.013	5459	0	5459
455.139	5682.25	0	5682.25
455.266	5802	0	5802
455.392	5617.75	0	5617.75
455.518	5397.75	0	5397.75
455.645	5600.75	0	5600.75
455.771	5673.75	0	5673.75
455.897	5678.25	0	5678.25
456.023	5385	0	5385
456.15	5346.75	0	5346.75
456.276	5207	0	5207
456.402	5067.25	0	5067.25
456.528	5371.25	0	5371.25
456.655	5504.25	0	5504.25
456.781	5395.5	0	5395.5
456.907	5474	0	5474
457.033	5311.75	0	5311.75
457.159	5301	0	5301
457.285	5261.25	0	5261.25
457.411	5519	0	5519
457.538	6187	0	6187
457.664	5641.75	0	5641.75
457.79	5293	0	5293
457.916	5067	0	5067
458.042	4972.5	0	4972.5
458.168	5114.25	0	5114.25
458.294	5029.5	0	5029.5
458.42	5118.25	0	5118.25
458.546	5387	0	5387
458.672	5221	0	5221
458.798	5194.75	0	5194.75
458.924	5086.5	0	5086.5
459.049	5074.75	0	5074.75
459.175	5172.75	0	5172.75
459.301	5243.5	0	5243.5
459.427	5554.25	0	5554.25
459.553	5144.75	0	5144.75
459.679	5135.75	0	5135.75
459.805	5255.5	0	5255.5
459.93	5065	0	5065
460.056	4893.25	0	4893.25
460.182	5003.25	0	5003.25
460.308	4948	0	4948
460.433	5022	0	5022
460.559	4930	0	4930
460.685	5323.5	0	5323.5
460.81	6111.25	0	6111.25
460.936	6336.75	0	6336.75
461.062	5532.5	0	5532.5
461.187	5092.25	0	5092.25
461.313	4996.25	0	4996.25
461.439	5261	0	5261
461.564	5165.5	0	5165.5
461.69	5245	0	5245
461.815	5040.75	0	5040.75
461.941	5316.5	0	5316.5
462.066	5623	0	5623
462.192	5294	0	5294
462.317	5243	0	5243
462.443	6027.75	0	6027.75
462.568	6828.75	0	6828.75
462.694	5992.25	0	5992.25
462.819	5500.5	0	5500.5
462.944	5262.25	0	5262.25
463.07	5259	0	5259
463.195	5306.75	0	5306.75
463.321	5448.25	0	5448.25
463.446	5094	0	5094
463.571	4981.25	0	4981.25
463.697	5135.25	0	5135.25
463.822	5255	0	5255
463.947	5257.5	0	5257.5
464.072	5099.5	0	5099.5
464.198	5287	0	5287
464.323	5163.75	0	5163.75
464.448	5082.75	0	5082.75
464.573	5208.75	0	5208.75
464.698	5374.5	0	5374.5
464.824	5451	0	5451
464.949	5376.25	0	5376.25
465.074	5220.5	0	5220.5
465.199	5240.25	0	5240.25
465.324	5207.75	0	5207.75
465.449	5261.75	0	5261.75
465.574	5234.25	0	5234.25
465.699	5249	0	5249
465.824	5359.25	0	5359.25
465.949	5260.75	0	5260.75
466.074	6054	0	6054
466.199	6184.5	0	6184.5
466.324	5463.5	0	5463.5
466.449	5334.5	0	5334.5
466.574	5237	0	5237
466.699	5361.25	0	5361.25
466.824	5450.75	0	5450.75
466.949	5583.5	0	5583.5
467.074	6059.25	0	6059.25
467.199	5470.75	0	5470.75
467.323	5389.75	0	5389.75
467.448	5234.75	0	5234.75
467.573	5383.75	0	5383.75
467.698	5201	0	5201
467.823	5248	0	5248
467.947	5340.75	0	5340.75
468.072	5418.5	0	5418.5
468.197	5358.75	0	5358.75
468.322	5467	0	5467
468.446	5790.25	0	5790.25
468.571	5873.5	0	5873.5
468.696	6289	0	6289
468.82	6081	0	6081
468.945	5926.25	0	5926.25
469.069	5823.25	0	5823.25
469.194	5559	0	5559
469.319	5804.5	0	5804.5
469.443	5724.25	0	5724.25
469.568	5617.25	0	5617.25
469.692	5619	0	5619
469.817	5561	0	5561
469.941	5800.5	0	5800.5
470.066	5759.25	0	5759.25
470.19	5651	0	5651
470.315	5938	0	5938
470.439	6796.25	0	6796.25
470.563	9019.75	0	9019.75
470.688	9093.5	0	9093.5
470.812	7170.5	0	7170.5
470.937	6241.25	0	6241.25
471.061	5941.75	0	5941.75
471.185	5881.25	0	5881.25
471.31	5937.25	0	5937.25
471.434	5998.5	0	5998.5
471.558	6265.25	0	6265.25
471.682	6800.25	0	6800.25
471.807	6582.25	0	6582.25
471.931	6031.5	0	6031.5
472.055	5932.75	0	5932.75
472.179	6168.5	0	6168.5
472.303	6159.25	0	6159.25
472.428	6108	0	6108
472.552	6093.25	0	6093.25
472.676	6513.25	0	6513.25
472.8	7239.25	0	7239.25
472.924	8238.5	0	8238.5
473.048	10253.5	0	10253.5
473.172	7982.5	0	7982.5
473.296	6847.75	0	6847.75
473.42	6455	0	6455
473.544	6358.75	0	6358.75
473.668	6258	0	6258
473.792	6174.25	0	6174.25
473.916	6270.25	0	6270.25
474.04	6149	0	6149
474.164	6134.75	0	6134.75
474.288	6182	0	6182
474.412	6184.5	0	6184.5
474.536	6142.75	0	6142.75
474.66	6283.25	0	6283.25
474.784	6552.5	0	6552.5
474.908	7093.25	0	7093.25
475.031	6760.75	0	6760.75
475.155	6532.25	0	6532.25
475.279	6548.75	0	6548.75
475.403	6627.5	0	6627.5
475.526	6810.25	0	6810.25
475.65	7311.25	0	7311.25
475.774	8349.75	0	8349.75
475.898	11527.2	0	11527.2
476.021	9887.25	0	9887.25
476.145	7785	0	7785
476.269	7381.25	0	7381.25
476.392	7078.25	0	7078.25
476.516	6933.25	0	6933.25
476.64	6809	0	6809
476.763	6619	0	6619
476.887	6781	0	6781
477.01	6696.25	0	6696.25
477.134	6983	0	6983
477.257	7649	0	7649
477.381	7476.75	0	7476.75
477.504	8509	0	8509
477.628	7597	0	7597
477.751	6872.5	0	6872.5
477.875	6800.25	0	6800.25
477.998	6647.5	0	6647.5
478.122	6828.75	0	6828.75
478.245	7324	0	7324
478.368	7655	0	7655
478.492	7192.25	0	7192.25
478.615	7131.5	0	7131.5
478.738	6941	0	6941
478.862	6896.25	0	6896.25
478.985	6932	0	6932
479.108	7427.5	0	7427.5
479.231	8026.25	0	8026.25
479.355	7628.75	0	7628.75
479.478	7699.25	0	7699.25
479.601	7557.75	0	7557.75
479.724	7151.25	0	7151.25
479.848	7076.5	0	7076.5
479.971	6917	0	6917
480.094	6859	0	6859
480.217	6855	0	6855
480.34	7155.5	0	7155.5
480.463	7274.25	0	7274.25
480.586	7017.75	0	7017.75
480.709	7381.5	0	7381.5
480.832	7185.75	0	7185.75
480.955	7585.25	0	7585.25
481.078	7537	0	7537
481.201	7454.5	0	7454.5
481.324	7296	0	7296
481.447	7142	0	7142
481.57	7263.5	0	7263.5
481.693	8584.5	0	8584.5
481.816	10886	0	10886
481.939	8716	0	8716
482.062	7867.25	0	7867.25
482.185	7647.75	0	7647.75
482.307	7214	0	7214
482.43	7381.5	0	7381.5
482.553	7155.25	0	7155.25
482.676	7567.75	0	7567.75
482.799	8475.75	0	8475.75
482.921	10815.5	0	10815.5
483.044	9348	0	9348
483.167	8125.25	0	8125.25
483.29	7930.25	0	7930.25
483.412	7567	0	7567
483.535	7409	0	7409
483.658	7209.5	0	7209.5
483.78	7084	0	7084
483.903	7104.25	0	7104.25
484.025	7085.75	0	7085.75
484.148	7011	0	7011
484.271	6939.5	0	6939.5
484.393	7252.5	0	7252.5
484.516	7161.5	0	7161.5
484.638	6956.5	0	6956.5
484.761	7067.25	0	7067.25
484.883	7126.75	0	7126.75
485.006	7035.5	0	7035.5
485.128	6982.75	0	6982.75
485.251	7020	0	7020
485.373	7078.75	0	7078.75
485.495	6956.75	0	6956.75
485.618	7144.75	0	7144.75
485.74	7586.25	0	7586.25
485.863	7332.5	0	7332.5
485.985	7355.25	0	7355.25
486.107	7191	0	7191
486.229	7024.75	0	7024.75
486.352	7196.75	0	7196.75
486.474	7314.5	0	7314.5
486.596	8004.25	0	8004.25
486.719	9613.75	0	9613.75
486.841	8259	0	8259
486.963	7250.25	0	7250.25
487.085	6987.25	0	6987.25
487.207	6983	0	6983
487.329	6839	0	6839
487.452	6866.25	0	6866.25
487.574	6837.25	0	6837.25
487.696	6998.5	0	6998.5
487.818	6898.5	0	6898.5
487.94	6856.25	0	6856.25
488.062	6986.25	0	6986.25
488.184	6858.5	0	6858.5
488.306	6944.75	0	6944.75
488.428	7088	0	7088
488.55	7151.25	0	7151.25
488.672	7203	0	7203
488.794	6939.25	0	6939.25
488.916	6859.75	0	6859.75
489.038	6686.5	0	6686.5
489.16	6711	0	6711
489.281	6796.5	0	6796.5
489.403	6791.5	0	6791.5
489.525	6644.5	0	6644.5
489.647	6846.5	0	6846.5
489.769	6845.5	0	6845.5
489.891	6666.5	0	6666.5
490.012	6626.25	0	6626.25
490.134	6739.5	0	6739.5
490.256	7124.25	0	7124.25
490.378	6821	0	6821
490.499	6596.75	0	6596.75
490.621	6736.5	0	6736.5
490.743	6852.75	0	6852.75
490.864	6671.5	0	6671.5
490.986	6689.5	0	6689.5
491.108	6508.75	0	6508.75
491.229	6531.75	0	6531.75
491.351	6386.25	0	6386.25
491.472	6452.25	0	6452.25
491.594	6529	0	6529
491.715	6609.5	0	6609.5
491.837	6625.75	0	6625.75
491.958	6688.25	0	6688.25
492.08	6619.5	0	6619.5
492.201	6632.5	0	6632.5
492.323	6715.5	0	6715.5
492.444	7063	0	7063
492.566	7102.5	0	7102.5
492.687	6504.75	0	6504.75
492.808	6499.5	0	6499.5
492.93	6600.75	0	6600.75
493.051	6637.75	0	6637.75
493.172	7141.25	0	7141.25
493.294	6902.25	0	6902.25
493.415	6573.75	0	6573.75
493.536	6523.75	0	6523.75
493.658	6420	0	6420
493.779	6583.5	0	6583.5
493.9	6533.25	0	6533.25
494.021	7153.25	0	7153.25
494.143	6906.5	0	6906.5
494.264	6668.25	0	6668.25
494.385	6540.75	0	6540.75
494.506	6422	0	6422
494.627	6383.25	0	6383.25
494.748	6636.5	0	6636.5
494.869	7027.25	0	7027.25
494.99	7490.25	0	7490.25
495.111	6748.5	0	6748.5
495.232	6601.5	0	6601.5
495.353	6376.25	0	6376.25
495.475	6538	0	6538
495.595	7451.25	0	7451.25
495.716	7195.5	0	7195.5
495.837	6481.75	0	6481.75
495.958	6491	0	6491
496.079	6444	0	6444
496.2	6466	0	6466
496.321	6855.25	0	6855.25
496.442	6547.75	0	6547.75
496.563	6380.5	0	6380.5
496.684	6361.75	0	6361.75
496.804	6472	0	6472
496.925	6436.5	0	6436.5
497.046	6279.5	0	6279.5
497.167	6293	0	6293
497.287	6304	0	6304
497.408	6175.75	0	6175.75
497.529	6357.25	0	6357.25
497.65	6606.5	0	6606.5
497.77	7583	0	7583
497.891	6834.25	0	6834.25
498.012	6347	0	6347
498.132	6382	0	6382
498.253	6261.75	0	6261.75
498.373	6292.25	0	6292.25
498.494	6363.75	0	6363.75
498.614	6330.75	0	6330.75
498.735	6215.5	0	6215.5
498.856	6174.25	0	6174.25
498.976	6050.25	0	6050.25
499.096	6201.25	0	6201.25
499.217	6152.5	0	6152.5
499.337	6236	0	6236
499.458	6324.75	0	6324.75
499.578	6160.5	0	6160.5
499.699	6264.25	0	6264.25
499.819	6617.5	0	6617.5
499.939	6778.5	0	6778.5
500.06	6193.75	0	6193.75
500.18	6211.25	0	6211.25
500.3	6106	0	6106
500.421	6016.75	0	6016.75
500.541	6035.5	0	6035.5
500.661	6186.5	0	6186.5
500.781	6228.5	0	6228.5
500.902	6246.5	0	6246.5
501.022	6220.75	0	6220.75
501.142	6286.75	0	6286.75
501.262	6663.5	0	6663.5
501.382	7256.75	0	7256.75
501.502	6735	0	6735
501.623	6436.5	0	6436.5
501.743	6316.25	0	6316.25
501.863	6314.75	0	6314.75
501.983	6291.75	0	6291.75
502.103	6230.5	0	6230.5
502.223	6116.5	0	6116.5
502.343	6192.25	0	6192.25
502.463	6224.75	0	6224.75
502.583	6053	0	6053
502.703	6312	0	6312
502.823	6609.75	0	6609.75
502.943	6473	0	6473
503.063	6205	0	6205
503.182	6226.25	0	6226.25
503.302	6235.5	0	6235.5
503.422	6093.75	0	6093.75
503.542	6151	0	6151
503.662	6139.75	0	6139.75
503.782	6121.25	0	6121.25
503.901	6030.5	0	6030.5
504.021	5984	0	5984
504.141	5994.25	0	5994.25
504.261	6165	0	6165
504.38	6195	0	6195
504.5	6255.75	0	6255.75
504.62	6717.75	0	6717.75
504.739	6462.75	0	6462.75
504.859	6128.75	0	6128.75
504.979	6139.5	0	6139.5
505.098	6101.75	0	6101.75
505.218	6207.5	0	6207.5
505.338	6433.75	0	6433.75
505.457	6382	0	6382
505.577	6264.5	0	6264.5
505.696	6496	0	6496
505.816	7259	0	7259
505.935	7516.5	0	7516.5
506.055	6553.25	0	6553.25
506.174	6339.25	0	6339.25
506.293	6325.75	0	6325.75
506.413	6243.5	0	6243.5
506.532	6127	0	6127
506.652	6092.75	0	6092.75
506.771	6157.5	0	6157.5
506.89	6071.5	0	6071.5
507.01	6098.5	0	6098.5
507.129	6084.5	0	6084.5
507.248	6169.25	0	6169.25
507.368	6225.75	0	6225.75
507.487	6230.5	0	6230.5
507.606	6145.25	0	6145.25
507.725	6327.5	0	6327.5
507.844	6858.25	0	6858.25
507.964	6838.75	0	6838.75
508.083	6276.75	0	6276.75
508.202	6189.5	0	6189.5
508.321	6346.75	0	6346.75
508.44	6158.5	0	6158.5
508.559	6087	0	6087
508.678	6159.75	0	6159.75
508.797	6210.25	0	6210.25
508.916	6425.75	0	6425.75
509.035	6663.75	0	6663.75
509.154	6571.75	0	6571.75
509.273	6309	0	6309
509.392	6311.5	0	6311.5
509.511	6870.5	0	6870.5
509.63	7349.75	0	7349.75
509.749	6793	0	6793
509.868	6376.25	0	6376.25
509.987	6340.25	0	6340.25
510.106	6219.5	0	6219.5
510.225	6168	0	6168
510.344	6128.75	0	6128.75
510.462	6156.75	0	6156.75
510.581	6101	0	6101
510.7	6165.25	0	6165.25
510.819	6635.25	0	6635.25
510.937	6672	0	6672
511.056	6270.75	0	6270.75
511.175	6068.5	0	6068.5
511.294	6316.5	0	6316.5
511.412	6486.75	0	6486.75
511.531	6229.25	0	6229.25
511.649	6215	0	6215
511.768	6251	0	6251
511.887	6297.75	0	6297.75
512.005	6246.75	0	6246.75
512.124	6252.25	0	6252.25
512.242	6218.25	0	6218.25
512.361	6210.5	0	6210.5
512.479	6283.25	0	6283.25
512.598	6384.5	0	6384.5
512.716	6364	0	6364
512.835	6159.25	0	6159.25
512.953	6197	0	6197
513.072	6318.25	0	6318.25
513.19	6258.5	0	6258.5
513.308	6197.5	0	6197.5
513.427	6168	0	6168
513.545	6097	0	6097
513.664	6130	0	6130
513.782	6118.75	0	6118.75
513.9	6189	0	6189
514.018	6347	0	6347
514.137	6238.25	0	6238.25
514.255	6312.5	0	6312.5
514.373	6598.25	0	6598.25
514.491	6827.5	0	6827.5
514.609	6820.25	0	6820.25
514.728	6444.25	0	6444.25
514.846	6211	0	6211
514.964	6161.25	0	6161.25
515.082	6180.5	0	6180.5
515.2	6051.75	0	6051.75
515.318	6084	0	6084
515.436	6124	0	6124
515.554	6065	0	6065
515.672	6116.25	0	6116.25
515.79	6089.25	0	6089.25
515.908	6204.5	0	6204.5
516.026	6171.75	0	6171.75
516.144	6290.5	0	6290.5
516.262	6392	0	6392
516.38	6318.75	0	6318.75
516.498	6356.5	0	6356.5
516.616	6746	0	6746
516.734	6557	0	6557
516.852	6536.5	0	6536.5
516.969	6698.75	0	6698.75
517.087	6775.75	0	6775.75
517.205	6863.25	0	6863.25
517.323	6759	0	6759
517.44	6457	0	6457
517.558	6206	0	6206
517.676	6228.25	0	6228.25
517.794	6223.75	0	6223.75
517.911	6379.75	0	6379.75
518.029	6355.5	0	6355.5
518.147	6147.25	0	6147.25
518.264	6125.25	0	6125.25
518.382	6197.75	0	6197.75
518.5	6179.5	0	6179.5
518.617	6096	0	6096
518.735	6197.75	0	6197.75
518.852	6153	0	6153
518.97	6197	0	6197
519.087	6206.5	0	6206.5
519.205	6066	0	6066
519.322	6045.25	0	6045.25
519.44	6076	0	6076
519.557	6039.25	0	6039.25
519.674	6116.75	0	6116.75
519.792	6426.25	0	6426.25
519.909	6811.75	0	6811.75
520.026	6450.25	0	6450.25
520.144	6178.25	0	6178.25
520.261	6114.75	0	6114.75
520.378	6022.75	0	6022.75
520.496	5953.25	0	5953.25
520.613	6181.75	0	6181.75
520.73	5983	0	5983
520.847	6012.5	0	6012.5
520.965	6094.75	0	6094.75
521.082	6116.75	0	6116.75
521.199	5931.75	0	5931.75
521.316	5947	0	5947
521.433	5913	0	5913
521.55	5938	0	5938
521.667	5925.75	0	5925.75
521.785	6233	0	6233
521.902	6176.75	0	6176.75
522.019	6008.5	0	6008.5
522.136	5970.75	0	5970.75
522.253	5914.5	0	5914.5
522.37	5881.75	0	5881.75
522.487	5929.5	0	5929.5
522.604	6148	0	6148
522.721	6134	0	6134
522.838	6039.5	0	6039.5
522.954	6182.5	0	6182.5
523.071	6323.5	0	6323.5
523.188	6200	0	6200
523.305	6346.25	0	6346.25
523.422	6219.75	0	6219.75
523.539	6437.5	0	6437.5
523.655	6684.75	0	6684.75
523.772	6485.75	0	6485.75
523.889	6401.75	0	6401.75
524.006	6361.25	0	6361.25
524.122	6265.75	0	6265.75
524.239	6034.25	0	6034.25
524.356	6007	0	6007
524.472	6091.25	0	6091.25
524.589	5919.25	0	5919.25
524.706	5723.25	0	5723.25
524.822	5746.25	0	5746.25
524.939	5799.75	0	5799.75
525.055	5690.25	0	5690.25
525.172	5682	0	5682
525.289	5632.75	0	5632.75
525.405	5661.5	0	5661.5
525.522	5623.5	0	5623.5
525.638	5646	0	5646
525.754	6061.5	0	6061.5
525.871	6145.25	0	6145.25
525.987	6071.25	0	6071.25
526.104	5747	0	5747
526.22	5540.5	0	5540.5
526.336	5410.5	0	5410.5
526.453	5382.25	0	5382.25
526.569	5377	0	5377
526.685	5439	0	5439
526.802	5448	0	5448
526.918	5393.25	0	5393.25
527.034	5516	0	5516
527.151	5450	0	5450
527.267	5366.75	0	5366.75
527.383	5497	0	5497
527.499	5482	0	5482
527.615	5441	0	5441
527.732	5583.75	0	5583.75
527.848	6004	0	6004
527.964	6339.25	0	6339.25
528.08	5936.5	0	5936.5
528.196	5506.25	0	5506.25
528.312	5529	0	5529
528.428	5340.25	0	5340.25
528.544	5366.25	0	5366.25
528.66	5358	0	5358
528.776	5229.75	0	5229.75
528.892	5240.25	0	5240.25
529.008	5360.25	0	5360.25
529.124	5490	0	5490
529.24	5471.5	0	5471.5
529.356	5439.75	0	5439.75
529.471	5389.25	0	5389.25
529.587	5373.5	0	5373.5
529.703	5177	0	5177
529.819	5176	0	5176
529.935	5271	0	5271
530.05	5325.5	0	5325.5
530.166	5369.75	0	5369.75
530.282	5310.25	0	5310.25
530.398	5337	0	5337
530.513	5347.75	0	5347.75
530.629	5246.25	0	5246.25
530.745	5137.75	0	5137.75
530.86	5177.25	0	5177.25
530.976	5159.25	0	5159.25
531.092	5170	0	5170
531.207	5275.5	0	5275.5
531.323	5434.5	0	5434.5
531.438	5238.5	0	5238.5
531.554	5079.25	0	5079.25
531.669	5083.25	0	5083.25
531.785	5140.75	0	5140.75
531.9	5107	0	5107
532.016	4996.25	0	4996.25
532.131	4974.5	0	4974.5
532.247	4981.75	0	4981.75
532.362	5034.75	0	5034.75
532.477	5096.5	0	5096.5
532.593	5049	0	5049
532.708	5048.75	0	5048.75
532.823	4918.75	0	4918.75
532.939	4988.5	0	4988.5
533.054	4965.5	0	4965.5
533.169	4874	0	4874
533.285	4933.25	0	4933.25
533.4	4959.5	0	4959.5
533.515	4950.5	0	4950.5
533.63	4890.75	0	4890.75
533.745	4880.25	0	4880.25
533.861	4962.75	0	4962.75
533.976	4859	0	4859
534.091	4816.75	0	4816.75
534.206	4922.25	0	4922.25
534.321	4818.25	0	4818.25
534.436	4830.75	0	4830.75
534.551	4775	0	4775
534.666	4911.75	0	4911.75
534.781	4947.75	0	4947.75
534.896	4904	0	4904
535.011	4865	0	4865
535.126	5004.25	0	5004.25
535.241	5071	0	5071
535.356	5292.75	0	5292.75
535.471	5299.5	0	5299.5
535.586	5232.75	0	5232.75
535.701	5173.75	0	5173.75
535.815	5259.25	0	5259.25
535.93	5722	0	5722
536.045	5703	0	5703
536.16	5409.5	0	5409.5