Lambda	Spectrum	Dark	SpecMinusDark
268.175	57.5	0	57.5
268.319	37.75	0	37.75
268.463	52.25	0	52.25
268.607	48.25	0	48.25
268.751	48	0	48
268.895	52.5	0	52.5
269.039	47.25	0	47.25
269.183	46.5	0	46.5
269.327	50	0	50
269.47	51.75	0	51.75
269.614	50	0	50
269.758	51.5	0	51.5
269.902	50	0	50
270.046	52.75	0	52.75
270.19	35.75	0	35.75
270.334	54.75	0	54.75
270.477	49.5	0	49.5
270.621	46.25	0	46.25
270.765	41.75	0	41.75
270.909	48.75	0	48.75
271.053	37.75	0	37.75
271.196	56	0	56
271.34	58	0	58
271.484	53.25	0	53.25
271.628	53.25	0	53.25
271.771	65.25	0	65.25
271.915	50.25	0	50.25
272.059	59.25	0	59.25
272.202	61.5	0	61.5
272.346	46	0	46
272.49	59	0	59
272.634	62	0	62
272.777	48	0	48
272.921	49	0	49
273.064	47.25	0	47.25
273.208	49.25	0	49.25
273.352	47.75	0	47.75
273.495	58.25	0	58.25
273.639	49.75	0	49.75
273.783	52	0	52
273.926	40.5	0	40.5
274.07	55.75	0	55.75
274.213	48	0	48
274.357	49.25	0	49.25
274.5	53.25	0	53.25
274.644	49	0	49
274.787	57.75	0	57.75
274.931	67.75	0	67.75
275.074	54.5	0	54.5
275.218	47.5	0	47.5
275.361	52.25	0	52.25
275.505	48.75	0	48.75
275.648	50.75	0	50.75
275.792	52	0	52
275.935	38.5	0	38.5
276.079	55.5	0	55.5
276.222	60.75	0	60.75
276.366	48.75	0	48.75
276.509	64.25	0	64.25
276.652	76.5	0	76.5
276.796	86	0	86
276.939	121.25	0	121.25
277.082	91.25	0	91.25
277.226	90.5	0	90.5
277.369	73.5	0	73.5
277.513	58.25	0	58.25
277.656	52	0	52
277.799	58.5	0	58.5
277.942	55	0	55
278.086	57	0	57
278.229	54	0	54
278.372	53.75	0	53.75
278.516	54	0	54
278.659	52.75	0	52.75
278.802	51.75	0	51.75
278.945	59.75	0	59.75
279.089	49.75	0	49.75
279.232	57.75	0	57.75
279.375	52.25	0	52.25
279.518	51.75	0	51.75
279.661	53.25	0	53.25
279.805	44.75	0	44.75
279.948	45.25	0	45.25
280.091	55.5	0	55.5
280.234	56.25	0	56.25
280.377	61	0	61
280.52	58.25	0	58.25
280.663	55.5	0	55.5
280.806	49	0	49
280.95	57.5	0	57.5
281.093	50.75	0	50.75
281.236	64.5	0	64.5
281.379	57	0	57
281.522	55.25	0	55.25
281.665	47.5	0	47.5
281.808	68.25	0	68.25
281.951	44.5	0	44.5
282.094	61.25	0	61.25
282.237	58.5	0	58.5
282.38	63.5	0	63.5
282.523	54	0	54
282.666	69.5	0	69.5
282.809	55	0	55
282.952	62	0	62
283.095	58	0	58
283.238	61.25	0	61.25
283.381	50	0	50
283.523	59.75	0	59.75
283.666	52.25	0	52.25
283.809	66.25	0	66.25
283.952	59.5	0	59.5
284.095	69.25	0	69.25
284.238	55.75	0	55.75
284.381	68	0	68
284.524	53	0	53
284.666	65	0	65
284.809	58.5	0	58.5
284.952	79.75	0	79.75
285.095	65.25	0	65.25
285.238	64.25	0	64.25
285.38	67.25	0	67.25
285.523	55.5	0	55.5
285.666	62.75	0	62.75
285.809	67.5	0	67.5
285.951	50	0	50
286.094	68.5	0	68.5
286.237	63	0	63
286.38	69.75	0	69.75
286.522	62.5	0	62.5
286.665	72.25	0	72.25
286.808	66.5	0	66.5
286.95	72.75	0	72.75
287.093	71.75	0	71.75
287.236	96.5	0	96.5
287.378	96	0	96
287.521	140	0	140
287.663	208.75	0	208.75
287.806	205.25	0	205.25
287.949	131	0	131
288.091	123.25	0	123.25
288.234	105.75	0	105.75
288.376	101.25	0	101.25
288.519	91	0	91
288.661	73.25	0	73.25
288.804	84	0	84
288.946	72.25	0	72.25
289.089	80	0	80
289.231	86.75	0	86.75
289.374	85	0	85
289.516	74.25	0	74.25
289.659	67.5	0	67.5
289.801	81.75	0	81.75
289.944	67.75	0	67.75
290.086	76.75	0	76.75
290.229	63	0	63
290.371	72.5	0	72.5
290.513	60.25	0	60.25
290.656	78.25	0	78.25
290.798	68.75	0	68.75
290.941	71.75	0	71.75
291.083	65.5	0	65.5
291.225	81	0	81
291.368	63	0	63
291.51	76.75	0	76.75
291.652	79.75	0	79.75
291.795	71	0	71
291.937	71.75	0	71.75
292.079	71.75	0	71.75
292.221	66.75	0	66.75
292.364	69.25	0	69.25
292.506	71.75	0	71.75
292.648	75.75	0	75.75
292.79	69.75	0	69.75
292.933	71.25	0	71.25
293.075	66	0	66
293.217	70.75	0	70.75
293.359	68.25	0	68.25
293.502	77.75	0	77.75
293.644	68	0	68
293.786	64.75	0	64.75
293.928	69.75	0	69.75
294.07	77	0	77
294.212	60.25	0	60.25
294.354	74.25	0	74.25
294.497	67.25	0	67.25
294.639	63.75	0	63.75
294.781	64.25	0	64.25
294.923	77.5	0	77.5
295.065	54.5	0	54.5
295.207	70.5	0	70.5
295.349	70.25	0	70.25
295.491	86	0	86
295.633	72.5	0	72.5
295.775	77.5	0	77.5
295.917	72	0	72
296.059	68	0	68
296.201	79.25	0	79.25
296.343	81.5	0	81.5
296.485	61.5	0	61.5
296.627	76.25	0	76.25
296.769	70.25	0	70.25
296.911	82	0	82
297.053	71.5	0	71.5
297.195	77.5	0	77.5
297.337	65	0	65
297.478	72	0	72
297.62	69.75	0	69.75
297.762	67	0	67
297.904	90.5	0	90.5
298.046	78.25	0	78.25
298.188	70.75	0	70.75
298.33	82.25	0	82.25
298.471	69.25	0	69.25
298.613	67	0	67
298.755	79.5	0	79.5
298.897	76.25	0	76.25
299.038	79.5	0	79.5
299.18	99	0	99
299.322	79.25	0	79.25
299.464	78	0	78
299.605	67	0	67
299.747	77.5	0	77.5
299.889	84.25	0	84.25
300.031	76	0	76
300.172	68.25	0	68.25
300.314	82.25	0	82.25
300.456	79.5	0	79.5
300.597	83	0	83
300.739	72.75	0	72.75
300.881	84.5	0	84.5
301.022	87	0	87
301.164	89	0	89
301.305	80.25	0	80.25
301.447	86.25	0	86.25
301.589	67.5	0	67.5
301.73	86.25	0	86.25
301.872	79.25	0	79.25
302.013	88.5	0	88.5
302.155	90	0	90
302.296	92	0	92
302.438	89.5	0	89.5
302.579	117	0	117
302.721	158.5	0	158.5
302.862	211.25	0	211.25
303.004	205.75	0	205.75
303.145	147.5	0	147.5
303.287	137.25	0	137.25
303.428	141.5	0	141.5
303.569	119	0	119
303.711	104.75	0	104.75
303.852	101	0	101
303.994	102.5	0	102.5
304.135	98.5	0	98.5
304.276	98.25	0	98.25
304.418	99.25	0	99.25
304.559	100.75	0	100.75
304.7	105	0	105
304.842	89.5	0	89.5
304.983	111.5	0	111.5
305.124	91.5	0	91.5
305.266	89.75	0	89.75
305.407	96.75	0	96.75
305.548	96.5	0	96.5
305.69	82.5	0	82.5
305.831	84	0	84
305.972	104.25	0	104.25
306.113	93.25	0	93.25
306.254	95.5	0	95.5
306.396	98.5	0	98.5
306.537	106.75	0	106.75
306.678	95	0	95
306.819	92	0	92
306.96	83	0	83
307.102	100	0	100
307.243	92.75	0	92.75
307.384	90.75	0	90.75
307.525	96.25	0	96.25
307.666	94.75	0	94.75
307.807	85.75	0	85.75
307.948	103.25	0	103.25
308.089	92.75	0	92.75
308.23	94	0	94
308.371	92.75	0	92.75
308.513	109.75	0	109.75
308.654	83.5	0	83.5
308.795	95.75	0	95.75
308.936	102.25	0	102.25
309.077	93.25	0	93.25
309.218	100.25	0	100.25
309.359	95	0	95
309.499	95.25	0	95.25
309.64	100	0	100
309.781	96	0	96
309.922	92	0	92
310.063	113.25	0	113.25
310.204	103.5	0	103.5
310.345	99.25	0	99.25
310.486	95.25	0	95.25
310.627	109.75	0	109.75
310.768	94.5	0	94.5
310.909	95.5	0	95.5
311.049	99.5	0	99.5
311.19	99.5	0	99.5
311.331	111.25	0	111.25
311.472	87	0	87
311.613	106.5	0	106.5
311.753	95	0	95
311.894	101.5	0	101.5
312.035	95	0	95
312.176	102.25	0	102.25
312.316	100	0	100
312.457	119.75	0	119.75
312.598	102.5	0	102.5
312.739	98.75	0	98.75
312.879	98.5	0	98.5
313.02	111.75	0	111.75
313.161	98.75	0	98.75
313.301	106	0	106
313.442	89.75	0	89.75
313.583	95.5	0	95.5
313.723	104.75	0	104.75
313.864	112.25	0	112.25
314.005	107.25	0	107.25
314.145	121.75	0	121.75
314.286	93.5	0	93.5
314.426	114.25	0	114.25
314.567	112	0	112
314.707	102.5	0	102.5
314.848	109.75	0	109.75
314.989	126	0	126
315.129	117	0	117
315.27	103.75	0	103.75
315.41	109	0	109
315.551	116.25	0	116.25
315.691	103.25	0	103.25
315.831	103.25	0	103.25
315.972	113.75	0	113.75
316.112	96.75	0	96.75
316.253	108.5	0	108.5
316.393	123	0	123
316.534	115.5	0	115.5
316.674	121.75	0	121.75
316.814	117.25	0	117.25
316.955	106	0	106
317.095	116.25	0	116.25
317.236	113.5	0	113.5
317.376	116.25	0	116.25
317.516	115.5	0	115.5
317.656	109.25	0	109.25
317.797	106.5	0	106.5
317.937	113	0	113
318.077	123.5	0	123.5
318.218	124	0	124
318.358	121.5	0	121.5
318.498	114.5	0	114.5
318.638	109.75	0	109.75
318.779	118	0	118
318.919	129.75	0	129.75
319.059	123	0	123
319.199	115	0	115
319.34	125.25	0	125.25
319.48	118.25	0	118.25
319.62	113.75	0	113.75
319.76	131.75	0	131.75
319.9	122.75	0	122.75
320.04	131	0	131
320.18	122	0	122
320.32	127.25	0	127.25
320.461	113.75	0	113.75
320.601	126.25	0	126.25
320.741	125.25	0	125.25
320.881	141.25	0	141.25
321.021	124	0	124
321.161	132.25	0	132.25
321.301	140	0	140
321.441	143	0	143
321.581	139.5	0	139.5
321.721	144.25	0	144.25
321.861	144	0	144
322.001	140.75	0	140.75
322.141	156.25	0	156.25
322.281	152.5	0	152.5
322.421	152	0	152
322.561	155.75	0	155.75
322.7	176.25	0	176.25
322.84	219	0	219
322.98	284	0	284
323.12	416.25	0	416.25
323.26	403.25	0	403.25
323.4	325	0	325
323.54	283.25	0	283.25
323.68	244.75	0	244.75
323.819	223.5	0	223.5
323.959	220	0	220
324.099	203.75	0	203.75
324.239	189.5	0	189.5
324.379	180.75	0	180.75
324.518	184.5	0	184.5
324.658	179.25	0	179.25
324.798	202.75	0	202.75
324.937	184.5	0	184.5
325.077	198.75	0	198.75
325.217	189.5	0	189.5
325.357	182	0	182
325.496	189.25	0	189.25
325.636	190	0	190
325.776	209.25	0	209.25
325.915	207.5	0	207.5
326.055	219.25	0	219.25
326.195	222.5	0	222.5
326.334	245.75	0	245.75
326.474	365.5	0	365.5
326.613	480.5	0	480.5
326.753	514	0	514
326.892	367	0	367
327.032	331.75	0	331.75
327.172	288.5	0	288.5
327.311	264.5	0	264.5
327.451	227.25	0	227.25
327.59	250.75	0	250.75
327.73	230.25	0	230.25
327.869	223.5	0	223.5
328.009	236.5	0	236.5
328.148	229	0	229
328.288	221.75	0	221.75
328.427	229	0	229
328.566	218	0	218
328.706	211	0	211
328.845	215.75	0	215.75
328.985	224.25	0	224.25
329.124	189.75	0	189.75
329.263	203.25	0	203.25
329.403	207.75	0	207.75
329.542	211.25	0	211.25
329.681	194.5	0	194.5
329.821	207.25	0	207.25
329.96	217	0	217
330.099	206.75	0	206.75
330.239	221	0	221
330.378	203	0	203
330.517	215	0	215
330.656	216.75	0	216.75
330.796	222.25	0	222.25
330.935	218.25	0	218.25
331.074	209.75	0	209.75
331.213	225.75	0	225.75
331.352	214.75	0	214.75
331.492	217	0	217
331.631	225.5	0	225.5
331.77	228.25	0	228.25
331.909	217.25	0	217.25
332.048	241.75	0	241.75
332.187	222.25	0	222.25
332.327	234	0	234
332.466	220	0	220
332.605	222	0	222
332.744	222.25	0	222.25
332.883	212	0	212
333.022	219.75	0	219.75
333.161	226.75	0	226.75
333.3	224.75	0	224.75
333.439	228.5	0	228.5
333.578	222.25	0	222.25
333.717	243.25	0	243.25
333.856	204.75	0	204.75
333.995	222.75	0	222.75
334.134	235.5	0	235.5
334.273	229	0	229
334.412	233	0	233
334.551	246.25	0	246.25
334.69	251.75	0	251.75
334.828	240	0	240
334.967	242.75	0	242.75
335.106	242.75	0	242.75
335.245	229.5	0	229.5
335.384	268.75	0	268.75
335.523	243.25	0	243.25
335.662	243.75	0	243.75
335.8	258.75	0	258.75
335.939	232.5	0	232.5
336.078	245.25	0	245.25
336.217	263	0	263
336.356	248.25	0	248.25
336.494	255.75	0	255.75
336.633	257	0	257
336.772	271	0	271
336.911	275.75	0	275.75
337.049	258	0	258
337.188	266.25	0	266.25
337.327	261.25	0	261.25
337.465	248.25	0	248.25
337.604	262.25	0	262.25
337.743	265.25	0	265.25
337.881	252.5	0	252.5
338.02	252	0	252
338.158	268.5	0	268.5
338.297	290	0	290
338.436	280.5	0	280.5
338.574	282	0	282
338.713	265.75	0	265.75
338.851	274.5	0	274.5
338.99	280.25	0	280.25
339.128	282	0	282
339.267	299.25	0	299.25
339.405	315.25	0	315.25
339.544	334	0	334
339.682	366.5	0	366.5
339.821	393.75	0	393.75
339.959	432.5	0	432.5
340.098	491.5	0	491.5
340.236	605.75	0	605.75
340.375	809	0	809
340.513	1219.75	0	1219.75
340.651	1693.5	0	1693.5
340.79	2381.5	0	2381.5
340.928	3254.25	0	3254.25
341.067	4095.75	0	4095.75
341.205	4940.25	0	4940.25
341.343	5683	0	5683
341.482	6189	0	6189
341.62	6101	0	6101
341.758	5669.25	0	5669.25
341.897	5008.5	0	5008.5
342.035	4061.75	0	4061.75
342.173	3205.25	0	3205.25
342.311	2432.25	0	2432.25
342.45	1882.5	0	1882.5
342.588	1372.5	0	1372.5
342.726	1051.25	0	1051.25
342.864	795	0	795
343.002	620	0	620
343.141	535.5	0	535.5
343.279	476.5	0	476.5
343.417	429	0	429
343.555	380.75	0	380.75
343.693	363.75	0	363.75
343.831	346	0	346
343.969	345	0	345
344.108	336.75	0	336.75
344.246	333.25	0	333.25
344.384	340.75	0	340.75
344.522	316.25	0	316.25
344.66	323.75	0	323.75
344.798	307.75	0	307.75
344.936	318	0	318
345.074	317.25	0	317.25
345.212	301.5	0	301.5
345.35	321.25	0	321.25
345.488	303.75	0	303.75
345.626	314.25	0	314.25
345.764	317.5	0	317.5
345.902	335	0	335
346.04	319	0	319
346.178	322.25	0	322.25
346.315	331	0	331
346.453	334.5	0	334.5
346.591	344.75	0	344.75
346.729	340.75	0	340.75
346.867	338.5	0	338.5
347.005	317.25	0	317.25
347.143	323.5	0	323.5
347.28	322.75	0	322.75
347.418	331.25	0	331.25
347.556	348	0	348
347.694	321	0	321
347.832	349.5	0	349.5
347.969	335.75	0	335.75
348.107	345	0	345
348.245	342.75	0	342.75
348.382	353.75	0	353.75
348.52	350	0	350
348.658	341.25	0	341.25
348.796	350.25	0	350.25
348.933	364.25	0	364.25
349.071	348.75	0	348.75
349.209	355.25	0	355.25
349.346	341.5	0	341.5
349.484	370	0	370
349.621	350	0	350
349.759	368.25	0	368.25
349.897	356.5	0	356.5
350.034	373	0	373
350.172	336.75	0	336.75
350.309	329.75	0	329.75
350.447	367.5	0	367.5
350.584	341	0	341
350.722	352.25	0	352.25
350.859	344.25	0	344.25
350.997	354.25	0	354.25
351.134	357.5	0	357.5
351.272	376.75	0	376.75
351.409	371.5	0	371.5
351.547	371.5	0	371.5
351.684	341	0	341
351.822	355	0	355
351.959	344.75	0	344.75
352.096	354	0	354
352.234	348.5	0	348.5
352.371	342.25	0	342.25
352.508	358.25	0	358.25
352.646	360.75	0	360.75
352.783	382.25	0	382.25
352.92	372	0	372
353.058	367.5	0	367.5
353.195	358	0	358
353.332	379.75	0	379.75
353.469	384	0	384
353.607	380.25	0	380.25
353.744	385	0	385
353.881	389.25	0	389.25
354.018	401.75	0	401.75
354.156	394.25	0	394.25
354.293	374	0	374
354.43	386.25	0	386.25
354.567	397.5	0	397.5
354.704	395.25	0	395.25
354.841	392	0	392
354.979	392.75	0	392.75
355.116	391.5	0	391.5
355.253	395	0	395
355.39	407	0	407
355.527	384.75	0	384.75
355.664	402.75	0	402.75
355.801	379.5	0	379.5
355.938	375.75	0	375.75
356.075	372.75	0	372.75
356.212	363.75	0	363.75
356.349	374.25	0	374.25
356.486	375	0	375
356.623	374.75	0	374.75
356.76	360.25	0	360.25
356.897	376.75	0	376.75
357.034	380	0	380
357.171	365.75	0	365.75
357.308	366.75	0	366.75
357.445	363	0	363
357.582	375.25	0	375.25
357.718	372.75	0	372.75
357.855	398.75	0	398.75
357.992	381.75	0	381.75
358.129	405.25	0	405.25
358.266	415.5	0	415.5
358.403	404.25	0	404.25
358.539	402.75	0	402.75
358.676	401.25	0	401.25
358.813	397	0	397
358.95	372.5	0	372.5
359.086	396.5	0	396.5
359.223	390.75	0	390.75
359.36	394	0	394
359.497	414.25	0	414.25
359.633	388.5	0	388.5
359.77	422.5	0	422.5
359.907	438.25	0	438.25
360.043	414.25	0	414.25
360.18	416	0	416
360.317	404.5	0	404.5
360.453	393.5	0	393.5
360.59	410	0	410
360.727	415.5	0	415.5
360.863	410.25	0	410.25
361	433	0	433
361.136	428	0	428
361.273	438.75	0	438.75
361.409	428	0	428
361.546	431	0	431
361.682	448.25	0	448.25
361.819	422.75	0	422.75
361.955	425.75	0	425.75
362.092	433.25	0	433.25
362.228	426.25	0	426.25
362.365	428	0	428
362.501	432.25	0	432.25
362.638	410.75	0	410.75
362.774	428	0	428
362.91	421.5	0	421.5
363.047	433.25	0	433.25
363.183	455	0	455
363.319	457.25	0	457.25
363.456	464.25	0	464.25
363.592	509.5	0	509.5
363.728	553.5	0	553.5
363.865	495.25	0	495.25
364.001	471.5	0	471.5
364.137	472	0	472
364.274	492	0	492
364.41	452.5	0	452.5
364.546	465.5	0	465.5
364.682	445	0	445
364.819	463.25	0	463.25
364.955	472.25	0	472.25
365.091	472.5	0	472.5
365.227	439	0	439
365.363	460.25	0	460.25
365.499	422.5	0	422.5
365.636	445	0	445
365.772	468.5	0	468.5
365.908	449.25	0	449.25
366.044	422	0	422
366.18	436.5	0	436.5
366.316	452.25	0	452.25
366.452	478.5	0	478.5
366.588	455	0	455
366.724	475.25	0	475.25
366.86	465.5	0	465.5
366.996	468.5	0	468.5
367.132	479	0	479
367.268	467.75	0	467.75
367.404	465.5	0	465.5
367.54	475	0	475
367.676	464.5	0	464.5
367.812	494.25	0	494.25
367.948	483.25	0	483.25
368.084	480	0	480
368.22	479.75	0	479.75
368.356	481.5	0	481.5
368.492	495.5	0	495.5
368.627	496.5	0	496.5
368.763	502.25	0	502.25
368.899	486.25	0	486.25
369.035	495.5	0	495.5
369.171	459.5	0	459.5
369.306	487.5	0	487.5
369.442	463	0	463
369.578	477	0	477
369.714	485.5	0	485.5
369.85	456.5	0	456.5
369.985	463	0	463
370.121	448.75	0	448.75
370.257	467.75	0	467.75
370.392	466.5	0	466.5
370.528	516.5	0	516.5
370.664	497.75	0	497.75
370.799	510.25	0	510.25
370.935	480.75	0	480.75
371.071	488	0	488
371.206	475	0	475
371.342	503.25	0	503.25
371.477	486	0	486
371.613	503.75	0	503.75
371.749	492.25	0	492.25
371.884	509.25	0	509.25
372.02	520.5	0	520.5
372.155	550.25	0	550.25
372.291	538.25	0	538.25
372.426	539	0	539
372.562	512	0	512
372.697	482.5	0	482.5
372.833	476	0	476
372.968	489.5	0	489.5
373.103	512.75	0	512.75
373.239	493.75	0	493.75
373.374	498	0	498
373.51	506.75	0	506.75
373.645	485.5	0	485.5
373.78	510.25	0	510.25
373.916	541.75	0	541.75
374.051	520.25	0	520.25
374.186	502.75	0	502.75
374.322	513	0	513
374.457	507.5	0	507.5
374.592	487.25	0	487.25
374.728	504.5	0	504.5
374.863	496.75	0	496.75
374.998	499.75	0	499.75
375.133	505.5	0	505.5
375.268	504.5	0	504.5
375.404	520	0	520
375.539	508.75	0	508.75
375.674	504.25	0	504.25
375.809	496.5	0	496.5
375.944	511	0	511
376.08	518.75	0	518.75
376.215	523.25	0	523.25
376.35	524	0	524
376.485	521.5	0	521.5
376.62	509.75	0	509.75
376.755	496.75	0	496.75
376.89	499.5	0	499.5
377.025	497.25	0	497.25
377.16	527	0	527
377.295	523.25	0	523.25
377.43	514.25	0	514.25
377.565	514	0	514
377.7	518	0	518
377.835	528.75	0	528.75
377.97	523	0	523
378.105	504.5	0	504.5
378.24	503.75	0	503.75
378.375	548.25	0	548.25
378.51	509.75	0	509.75
378.645	532.25	0	532.25
378.78	516	0	516
378.914	548.25	0	548.25
379.049	525	0	525
379.184	540.25	0	540.25
379.319	517.5	0	517.5
379.454	511.75	0	511.75
379.589	538	0	538
379.723	532.25	0	532.25
379.858	563.5	0	563.5
379.993	545	0	545
380.128	553.25	0	553.25
380.262	570.25	0	570.25
380.397	550.5	0	550.5
380.532	550.5	0	550.5
380.666	523.75	0	523.75
380.801	555	0	555
380.936	533.5	0	533.5
381.07	567	0	567
381.205	557.5	0	557.5
381.34	540.75	0	540.75
381.474	561.75	0	561.75
381.609	572	0	572
381.744	568.75	0	568.75
381.878	577	0	577
382.013	550.75	0	550.75
382.147	617.75	0	617.75
382.282	581.25	0	581.25
382.416	573.25	0	573.25
382.551	563.75	0	563.75
382.685	569.25	0	569.25
382.82	563.75	0	563.75
382.954	572.5	0	572.5
383.089	569.5	0	569.5
383.223	544.25	0	544.25
383.357	571	0	571
383.492	590.25	0	590.25
383.626	578	0	578
383.761	576	0	576
383.895	612.5	0	612.5
384.029	598.25	0	598.25
384.164	583	0	583
384.298	617.75	0	617.75
384.432	578.25	0	578.25
384.567	589	0	589
384.701	592.5	0	592.5
384.835	625.25	0	625.25
384.97	601.25	0	601.25
385.104	575.5	0	575.5
385.238	595.75	0	595.75
385.372	598	0	598
385.506	590.5	0	590.5
385.641	602.5	0	602.5
385.775	610	0	610
385.909	599.75	0	599.75
386.043	617.25	0	617.25
386.177	568	0	568
386.311	570	0	570
386.446	585.25	0	585.25
386.58	575.75	0	575.75
386.714	604.5	0	604.5
386.848	576.25	0	576.25
386.982	608.75	0	608.75
387.116	589.5	0	589.5
387.25	602.75	0	602.75
387.384	596.5	0	596.5
387.518	604.5	0	604.5
387.652	606.75	0	606.75
387.786	576.5	0	576.5
387.92	585.75	0	585.75
388.054	593.5	0	593.5
388.188	592	0	592
388.322	595.75	0	595.75
388.456	560.5	0	560.5
388.59	587.75	0	587.75
388.723	603.5	0	603.5
388.857	609.75	0	609.75
388.991	571.25	0	571.25
389.125	592.5	0	592.5
389.259	599.25	0	599.25
389.393	582.5	0	582.5
389.526	591.25	0	591.25
389.66	586	0	586
389.794	568.5	0	568.5
389.928	582.5	0	582.5
390.062	581.5	0	581.5
390.195	592	0	592
390.329	614.75	0	614.75
390.463	587.5	0	587.5
390.596	574.5	0	574.5
390.73	580.5	0	580.5
390.864	576.75	0	576.75
390.997	595.75	0	595.75
391.131	583	0	583
391.265	589.5	0	589.5
391.398	622.5	0	622.5
391.532	601.25	0	601.25
391.665	582.75	0	582.75
391.799	618.75	0	618.75
391.933	594	0	594
392.066	604.5	0	604.5
392.2	579	0	579
392.333	586.25	0	586.25
392.467	586.25	0	586.25
392.6	605.75	0	605.75
392.734	580.5	0	580.5
392.867	589.25	0	589.25
393.001	618	0	618
393.134	556	0	556
393.267	580.75	0	580.75
393.401	601.5	0	601.5
393.534	618	0	618
393.668	637.75	0	637.75
393.801	614.75	0	614.75
393.934	600.75	0	600.75
394.068	632	0	632
394.201	611.75	0	611.75
394.334	631.75	0	631.75
394.468	593.75	0	593.75
394.601	586.75	0	586.75
394.734	607.75	0	607.75
394.867	595.75	0	595.75
395.001	593.75	0	593.75
395.134	599.25	0	599.25
395.267	594.75	0	594.75
395.4	602.25	0	602.25
395.533	595.25	0	595.25
395.667	611.25	0	611.25
395.8	622.5	0	622.5
395.933	609.25	0	609.25
396.066	618	0	618
396.199	593	0	593
396.332	594	0	594
396.465	593.5	0	593.5
396.598	578.5	0	578.5
396.732	605.75	0	605.75
396.865	566.25	0	566.25
396.998	568.25	0	568.25
397.131	572.5	0	572.5
397.264	572.5	0	572.5
397.397	607.25	0	607.25
397.53	601.5	0	601.5
397.663	605.5	0	605.5
397.796	577.5	0	577.5
397.928	586.5	0	586.5
398.061	613	0	613
398.194	607.5	0	607.5
398.327	602	0	602
398.46	634.5	0	634.5
398.593	595	0	595
398.726	585.25	0	585.25
398.859	596.5	0	596.5
398.991	623.75	0	623.75
399.124	617	0	617
399.257	620.75	0	620.75
399.39	623	0	623
399.523	619	0	619
399.655	603.25	0	603.25
399.788	603.25	0	603.25
399.921	622.25	0	622.25
400.054	593.75	0	593.75
400.186	611.25	0	611.25
400.319	588.5	0	588.5
400.452	598.5	0	598.5
400.584	636.5	0	636.5
400.717	640.25	0	640.25
400.85	635.5	0	635.5
400.982	600	0	600
401.115	605.5	0	605.5
401.247	601	0	601
401.38	625	0	625
401.513	616	0	616
401.645	595.75	0	595.75
401.778	592.5	0	592.5
401.91	593.25	0	593.25
402.043	611.75	0	611.75
402.175	578.75	0	578.75
402.308	592.25	0	592.25
402.44	601.5	0	601.5
402.573	576	0	576
402.705	575.75	0	575.75
402.837	599.75	0	599.75
402.97	620	0	620
403.102	607.5	0	607.5
403.235	651.25	0	651.25
403.367	653.75	0	653.75
403.499	629.25	0	629.25
403.632	653.25	0	653.25
403.764	622.5	0	622.5
403.896	601	0	601
404.029	610.25	0	610.25
404.161	612	0	612
404.293	618.5	0	618.5
404.425	599	0	599
404.558	628.25	0	628.25
404.69	630	0	630
404.822	608.75	0	608.75
404.954	605.5	0	605.5
405.086	619.75	0	619.75
405.219	615.5	0	615.5
405.351	642.75	0	642.75
405.483	629.25	0	629.25
405.615	619	0	619
405.747	591.75	0	591.75
405.879	611.5	0	611.5
406.011	607.75	0	607.75
406.143	620	0	620
406.275	590.25	0	590.25
406.407	613.25	0	613.25
406.539	601.5	0	601.5
406.672	607.75	0	607.75
406.803	603.75	0	603.75
406.935	612.5	0	612.5
407.067	590	0	590
407.199	589	0	589
407.331	567.75	0	567.75
407.463	595.75	0	595.75
407.595	585	0	585
407.727	601.25	0	601.25
407.859	628.25	0	628.25
407.991	598.25	0	598.25
408.123	581.75	0	581.75
408.255	594.75	0	594.75
408.386	589	0	589
408.518	581	0	581
408.65	607.5	0	607.5
408.782	581.25	0	581.25
408.914	583.25	0	583.25
409.045	596.25	0	596.25
409.177	603.25	0	603.25
409.309	601	0	601
409.44	601	0	601
409.572	587	0	587
409.704	599	0	599
409.836	602.5	0	602.5
409.967	572.25	0	572.25
410.099	612.25	0	612.25
410.23	575.75	0	575.75
410.362	576.25	0	576.25
410.494	569.5	0	569.5
410.625	595	0	595
410.757	573	0	573
410.888	593.75	0	593.75
411.02	544	0	544
411.152	571	0	571
411.283	591.75	0	591.75
411.415	567.25	0	567.25
411.546	584.75	0	584.75
411.677	579.75	0	579.75
411.809	601.75	0	601.75
411.94	559.25	0	559.25
412.072	559.5	0	559.5
412.203	578.75	0	578.75
412.335	576.75	0	576.75
412.466	552.75	0	552.75
412.597	570.5	0	570.5
412.729	587	0	587
412.86	551.75	0	551.75
412.991	552.75	0	552.75
413.123	557.75	0	557.75
413.254	581.5	0	581.5
413.385	563.25	0	563.25
413.517	576.25	0	576.25
413.648	569.75	0	569.75
413.779	550.75	0	550.75
413.91	583.5	0	583.5
414.042	550.5	0	550.5
414.173	559.5	0	559.5
414.304	540.75	0	540.75
414.435	565.25	0	565.25
414.566	555.5	0	555.5
414.697	554	0	554
414.828	559	0	559
414.96	558.75	0	558.75
415.091	542.5	0	542.5
415.222	553	0	553
415.353	565.75	0	565.75
415.484	564.75	0	564.75
415.615	587.25	0	587.25
415.746	557.5	0	557.5
415.877	596.75	0	596.75
416.008	562.25	0	562.25
416.139	603.75	0	603.75
416.27	586	0	586
416.401	590	0	590
416.532	554.75	0	554.75
416.663	575	0	575
416.794	576.25	0	576.25
416.925	545.75	0	545.75
417.055	570.75	0	570.75
417.186	561.75	0	561.75
417.317	595.25	0	595.25
417.448	583.5	0	583.5
417.579	590.25	0	590.25
417.71	581.75	0	581.75
417.84	570.75	0	570.75
417.971	578	0	578
418.102	574.5	0	574.5
418.233	559.5	0	559.5
418.363	569.75	0	569.75
418.494	570.75	0	570.75
418.625	559.75	0	559.75
418.756	566.5	0	566.5
418.886	585.5	0	585.5
419.017	574.75	0	574.75
419.148	570.25	0	570.25
419.278	595.75	0	595.75
419.409	564.5	0	564.5
419.539	580.5	0	580.5
419.67	572.75	0	572.75
419.801	541.5	0	541.5
419.931	550.25	0	550.25
420.062	572	0	572
420.192	551	0	551
420.323	595.75	0	595.75
420.453	528	0	528
420.584	581	0	581
420.714	568.75	0	568.75
420.845	544.75	0	544.75
420.975	550.75	0	550.75
421.106	549.75	0	549.75
421.236	524.25	0	524.25
421.366	553.75	0	553.75
421.497	573.75	0	573.75
421.627	567.75	0	567.75
421.757	566.75	0	566.75
421.888	531.5	0	531.5
422.018	536.25	0	536.25
422.148	544.75	0	544.75
422.279	550.75	0	550.75
422.409	539.25	0	539.25
422.539	553.5	0	553.5
422.67	557.5	0	557.5
422.8	548.25	0	548.25
422.93	550.25	0	550.25
423.06	517	0	517
423.19	524	0	524
423.321	552.5	0	552.5
423.451	558.5	0	558.5
423.581	519.5	0	519.5
423.711	542.25	0	542.25
423.841	525.25	0	525.25
423.971	553.5	0	553.5
424.101	537	0	537
424.231	534.5	0	534.5
424.361	549.5	0	549.5
424.492	545	0	545
424.622	547.5	0	547.5
424.752	545.75	0	545.75
424.882	549	0	549
425.012	527.5	0	527.5
425.142	519.75	0	519.75
425.271	532.5	0	532.5
425.401	515.75	0	515.75
425.531	526.75	0	526.75
425.661	540.5	0	540.5
425.791	525.25	0	525.25
425.921	525	0	525
426.051	529.75	0	529.75
426.181	548.25	0	548.25
426.311	555	0	555
426.44	542	0	542
426.57	542.25	0	542.25
426.7	570.25	0	570.25
426.83	542.5	0	542.5
426.96	550.75	0	550.75
427.089	534.25	0	534.25
427.219	545.5	0	545.5
427.349	550.5	0	550.5
427.479	506.5	0	506.5
427.608	524.75	0	524.75
427.738	543.5	0	543.5
427.868	535.5	0	535.5
427.997	529.5	0	529.5
428.127	538	0	538
428.256	503.75	0	503.75
428.386	526.5	0	526.5
428.516	527.5	0	527.5
428.645	519	0	519
428.775	504.25	0	504.25
428.904	513.75	0	513.75
429.034	522.5	0	522.5
429.163	527.5	0	527.5
429.293	492.25	0	492.25
429.422	490.5	0	490.5
429.552	497.75	0	497.75
429.681	513	0	513
429.811	504	0	504
429.94	488.5	0	488.5
430.069	511.5	0	511.5
430.199	500.75	0	500.75
430.328	503.25	0	503.25
430.458	517.75	0	517.75
430.587	498.5	0	498.5
430.716	491.5	0	491.5
430.846	472.75	0	472.75
430.975	494	0	494
431.104	485.75	0	485.75
431.233	503.5	0	503.5
431.363	506	0	506
431.492	508.25	0	508.25
431.621	494.25	0	494.25
431.75	510.75	0	510.75
431.88	494	0	494
432.009	510.25	0	510.25
432.138	503	0	503
432.267	502.5	0	502.5
432.396	515.75	0	515.75
432.525	497.75	0	497.75
432.654	513	0	513
432.784	517.75	0	517.75
432.913	506	0	506
433.042	455.25	0	455.25
433.171	478.25	0	478.25
433.3	510.75	0	510.75
433.429	454.75	0	454.75
433.558	512.25	0	512.25
433.687	474.5	0	474.5
433.816	470	0	470
433.945	490.75	0	490.75
434.074	478.75	0	478.75
434.203	483.5	0	483.5
434.332	498	0	498
434.46	479.25	0	479.25
434.589	510.25	0	510.25
434.718	492.75	0	492.75
434.847	489.5	0	489.5
434.976	490.25	0	490.25
435.105	495	0	495
435.233	494	0	494
435.362	506.25	0	506.25
435.491	502	0	502
435.62	469.5	0	469.5
435.749	480.25	0	480.25
435.877	467.75	0	467.75
436.006	452	0	452
436.135	486.25	0	486.25
436.263	483	0	483
436.392	480.5	0	480.5
436.521	490.75	0	490.75
436.649	519.25	0	519.25
436.778	467	0	467
436.907	475.75	0	475.75
437.035	477	0	477
437.164	478.25	0	478.25
437.292	466	0	466
437.421	470.25	0	470.25
437.549	486.25	0	486.25
437.678	479.25	0	479.25
437.806	468.5	0	468.5
437.935	474.25	0	474.25
438.063	472	0	472
438.192	450.5	0	450.5
438.32	469.5	0	469.5
438.449	449	0	449
438.577	472.5	0	472.5
438.706	460.25	0	460.25
438.834	485	0	485
438.962	450.5	0	450.5
439.091	470.25	0	470.25
439.219	463	0	463
439.347	461	0	461
439.476	475.75	0	475.75
439.604	445	0	445
439.732	459.5	0	459.5
439.86	478.75	0	478.75
439.989	478.75	0	478.75
440.117	452.25	0	452.25
440.245	466.75	0	466.75
440.373	460.5	0	460.5
440.501	459.75	0	459.75
440.63	448.25	0	448.25
440.758	448.5	0	448.5
440.886	445.75	0	445.75
441.014	479.5	0	479.5
441.142	456.25	0	456.25
441.27	484.5	0	484.5
441.398	463.5	0	463.5
441.526	450.25	0	450.25
441.654	492.5	0	492.5
441.782	460.5	0	460.5
441.91	474.5	0	474.5
442.038	469.5	0	469.5
442.166	484	0	484
442.294	473	0	473
442.422	443.5	0	443.5
442.55	461	0	461
442.678	458.5	0	458.5
442.806	449.25	0	449.25
442.934	464.25	0	464.25
443.062	467.5	0	467.5
443.19	486.75	0	486.75
443.318	498	0	498
443.445	461	0	461
443.573	484.5	0	484.5
443.701	477.5	0	477.5
443.829	488.25	0	488.25
443.957	479.25	0	479.25
444.084	481.75	0	481.75
444.212	444.5	0	444.5
444.34	489.5	0	489.5
444.467	480.5	0	480.5
444.595	487.5	0	487.5
444.723	484.25	0	484.25
444.85	457.5	0	457.5
444.978	460	0	460
445.106	484	0	484
445.233	452.5	0	452.5
445.361	468.5	0	468.5
445.489	479	0	479
445.616	505.25	0	505.25
445.744	455.75	0	455.75
445.871	468.5	0	468.5
445.999	454	0	454
446.126	460.75	0	460.75
446.254	468	0	468
446.381	472.75	0	472.75
446.509	483	0	483
446.636	477.75	0	477.75
446.764	471.25	0	471.25
446.891	483.75	0	483.75
447.018	466.25	0	466.25
447.146	479.25	0	479.25
447.273	501.75	0	501.75
447.4	467.5	0	467.5
447.528	471.25	0	471.25
447.655	468.5	0	468.5
447.782	473	0	473
447.91	466.75	0	466.75
448.037	461.5	0	461.5
448.164	463	0	463
448.291	466.5	0	466.5
448.419	505.25	0	505.25
448.546	482.75	0	482.75
448.673	485	0	485
448.8	469.75	0	469.75
448.927	478.5	0	478.5
449.055	477	0	477
449.182	474.25	0	474.25
449.309	490.25	0	490.25
449.436	475.25	0	475.25
449.563	485	0	485
449.69	461.25	0	461.25
449.817	444	0	444
449.944	453.5	0	453.5
450.071	475.5	0	475.5
450.198	473.25	0	473.25
450.325	464.5	0	464.5
450.452	480.75	0	480.75
450.579	458	0	458
450.706	459	0	459
450.833	478.5	0	478.5
450.96	477.5	0	477.5
451.087	465.75	0	465.75
451.214	447.25	0	447.25
451.341	480.25	0	480.25
451.467	461	0	461
451.594	462	0	462
451.721	489.75	0	489.75
451.848	473.5	0	473.5
451.975	448	0	448
452.101	453.25	0	453.25
452.228	452.75	0	452.75
452.355	438.75	0	438.75
452.482	467.5	0	467.5
452.608	471.75	0	471.75
452.735	435	0	435
452.862	442.25	0	442.25
452.988	466.75	0	466.75
453.115	433.5	0	433.5
453.242	453.75	0	453.75
453.368	477.75	0	477.75
453.495	439	0	439
453.621	455.75	0	455.75
453.748	470	0	470
453.875	474.25	0	474.25
454.001	442.25	0	442.25
454.128	444.25	0	444.25
454.254	438.25	0	438.25
454.381	458.75	0	458.75
454.507	445	0	445
454.633	452	0	452
454.76	447.5	0	447.5
454.886	440	0	440
455.013	465.75	0	465.75
455.139	454.25	0	454.25
455.266	450.25	0	450.25
455.392	425.5	0	425.5
455.518	440.25	0	440.25
455.645	452.25	0	452.25
455.771	455.5	0	455.5
455.897	432	0	432
456.023	458	0	458
456.15	448.5	0	448.5
456.276	442.5	0	442.5
456.402	436.5	0	436.5
456.528	457.25	0	457.25
456.655	449.75	0	449.75
456.781	463	0	463
456.907	456.75	0	456.75
457.033	458.5	0	458.5
457.159	458	0	458
457.285	428.75	0	428.75
457.411	446.75	0	446.75
457.538	439.75	0	439.75
457.664	448.5	0	448.5
457.79	444.25	0	444.25
457.916	446.25	0	446.25
458.042	427.75	0	427.75
458.168	445.75	0	445.75
458.294	443.5	0	443.5
458.42	439.5	0	439.5
458.546	451.5	0	451.5
458.672	449.75	0	449.75
458.798	447.75	0	447.75
458.924	432.5	0	432.5
459.049	452.5	0	452.5
459.175	424	0	424
459.301	434.25	0	434.25
459.427	427.25	0	427.25
459.553	421	0	421
459.679	426	0	426
459.805	433.75	0	433.75
459.93	432.5	0	432.5
460.056	462.5	0	462.5
460.182	431.75	0	431.75
460.308	450.25	0	450.25
460.433	427.75	0	427.75
460.559	436	0	436
460.685	419	0	419
460.81	427.75	0	427.75
460.936	437	0	437
461.062	440.25	0	440.25
461.187	419.75	0	419.75
461.313	457.75	0	457.75
461.439	449.75	0	449.75
461.564	430.75	0	430.75
461.69	464.5	0	464.5
461.815	430.75	0	430.75
461.941	453.25	0	453.25
462.066	450.25	0	450.25
462.192	436.25	0	436.25
462.317	452.5	0	452.5
462.443	460.75	0	460.75
462.568	417	0	417
462.694	437	0	437
462.819	442	0	442
462.944	419.5	0	419.5
463.07	451.25	0	451.25
463.195	431.75	0	431.75
463.321	469.25	0	469.25
463.446	429.75	0	429.75
463.571	449.5	0	449.5
463.697	430.5	0	430.5
463.822	450.75	0	450.75
463.947	432.5	0	432.5
464.072	467.25	0	467.25
464.198	442	0	442
464.323	439.5	0	439.5
464.448	431.75	0	431.75
464.573	463.5	0	463.5
464.698	447	0	447
464.824	460.25	0	460.25
464.949	450	0	450
465.074	452.25	0	452.25
465.199	439	0	439
465.324	414.75	0	414.75
465.449	434	0	434
465.574	417.25	0	417.25
465.699	422	0	422
465.824	435.75	0	435.75
465.949	442.25	0	442.25
466.074	461.25	0	461.25
466.199	464	0	464
466.324	446.75	0	446.75
466.449	459.25	0	459.25
466.574	438.5	0	438.5
466.699	445.5	0	445.5
466.824	463.25	0	463.25
466.949	457.25	0	457.25
467.074	432.5	0	432.5
467.199	466	0	466
467.323	430	0	430
467.448	446	0	446
467.573	420	0	420
467.698	437	0	437
467.823	483.75	0	483.75
467.947	424.75	0	424.75
468.072	469.25	0	469.25
468.197	437.75	0	437.75
468.322	479.75	0	479.75
468.446	463.25	0	463.25
468.571	462.25	0	462.25
468.696	465.5	0	465.5
468.82	453.75	0	453.75
468.945	453.25	0	453.25
469.069	452	0	452
469.194	456.5	0	456.5
469.319	467	0	467
469.443	440.75	0	440.75
469.568	470.5	0	470.5
469.692	443.25	0	443.25
469.817	447.5	0	447.5
469.941	442.75	0	442.75
470.066	447.75	0	447.75
470.19	441	0	441
470.315	458.5	0	458.5
470.439	446.5	0	446.5
470.563	475.25	0	475.25
470.688	464.25	0	464.25
470.812	449.75	0	449.75
470.937	477.5	0	477.5
471.061	457.5	0	457.5
471.185	458.5	0	458.5
471.31	460	0	460
471.434	450.75	0	450.75
471.558	451	0	451
471.682	455.5	0	455.5
471.807	459	0	459
471.931	462.75	0	462.75
472.055	473.75	0	473.75
472.179	449.25	0	449.25
472.303	473.5	0	473.5
472.428	432.75	0	432.75
472.552	455.75	0	455.75
472.676	456.75	0	456.75
472.8	454	0	454
472.924	461	0	461
473.048	456.75	0	456.75
473.172	453.75	0	453.75
473.296	450.75	0	450.75
473.42	446.25	0	446.25
473.544	438.75	0	438.75
473.668	441.25	0	441.25
473.792	452.25	0	452.25
473.916	442.75	0	442.75
474.04	458	0	458
474.164	451.75	0	451.75
474.288	462	0	462
474.412	457	0	457
474.536	442.25	0	442.25
474.66	449.25	0	449.25
474.784	463.75	0	463.75
474.908	429.75	0	429.75
475.031	459.75	0	459.75
475.155	453.5	0	453.5
475.279	457	0	457
475.403	452.75	0	452.75
475.526	447.25	0	447.25
475.65	468.25	0	468.25
475.774	466.5	0	466.5
475.898	461.25	0	461.25
476.021	468.25	0	468.25
476.145	453	0	453
476.269	437.5	0	437.5
476.392	441	0	441
476.516	450.5	0	450.5
476.64	439.5	0	439.5
476.763	452.75	0	452.75
476.887	448	0	448
477.01	465.25	0	465.25
477.134	447.5	0	447.5
477.257	457	0	457
477.381	442.75	0	442.75
477.504	461.25	0	461.25
477.628	453	0	453
477.751	439	0	439
477.875	423.75	0	423.75
477.998	460.25	0	460.25
478.122	442.5	0	442.5
478.245	448.25	0	448.25
478.368	448.75	0	448.75
478.492	463.75	0	463.75
478.615	456.5	0	456.5
478.738	460.5	0	460.5
478.862	451	0	451
478.985	455.25	0	455.25
479.108	460.75	0	460.75
479.231	448	0	448
479.355	451.5	0	451.5
479.478	477.25	0	477.25
479.601	455	0	455
479.724	469.25	0	469.25
479.848	461.75	0	461.75
479.971	471.5	0	471.5
480.094	467	0	467
480.217	456.25	0	456.25
480.34	460.5	0	460.5
480.463	480.25	0	480.25
480.586	457	0	457
480.709	462.75	0	462.75
480.832	464	0	464
480.955	456	0	456
481.078	459	0	459
481.201	463.75	0	463.75
481.324	483.25	0	483.25
481.447	466.75	0	466.75
481.57	441.25	0	441.25
481.693	461.25	0	461.25
481.816	452.75	0	452.75
481.939	475.5	0	475.5
482.062	472.25	0	472.25
482.185	452	0	452
482.307	464.5	0	464.5
482.43	473.25	0	473.25
482.553	477	0	477
482.676	458	0	458
482.799	468.75	0	468.75
482.921	462	0	462
483.044	445.5	0	445.5
483.167	452.75	0	452.75
483.29	433.75	0	433.75
483.412	462.75	0	462.75
483.535	451.75	0	451.75
483.658	452.5	0	452.5
483.78	455.25	0	455.25
483.903	447.25	0	447.25
484.025	442.75	0	442.75
484.148	450.25	0	450.25
484.271	459	0	459
484.393	442.5	0	442.5
484.516	462.5	0	462.5
484.638	450.25	0	450.25
484.761	451.5	0	451.5
484.883	462.25	0	462.25
485.006	466.5	0	466.5
485.128	452.5	0	452.5
485.251	441.5	0	441.5
485.373	435	0	435
485.495	433	0	433
485.618	437.5	0	437.5
485.74	412	0	412
485.863	439.5	0	439.5
485.985	446.25	0	446.25
486.107	448.75	0	448.75
486.229	442.5	0	442.5
486.352	452.75	0	452.75
486.474	439	0	439
486.596	445	0	445
486.719	438.75	0	438.75
486.841	451.5	0	451.5
486.963	414.75	0	414.75
487.085	428.75	0	428.75
487.207	437.25	0	437.25
487.329	436.75	0	436.75
487.452	442.5	0	442.5
487.574	426.25	0	426.25
487.696	417.25	0	417.25
487.818	440.5	0	440.5
487.94	422.25	0	422.25
488.062	423	0	423
488.184	428	0	428
488.306	443.5	0	443.5
488.428	429.5	0	429.5
488.55	425	0	425
488.672	412.25	0	412.25
488.794	440.25	0	440.25
488.916	419.5	0	419.5
489.038	427	0	427
489.16	407.25	0	407.25
489.281	438	0	438
489.403	428.5	0	428.5
489.525	403	0	403
489.647	412.25	0	412.25
489.769	431.5	0	431.5
489.891	405.25	0	405.25
490.012	427.5	0	427.5
490.134	422.75	0	422.75
490.256	419.5	0	419.5
490.378	413	0	413
490.499	406.5	0	406.5
490.621	402.5	0	402.5
490.743	432.75	0	432.75
490.864	428	0	428
490.986	444.25	0	444.25
491.108	412	0	412
491.229	410.5	0	410.5
491.351	401.25	0	401.25
491.472	403.25	0	403.25
491.594	419	0	419
491.715	426.75	0	426.75
491.837	419.5	0	419.5
491.958	422	0	422
492.08	435	0	435
492.201	426.75	0	426.75
492.323	410.75	0	410.75
492.444	389.5	0	389.5
492.566	419.75	0	419.75
492.687	407.25	0	407.25
492.808	412.75	0	412.75
492.93	386.25	0	386.25
493.051	399	0	399
493.172	423.75	0	423.75
493.294	397.5	0	397.5
493.415	414.25	0	414.25
493.536	412	0	412
493.658	426.25	0	426.25
493.779	421.25	0	421.25
493.9	411	0	411
494.021	393.5	0	393.5
494.143	410.75	0	410.75
494.264	417	0	417
494.385	436	0	436
494.506	429.25	0	429.25
494.627	403.5	0	403.5
494.748	396.25	0	396.25
494.869	409.75	0	409.75
494.99	404.25	0	404.25
495.111	412	0	412
495.232	404.5	0	404.5
495.353	403	0	403
495.475	414.75	0	414.75
495.595	412	0	412
495.716	396.75	0	396.75
495.837	403.5	0	403.5
495.958	411.25	0	411.25
496.079	419.75	0	419.75
496.2	377.25	0	377.25
496.321	412.25	0	412.25
496.442	415.5	0	415.5
496.563	377.5	0	377.5
496.684	398.25	0	398.25
496.804	391	0	391
496.925	410.5	0	410.5
497.046	410	0	410
497.167	401	0	401
497.287	410	0	410
497.408	400.75	0	400.75
497.529	403	0	403
497.65	400.25	0	400.25
497.77	397.75	0	397.75
497.891	399.75	0	399.75
498.012	402.75	0	402.75
498.132	406.25	0	406.25
498.253	399	0	399
498.373	413.25	0	413.25
498.494	392.75	0	392.75
498.614	392.75	0	392.75
498.735	398.5	0	398.5
498.856	403.25	0	403.25
498.976	383.5	0	383.5
499.096	382.75	0	382.75
499.217	400.25	0	400.25
499.337	393.5	0	393.5
499.458	399	0	399
499.578	392.5	0	392.5
499.699	399.75	0	399.75
499.819	404.5	0	404.5
499.939	412	0	412
500.06	411.25	0	411.25
500.18	392.5	0	392.5
500.3	387.75	0	387.75
500.421	391.5	0	391.5
500.541	396.25	0	396.25
500.661	392	0	392
500.781	403	0	403
500.902	378.25	0	378.25
501.022	407	0	407
501.142	382	0	382
501.262	372.25	0	372.25
501.382	418.25	0	418.25
501.502	392	0	392
501.623	396.75	0	396.75
501.743	385.75	0	385.75
501.863	411.5	0	411.5
501.983	399.5	0	399.5
502.103	398.25	0	398.25
502.223	371.25	0	371.25
502.343	374.75	0	374.75
502.463	364	0	364
502.583	387	0	387
502.703	381	0	381
502.823	396.5	0	396.5
502.943	385.25	0	385.25
503.063	381.25	0	381.25
503.182	382.25	0	382.25
503.302	401.25	0	401.25
503.422	367	0	367
503.542	366.5	0	366.5
503.662	386.5	0	386.5
503.782	388.5	0	388.5
503.901	373.5	0	373.5
504.021	385.75	0	385.75
504.141	379.5	0	379.5
504.261	402	0	402
504.38	380	0	380
504.5	378	0	378
504.62	374.75	0	374.75
504.739	378	0	378
504.859	376.25	0	376.25
504.979	348.75	0	348.75
505.098	382.75	0	382.75
505.218	378.75	0	378.75
505.338	397.25	0	397.25
505.457	383	0	383
505.577	368.75	0	368.75
505.696	389.75	0	389.75
505.816	384.25	0	384.25
505.935	401.5	0	401.5
506.055	361.75	0	361.75
506.174	383.25	0	383.25
506.293	383.25	0	383.25
506.413	362	0	362
506.532	391.5	0	391.5
506.652	395.75	0	395.75
506.771	398.5	0	398.5
506.89	386	0	386
507.01	377.25	0	377.25
507.129	380	0	380
507.248	368.25	0	368.25
507.368	375.5	0	375.5
507.487	391.75	0	391.75
507.606	382.5	0	382.5
507.725	380.25	0	380.25
507.844	370	0	370
507.964	376	0	376
508.083	378.25	0	378.25
508.202	396.5	0	396.5
508.321	380	0	380
508.44	377.75	0	377.75
508.559	380.75	0	380.75
508.678	386.5	0	386.5
508.797	384.5	0	384.5
508.916	382.25	0	382.25
509.035	372.25	0	372.25
509.154	392.25	0	392.25
509.273	379	0	379
509.392	383	0	383
509.511	396	0	396
509.63	391	0	391
509.749	391	0	391
509.868	382.75	0	382.75
509.987	393.25	0	393.25
510.106	381.25	0	381.25
510.225	390.25	0	390.25
510.344	400.25	0	400.25
510.462	425.25	0	425.25
510.581	402	0	402
510.7	431.5	0	431.5
510.819	401	0	401
510.937	418.5	0	418.5
511.056	421	0	421
511.175	444.75	0	444.75
511.294	425	0	425
511.412	437.75	0	437.75
511.531	443	0	443
511.649	455.25	0	455.25
511.768	454.25	0	454.25
511.887	497.75	0	497.75
512.005	453.75	0	453.75
512.124	458.75	0	458.75
512.242	475.5	0	475.5
512.361	469.5	0	469.5
512.479	472.25	0	472.25
512.598	458.75	0	458.75
512.716	490.75	0	490.75
512.835	437	0	437
512.953	478.5	0	478.5
513.072	472.5	0	472.5
513.19	442.75	0	442.75
513.308	457.25	0	457.25
513.427	440.75	0	440.75
513.545	429	0	429
513.664	421	0	421
513.782	436.25	0	436.25
513.9	425	0	425
514.018	420.25	0	420.25
514.137	421.25	0	421.25
514.255	400.75	0	400.75
514.373	395	0	395
514.491	397.25	0	397.25
514.609	394	0	394
514.728	395	0	395
514.846	409.75	0	409.75
514.964	409.75	0	409.75
515.082	372	0	372
515.2	368.75	0	368.75
515.318	374.75	0	374.75
515.436	354.75	0	354.75
515.554	376.75	0	376.75
515.672	370.75	0	370.75
515.79	368.25	0	368.25
515.908	380.25	0	380.25
516.026	359.75	0	359.75
516.144	374.25	0	374.25
516.262	366.75	0	366.75
516.38	360	0	360
516.498	371.5	0	371.5
516.616	382.75	0	382.75
516.734	344.5	0	344.5
516.852	367.25	0	367.25
516.969	372.75	0	372.75
517.087	355.5	0	355.5
517.205	357.25	0	357.25
517.323	378.5	0	378.5
517.44	340	0	340
517.558	377.25	0	377.25
517.676	348.5	0	348.5
517.794	377.5	0	377.5
517.911	360.5	0	360.5
518.029	383.25	0	383.25
518.147	358.5	0	358.5
518.264	363.5	0	363.5
518.382	356	0	356
518.5	356	0	356
518.617	349.5	0	349.5
518.735	354.5	0	354.5
518.852	355	0	355
518.97	366.25	0	366.25
519.087	361.25	0	361.25
519.205	362.5	0	362.5
519.322	341	0	341
519.44	379.25	0	379.25
519.557	345.5	0	345.5
519.674	364.5	0	364.5
519.792	342.5	0	342.5
519.909	344.75	0	344.75
520.026	367	0	367
520.144	362.5	0	362.5
520.261	342.5	0	342.5
520.378	365	0	365
520.496	338.25	0	338.25
520.613	348.25	0	348.25
520.73	339.5	0	339.5
520.847	344.5	0	344.5
520.965	357.75	0	357.75
521.082	342	0	342
521.199	339.5	0	339.5
521.316	337	0	337
521.433	341.5	0	341.5
521.55	345.25	0	345.25
521.667	354.25	0	354.25
521.785	341	0	341
521.902	341.75	0	341.75
522.019	339.5	0	339.5
522.136	331.5	0	331.5
522.253	328	0	328
522.37	349.25	0	349.25
522.487	334.75	0	334.75
522.604	333	0	333
522.721	327.5	0	327.5
522.838	344.75	0	344.75
522.954	348.5	0	348.5
523.071	343.25	0	343.25
523.188	353.25	0	353.25
523.305	327	0	327
523.422	337.25	0	337.25
523.539	335	0	335
523.655	319	0	319
523.772	331.5	0	331.5
523.889	364.25	0	364.25
524.006	321	0	321
524.122	335.25	0	335.25
524.239	316.75	0	316.75
524.356	329	0	329
524.472	317	0	317
524.589	346.25	0	346.25
524.706	314	0	314
524.822	331.25	0	331.25
524.939	320.25	0	320.25
525.055	321.75	0	321.75
525.172	314.5	0	314.5
525.289	329.25	0	329.25
525.405	321.5	0	321.5
525.522	292	0	292
525.638	313.25	0	313.25
525.754	325	0	325
525.871	320	0	320
525.987	320.5	0	320.5
526.104	323.75	0	323.75
526.22	323.5	0	323.5
526.336	306.25	0	306.25
526.453	323.75	0	323.75
526.569	335.5	0	335.5
526.685	331.25	0	331.25
526.802	332	0	332
526.918	326.5	0	326.5
527.034	321.75	0	321.75
527.151	330	0	330
527.267	311.5	0	311.5
527.383	327.75	0	327.75
527.499	307.5	0	307.5
527.615	333.25	0	333.25
527.732	349.25	0	349.25
527.848	338.5	0	338.5
527.964	308.75	0	308.75
528.08	320	0	320
528.196	319.5	0	319.5
528.312	310	0	310
528.428	305.5	0	305.5
528.544	352.25	0	352.25
528.66	309.25	0	309.25
528.776	308	0	308
528.892	328.25	0	328.25
529.008	310.5	0	310.5
529.124	314.5	0	314.5
529.24	321.5	0	321.5
529.356	312.25	0	312.25
529.471	311.5	0	311.5
529.587	321	0	321
529.703	310.5	0	310.5
529.819	319.5	0	319.5
529.935	329.5	0	329.5
530.05	312	0	312
530.166	329.25	0	329.25
530.282	315	0	315
530.398	306.5	0	306.5
530.513	316	0	316
530.629	314.75	0	314.75
530.745	320.5	0	320.5
530.86	319.25	0	319.25
530.976	307	0	307
531.092	290.25	0	290.25
531.207	325.75	0	325.75
531.323	312	0	312
531.438	294.5	0	294.5
531.554	339.25	0	339.25
531.669	318	0	318
531.785	325.25	0	325.25
531.9	315.25	0	315.25
532.016	340.5	0	340.5
532.131	316	0	316
532.247	347.25	0	347.25
532.362	316.5	0	316.5
532.477	322	0	322
532.593	320	0	320
532.708	308.25	0	308.25
532.823	305	0	305
532.939	310	0	310
533.054	310.75	0	310.75
533.169	304.25	0	304.25
533.285	319.5	0	319.5
533.4	291.75	0	291.75
533.515	301.25	0	301.25
533.63	305.25	0	305.25
533.745	311	0	311
533.861	298.5	0	298.5
533.976	303.25	0	303.25
534.091	318	0	318
534.206	313.5	0	313.5
534.321	304.25	0	304.25
534.436	323.5	0	323.5
534.551	302	0	302
534.666	312.75	0	312.75
534.781	313.5	0	313.5
534.896	297.5	0	297.5
535.011	288.5	0	288.5
535.126	316.75	0	316.75
535.241	323.25	0	323.25
535.356	315.5	0	315.5
535.471	306.5	0	306.5
535.586	301	0	301
535.701	297.75	0	297.75
535.815	304	0	304
535.93	299.5	0	299.5
536.045	307.5	0	307.5
536.16	305.25	0	305.25