Lambda	Spectrum	Dark	SpecMinusDark
268.175	21	0	21
268.319	15.5	0	15.5
268.463	13.5	0	13.5
268.607	20.5	0	20.5
268.751	29.5	0	29.5
268.895	0.25	0	0.25
269.039	14.75	0	14.75
269.183	26.5	0	26.5
269.327	21.75	0	21.75
269.47	13	0	13
269.614	18.5	0	18.5
269.758	32.25	0	32.25
269.902	22.25	0	22.25
270.046	18.75	0	18.75
270.19	21	0	21
270.334	17	0	17
270.477	20	0	20
270.621	27	0	27
270.765	15.25	0	15.25
270.909	25.25	0	25.25
271.053	19.5	0	19.5
271.196	20.75	0	20.75
271.34	16	0	16
271.484	21	0	21
271.628	23.5	0	23.5
271.771	20.5	0	20.5
271.915	6.75	0	6.75
272.059	23.75	0	23.75
272.202	22.5	0	22.5
272.346	22	0	22
272.49	18.75	0	18.75
272.634	21.25	0	21.25
272.777	24.75	0	24.75
272.921	23	0	23
273.064	17.5	0	17.5
273.208	38.25	0	38.25
273.352	22	0	22
273.495	27.75	0	27.75
273.639	12.5	0	12.5
273.783	19	0	19
273.926	11.5	0	11.5
274.07	29.25	0	29.25
274.213	24.25	0	24.25
274.357	17	0	17
274.5	15	0	15
274.644	23.5	0	23.5
274.787	13	0	13
274.931	16.5	0	16.5
275.074	28	0	28
275.218	16.25	0	16.25
275.361	16.75	0	16.75
275.505	20.25	0	20.25
275.648	26.25	0	26.25
275.792	20.75	0	20.75
275.935	24	0	24
276.079	28.25	0	28.25
276.222	26.5	0	26.5
276.366	27	0	27
276.509	22.75	0	22.75
276.652	26.25	0	26.25
276.796	36.5	0	36.5
276.939	32	0	32
277.082	20	0	20
277.226	22.75	0	22.75
277.369	23.5	0	23.5
277.513	21.5	0	21.5
277.656	20	0	20
277.799	29.25	0	29.25
277.942	19.75	0	19.75
278.086	24.5	0	24.5
278.229	20.25	0	20.25
278.372	23.25	0	23.25
278.516	21.5	0	21.5
278.659	24.25	0	24.25
278.802	25.25	0	25.25
278.945	25.5	0	25.5
279.089	28	0	28
279.232	28.5	0	28.5
279.375	24	0	24
279.518	35	0	35
279.661	22.75	0	22.75
279.805	18.75	0	18.75
279.948	23.25	0	23.25
280.091	32.25	0	32.25
280.234	21	0	21
280.377	22.25	0	22.25
280.52	26.25	0	26.25
280.663	25.5	0	25.5
280.806	23.5	0	23.5
280.95	18.75	0	18.75
281.093	29.5	0	29.5
281.236	36.5	0	36.5
281.379	29.25	0	29.25
281.522	25	0	25
281.665	30.75	0	30.75
281.808	30.5	0	30.5
281.951	28.25	0	28.25
282.094	26	0	26
282.237	22	0	22
282.38	32.25	0	32.25
282.523	31.25	0	31.25
282.666	25	0	25
282.809	36.5	0	36.5
282.952	24.75	0	24.75
283.095	30.5	0	30.5
283.238	41	0	41
283.381	24.5	0	24.5
283.523	29.5	0	29.5
283.666	42.25	0	42.25
283.809	46.5	0	46.5
283.952	40.5	0	40.5
284.095	35	0	35
284.238	39.75	0	39.75
284.381	35	0	35
284.524	39.75	0	39.75
284.666	34.5	0	34.5
284.809	43.5	0	43.5
284.952	34.25	0	34.25
285.095	32.5	0	32.5
285.238	48.25	0	48.25
285.38	44.25	0	44.25
285.523	44.5	0	44.5
285.666	46.5	0	46.5
285.809	39	0	39
285.951	52.5	0	52.5
286.094	49	0	49
286.237	53.25	0	53.25
286.38	52.5	0	52.5
286.522	56	0	56
286.665	63	0	63
286.808	72.5	0	72.5
286.95	68	0	68
287.093	94.75	0	94.75
287.236	103.75	0	103.75
287.378	135.5	0	135.5
287.521	165.5	0	165.5
287.663	199	0	199
287.806	362.75	0	362.75
287.949	565.25	0	565.25
288.091	720	0	720
288.234	603.75	0	603.75
288.376	458.75	0	458.75
288.519	406.25	0	406.25
288.661	328	0	328
288.804	295.5	0	295.5
288.946	244.75	0	244.75
289.089	219.75	0	219.75
289.231	191.5	0	191.5
289.374	172.5	0	172.5
289.516	177	0	177
289.659	145.75	0	145.75
289.801	131.75	0	131.75
289.944	123.75	0	123.75
290.086	127	0	127
290.229	103	0	103
290.371	106.25	0	106.25
290.513	88.25	0	88.25
290.656	82.75	0	82.75
290.798	95.5	0	95.5
290.941	84.25	0	84.25
291.083	84	0	84
291.225	78	0	78
291.368	73.25	0	73.25
291.51	74	0	74
291.652	61.5	0	61.5
291.795	67.25	0	67.25
291.937	56	0	56
292.079	66	0	66
292.221	63	0	63
292.364	55	0	55
292.506	73	0	73
292.648	53.25	0	53.25
292.79	49.5	0	49.5
292.933	60.25	0	60.25
293.075	50	0	50
293.217	51.25	0	51.25
293.359	45.5	0	45.5
293.502	47	0	47
293.644	44.5	0	44.5
293.786	53.75	0	53.75
293.928	46.5	0	46.5
294.07	48.5	0	48.5
294.212	38.5	0	38.5
294.354	43.5	0	43.5
294.497	51.25	0	51.25
294.639	50	0	50
294.781	51.25	0	51.25
294.923	40.5	0	40.5
295.065	34.75	0	34.75
295.207	39.5	0	39.5
295.349	48	0	48
295.491	41	0	41
295.633	52.75	0	52.75
295.775	50.25	0	50.25
295.917	35.25	0	35.25
296.059	38.25	0	38.25
296.201	53	0	53
296.343	42.75	0	42.75
296.485	51.5	0	51.5
296.627	46	0	46
296.769	44.5	0	44.5
296.911	45.25	0	45.25
297.053	43.25	0	43.25
297.195	39	0	39
297.337	38	0	38
297.478	51	0	51
297.62	46	0	46
297.762	41.5	0	41.5
297.904	34	0	34
298.046	39.25	0	39.25
298.188	38	0	38
298.33	41.25	0	41.25
298.471	75.25	0	75.25
298.613	96.25	0	96.25
298.755	95.5	0	95.5
298.897	60.25	0	60.25
299.038	59.5	0	59.5
299.18	31	0	31
299.322	43	0	43
299.464	50	0	50
299.605	44.5	0	44.5
299.747	44	0	44
299.889	48	0	48
300.031	33.75	0	33.75
300.172	33.5	0	33.5
300.314	47.5	0	47.5
300.456	43	0	43
300.597	38.75	0	38.75
300.739	32.75	0	32.75
300.881	42.5	0	42.5
301.022	41.75	0	41.75
301.164	49.25	0	49.25
301.305	40.25	0	40.25
301.447	33.25	0	33.25
301.589	34.25	0	34.25
301.73	34.25	0	34.25
301.872	36.5	0	36.5
302.013	37.5	0	37.5
302.155	43.5	0	43.5
302.296	46.5	0	46.5
302.438	37	0	37
302.579	39.5	0	39.5
302.721	44.25	0	44.25
302.862	41	0	41
303.004	34.75	0	34.75
303.145	37.25	0	37.25
303.287	44.25	0	44.25
303.428	42.5	0	42.5
303.569	41.5	0	41.5
303.711	46.25	0	46.25
303.852	42.5	0	42.5
303.994	40.5	0	40.5
304.135	47.25	0	47.25
304.276	44	0	44
304.418	43	0	43
304.559	39	0	39
304.7	38.25	0	38.25
304.842	44.5	0	44.5
304.983	44.5	0	44.5
305.124	37.25	0	37.25
305.266	48.5	0	48.5
305.407	45	0	45
305.548	54.25	0	54.25
305.69	43	0	43
305.831	49	0	49
305.972	43	0	43
306.113	52.5	0	52.5
306.254	55.5	0	55.5
306.396	57.5	0	57.5
306.537	48.75	0	48.75
306.678	43.5	0	43.5
306.819	49.5	0	49.5
306.96	47.75	0	47.75
307.102	41	0	41
307.243	42.25	0	42.25
307.384	45.5	0	45.5
307.525	55.25	0	55.25
307.666	57.75	0	57.75
307.807	50.5	0	50.5
307.948	43.5	0	43.5
308.089	51.25	0	51.25
308.23	47.5	0	47.5
308.371	32.75	0	32.75
308.513	40.5	0	40.5
308.654	53.25	0	53.25
308.795	40.5	0	40.5
308.936	49.75	0	49.75
309.077	37.75	0	37.75
309.218	48.25	0	48.25
309.359	50.5	0	50.5
309.499	50.25	0	50.25
309.64	39.25	0	39.25
309.781	46.75	0	46.75
309.922	38	0	38
310.063	52.25	0	52.25
310.204	51.5	0	51.5
310.345	55	0	55
310.486	51.75	0	51.75
310.627	47.5	0	47.5
310.768	50	0	50
310.909	51.75	0	51.75
311.049	41.25	0	41.25
311.19	54.75	0	54.75
311.331	50	0	50
311.472	46.5	0	46.5
311.613	52.25	0	52.25
311.753	49	0	49
311.894	47.75	0	47.75
312.035	42.5	0	42.5
312.176	48	0	48
312.316	47	0	47
312.457	53.75	0	53.75
312.598	50.75	0	50.75
312.739	42.5	0	42.5
312.879	44.5	0	44.5
313.02	51.75	0	51.75
313.161	58.25	0	58.25
313.301	44.75	0	44.75
313.442	50.75	0	50.75
313.583	51	0	51
313.723	56.75	0	56.75
313.864	57	0	57
314.005	52.25	0	52.25
314.145	45.75	0	45.75
314.286	50	0	50
314.426	65.25	0	65.25
314.567	50.5	0	50.5
314.707	55	0	55
314.848	49.75	0	49.75
314.989	55.25	0	55.25
315.129	51.5	0	51.5
315.27	51	0	51
315.41	48.5	0	48.5
315.551	57.25	0	57.25
315.691	57	0	57
315.831	48.5	0	48.5
315.972	55	0	55
316.112	39.5	0	39.5
316.253	48	0	48
316.393	50.25	0	50.25
316.534	47.25	0	47.25
316.674	60.75	0	60.75
316.814	58.25	0	58.25
316.955	59.25	0	59.25
317.095	47.5	0	47.5
317.236	61.5	0	61.5
317.376	62.75	0	62.75
317.516	57.5	0	57.5
317.656	57	0	57
317.797	61	0	61
317.937	58.75	0	58.75
318.077	57.75	0	57.75
318.218	56.25	0	56.25
318.358	65.25	0	65.25
318.498	55.5	0	55.5
318.638	56.75	0	56.75
318.779	48.75	0	48.75
318.919	61	0	61
319.059	52	0	52
319.199	61.5	0	61.5
319.34	54.25	0	54.25
319.48	64.25	0	64.25
319.62	61	0	61
319.76	55.75	0	55.75
319.9	48.25	0	48.25
320.04	54.5	0	54.5
320.18	60	0	60
320.32	49.25	0	49.25
320.461	55.75	0	55.75
320.601	55	0	55
320.741	54.25	0	54.25
320.881	62.25	0	62.25
321.021	66.5	0	66.5
321.161	63.75	0	63.75
321.301	58.5	0	58.5
321.441	64	0	64
321.581	63	0	63
321.721	64	0	64
321.861	67.75	0	67.75
322.001	72.5	0	72.5
322.141	52.5	0	52.5
322.281	62.75	0	62.75
322.421	53.5	0	53.5
322.561	67.25	0	67.25
322.7	68.25	0	68.25
322.84	59	0	59
322.98	67.25	0	67.25
323.12	68.5	0	68.5
323.26	64.5	0	64.5
323.4	76.5	0	76.5
323.54	75.5	0	75.5
323.68	59	0	59
323.819	58.25	0	58.25
323.959	66	0	66
324.099	71.25	0	71.25
324.239	65	0	65
324.379	65.5	0	65.5
324.518	84.5	0	84.5
324.658	78.5	0	78.5
324.798	56.5	0	56.5
324.937	62	0	62
325.077	73.5	0	73.5
325.217	72.25	0	72.25
325.357	78.5	0	78.5
325.496	69.75	0	69.75
325.636	70.75	0	70.75
325.776	79.75	0	79.75
325.915	74.5	0	74.5
326.055	86.25	0	86.25
326.195	69.25	0	69.25
326.334	64.25	0	64.25
326.474	82.25	0	82.25
326.613	67.75	0	67.75
326.753	78.5	0	78.5
326.892	68	0	68
327.032	71.5	0	71.5
327.172	90.5	0	90.5
327.311	72.75	0	72.75
327.451	84.25	0	84.25
327.59	80.25	0	80.25
327.73	71.25	0	71.25
327.869	82	0	82
328.009	87.25	0	87.25
328.148	81	0	81
328.288	77	0	77
328.427	84.5	0	84.5
328.566	80.5	0	80.5
328.706	73	0	73
328.845	79.5	0	79.5
328.985	67.75	0	67.75
329.124	78.75	0	78.75
329.263	82	0	82
329.403	88	0	88
329.542	81.5	0	81.5
329.681	76.75	0	76.75
329.821	89.25	0	89.25
329.96	87	0	87
330.099	81.75	0	81.75
330.239	78.75	0	78.75
330.378	83.75	0	83.75
330.517	77	0	77
330.656	96.75	0	96.75
330.796	92.75	0	92.75
330.935	102.75	0	102.75
331.074	95.25	0	95.25
331.213	85.75	0	85.75
331.352	91.75	0	91.75
331.492	96.25	0	96.25
331.631	89.25	0	89.25
331.77	89	0	89
331.909	91.75	0	91.75
332.048	82.25	0	82.25
332.187	87	0	87
332.327	101.5	0	101.5
332.466	87.5	0	87.5
332.605	91.75	0	91.75
332.744	97	0	97
332.883	92.25	0	92.25
333.022	87.25	0	87.25
333.161	95.5	0	95.5
333.3	93.75	0	93.75
333.439	110.75	0	110.75
333.578	96.5	0	96.5
333.717	105.5	0	105.5
333.856	113.25	0	113.25
333.995	110.75	0	110.75
334.134	117.75	0	117.75
334.273	123.5	0	123.5
334.412	103.25	0	103.25
334.551	105.5	0	105.5
334.69	126.75	0	126.75
334.828	117.25	0	117.25
334.967	111.75	0	111.75
335.106	109.5	0	109.5
335.245	114.75	0	114.75
335.384	114.75	0	114.75
335.523	112.5	0	112.5
335.662	120.75	0	120.75
335.8	125.25	0	125.25
335.939	131.75	0	131.75
336.078	139.75	0	139.75
336.217	124.5	0	124.5
336.356	136.75	0	136.75
336.494	154	0	154
336.633	150.75	0	150.75
336.772	135.75	0	135.75
336.911	149.75	0	149.75
337.049	150.25	0	150.25
337.188	154.5	0	154.5
337.327	154.25	0	154.25
337.465	163.75	0	163.75
337.604	162.75	0	162.75
337.743	191.5	0	191.5
337.881	171.5	0	171.5
338.02	172.5	0	172.5
338.158	180.75	0	180.75
338.297	190.75	0	190.75
338.436	207.5	0	207.5
338.574	216.75	0	216.75
338.713	237.5	0	237.5
338.851	242.75	0	242.75
338.99	284.25	0	284.25
339.128	314.25	0	314.25
339.267	329.25	0	329.25
339.405	388.25	0	388.25
339.544	464.25	0	464.25
339.682	599.5	0	599.5
339.821	780.5	0	780.5
339.959	999	0	999
340.098	1148	0	1148
340.236	1253	0	1253
340.375	1236	0	1236
340.513	1272.75	0	1272.75
340.651	1357.25	0	1357.25
340.79	1459.5	0	1459.5
340.928	1492.75	0	1492.75
341.067	1490	0	1490
341.205	1472.25	0	1472.25
341.343	1536.5	0	1536.5
341.482	1613	0	1613
341.62	1737.25	0	1737.25
341.758	1763.75	0	1763.75
341.897	1849.5	0	1849.5
342.035	1759	0	1759
342.173	1581	0	1581
342.311	1344	0	1344
342.45	1122.25	0	1122.25
342.588	916.5	0	916.5
342.726	785.5	0	785.5
342.864	613.25	0	613.25
343.002	487	0	487
343.141	437.5	0	437.5
343.279	360.25	0	360.25
343.417	293	0	293
343.555	266	0	266
343.693	237.25	0	237.25
343.831	213.25	0	213.25
343.969	198.5	0	198.5
344.108	191	0	191
344.246	192.75	0	192.75
344.384	173	0	173
344.522	156	0	156
344.66	148.25	0	148.25
344.798	151.25	0	151.25
344.936	143.25	0	143.25
345.074	145.75	0	145.75
345.212	141.5	0	141.5
345.35	134.5	0	134.5
345.488	128.5	0	128.5
345.626	136.5	0	136.5
345.764	146.25	0	146.25
345.902	141.5	0	141.5
346.04	134.25	0	134.25
346.178	145	0	145
346.315	135.25	0	135.25
346.453	136	0	136
346.591	141.25	0	141.25
346.729	136.5	0	136.5
346.867	138.5	0	138.5
347.005	140.5	0	140.5
347.143	133	0	133
347.28	136	0	136
347.418	136.25	0	136.25
347.556	133	0	133
347.694	136.75	0	136.75
347.832	127.25	0	127.25
347.969	139.5	0	139.5
348.107	153	0	153
348.245	156.5	0	156.5
348.382	130.25	0	130.25
348.52	158	0	158
348.658	133	0	133
348.796	140	0	140
348.933	142	0	142
349.071	160	0	160
349.209	139.75	0	139.75
349.346	144	0	144
349.484	141.75	0	141.75
349.621	133.5	0	133.5
349.759	142.25	0	142.25
349.897	139.25	0	139.25
350.034	134.25	0	134.25
350.172	146.25	0	146.25
350.309	148.5	0	148.5
350.447	141	0	141
350.584	150	0	150
350.722	137	0	137
350.859	145.5	0	145.5
350.997	155.25	0	155.25
351.134	146.25	0	146.25
351.272	140.5	0	140.5
351.409	145.75	0	145.75
351.547	142.75	0	142.75
351.684	134.5	0	134.5
351.822	156	0	156
351.959	152	0	152
352.096	154.75	0	154.75
352.234	149.75	0	149.75
352.371	153.75	0	153.75
352.508	144.75	0	144.75
352.646	148	0	148
352.783	155.25	0	155.25
352.92	146.75	0	146.75
353.058	154.75	0	154.75
353.195	166.25	0	166.25
353.332	151.25	0	151.25
353.469	166	0	166
353.607	156.75	0	156.75
353.744	174.25	0	174.25
353.881	156.5	0	156.5
354.018	170.5	0	170.5
354.156	167.25	0	167.25
354.293	168.75	0	168.75
354.43	177	0	177
354.567	172.75	0	172.75
354.704	181	0	181
354.841	173.5	0	173.5
354.979	154.25	0	154.25
355.116	171.5	0	171.5
355.253	165.75	0	165.75
355.39	170	0	170
355.527	159.5	0	159.5
355.664	150.5	0	150.5
355.801	157	0	157
355.938	166.25	0	166.25
356.075	161.75	0	161.75
356.212	165.25	0	165.25
356.349	162	0	162
356.486	159.5	0	159.5
356.623	161	0	161
356.76	178.25	0	178.25
356.897	156.5	0	156.5
357.034	172	0	172
357.171	163.5	0	163.5
357.308	160.5	0	160.5
357.445	168.5	0	168.5
357.582	159.75	0	159.75
357.718	163.25	0	163.25
357.855	165.25	0	165.25
357.992	163	0	163
358.129	182.25	0	182.25
358.266	168.25	0	168.25
358.403	176	0	176
358.539	170	0	170
358.676	174	0	174
358.813	159	0	159
358.95	181	0	181
359.086	163.25	0	163.25
359.223	172.5	0	172.5
359.36	168.75	0	168.75
359.497	183	0	183
359.633	170.75	0	170.75
359.77	195.5	0	195.5
359.907	181	0	181
360.043	173.75	0	173.75
360.18	175.25	0	175.25
360.317	175.75	0	175.75
360.453	191.5	0	191.5
360.59	185.5	0	185.5
360.727	181.75	0	181.75
360.863	179	0	179
361	165.25	0	165.25
361.136	193.25	0	193.25
361.273	190.5	0	190.5
361.409	211.75	0	211.75
361.546	178.75	0	178.75
361.682	199	0	199
361.819	184	0	184
361.955	187.75	0	187.75
362.092	197.25	0	197.25
362.228	193.25	0	193.25
362.365	172.75	0	172.75
362.501	204	0	204
362.638	191.25	0	191.25
362.774	184	0	184
362.91	198	0	198
363.047	201.25	0	201.25
363.183	192.75	0	192.75
363.319	206	0	206
363.456	196.75	0	196.75
363.592	205.5	0	205.5
363.728	193.5	0	193.5
363.865	204.25	0	204.25
364.001	189.75	0	189.75
364.137	194.75	0	194.75
364.274	169.5	0	169.5
364.41	201.75	0	201.75
364.546	196	0	196
364.682	202.25	0	202.25
364.819	206.25	0	206.25
364.955	207.25	0	207.25
365.091	209.25	0	209.25
365.227	191.5	0	191.5
365.363	205.5	0	205.5
365.499	190	0	190
365.636	197.5	0	197.5
365.772	195.5	0	195.5
365.908	207	0	207
366.044	204.25	0	204.25
366.18	215.75	0	215.75
366.316	219.75	0	219.75
366.452	214	0	214
366.588	209	0	209
366.724	202.5	0	202.5
366.86	232.75	0	232.75
366.996	218.25	0	218.25
367.132	220.5	0	220.5
367.268	215.25	0	215.25
367.404	222.25	0	222.25
367.54	214.25	0	214.25
367.676	229	0	229
367.812	209	0	209
367.948	234.5	0	234.5
368.084	221.5	0	221.5
368.22	222.5	0	222.5
368.356	220.25	0	220.25
368.492	224	0	224
368.627	214	0	214
368.763	241.75	0	241.75
368.899	230	0	230
369.035	221	0	221
369.171	217.25	0	217.25
369.306	223	0	223
369.442	221.75	0	221.75
369.578	236.5	0	236.5
369.714	229.75	0	229.75
369.85	232	0	232
369.985	222.25	0	222.25
370.121	198.75	0	198.75
370.257	220	0	220
370.392	234.25	0	234.25
370.528	237.75	0	237.75
370.664	232	0	232
370.799	233.75	0	233.75
370.935	244.5	0	244.5
371.071	254.5	0	254.5
371.206	256.25	0	256.25
371.342	221.75	0	221.75
371.477	232.25	0	232.25
371.613	229.5	0	229.5
371.749	231.75	0	231.75
371.884	242	0	242
372.02	237.75	0	237.75
372.155	239	0	239
372.291	246.75	0	246.75
372.426	233.75	0	233.75
372.562	232.5	0	232.5
372.697	249.75	0	249.75
372.833	241.5	0	241.5
372.968	237.75	0	237.75
373.103	239.25	0	239.25
373.239	242	0	242
373.374	264.25	0	264.25
373.51	256.5	0	256.5
373.645	233.75	0	233.75
373.78	244	0	244
373.916	255	0	255
374.051	244.5	0	244.5
374.186	241.75	0	241.75
374.322	256.25	0	256.25
374.457	237	0	237
374.592	258.25	0	258.25
374.728	260.25	0	260.25
374.863	243.75	0	243.75
374.998	268.5	0	268.5
375.133	253.25	0	253.25
375.268	270	0	270
375.404	255.5	0	255.5
375.539	255.25	0	255.25
375.674	263.5	0	263.5
375.809	272	0	272
375.944	253.25	0	253.25
376.08	259.75	0	259.75
376.215	242.5	0	242.5
376.35	270.75	0	270.75
376.485	263.25	0	263.25
376.62	260	0	260
376.755	266.75	0	266.75
376.89	267.25	0	267.25
377.025	254.75	0	254.75
377.16	252	0	252
377.295	284.25	0	284.25
377.43	256.25	0	256.25
377.565	261	0	261
377.7	264.25	0	264.25
377.835	278.75	0	278.75
377.97	254.5	0	254.5
378.105	278.5	0	278.5
378.24	275.5	0	275.5
378.375	288	0	288
378.51	263.25	0	263.25
378.645	267.5	0	267.5
378.78	268.25	0	268.25
378.914	277.5	0	277.5
379.049	269.5	0	269.5
379.184	288.5	0	288.5
379.319	274.75	0	274.75
379.454	272	0	272
379.589	277.25	0	277.25
379.723	286.5	0	286.5
379.858	300.25	0	300.25
379.993	283.75	0	283.75
380.128	295.5	0	295.5
380.262	284.5	0	284.5
380.397	277.75	0	277.75
380.532	300	0	300
380.666	293.25	0	293.25
380.801	268	0	268
380.936	295.25	0	295.25
381.07	297.25	0	297.25
381.205	291	0	291
381.34	290.5	0	290.5
381.474	285	0	285
381.609	321	0	321
381.744	292.5	0	292.5
381.878	304.25	0	304.25
382.013	333.75	0	333.75
382.147	300.25	0	300.25
382.282	315.5	0	315.5
382.416	332.5	0	332.5
382.551	307	0	307
382.685	313.75	0	313.75
382.82	305.5	0	305.5
382.954	323	0	323
383.089	309.75	0	309.75
383.223	313.25	0	313.25
383.357	317.25	0	317.25
383.492	313.5	0	313.5
383.626	335	0	335
383.761	336.25	0	336.25
383.895	311.5	0	311.5
384.029	335.5	0	335.5
384.164	327.75	0	327.75
384.298	336.25	0	336.25
384.432	326	0	326
384.567	323	0	323
384.701	341.75	0	341.75
384.835	346.25	0	346.25
384.97	349	0	349
385.104	353.75	0	353.75
385.238	349.5	0	349.5
385.372	374.75	0	374.75
385.506	357	0	357
385.641	339.25	0	339.25
385.775	355.75	0	355.75
385.909	380	0	380
386.043	374.25	0	374.25
386.177	365.75	0	365.75
386.311	351.5	0	351.5
386.446	367.75	0	367.75
386.58	359	0	359
386.714	353.5	0	353.5
386.848	358.75	0	358.75
386.982	365.5	0	365.5
387.116	372.75	0	372.75
387.25	341.75	0	341.75
387.384	365.25	0	365.25
387.518	344.25	0	344.25
387.652	349.75	0	349.75
387.786	342.25	0	342.25
387.92	341.75	0	341.75
388.054	354.5	0	354.5
388.188	369.5	0	369.5
388.322	358.75	0	358.75
388.456	365.5	0	365.5
388.59	348.75	0	348.75
388.723	346.25	0	346.25
388.857	351	0	351
388.991	366.25	0	366.25
389.125	367.5	0	367.5
389.259	349.25	0	349.25
389.393	377	0	377
389.526	387.5	0	387.5
389.66	402	0	402
389.794	437.25	0	437.25
389.928	481.5	0	481.5
390.062	567.5	0	567.5
390.195	815.5	0	815.5
390.329	2137	0	2137
390.463	3181	0	3181
390.596	2199.25	0	2199.25
390.73	1400.5	0	1400.5
390.864	1075.75	0	1075.75
390.997	897.75	0	897.75
391.131	763.5	0	763.5
391.265	675.5	0	675.5
391.398	606.75	0	606.75
391.532	583.25	0	583.25
391.665	551.75	0	551.75
391.799	524.5	0	524.5
391.933	514.75	0	514.75
392.066	468.25	0	468.25
392.2	433.5	0	433.5
392.333	435.75	0	435.75
392.467	435.75	0	435.75
392.6	420.75	0	420.75
392.734	423.5	0	423.5
392.867	395	0	395
393.001	399.25	0	399.25
393.134	385.25	0	385.25
393.267	374.25	0	374.25
393.401	382.5	0	382.5
393.534	391	0	391
393.668	387.5	0	387.5
393.801	376	0	376
393.934	396	0	396
394.068	345.75	0	345.75
394.201	375.75	0	375.75
394.334	372.25	0	372.25
394.468	374.75	0	374.75
394.601	365.5	0	365.5
394.734	346.75	0	346.75
394.867	364.75	0	364.75
395.001	336	0	336
395.134	359.75	0	359.75
395.267	352.5	0	352.5
395.4	353.75	0	353.75
395.533	337.25	0	337.25
395.667	356	0	356
395.8	339.25	0	339.25
395.933	353.75	0	353.75
396.066	336.75	0	336.75
396.199	336.5	0	336.5
396.332	348.25	0	348.25
396.465	348	0	348
396.598	322.25	0	322.25
396.732	365.25	0	365.25
396.865	348	0	348
396.998	353.5	0	353.5
397.131	330.75	0	330.75
397.264	343.5	0	343.5
397.397	351.5	0	351.5
397.53	343	0	343
397.663	345	0	345
397.796	344.25	0	344.25
397.928	346.5	0	346.5
398.061	337.25	0	337.25
398.194	362.75	0	362.75
398.327	332	0	332
398.46	323	0	323
398.593	364.25	0	364.25
398.726	347	0	347
398.859	353.75	0	353.75
398.991	352.75	0	352.75
399.124	330.5	0	330.5
399.257	345	0	345
399.39	331.5	0	331.5
399.523	333.75	0	333.75
399.655	361.25	0	361.25
399.788	353	0	353
399.921	342.5	0	342.5
400.054	354	0	354
400.186	359.25	0	359.25
400.319	344	0	344
400.452	347.5	0	347.5
400.584	347.5	0	347.5
400.717	360	0	360
400.85	365.5	0	365.5
400.982	341.5	0	341.5
401.115	352	0	352
401.247	348.25	0	348.25
401.38	349.75	0	349.75
401.513	353.75	0	353.75
401.645	369	0	369
401.778	342	0	342
401.91	334	0	334
402.043	345.25	0	345.25
402.175	347.25	0	347.25
402.308	366	0	366
402.44	335.25	0	335.25
402.573	362.5	0	362.5
402.705	355.5	0	355.5
402.837	365	0	365
402.97	358.75	0	358.75
403.102	349.5	0	349.5
403.235	358.5	0	358.5
403.367	355.25	0	355.25
403.499	349.25	0	349.25
403.632	371.75	0	371.75
403.764	355	0	355
403.896	346.75	0	346.75
404.029	342	0	342
404.161	344	0	344
404.293	364.25	0	364.25
404.425	350	0	350
404.558	360.75	0	360.75
404.69	376.5	0	376.5
404.822	375.25	0	375.25
404.954	374.5	0	374.5
405.086	389.25	0	389.25
405.219	370.75	0	370.75
405.351	366.5	0	366.5
405.483	369.5	0	369.5
405.615	365.5	0	365.5
405.747	356	0	356
405.879	371.25	0	371.25
406.011	376.75	0	376.75
406.143	376.5	0	376.5
406.275	366.75	0	366.75
406.407	369.75	0	369.75
406.539	358.5	0	358.5
406.672	345.75	0	345.75
406.803	350.75	0	350.75
406.935	352.25	0	352.25
407.067	356.75	0	356.75
407.199	337	0	337
407.331	347.75	0	347.75
407.463	346.75	0	346.75
407.595	362.5	0	362.5
407.727	350.25	0	350.25
407.859	356	0	356
407.991	363.75	0	363.75
408.123	358.75	0	358.75
408.255	360	0	360
408.386	346.5	0	346.5
408.518	350.75	0	350.75
408.65	365.25	0	365.25
408.782	350.75	0	350.75
408.914	360.5	0	360.5
409.045	365.5	0	365.5
409.177	339.75	0	339.75
409.309	363.5	0	363.5
409.44	365.75	0	365.75
409.572	390.5	0	390.5
409.704	352.25	0	352.25
409.836	361.75	0	361.75
409.967	383.25	0	383.25
410.099	383.25	0	383.25
410.23	394.75	0	394.75
410.362	385.5	0	385.5
410.494	374.25	0	374.25
410.625	386	0	386
410.757	375.5	0	375.5
410.888	370.25	0	370.25
411.02	366.75	0	366.75
411.152	374	0	374
411.283	351	0	351
411.415	357.5	0	357.5
411.546	415.5	0	415.5
411.677	417.25	0	417.25
411.809	399	0	399
411.94	362.25	0	362.25
412.072	353.25	0	353.25
412.203	362	0	362
412.335	379.5	0	379.5
412.466	371.75	0	371.75
412.597	371	0	371
412.729	383.5	0	383.5
412.86	375	0	375
412.991	393.5	0	393.5
413.123	377.25	0	377.25
413.254	365.25	0	365.25
413.385	357.25	0	357.25
413.517	359.25	0	359.25
413.648	368.75	0	368.75
413.779	365.5	0	365.5
413.91	374	0	374
414.042	366.5	0	366.5
414.173	399	0	399
414.304	390.75	0	390.75
414.435	369.25	0	369.25
414.566	372.25	0	372.25
414.697	386.25	0	386.25
414.828	383.75	0	383.75
414.96	356.25	0	356.25
415.091	365	0	365
415.222	369.5	0	369.5
415.353	368	0	368
415.484	360.75	0	360.75
415.615	374	0	374
415.746	389.5	0	389.5
415.877	365.5	0	365.5
416.008	350	0	350
416.139	388.25	0	388.25
416.27	363	0	363
416.401	364.5	0	364.5
416.532	360.75	0	360.75
416.663	369.25	0	369.25
416.794	375	0	375
416.925	357.75	0	357.75
417.055	390.25	0	390.25
417.186	383.75	0	383.75
417.317	363	0	363
417.448	359.25	0	359.25
417.579	394.75	0	394.75
417.71	376	0	376
417.84	389.25	0	389.25
417.971	360.75	0	360.75
418.102	367	0	367
418.233	362.75	0	362.75
418.363	379	0	379
418.494	371.5	0	371.5
418.625	365.25	0	365.25
418.756	381.75	0	381.75
418.886	373.75	0	373.75
419.017	357.75	0	357.75
419.148	352.25	0	352.25
419.278	374.5	0	374.5
419.409	366.75	0	366.75
419.539	384.25	0	384.25
419.67	363.25	0	363.25
419.801	360.5	0	360.5
419.931	378.25	0	378.25
420.062	343.75	0	343.75
420.192	380.5	0	380.5
420.323	388.5	0	388.5
420.453	375.25	0	375.25
420.584	400	0	400
420.714	364.25	0	364.25
420.845	369.5	0	369.5
420.975	361.75	0	361.75
421.106	368	0	368
421.236	357.5	0	357.5
421.366	369.5	0	369.5
421.497	386.75	0	386.75
421.627	374.75	0	374.75
421.757	361.5	0	361.5
421.888	353	0	353
422.018	372.75	0	372.75
422.148	366.75	0	366.75
422.279	369.25	0	369.25
422.409	357.5	0	357.5
422.539	378	0	378
422.67	380.75	0	380.75
422.8	386.25	0	386.25
422.93	361	0	361
423.06	357.75	0	357.75
423.19	359.25	0	359.25
423.321	372.75	0	372.75
423.451	387.5	0	387.5
423.581	355	0	355
423.711	358.25	0	358.25
423.841	369	0	369
423.971	377.75	0	377.75
424.101	353.75	0	353.75
424.231	348.75	0	348.75
424.361	357	0	357
424.492	368.25	0	368.25
424.622	365.75	0	365.75
424.752	368.25	0	368.25
424.882	360.25	0	360.25
425.012	386.25	0	386.25
425.142	354.5	0	354.5
425.271	353.75	0	353.75
425.401	341.5	0	341.5
425.531	368	0	368
425.661	364	0	364
425.791	361	0	361
425.921	361.25	0	361.25
426.051	355.5	0	355.5
426.181	349	0	349
426.311	364.75	0	364.75
426.44	344	0	344
426.57	339	0	339
426.7	368.25	0	368.25
426.83	358.75	0	358.75
426.96	353.75	0	353.75
427.089	357.75	0	357.75
427.219	372.5	0	372.5
427.349	350	0	350
427.479	365.25	0	365.25
427.608	337.25	0	337.25
427.738	337.25	0	337.25
427.868	348	0	348
427.997	355.5	0	355.5
428.127	329	0	329
428.256	358.5	0	358.5
428.386	360.5	0	360.5
428.516	347.5	0	347.5
428.645	357.5	0	357.5
428.775	346.5	0	346.5
428.904	327.5	0	327.5
429.034	341.75	0	341.75
429.163	329	0	329
429.293	315.25	0	315.25
429.422	333	0	333
429.552	331.75	0	331.75
429.681	311.75	0	311.75
429.811	345	0	345
429.94	328	0	328
430.069	343	0	343
430.199	353.25	0	353.25
430.328	331.75	0	331.75
430.458	334.75	0	334.75
430.587	328.5	0	328.5
430.716	343.75	0	343.75
430.846	341.5	0	341.5
430.975	319.75	0	319.75
431.104	329.25	0	329.25
431.233	326	0	326
431.363	324.25	0	324.25
431.492	333	0	333
431.621	324.75	0	324.75
431.75	340	0	340
431.88	317.5	0	317.5
432.009	320.5	0	320.5
432.138	326	0	326
432.267	316.25	0	316.25
432.396	319	0	319
432.525	325	0	325
432.654	322.75	0	322.75
432.784	312.25	0	312.25
432.913	309.5	0	309.5
433.042	322.25	0	322.25
433.171	316	0	316
433.3	333.75	0	333.75
433.429	317.5	0	317.5
433.558	316.5	0	316.5
433.687	313	0	313
433.816	314.25	0	314.25
433.945	305.75	0	305.75
434.074	314.5	0	314.5
434.203	326.75	0	326.75
434.332	328.75	0	328.75
434.46	319	0	319
434.589	321.75	0	321.75
434.718	310.25	0	310.25
434.847	327.75	0	327.75
434.976	306.75	0	306.75
435.105	325.75	0	325.75
435.233	311.25	0	311.25
435.362	341	0	341
435.491	313.75	0	313.75
435.62	325.25	0	325.25
435.749	329.25	0	329.25
435.877	308	0	308
436.006	293	0	293
436.135	313.25	0	313.25
436.263	319.5	0	319.5
436.392	330.5	0	330.5
436.521	328.5	0	328.5
436.649	312.75	0	312.75
436.778	320.5	0	320.5
436.907	311.5	0	311.5
437.035	304.75	0	304.75
437.164	309.5	0	309.5
437.292	301.25	0	301.25
437.421	317.5	0	317.5
437.549	316.75	0	316.75
437.678	317.75	0	317.75
437.806	302.25	0	302.25
437.935	317	0	317
438.063	330.75	0	330.75
438.192	310.25	0	310.25
438.32	301.25	0	301.25
438.449	294.5	0	294.5
438.577	304.5	0	304.5
438.706	303.25	0	303.25
438.834	320	0	320
438.962	308.5	0	308.5
439.091	286.25	0	286.25
439.219	318.5	0	318.5
439.347	293.5	0	293.5
439.476	297.25	0	297.25
439.604	292.75	0	292.75
439.732	286	0	286
439.86	293.25	0	293.25
439.989	308	0	308
440.117	286	0	286
440.245	301.75	0	301.75
440.373	295.5	0	295.5
440.501	300	0	300
440.63	289	0	289
440.758	293.25	0	293.25
440.886	291.25	0	291.25
441.014	306.5	0	306.5
441.142	300.5	0	300.5
441.27	297.75	0	297.75
441.398	336.5	0	336.5
441.526	316.5	0	316.5
441.654	306.25	0	306.25
441.782	314	0	314
441.91	324.25	0	324.25
442.038	303.5	0	303.5
442.166	314.75	0	314.75
442.294	317.5	0	317.5
442.422	314.5	0	314.5
442.55	305.5	0	305.5
442.678	308.25	0	308.25
442.806	315.25	0	315.25
442.934	335.75	0	335.75
443.062	317	0	317
443.19	325.25	0	325.25
443.318	316	0	316
443.445	315.5	0	315.5
443.573	305.75	0	305.75
443.701	331.5	0	331.5
443.829	329.5	0	329.5
443.957	309.5	0	309.5
444.084	319	0	319
444.212	308.75	0	308.75
444.34	315	0	315
444.467	323.75	0	323.75
444.595	310.5	0	310.5
444.723	313	0	313
444.85	321.25	0	321.25
444.978	316	0	316
445.106	319.25	0	319.25
445.233	316.75	0	316.75
445.361	326.75	0	326.75
445.489	315	0	315
445.616	317.75	0	317.75
445.744	318.5	0	318.5
445.871	291.75	0	291.75
445.999	304.25	0	304.25
446.126	300.25	0	300.25
446.254	310.25	0	310.25
446.381	314	0	314
446.509	343.25	0	343.25
446.636	313	0	313
446.764	311	0	311
446.891	348.5	0	348.5
447.018	306.5	0	306.5
447.146	293.5	0	293.5
447.273	325	0	325
447.4	313.75	0	313.75
447.528	329.75	0	329.75
447.655	317	0	317
447.782	304.25	0	304.25
447.91	319.25	0	319.25
448.037	322.75	0	322.75
448.164	310.75	0	310.75
448.291	318	0	318
448.419	331.5	0	331.5
448.546	321	0	321
448.673	309.75	0	309.75
448.8	322.75	0	322.75
448.927	324.75	0	324.75
449.055	326.75	0	326.75
449.182	304.75	0	304.75
449.309	311.25	0	311.25
449.436	318.75	0	318.75
449.563	305.75	0	305.75
449.69	309.25	0	309.25
449.817	319.25	0	319.25
449.944	302.5	0	302.5
450.071	316.25	0	316.25
450.198	313.25	0	313.25
450.325	321.5	0	321.5
450.452	313	0	313
450.579	298.75	0	298.75
450.706	300	0	300
450.833	298	0	298
450.96	316	0	316
451.087	318	0	318
451.214	299.75	0	299.75
451.341	312.5	0	312.5
451.467	311.75	0	311.75
451.594	308.5	0	308.5
451.721	322.75	0	322.75
451.848	317.25	0	317.25
451.975	305.5	0	305.5
452.101	295.75	0	295.75
452.228	304.5	0	304.5
452.355	311.25	0	311.25
452.482	283.5	0	283.5
452.608	286.75	0	286.75
452.735	327.75	0	327.75
452.862	311.25	0	311.25
452.988	318.5	0	318.5
453.115	312.75	0	312.75
453.242	304.75	0	304.75
453.368	289.75	0	289.75
453.495	300.5	0	300.5
453.621	314.75	0	314.75
453.748	302.25	0	302.25
453.875	298.75	0	298.75
454.001	286.75	0	286.75
454.128	310.25	0	310.25
454.254	295.75	0	295.75
454.381	316	0	316
454.507	287.25	0	287.25
454.633	298.75	0	298.75
454.76	291	0	291
454.886	301.25	0	301.25
455.013	312.25	0	312.25
455.139	298	0	298
455.266	298.75	0	298.75
455.392	296.5	0	296.5
455.518	294	0	294
455.645	308	0	308
455.771	281.75	0	281.75
455.897	285.25	0	285.25
456.023	292	0	292
456.15	308.5	0	308.5
456.276	293.25	0	293.25
456.402	278.25	0	278.25
456.528	320	0	320
456.655	309.5	0	309.5
456.781	279.5	0	279.5
456.907	289.25	0	289.25
457.033	303.5	0	303.5
457.159	297.5	0	297.5
457.285	299.5	0	299.5
457.411	316.25	0	316.25
457.538	290	0	290
457.664	306.25	0	306.25
457.79	298	0	298
457.916	289.75	0	289.75
458.042	276	0	276
458.168	302.5	0	302.5
458.294	295	0	295
458.42	289.5	0	289.5
458.546	294.25	0	294.25
458.672	283.5	0	283.5
458.798	270	0	270
458.924	300	0	300
459.049	283	0	283
459.175	294.5	0	294.5
459.301	297.5	0	297.5
459.427	311	0	311
459.553	294.25	0	294.25
459.679	285.5	0	285.5
459.805	300	0	300
459.93	286.75	0	286.75
460.056	289.25	0	289.25
460.182	306	0	306
460.308	305.5	0	305.5
460.433	296	0	296
460.559	286.75	0	286.75
460.685	279	0	279
460.81	284.75	0	284.75
460.936	292.25	0	292.25
461.062	303.25	0	303.25
461.187	293.25	0	293.25
461.313	288.75	0	288.75
461.439	311.25	0	311.25
461.564	292.5	0	292.5
461.69	295	0	295
461.815	297.5	0	297.5
461.941	293.25	0	293.25
462.066	312.5	0	312.5
462.192	309.75	0	309.75
462.317	288.75	0	288.75
462.443	273.75	0	273.75
462.568	290	0	290
462.694	287.75	0	287.75
462.819	315.75	0	315.75
462.944	284.75	0	284.75
463.07	289.75	0	289.75
463.195	300	0	300
463.321	294.75	0	294.75
463.446	294.25	0	294.25
463.571	280.75	0	280.75
463.697	283.75	0	283.75
463.822	297.25	0	297.25
463.947	314.75	0	314.75
464.072	294	0	294
464.198	315.25	0	315.25
464.323	304.25	0	304.25
464.448	299.5	0	299.5
464.573	298.25	0	298.25
464.698	306	0	306
464.824	316.5	0	316.5
464.949	311.5	0	311.5
465.074	298	0	298
465.199	301.5	0	301.5
465.324	294.25	0	294.25
465.449	307.25	0	307.25
465.574	287.5	0	287.5
465.699	307	0	307
465.824	323.5	0	323.5
465.949	301.5	0	301.5
466.074	310.5	0	310.5
466.199	320.75	0	320.75
466.324	308.75	0	308.75
466.449	310.25	0	310.25
466.574	323.5	0	323.5
466.699	316.25	0	316.25
466.824	328.25	0	328.25
466.949	317.25	0	317.25
467.074	322	0	322
467.199	300.25	0	300.25
467.323	314.5	0	314.5
467.448	320	0	320
467.573	325	0	325
467.698	302.5	0	302.5
467.823	315	0	315
467.947	315.75	0	315.75
468.072	312.75	0	312.75
468.197	316.5	0	316.5
468.322	331	0	331
468.446	334	0	334
468.571	338.25	0	338.25
468.696	320.75	0	320.75
468.82	326.5	0	326.5
468.945	327.5	0	327.5
469.069	324.25	0	324.25
469.194	319	0	319
469.319	322.75	0	322.75
469.443	318.75	0	318.75
469.568	337.5	0	337.5
469.692	318	0	318
469.817	346.75	0	346.75
469.941	318.25	0	318.25
470.066	337.25	0	337.25
470.19	327.75	0	327.75
470.315	333.75	0	333.75
470.439	324.75	0	324.75
470.563	322	0	322
470.688	335	0	335
470.812	355.25	0	355.25
470.937	324.25	0	324.25
471.061	346.25	0	346.25
471.185	341.5	0	341.5
471.31	312.75	0	312.75
471.434	334	0	334
471.558	322.5	0	322.5
471.682	341.5	0	341.5
471.807	334	0	334
471.931	337.25	0	337.25
472.055	328.25	0	328.25
472.179	343.75	0	343.75
472.303	334.5	0	334.5
472.428	316.5	0	316.5
472.552	324.5	0	324.5
472.676	341	0	341
472.8	350.25	0	350.25
472.924	351.25	0	351.25
473.048	348	0	348
473.172	346.75	0	346.75
473.296	359.25	0	359.25
473.42	336.5	0	336.5
473.544	367	0	367
473.668	355.5	0	355.5
473.792	350.25	0	350.25
473.916	325.5	0	325.5
474.04	348	0	348
474.164	334	0	334
474.288	345	0	345
474.412	348	0	348
474.536	353	0	353
474.66	339	0	339
474.784	359.75	0	359.75
474.908	348	0	348
475.031	337.25	0	337.25
475.155	367.5	0	367.5
475.279	370.75	0	370.75
475.403	335.25	0	335.25
475.526	359.75	0	359.75
475.65	368	0	368
475.774	343	0	343
475.898	357.75	0	357.75
476.021	355.5	0	355.5
476.145	362.25	0	362.25
476.269	363.25	0	363.25
476.392	362.5	0	362.5
476.516	387.75	0	387.75
476.64	380.25	0	380.25
476.763	363.5	0	363.5
476.887	354	0	354
477.01	359.5	0	359.5
477.134	366.75	0	366.75
477.257	356	0	356
477.381	363.75	0	363.75
477.504	375.75	0	375.75
477.628	345.75	0	345.75
477.751	365.25	0	365.25
477.875	369	0	369
477.998	358.75	0	358.75
478.122	364.25	0	364.25
478.245	369.25	0	369.25
478.368	382.5	0	382.5
478.492	362.75	0	362.75
478.615	364.25	0	364.25
478.738	390.5	0	390.5
478.862	364.5	0	364.5
478.985	392	0	392
479.108	380.75	0	380.75
479.231	386	0	386
479.355	403.25	0	403.25
479.478	379	0	379
479.601	389.5	0	389.5
479.724	398.25	0	398.25
479.848	383.5	0	383.5
479.971	386	0	386
480.094	382.5	0	382.5
480.217	390.5	0	390.5
480.34	381	0	381
480.463	383	0	383
480.586	391.5	0	391.5
480.709	397.5	0	397.5
480.832	381.25	0	381.25
480.955	400.25	0	400.25
481.078	385	0	385
481.201	378	0	378
481.324	377.25	0	377.25
481.447	384	0	384
481.57	378	0	378
481.693	382.75	0	382.75
481.816	390.5	0	390.5
481.939	412.5	0	412.5
482.062	398.5	0	398.5
482.185	405.25	0	405.25
482.307	405.25	0	405.25
482.43	409.5	0	409.5
482.553	405.25	0	405.25
482.676	421.5	0	421.5
482.799	379.5	0	379.5
482.921	395	0	395
483.044	396.75	0	396.75
483.167	385.5	0	385.5
483.29	396.75	0	396.75
483.412	392.5	0	392.5
483.535	389.5	0	389.5
483.658	395.75	0	395.75
483.78	412.25	0	412.25
483.903	382.75	0	382.75
484.025	402.25	0	402.25
484.148	398	0	398
484.271	386.75	0	386.75
484.393	388	0	388
484.516	413.25	0	413.25
484.638	364.5	0	364.5
484.761	393	0	393
484.883	399.75	0	399.75
485.006	396	0	396
485.128	436	0	436
485.251	400.25	0	400.25
485.373	414.25	0	414.25
485.495	403.75	0	403.75
485.618	392.75	0	392.75
485.74	406.5	0	406.5
485.863	387	0	387
485.985	413	0	413
486.107	386.75	0	386.75
486.229	408.75	0	408.75
486.352	404.5	0	404.5
486.474	420	0	420
486.596	401.25	0	401.25
486.719	398.75	0	398.75
486.841	394.75	0	394.75
486.963	392.25	0	392.25
487.085	399.75	0	399.75
487.207	399.5	0	399.5
487.329	403.75	0	403.75
487.452	409.75	0	409.75
487.574	389	0	389
487.696	393.25	0	393.25
487.818	414	0	414
487.94	381.75	0	381.75
488.062	421.25	0	421.25
488.184	393	0	393
488.306	389	0	389
488.428	397.5	0	397.5
488.55	393.25	0	393.25
488.672	402.5	0	402.5
488.794	391.25	0	391.25
488.916	403	0	403
489.038	376.5	0	376.5
489.16	404.5	0	404.5
489.281	394	0	394
489.403	392.5	0	392.5
489.525	405.75	0	405.75
489.647	395.25	0	395.25
489.769	383.5	0	383.5
489.891	402	0	402
490.012	405	0	405
490.134	375.25	0	375.25
490.256	389.5	0	389.5
490.378	399.75	0	399.75
490.499	385.25	0	385.25
490.621	401	0	401
490.743	389.5	0	389.5
490.864	386.75	0	386.75
490.986	376.25	0	376.25
491.108	397.5	0	397.5
491.229	381.25	0	381.25
491.351	394.25	0	394.25
491.472	388.75	0	388.75
491.594	373	0	373
491.715	402	0	402
491.837	387.5	0	387.5
491.958	385	0	385
492.08	388.75	0	388.75
492.201	414.25	0	414.25
492.323	377.5	0	377.5
492.444	392	0	392
492.566	391.5	0	391.5
492.687	371.75	0	371.75
492.808	391	0	391
492.93	382.5	0	382.5
493.051	376	0	376
493.172	380.5	0	380.5
493.294	406.25	0	406.25
493.415	391.75	0	391.75
493.536	385.75	0	385.75
493.658	380.25	0	380.25
493.779	386.75	0	386.75
493.9	367	0	367
494.021	391.25	0	391.25
494.143	398.25	0	398.25
494.264	366	0	366
494.385	392.75	0	392.75
494.506	390	0	390
494.627	375	0	375
494.748	394	0	394
494.869	392.75	0	392.75
494.99	378.25	0	378.25
495.111	378.25	0	378.25
495.232	381.5	0	381.5
495.353	381.25	0	381.25
495.475	380.75	0	380.75
495.595	369	0	369
495.716	388.5	0	388.5
495.837	393.5	0	393.5
495.958	385	0	385
496.079	386.75	0	386.75
496.2	387.5	0	387.5
496.321	386.5	0	386.5
496.442	379.25	0	379.25
496.563	384.25	0	384.25
496.684	382.25	0	382.25
496.804	381	0	381
496.925	383.75	0	383.75
497.046	386	0	386
497.167	361	0	361
497.287	380	0	380
497.408	370.5	0	370.5
497.529	371.75	0	371.75
497.65	368.5	0	368.5
497.77	375.25	0	375.25
497.891	372	0	372
498.012	384.5	0	384.5
498.132	349.75	0	349.75
498.253	381.5	0	381.5
498.373	368.5	0	368.5
498.494	377.75	0	377.75
498.614	380.75	0	380.75
498.735	351.25	0	351.25
498.856	403.75	0	403.75
498.976	365.5	0	365.5
499.096	402.75	0	402.75
499.217	384.75	0	384.75
499.337	368	0	368
499.458	366.75	0	366.75
499.578	360.75	0	360.75
499.699	368.75	0	368.75
499.819	365.75	0	365.75
499.939	379.25	0	379.25
500.06	371.25	0	371.25
500.18	376.75	0	376.75
500.3	379.25	0	379.25
500.421	360.75	0	360.75
500.541	379.5	0	379.5
500.661	373	0	373
500.781	358.75	0	358.75
500.902	372.5	0	372.5
501.022	384.75	0	384.75
501.142	378.5	0	378.5
501.262	382.5	0	382.5
501.382	390.75	0	390.75
501.502	386.25	0	386.25
501.623	374.75	0	374.75
501.743	368.75	0	368.75
501.863	369.5	0	369.5
501.983	392.25	0	392.25
502.103	394.5	0	394.5
502.223	382.25	0	382.25
502.343	350.75	0	350.75
502.463	386.25	0	386.25
502.583	382	0	382
502.703	366.75	0	366.75
502.823	382.5	0	382.5
502.943	371.25	0	371.25
503.063	366	0	366
503.182	382	0	382
503.302	396.75	0	396.75
503.422	369.25	0	369.25
503.542	372	0	372
503.662	381	0	381
503.782	382.75	0	382.75
503.901	366.75	0	366.75
504.021	381.5	0	381.5
504.141	360	0	360
504.261	372.25	0	372.25
504.38	380.25	0	380.25
504.5	392.25	0	392.25
504.62	372.75	0	372.75
504.739	392.75	0	392.75
504.859	379	0	379
504.979	383	0	383
505.098	386	0	386
505.218	359.75	0	359.75
505.338	385.25	0	385.25
505.457	371.25	0	371.25
505.577	383.5	0	383.5
505.696	380.25	0	380.25
505.816	373.25	0	373.25
505.935	368	0	368
506.055	382.5	0	382.5
506.174	367	0	367
506.293	372.5	0	372.5
506.413	366	0	366
506.532	394	0	394
506.652	382.5	0	382.5
506.771	390.5	0	390.5
506.89	383	0	383
507.01	341	0	341
507.129	368.25	0	368.25
507.248	400.75	0	400.75
507.368	387	0	387
507.487	370	0	370
507.606	381.25	0	381.25
507.725	379.5	0	379.5
507.844	375.75	0	375.75
507.964	358.5	0	358.5
508.083	400.25	0	400.25
508.202	380	0	380
508.321	366.5	0	366.5
508.44	379.25	0	379.25
508.559	361.5	0	361.5
508.678	374.5	0	374.5
508.797	379.75	0	379.75
508.916	386.25	0	386.25
509.035	383.5	0	383.5
509.154	369.75	0	369.75
509.273	385	0	385
509.392	386.25	0	386.25
509.511	384	0	384
509.63	384.25	0	384.25
509.749	379.75	0	379.75
509.868	388	0	388
509.987	384	0	384
510.106	382	0	382
510.225	382	0	382
510.344	393.25	0	393.25
510.462	402.75	0	402.75
510.581	413.5	0	413.5
510.7	374.75	0	374.75
510.819	398.5	0	398.5
510.937	414	0	414
511.056	403.25	0	403.25
511.175	392.5	0	392.5
511.294	424.75	0	424.75
511.412	429	0	429
511.531	414	0	414
511.649	423	0	423
511.768	417.25	0	417.25
511.887	419.75	0	419.75
512.005	416	0	416
512.124	450.25	0	450.25
512.242	443.5	0	443.5
512.361	436	0	436
512.479	414.75	0	414.75
512.598	432.75	0	432.75
512.716	419.5	0	419.5
512.835	428	0	428
512.953	416.5	0	416.5
513.072	439.75	0	439.75
513.19	419.25	0	419.25
513.308	425	0	425
513.427	412	0	412
513.545	404.5	0	404.5
513.664	419.75	0	419.75
513.782	429	0	429
513.9	404	0	404
514.018	401.75	0	401.75
514.137	386.25	0	386.25
514.255	415.25	0	415.25
514.373	395.5	0	395.5
514.491	391.75	0	391.75
514.609	409.75	0	409.75
514.728	413.5	0	413.5
514.846	434	0	434
514.964	412	0	412
515.082	391.75	0	391.75
515.2	411.25	0	411.25
515.318	394.25	0	394.25
515.436	403.25	0	403.25
515.554	400	0	400
515.672	392.25	0	392.25
515.79	395.5	0	395.5
515.908	398.5	0	398.5
516.026	390.5	0	390.5
516.144	400.25	0	400.25
516.262	383	0	383
516.38	391	0	391
516.498	385.25	0	385.25
516.616	397.5	0	397.5
516.734	385.5	0	385.5
516.852	380.25	0	380.25
516.969	391	0	391
517.087	390	0	390
517.205	384.75	0	384.75
517.323	395	0	395
517.44	370.5	0	370.5
517.558	386.25	0	386.25
517.676	387.5	0	387.5
517.794	392.25	0	392.25
517.911	385.5	0	385.5
518.029	395	0	395
518.147	380	0	380
518.264	376.5	0	376.5
518.382	381.5	0	381.5
518.5	392.5	0	392.5
518.617	390.5	0	390.5
518.735	368.75	0	368.75
518.852	387.25	0	387.25
518.97	376.5	0	376.5
519.087	386.25	0	386.25
519.205	369.5	0	369.5
519.322	375.25	0	375.25
519.44	370.5	0	370.5
519.557	383.25	0	383.25
519.674	385.5	0	385.5
519.792	383.75	0	383.75
519.909	377	0	377
520.026	362.25	0	362.25
520.144	385	0	385
520.261	353.25	0	353.25
520.378	367.75	0	367.75
520.496	380.5	0	380.5
520.613	394.5	0	394.5
520.73	366	0	366
520.847	371	0	371
520.965	371.25	0	371.25
521.082	349.5	0	349.5
521.199	347.75	0	347.75
521.316	348.25	0	348.25
521.433	341	0	341
521.55	346	0	346
521.667	364.75	0	364.75
521.785	359.25	0	359.25
521.902	359	0	359
522.019	354.25	0	354.25
522.136	369	0	369
522.253	342.25	0	342.25
522.37	362.5	0	362.5
522.487	354.75	0	354.75
522.604	361	0	361
522.721	369.25	0	369.25
522.838	358.5	0	358.5
522.954	349	0	349
523.071	349.25	0	349.25
523.188	366.25	0	366.25
523.305	340.5	0	340.5
523.422	353.5	0	353.5
523.539	357	0	357
523.655	349.5	0	349.5
523.772	361	0	361
523.889	336.5	0	336.5
524.006	347.25	0	347.25
524.122	339.25	0	339.25
524.239	332.75	0	332.75
524.356	334.25	0	334.25
524.472	332.75	0	332.75
524.589	354	0	354
524.706	339	0	339
524.822	327.25	0	327.25
524.939	312.5	0	312.5
525.055	339.75	0	339.75
525.172	335	0	335
525.289	347.75	0	347.75
525.405	342	0	342
525.522	360	0	360
525.638	344.25	0	344.25
525.754	337.75	0	337.75
525.871	328.25	0	328.25
525.987	344.25	0	344.25
526.104	347	0	347
526.22	335	0	335
526.336	334.25	0	334.25
526.453	329.5	0	329.5
526.569	340	0	340
526.685	331.25	0	331.25
526.802	335.5	0	335.5
526.918	314.5	0	314.5
527.034	347.75	0	347.75
527.151	331.25	0	331.25
527.267	330	0	330
527.383	344	0	344
527.499	332.25	0	332.25
527.615	332.75	0	332.75
527.732	340	0	340
527.848	325.25	0	325.25
527.964	338.5	0	338.5
528.08	336	0	336
528.196	321.75	0	321.75
528.312	324.75	0	324.75
528.428	332.5	0	332.5
528.544	319.5	0	319.5
528.66	319.5	0	319.5
528.776	307.75	0	307.75
528.892	337.25	0	337.25
529.008	311.5	0	311.5
529.124	335.75	0	335.75
529.24	342.5	0	342.5
529.356	321.75	0	321.75
529.471	321.5	0	321.5
529.587	342.75	0	342.75
529.703	332.75	0	332.75
529.819	344.25	0	344.25
529.935	318.25	0	318.25
530.05	327.25	0	327.25
530.166	343.75	0	343.75
530.282	308.75	0	308.75
530.398	354.5	0	354.5
530.513	325	0	325
530.629	321	0	321
530.745	323.75	0	323.75
530.86	334.25	0	334.25
530.976	302.25	0	302.25
531.092	316.75	0	316.75
531.207	330	0	330
531.323	335.25	0	335.25
531.438	317	0	317
531.554	324	0	324
531.669	313.25	0	313.25
531.785	311.25	0	311.25
531.9	321.5	0	321.5
532.016	314.75	0	314.75
532.131	299.5	0	299.5
532.247	315.5	0	315.5
532.362	315	0	315
532.477	309	0	309
532.593	301.75	0	301.75
532.708	318	0	318
532.823	319.75	0	319.75
532.939	309.25	0	309.25
533.054	307.5	0	307.5
533.169	295.25	0	295.25
533.285	295.5	0	295.5
533.4	294.25	0	294.25
533.515	308.5	0	308.5
533.63	300.5	0	300.5
533.745	312	0	312
533.861	313.5	0	313.5
533.976	307.5	0	307.5
534.091	314	0	314
534.206	298.25	0	298.25
534.321	305.25	0	305.25
534.436	317.25	0	317.25
534.551	299	0	299
534.666	297.5	0	297.5
534.781	322	0	322
534.896	289.5	0	289.5
535.011	332.5	0	332.5
535.126	284.5	0	284.5
535.241	298	0	298
535.356	310	0	310
535.471	304	0	304
535.586	300.25	0	300.25
535.701	286	0	286
535.815	306.5	0	306.5
535.93	318.75	0	318.75
536.045	294.5	0	294.5
536.16	282	0	282