Lambda	Spectrum	Dark	SpecMinusDark
268.175	31.5	0	31.5
268.319	21.25	0	21.25
268.463	33.25	0	33.25
268.607	20	0	20
268.751	41.25	0	41.25
268.895	39	0	39
269.039	36.5	0	36.5
269.183	37	0	37
269.327	44.75	0	44.75
269.47	41	0	41
269.614	33.25	0	33.25
269.758	28.5	0	28.5
269.902	38.25	0	38.25
270.046	42.25	0	42.25
270.19	63.25	0	63.25
270.334	60	0	60
270.477	83	0	83
270.621	94	0	94
270.765	94	0	94
270.909	77.5	0	77.5
271.053	57.25	0	57.25
271.196	65.25	0	65.25
271.34	62.75	0	62.75
271.484	56.25	0	56.25
271.628	53	0	53
271.771	53	0	53
271.915	43.5	0	43.5
272.059	41.75	0	41.75
272.202	35	0	35
272.346	39.75	0	39.75
272.49	58.25	0	58.25
272.634	48	0	48
272.777	42.75	0	42.75
272.921	38.75	0	38.75
273.064	33.75	0	33.75
273.208	38.5	0	38.5
273.352	42.25	0	42.25
273.495	30.75	0	30.75
273.639	39.75	0	39.75
273.783	37.75	0	37.75
273.926	31.5	0	31.5
274.07	43	0	43
274.213	36.75	0	36.75
274.357	38.75	0	38.75
274.5	48.75	0	48.75
274.644	26.5	0	26.5
274.787	46.75	0	46.75
274.931	42.25	0	42.25
275.074	41.25	0	41.25
275.218	42.25	0	42.25
275.361	47.5	0	47.5
275.505	45.75	0	45.75
275.648	39	0	39
275.792	44.5	0	44.5
275.935	47.5	0	47.5
276.079	43	0	43
276.222	33.25	0	33.25
276.366	31.75	0	31.75
276.509	41	0	41
276.652	34.5	0	34.5
276.796	47.75	0	47.75
276.939	43	0	43
277.082	50.75	0	50.75
277.226	40.25	0	40.25
277.369	47.5	0	47.5
277.513	34.75	0	34.75
277.656	47.25	0	47.25
277.799	58.75	0	58.75
277.942	70.5	0	70.5
278.086	52	0	52
278.229	66.25	0	66.25
278.372	43	0	43
278.516	46.25	0	46.25
278.659	46	0	46
278.802	57.75	0	57.75
278.945	43.5	0	43.5
279.089	36.75	0	36.75
279.232	61.5	0	61.5
279.375	39.25	0	39.25
279.518	39.75	0	39.75
279.661	52.5	0	52.5
279.805	36.25	0	36.25
279.948	37.5	0	37.5
280.091	40.5	0	40.5
280.234	40.75	0	40.75
280.377	47	0	47
280.52	44	0	44
280.663	51.5	0	51.5
280.806	43.5	0	43.5
280.95	52.75	0	52.75
281.093	66.75	0	66.75
281.236	68.75	0	68.75
281.379	59	0	59
281.522	51	0	51
281.665	53.75	0	53.75
281.808	53.75	0	53.75
281.951	64.25	0	64.25
282.094	57.25	0	57.25
282.237	62.25	0	62.25
282.38	58.75	0	58.75
282.523	74.25	0	74.25
282.666	63.5	0	63.5
282.809	64.5	0	64.5
282.952	64.5	0	64.5
283.095	79.75	0	79.75
283.238	89.5	0	89.5
283.381	114	0	114
283.523	131	0	131
283.666	157	0	157
283.809	180.75	0	180.75
283.952	182	0	182
284.095	208.25	0	208.25
284.238	188.75	0	188.75
284.381	174.75	0	174.75
284.524	156.25	0	156.25
284.666	161.25	0	161.25
284.809	157.5	0	157.5
284.952	153.25	0	153.25
285.095	131.75	0	131.75
285.238	119	0	119
285.38	116	0	116
285.523	115	0	115
285.666	108.5	0	108.5
285.809	118.25	0	118.25
285.951	101.75	0	101.75
286.094	175.25	0	175.25
286.237	179.75	0	179.75
286.38	193.5	0	193.5
286.522	169	0	169
286.665	144.25	0	144.25
286.808	125	0	125
286.95	110.25	0	110.25
287.093	95.5	0	95.5
287.236	90.75	0	90.75
287.378	84.5	0	84.5
287.521	93.25	0	93.25
287.663	85.5	0	85.5
287.806	86	0	86
287.949	71.75	0	71.75
288.091	75.5	0	75.5
288.234	73	0	73
288.376	67	0	67
288.519	65.75	0	65.75
288.661	73.25	0	73.25
288.804	68	0	68
288.946	59.75	0	59.75
289.089	66.25	0	66.25
289.231	68.25	0	68.25
289.374	68	0	68
289.516	58.75	0	58.75
289.659	59.75	0	59.75
289.801	56	0	56
289.944	71	0	71
290.086	58.75	0	58.75
290.229	52.25	0	52.25
290.371	67.25	0	67.25
290.513	67.25	0	67.25
290.656	51.25	0	51.25
290.798	64.75	0	64.75
290.941	69	0	69
291.083	65	0	65
291.225	70.5	0	70.5
291.368	70.5	0	70.5
291.51	59.25	0	59.25
291.652	79.75	0	79.75
291.795	55.75	0	55.75
291.937	56.5	0	56.5
292.079	57.5	0	57.5
292.221	60.5	0	60.5
292.364	59.75	0	59.75
292.506	62.25	0	62.25
292.648	65	0	65
292.79	66	0	66
292.933	58.5	0	58.5
293.075	60.25	0	60.25
293.217	61.5	0	61.5
293.359	69.75	0	69.75
293.502	63.75	0	63.75
293.644	58	0	58
293.786	61.5	0	61.5
293.928	54	0	54
294.07	51.75	0	51.75
294.212	48.75	0	48.75
294.354	63.75	0	63.75
294.497	54	0	54
294.639	60.75	0	60.75
294.781	77.75	0	77.75
294.923	58.75	0	58.75
295.065	66.25	0	66.25
295.207	56.75	0	56.75
295.349	64.75	0	64.75
295.491	51.75	0	51.75
295.633	57.25	0	57.25
295.775	54	0	54
295.917	66.25	0	66.25
296.059	60.25	0	60.25
296.201	58.75	0	58.75
296.343	58	0	58
296.485	64.75	0	64.75
296.627	63	0	63
296.769	55	0	55
296.911	60.75	0	60.75
297.053	69.25	0	69.25
297.195	67.25	0	67.25
297.337	64.75	0	64.75
297.478	58.25	0	58.25
297.62	71.25	0	71.25
297.762	62.5	0	62.5
297.904	63.5	0	63.5
298.046	68.25	0	68.25
298.188	64	0	64
298.33	60.5	0	60.5
298.471	78.5	0	78.5
298.613	63	0	63
298.755	76	0	76
298.897	50.25	0	50.25
299.038	67	0	67
299.18	77.5	0	77.5
299.322	76.25	0	76.25
299.464	70.75	0	70.75
299.605	77	0	77
299.747	80.25	0	80.25
299.889	89.5	0	89.5
300.031	70.5	0	70.5
300.172	110.75	0	110.75
300.314	108.75	0	108.75
300.456	117.5	0	117.5
300.597	177.5	0	177.5
300.739	241.5	0	241.5
300.881	266.75	0	266.75
301.022	243.25	0	243.25
301.164	222.5	0	222.5
301.305	187	0	187
301.447	150.5	0	150.5
301.589	139.25	0	139.25
301.73	128.5	0	128.5
301.872	121	0	121
302.013	120.25	0	120.25
302.155	125.5	0	125.5
302.296	115	0	115
302.438	125.5	0	125.5
302.579	118.25	0	118.25
302.721	152	0	152
302.862	169.5	0	169.5
303.004	183.75	0	183.75
303.145	270	0	270
303.287	338	0	338
303.428	350.75	0	350.75
303.569	310.5	0	310.5
303.711	271.75	0	271.75
303.852	243.75	0	243.75
303.994	208.75	0	208.75
304.135	183.25	0	183.25
304.276	170.5	0	170.5
304.418	133.25	0	133.25
304.559	125.25	0	125.25
304.7	124.25	0	124.25
304.842	119	0	119
304.983	129	0	129
305.124	113.5	0	113.5
305.266	113.5	0	113.5
305.407	99.5	0	99.5
305.548	92.25	0	92.25
305.69	91.25	0	91.25
305.831	98.5	0	98.5
305.972	101.5	0	101.5
306.113	91	0	91
306.254	81.5	0	81.5
306.396	98	0	98
306.537	91.5	0	91.5
306.678	83	0	83
306.819	79.25	0	79.25
306.96	83.5	0	83.5
307.102	90.75	0	90.75
307.243	89	0	89
307.384	74.75	0	74.75
307.525	75	0	75
307.666	84.5	0	84.5
307.807	86.25	0	86.25
307.948	65.75	0	65.75
308.089	77.75	0	77.75
308.23	97.25	0	97.25
308.371	76	0	76
308.513	80	0	80
308.654	80.25	0	80.25
308.795	74.25	0	74.25
308.936	82.5	0	82.5
309.077	67.25	0	67.25
309.218	77.75	0	77.75
309.359	79.5	0	79.5
309.499	83	0	83
309.64	83	0	83
309.781	82	0	82
309.922	79.75	0	79.75
310.063	86.5	0	86.5
310.204	82.25	0	82.25
310.345	70.75	0	70.75
310.486	78.75	0	78.75
310.627	82.25	0	82.25
310.768	80	0	80
310.909	86	0	86
311.049	67.25	0	67.25
311.19	68.75	0	68.75
311.331	68.5	0	68.5
311.472	92.25	0	92.25
311.613	80.25	0	80.25
311.753	90.5	0	90.5
311.894	84.75	0	84.75
312.035	98	0	98
312.176	94.5	0	94.5
312.316	91	0	91
312.457	80.5	0	80.5
312.598	89.75	0	89.75
312.739	90.25	0	90.25
312.879	96	0	96
313.02	96.25	0	96.25
313.161	85	0	85
313.301	89.75	0	89.75
313.442	96.5	0	96.5
313.583	96.75	0	96.75
313.723	100.5	0	100.5
313.864	108.25	0	108.25
314.005	122.25	0	122.25
314.145	112.5	0	112.5
314.286	114.25	0	114.25
314.426	109	0	109
314.567	102.5	0	102.5
314.707	105	0	105
314.848	107.5	0	107.5
314.989	114	0	114
315.129	118.75	0	118.75
315.27	122.5	0	122.5
315.41	118.25	0	118.25
315.551	116	0	116
315.691	122.75	0	122.75
315.831	130.75	0	130.75
315.972	128	0	128
316.112	128	0	128
316.253	143.75	0	143.75
316.393	148.25	0	148.25
316.534	167.25	0	167.25
316.674	185.25	0	185.25
316.814	233.75	0	233.75
316.955	256.25	0	256.25
317.095	352	0	352
317.236	468.5	0	468.5
317.376	600.5	0	600.5
317.516	659.75	0	659.75
317.656	566.5	0	566.5
317.797	509.75	0	509.75
317.937	440	0	440
318.077	410	0	410
318.218	333.25	0	333.25
318.358	296.5	0	296.5
318.498	276.75	0	276.75
318.638	225.25	0	225.25
318.779	225.75	0	225.75
318.919	205	0	205
319.059	198.5	0	198.5
319.199	181.25	0	181.25
319.34	177.5	0	177.5
319.48	172.75	0	172.75
319.62	177.75	0	177.75
319.76	148	0	148
319.9	156	0	156
320.04	156.5	0	156.5
320.18	132.75	0	132.75
320.32	147.75	0	147.75
320.461	135.25	0	135.25
320.601	158.25	0	158.25
320.741	140.5	0	140.5
320.881	130.75	0	130.75
321.021	141.25	0	141.25
321.161	135	0	135
321.301	123	0	123
321.441	136	0	136
321.581	135.25	0	135.25
321.721	140.5	0	140.5
321.861	137.75	0	137.75
322.001	146.25	0	146.25
322.141	137.25	0	137.25
322.281	144	0	144
322.421	130	0	130
322.561	130.75	0	130.75
322.7	145	0	145
322.84	129	0	129
322.98	131.25	0	131.25
323.12	144.75	0	144.75
323.26	150.25	0	150.25
323.4	142.25	0	142.25
323.54	151.25	0	151.25
323.68	136	0	136
323.819	141.75	0	141.75
323.959	157	0	157
324.099	158.5	0	158.5
324.239	160	0	160
324.379	164.25	0	164.25
324.518	179.75	0	179.75
324.658	180.75	0	180.75
324.798	180	0	180
324.937	197.25	0	197.25
325.077	215.5	0	215.5
325.217	210.25	0	210.25
325.357	243.25	0	243.25
325.496	271.75	0	271.75
325.636	333	0	333
325.776	418.5	0	418.5
325.915	612.5	0	612.5
326.055	803	0	803
326.195	880.25	0	880.25
326.334	820.75	0	820.75
326.474	720.5	0	720.5
326.613	637	0	637
326.753	560.75	0	560.75
326.892	483	0	483
327.032	440.75	0	440.75
327.172	428	0	428
327.311	366.25	0	366.25
327.451	347.75	0	347.75
327.59	337.75	0	337.75
327.73	293.25	0	293.25
327.869	299.75	0	299.75
328.009	285	0	285
328.148	260.75	0	260.75
328.288	256.75	0	256.75
328.427	234.5	0	234.5
328.566	260.75	0	260.75
328.706	236.75	0	236.75
328.845	216.25	0	216.25
328.985	212.75	0	212.75
329.124	219.5	0	219.5
329.263	216.25	0	216.25
329.403	208.75	0	208.75
329.542	223	0	223
329.681	209.75	0	209.75
329.821	193.5	0	193.5
329.96	192	0	192
330.099	206.25	0	206.25
330.239	211.25	0	211.25
330.378	209.75	0	209.75
330.517	209.5	0	209.5
330.656	204.25	0	204.25
330.796	211.5	0	211.5
330.935	187.5	0	187.5
331.074	204.25	0	204.25
331.213	202	0	202
331.352	200.5	0	200.5
331.492	186	0	186
331.631	196.5	0	196.5
331.77	199.5	0	199.5
331.909	212.25	0	212.25
332.048	198.5	0	198.5
332.187	219.75	0	219.75
332.327	221.5	0	221.5
332.466	244.5	0	244.5
332.605	267	0	267
332.744	359	0	359
332.883	504.75	0	504.75
333.022	552.5	0	552.5
333.161	481	0	481
333.3	401.25	0	401.25
333.439	333.25	0	333.25
333.578	302.25	0	302.25
333.717	254.5	0	254.5
333.856	261.75	0	261.75
333.995	237.5	0	237.5
334.134	247.5	0	247.5
334.273	222	0	222
334.412	226.5	0	226.5
334.551	226.75	0	226.75
334.69	214	0	214
334.828	215.5	0	215.5
334.967	217.75	0	217.75
335.106	210.5	0	210.5
335.245	203.75	0	203.75
335.384	212.25	0	212.25
335.523	225.5	0	225.5
335.662	203.25	0	203.25
335.8	206	0	206
335.939	213.75	0	213.75
336.078	211	0	211
336.217	213.5	0	213.5
336.356	222	0	222
336.494	214.25	0	214.25
336.633	220.75	0	220.75
336.772	212.25	0	212.25
336.911	218	0	218
337.049	210.25	0	210.25
337.188	228.5	0	228.5
337.327	204.25	0	204.25
337.465	208.5	0	208.5
337.604	199.75	0	199.75
337.743	205.5	0	205.5
337.881	196.5	0	196.5
338.02	206.5	0	206.5
338.158	200	0	200
338.297	215.75	0	215.75
338.436	208	0	208
338.574	218.5	0	218.5
338.713	200	0	200
338.851	220.75	0	220.75
338.99	198.75	0	198.75
339.128	218.75	0	218.75
339.267	230	0	230
339.405	224.25	0	224.25
339.544	226.75	0	226.75
339.682	255.75	0	255.75
339.821	261.75	0	261.75
339.959	285.75	0	285.75
340.098	300	0	300
340.236	391.25	0	391.25
340.375	494.75	0	494.75
340.513	696.25	0	696.25
340.651	965.75	0	965.75
340.79	1381.25	0	1381.25
340.928	1875.5	0	1875.5
341.067	2365.75	0	2365.75
341.205	2903	0	2903
341.343	3215.75	0	3215.75
341.482	3657	0	3657
341.62	3611	0	3611
341.758	3377.25	0	3377.25
341.897	3082.25	0	3082.25
342.035	2508.75	0	2508.75
342.173	2001.25	0	2001.25
342.311	1566.25	0	1566.25
342.45	1170	0	1170
342.588	860.5	0	860.5
342.726	702.25	0	702.25
342.864	547	0	547
343.002	417.5	0	417.5
343.141	375.25	0	375.25
343.279	323	0	323
343.417	287.5	0	287.5
343.555	279.75	0	279.75
343.693	256	0	256
343.831	254	0	254
343.969	264.25	0	264.25
344.108	253.5	0	253.5
344.246	242.75	0	242.75
344.384	239.75	0	239.75
344.522	246.25	0	246.25
344.66	237.5	0	237.5
344.798	227	0	227
344.936	224.75	0	224.75
345.074	213.25	0	213.25
345.212	233.5	0	233.5
345.35	222.5	0	222.5
345.488	230.25	0	230.25
345.626	229.25	0	229.25
345.764	232.5	0	232.5
345.902	212.5	0	212.5
346.04	217.5	0	217.5
346.178	229.5	0	229.5
346.315	250.5	0	250.5
346.453	227.5	0	227.5
346.591	243	0	243
346.729	221.5	0	221.5
346.867	237	0	237
347.005	233	0	233
347.143	231	0	231
347.28	240.25	0	240.25
347.418	228	0	228
347.556	232.25	0	232.25
347.694	234.75	0	234.75
347.832	236.25	0	236.25
347.969	224	0	224
348.107	229.25	0	229.25
348.245	260	0	260
348.382	241.75	0	241.75
348.52	257.5	0	257.5
348.658	239.25	0	239.25
348.796	268.5	0	268.5
348.933	252.25	0	252.25
349.071	257.25	0	257.25
349.209	257.5	0	257.5
349.346	245.5	0	245.5
349.484	252.5	0	252.5
349.621	261	0	261
349.759	249.5	0	249.5
349.897	261	0	261
350.034	241.5	0	241.5
350.172	255	0	255
350.309	230.75	0	230.75
350.447	262.5	0	262.5
350.584	239.75	0	239.75
350.722	239	0	239
350.859	253.75	0	253.75
350.997	247.75	0	247.75
351.134	247	0	247
351.272	262.75	0	262.75
351.409	254.25	0	254.25
351.547	248.25	0	248.25
351.684	234.75	0	234.75
351.822	243.75	0	243.75
351.959	254.25	0	254.25
352.096	255.5	0	255.5
352.234	254.5	0	254.5
352.371	246.25	0	246.25
352.508	228.25	0	228.25
352.646	252	0	252
352.783	269.5	0	269.5
352.92	264	0	264
353.058	263	0	263
353.195	263	0	263
353.332	250.25	0	250.25
353.469	263.5	0	263.5
353.607	248.25	0	248.25
353.744	263.25	0	263.25
353.881	265.75	0	265.75
354.018	268.5	0	268.5
354.156	271.5	0	271.5
354.293	260.5	0	260.5
354.43	287	0	287
354.567	271.75	0	271.75
354.704	272.5	0	272.5
354.841	273	0	273
354.979	284.5	0	284.5
355.116	287.75	0	287.75
355.253	269.75	0	269.75
355.39	257.5	0	257.5
355.527	274.25	0	274.25
355.664	264	0	264
355.801	275.25	0	275.25
355.938	257.75	0	257.75
356.075	262.5	0	262.5
356.212	258	0	258
356.349	266.75	0	266.75
356.486	286	0	286
356.623	260.75	0	260.75
356.76	270.5	0	270.5
356.897	278.75	0	278.75
357.034	253.25	0	253.25
357.171	245.25	0	245.25
357.308	259.75	0	259.75
357.445	260	0	260
357.582	269.75	0	269.75
357.718	260.5	0	260.5
357.855	281.5	0	281.5
357.992	288.75	0	288.75
358.129	277.75	0	277.75
358.266	291.25	0	291.25
358.403	287.5	0	287.5
358.539	297	0	297
358.676	270.25	0	270.25
358.813	305.25	0	305.25
358.95	282	0	282
359.086	281	0	281
359.223	275.75	0	275.75
359.36	278.5	0	278.5
359.497	292	0	292
359.633	276.25	0	276.25
359.77	290.75	0	290.75
359.907	296.25	0	296.25
360.043	296	0	296
360.18	285.25	0	285.25
360.317	269.5	0	269.5
360.453	309.75	0	309.75
360.59	292	0	292
360.727	305.75	0	305.75
360.863	304	0	304
361	310.5	0	310.5
361.136	299.75	0	299.75
361.273	304.25	0	304.25
361.409	292.75	0	292.75
361.546	335.25	0	335.25
361.682	317.5	0	317.5
361.819	269.25	0	269.25
361.955	290.5	0	290.5
362.092	283.75	0	283.75
362.228	291	0	291
362.365	288	0	288
362.501	296.5	0	296.5
362.638	287	0	287
362.774	303.75	0	303.75
362.91	293.75	0	293.75
363.047	307.75	0	307.75
363.183	295	0	295
363.319	298.25	0	298.25
363.456	289.25	0	289.25
363.592	303.75	0	303.75
363.728	293.75	0	293.75
363.865	306.25	0	306.25
364.001	306	0	306
364.137	302.5	0	302.5
364.274	304.75	0	304.75
364.41	311.75	0	311.75
364.546	315	0	315
364.682	309.25	0	309.25
364.819	297	0	297
364.955	327.25	0	327.25
365.091	331.75	0	331.75
365.227	329.75	0	329.75
365.363	352	0	352
365.499	360.75	0	360.75
365.636	350.5	0	350.5
365.772	333.25	0	333.25
365.908	334.75	0	334.75
366.044	325.25	0	325.25
366.18	317.25	0	317.25
366.316	326	0	326
366.452	342	0	342
366.588	319.25	0	319.25
366.724	318	0	318
366.86	305.5	0	305.5
366.996	314.25	0	314.25
367.132	330.75	0	330.75
367.268	307	0	307
367.404	320.25	0	320.25
367.54	312	0	312
367.676	303	0	303
367.812	316.25	0	316.25
367.948	341.75	0	341.75
368.084	359	0	359
368.22	354.25	0	354.25
368.356	338.75	0	338.75
368.492	339.5	0	339.5
368.627	328.75	0	328.75
368.763	334.75	0	334.75
368.899	344.5	0	344.5
369.035	343.25	0	343.25
369.171	348.5	0	348.5
369.306	345.25	0	345.25
369.442	328.75	0	328.75
369.578	321.5	0	321.5
369.714	349.5	0	349.5
369.85	320	0	320
369.985	313.5	0	313.5
370.121	321.25	0	321.25
370.257	343	0	343
370.392	328.5	0	328.5
370.528	338.25	0	338.25
370.664	375.5	0	375.5
370.799	352.5	0	352.5
370.935	347.25	0	347.25
371.071	348.5	0	348.5
371.206	347.5	0	347.5
371.342	335.5	0	335.5
371.477	348	0	348
371.613	349	0	349
371.749	357.5	0	357.5
371.884	363.5	0	363.5
372.02	348	0	348
372.155	353.75	0	353.75
372.291	342.25	0	342.25
372.426	339	0	339
372.562	345.5	0	345.5
372.697	349.25	0	349.25
372.833	366.25	0	366.25
372.968	352.5	0	352.5
373.103	367.25	0	367.25
373.239	334.5	0	334.5
373.374	352.5	0	352.5
373.51	361.5	0	361.5
373.645	382	0	382
373.78	358.5	0	358.5
373.916	362.5	0	362.5
374.051	365.5	0	365.5
374.186	371.5	0	371.5
374.322	339.25	0	339.25
374.457	361	0	361
374.592	370	0	370
374.728	356.5	0	356.5
374.863	354	0	354
374.998	348.5	0	348.5
375.133	364.75	0	364.75
375.268	358.25	0	358.25
375.404	351.5	0	351.5
375.539	365.75	0	365.75
375.674	350.5	0	350.5
375.809	381.75	0	381.75
375.944	353.5	0	353.5
376.08	376.5	0	376.5
376.215	367.25	0	367.25
376.35	396.5	0	396.5
376.485	359.25	0	359.25
376.62	379	0	379
376.755	377.5	0	377.5
376.89	368.5	0	368.5
377.025	386	0	386
377.16	367.5	0	367.5
377.295	386.25	0	386.25
377.43	391	0	391
377.565	363	0	363
377.7	377.25	0	377.25
377.835	384.5	0	384.5
377.97	387	0	387
378.105	407.75	0	407.75
378.24	418.75	0	418.75
378.375	422.5	0	422.5
378.51	426.5	0	426.5
378.645	417.25	0	417.25
378.78	451.75	0	451.75
378.914	435.75	0	435.75
379.049	436.5	0	436.5
379.184	469	0	469
379.319	498.5	0	498.5
379.454	562.25	0	562.25
379.589	643.75	0	643.75
379.723	919.5	0	919.5
379.858	1603.25	0	1603.25
379.993	2505.5	0	2505.5
380.128	2274.5	0	2274.5
380.262	1681.25	0	1681.25
380.397	1330.5	0	1330.5
380.532	1081	0	1081
380.666	905.5	0	905.5
380.801	839	0	839
380.936	726.5	0	726.5
381.07	680	0	680
381.205	632.75	0	632.75
381.34	617	0	617
381.474	601.75	0	601.75
381.609	579	0	579
381.744	537.75	0	537.75
381.878	527.75	0	527.75
382.013	528.25	0	528.25
382.147	495.25	0	495.25
382.282	512.75	0	512.75
382.416	495.25	0	495.25
382.551	498.25	0	498.25
382.685	491.5	0	491.5
382.82	457.5	0	457.5
382.954	465.75	0	465.75
383.089	471.5	0	471.5
383.223	459.5	0	459.5
383.357	444.5	0	444.5
383.492	461	0	461
383.626	459.25	0	459.25
383.761	445	0	445
383.895	463	0	463
384.029	483	0	483
384.164	451.25	0	451.25
384.298	465	0	465
384.432	460.25	0	460.25
384.567	434.25	0	434.25
384.701	450.25	0	450.25
384.835	453.5	0	453.5
384.97	455.75	0	455.75
385.104	448	0	448
385.238	462.5	0	462.5
385.372	449.5	0	449.5
385.506	453.5	0	453.5
385.641	439.75	0	439.75
385.775	426.25	0	426.25
385.909	434	0	434
386.043	433.5	0	433.5
386.177	432.5	0	432.5
386.311	441.75	0	441.75
386.446	430	0	430
386.58	432.25	0	432.25
386.714	427	0	427
386.848	435.5	0	435.5
386.982	442.75	0	442.75
387.116	448.75	0	448.75
387.25	432.5	0	432.5
387.384	441.75	0	441.75
387.518	433.5	0	433.5
387.652	434.75	0	434.75
387.786	428.25	0	428.25
387.92	431	0	431
388.054	427.75	0	427.75
388.188	418.5	0	418.5
388.322	410.75	0	410.75
388.456	409	0	409
388.59	430.75	0	430.75
388.723	441.25	0	441.25
388.857	427	0	427
388.991	433.75	0	433.75
389.125	418.25	0	418.25
389.259	422.25	0	422.25
389.393	434	0	434
389.526	435.25	0	435.25
389.66	425.25	0	425.25
389.794	447	0	447
389.928	414	0	414
390.062	416.25	0	416.25
390.195	426.5	0	426.5
390.329	423.5	0	423.5
390.463	429.75	0	429.75
390.596	418.75	0	418.75
390.73	430	0	430
390.864	440	0	440
390.997	429.5	0	429.5
391.131	431.25	0	431.25
391.265	430.25	0	430.25
391.398	444.25	0	444.25
391.532	442.75	0	442.75
391.665	446	0	446
391.799	442.5	0	442.5
391.933	415.5	0	415.5
392.066	429.5	0	429.5
392.2	426.75	0	426.75
392.333	411.25	0	411.25
392.467	431.5	0	431.5
392.6	420.5	0	420.5
392.734	415.5	0	415.5
392.867	430.75	0	430.75
393.001	418.5	0	418.5
393.134	417	0	417
393.267	414	0	414
393.401	408	0	408
393.534	432.75	0	432.75
393.668	451	0	451
393.801	446.25	0	446.25
393.934	408.75	0	408.75
394.068	434.75	0	434.75
394.201	421.75	0	421.75
394.334	418.25	0	418.25
394.468	427	0	427
394.601	428.75	0	428.75
394.734	436.25	0	436.25
394.867	421.75	0	421.75
395.001	431	0	431
395.134	437.75	0	437.75
395.267	407.25	0	407.25
395.4	428.5	0	428.5
395.533	428.75	0	428.75
395.667	424.25	0	424.25
395.8	440.75	0	440.75
395.933	436.5	0	436.5
396.066	412	0	412
396.199	423.25	0	423.25
396.332	428	0	428
396.465	427.25	0	427.25
396.598	422.5	0	422.5
396.732	435.75	0	435.75
396.865	410.5	0	410.5
396.998	407.25	0	407.25
397.131	416	0	416
397.264	408	0	408
397.397	424.25	0	424.25
397.53	425.5	0	425.5
397.663	417.5	0	417.5
397.796	427.25	0	427.25
397.928	448.25	0	448.25
398.061	427	0	427
398.194	422	0	422
398.327	446	0	446
398.46	421.5	0	421.5
398.593	463.5	0	463.5
398.726	420.75	0	420.75
398.859	436.75	0	436.75
398.991	446.75	0	446.75
399.124	429	0	429
399.257	437	0	437
399.39	439.75	0	439.75
399.523	449.25	0	449.25
399.655	427.25	0	427.25
399.788	422.25	0	422.25
399.921	404.25	0	404.25
400.054	430.25	0	430.25
400.186	445	0	445
400.319	438.5	0	438.5
400.452	435	0	435
400.584	446	0	446
400.717	431.5	0	431.5
400.85	431.25	0	431.25
400.982	435	0	435
401.115	430.75	0	430.75
401.247	428.75	0	428.75
401.38	431	0	431
401.513	459	0	459
401.645	432.25	0	432.25
401.778	450.75	0	450.75
401.91	443.75	0	443.75
402.043	469.25	0	469.25
402.175	450.25	0	450.25
402.308	437.5	0	437.5
402.44	430.75	0	430.75
402.573	440.75	0	440.75
402.705	433	0	433
402.837	423.5	0	423.5
402.97	439.5	0	439.5
403.102	449.75	0	449.75
403.235	431.25	0	431.25
403.367	438.75	0	438.75
403.499	449.5	0	449.5
403.632	473.5	0	473.5
403.764	454.75	0	454.75
403.896	460.5	0	460.5
404.029	433.75	0	433.75
404.161	449	0	449
404.293	434.5	0	434.5
404.425	454.25	0	454.25
404.558	457	0	457
404.69	451.25	0	451.25
404.822	455.25	0	455.25
404.954	441.5	0	441.5
405.086	449	0	449
405.219	477.75	0	477.75
405.351	452	0	452
405.483	440	0	440
405.615	441	0	441
405.747	457.75	0	457.75
405.879	442.75	0	442.75
406.011	460.25	0	460.25
406.143	438.25	0	438.25
406.275	457.75	0	457.75
406.407	465.75	0	465.75
406.539	454.25	0	454.25
406.672	454.5	0	454.5
406.803	456.5	0	456.5
406.935	424.75	0	424.75
407.067	425.25	0	425.25
407.199	421.5	0	421.5
407.331	446	0	446
407.463	461.5	0	461.5
407.595	455.25	0	455.25
407.727	446.5	0	446.5
407.859	473	0	473
407.991	440.75	0	440.75
408.123	452	0	452
408.255	445	0	445
408.386	436.5	0	436.5
408.518	442.25	0	442.25
408.65	438.25	0	438.25
408.782	423.25	0	423.25
408.914	434.75	0	434.75
409.045	429	0	429
409.177	426.5	0	426.5
409.309	456	0	456
409.44	440.5	0	440.5
409.572	473.75	0	473.75
409.704	461.75	0	461.75
409.836	436	0	436
409.967	452.25	0	452.25
410.099	449.5	0	449.5
410.23	443.25	0	443.25
410.362	454.25	0	454.25
410.494	442.25	0	442.25
410.625	425	0	425
410.757	450	0	450
410.888	428	0	428
411.02	435	0	435
411.152	449.5	0	449.5
411.283	428.75	0	428.75
411.415	446.75	0	446.75
411.546	413.75	0	413.75
411.677	429.25	0	429.25
411.809	433	0	433
411.94	430.75	0	430.75
412.072	440.25	0	440.25
412.203	419.25	0	419.25
412.335	424	0	424
412.466	412.75	0	412.75
412.597	419.25	0	419.25
412.729	437	0	437
412.86	412	0	412
412.991	424.75	0	424.75
413.123	426.75	0	426.75
413.254	432.5	0	432.5
413.385	416.25	0	416.25
413.517	411.75	0	411.75
413.648	425.75	0	425.75
413.779	417.75	0	417.75
413.91	437.5	0	437.5
414.042	443	0	443
414.173	419.25	0	419.25
414.304	418.25	0	418.25
414.435	416.75	0	416.75
414.566	432	0	432
414.697	425.25	0	425.25
414.828	442.5	0	442.5
414.96	429.5	0	429.5
415.091	412.75	0	412.75
415.222	432.25	0	432.25
415.353	425	0	425
415.484	441.5	0	441.5
415.615	443.5	0	443.5
415.746	454.25	0	454.25
415.877	439	0	439
416.008	437.25	0	437.25
416.139	445	0	445
416.27	436	0	436
416.401	441.5	0	441.5
416.532	453.75	0	453.75
416.663	451	0	451
416.794	432.75	0	432.75
416.925	444.25	0	444.25
417.055	441	0	441
417.186	437.25	0	437.25
417.317	444.25	0	444.25
417.448	422.75	0	422.75
417.579	453.5	0	453.5
417.71	397.75	0	397.75
417.84	441	0	441
417.971	430	0	430
418.102	424.25	0	424.25
418.233	442	0	442
418.363	426.75	0	426.75
418.494	435.25	0	435.25
418.625	443.75	0	443.75
418.756	432	0	432
418.886	434.25	0	434.25
419.017	437.75	0	437.75
419.148	434.5	0	434.5
419.278	432.25	0	432.25
419.409	460.25	0	460.25
419.539	437.5	0	437.5
419.67	452.75	0	452.75
419.801	423	0	423
419.931	435.5	0	435.5
420.062	452	0	452
420.192	451.5	0	451.5
420.323	430.25	0	430.25
420.453	435.25	0	435.25
420.584	430	0	430
420.714	444.25	0	444.25
420.845	431	0	431
420.975	413	0	413
421.106	442.5	0	442.5
421.236	417.25	0	417.25
421.366	441.5	0	441.5
421.497	431.25	0	431.25
421.627	430.25	0	430.25
421.757	457.5	0	457.5
421.888	424.5	0	424.5
422.018	430	0	430
422.148	409.5	0	409.5
422.279	420	0	420
422.409	426.5	0	426.5
422.539	417	0	417
422.67	448.75	0	448.75
422.8	430.5	0	430.5
422.93	425.25	0	425.25
423.06	417	0	417
423.19	411.25	0	411.25
423.321	421.75	0	421.75
423.451	427	0	427
423.581	421.5	0	421.5
423.711	420.75	0	420.75
423.841	436.5	0	436.5
423.971	440.25	0	440.25
424.101	409.75	0	409.75
424.231	426	0	426
424.361	435.25	0	435.25
424.492	413.5	0	413.5
424.622	441.5	0	441.5
424.752	443.25	0	443.25
424.882	431.75	0	431.75
425.012	416.5	0	416.5
425.142	413	0	413
425.271	404	0	404
425.401	442	0	442
425.531	394.25	0	394.25
425.661	411.5	0	411.5
425.791	438.75	0	438.75
425.921	426.25	0	426.25
426.051	418.25	0	418.25
426.181	424	0	424
426.311	417.5	0	417.5
426.44	401.25	0	401.25
426.57	428.5	0	428.5
426.7	421	0	421
426.83	444.25	0	444.25
426.96	426.5	0	426.5
427.089	432	0	432
427.219	422.5	0	422.5
427.349	400.75	0	400.75
427.479	431	0	431
427.608	415.5	0	415.5
427.738	422.75	0	422.75
427.868	422.5	0	422.5
427.997	414.75	0	414.75
428.127	410.25	0	410.25
428.256	409	0	409
428.386	410.75	0	410.75
428.516	412	0	412
428.645	380.25	0	380.25
428.775	403.5	0	403.5
428.904	422.25	0	422.25
429.034	415.25	0	415.25
429.163	394.25	0	394.25
429.293	418.5	0	418.5
429.422	410	0	410
429.552	404	0	404
429.681	405.5	0	405.5
429.811	406.5	0	406.5
429.94	397.5	0	397.5
430.069	398.25	0	398.25
430.199	422.75	0	422.75
430.328	396.5	0	396.5
430.458	394.5	0	394.5
430.587	400.5	0	400.5
430.716	398	0	398
430.846	405.75	0	405.75
430.975	389	0	389
431.104	408	0	408
431.233	402.5	0	402.5
431.363	392.75	0	392.75
431.492	407.75	0	407.75
431.621	387.75	0	387.75
431.75	395.75	0	395.75
431.88	391.5	0	391.5
432.009	408.25	0	408.25
432.138	413.25	0	413.25
432.267	384.75	0	384.75
432.396	408.75	0	408.75
432.525	392.5	0	392.5
432.654	414	0	414
432.784	419	0	419
432.913	405.25	0	405.25
433.042	396.75	0	396.75
433.171	398.5	0	398.5
433.3	386.25	0	386.25
433.429	394.75	0	394.75
433.558	412	0	412
433.687	377.75	0	377.75
433.816	387	0	387
433.945	381.5	0	381.5
434.074	390.75	0	390.75
434.203	381.25	0	381.25
434.332	390.25	0	390.25
434.46	386.75	0	386.75
434.589	396.5	0	396.5
434.718	398.75	0	398.75
434.847	397	0	397
434.976	399	0	399
435.105	373.75	0	373.75
435.233	402	0	402
435.362	375.25	0	375.25
435.491	385.25	0	385.25
435.62	380.25	0	380.25
435.749	392.25	0	392.25
435.877	388.25	0	388.25
436.006	368	0	368
436.135	398.5	0	398.5
436.263	376.5	0	376.5
436.392	389	0	389
436.521	381	0	381
436.649	382.25	0	382.25
436.778	391	0	391
436.907	383.5	0	383.5
437.035	394.75	0	394.75
437.164	378.25	0	378.25
437.292	397.5	0	397.5
437.421	383.25	0	383.25
437.549	405	0	405
437.678	378.25	0	378.25
437.806	391	0	391
437.935	407.5	0	407.5
438.063	400.5	0	400.5
438.192	392.75	0	392.75
438.32	388	0	388
438.449	384.75	0	384.75
438.577	406.5	0	406.5
438.706	397.5	0	397.5
438.834	373.75	0	373.75
438.962	397.25	0	397.25
439.091	388.25	0	388.25
439.219	382.5	0	382.5
439.347	384	0	384
439.476	394.25	0	394.25
439.604	375.5	0	375.5
439.732	381	0	381
439.86	361	0	361
439.989	402.75	0	402.75
440.117	374.5	0	374.5
440.245	393	0	393
440.373	374.75	0	374.75
440.501	377.25	0	377.25
440.63	396.75	0	396.75
440.758	381	0	381
440.886	378.25	0	378.25
441.014	376.25	0	376.25
441.142	380	0	380
441.27	391.75	0	391.75
441.398	381.75	0	381.75
441.526	384	0	384
441.654	379.5	0	379.5
441.782	375.25	0	375.25
441.91	416.25	0	416.25
442.038	379.75	0	379.75
442.166	402.75	0	402.75
442.294	389.5	0	389.5
442.422	400.5	0	400.5
442.55	403.5	0	403.5
442.678	395.75	0	395.75
442.806	404.75	0	404.75
442.934	400	0	400
443.062	394.5	0	394.5
443.19	391.5	0	391.5
443.318	373.25	0	373.25
443.445	378.25	0	378.25
443.573	399.25	0	399.25
443.701	399.5	0	399.5
443.829	397	0	397
443.957	393.5	0	393.5
444.084	401	0	401
444.212	399	0	399
444.34	407.5	0	407.5
444.467	384.75	0	384.75
444.595	383	0	383
444.723	388.75	0	388.75
444.85	384.75	0	384.75
444.978	382	0	382
445.106	373.25	0	373.25
445.233	388.75	0	388.75
445.361	372.75	0	372.75
445.489	389.75	0	389.75
445.616	370.75	0	370.75
445.744	393	0	393
445.871	402.75	0	402.75
445.999	405.75	0	405.75
446.126	391.75	0	391.75
446.254	400.25	0	400.25
446.381	397.25	0	397.25
446.509	396.25	0	396.25
446.636	392.75	0	392.75
446.764	381.25	0	381.25
446.891	395	0	395
447.018	406.5	0	406.5
447.146	404.5	0	404.5
447.273	416.25	0	416.25
447.4	405.5	0	405.5
447.528	417.75	0	417.75
447.655	378.5	0	378.5
447.782	398.5	0	398.5
447.91	390	0	390
448.037	398.5	0	398.5
448.164	402.25	0	402.25
448.291	399	0	399
448.419	395.5	0	395.5
448.546	400.25	0	400.25
448.673	378.5	0	378.5
448.8	416.5	0	416.5
448.927	395.25	0	395.25
449.055	383	0	383
449.182	411	0	411
449.309	376	0	376
449.436	418	0	418
449.563	414.5	0	414.5
449.69	419.75	0	419.75
449.817	404.75	0	404.75
449.944	388.25	0	388.25
450.071	367.75	0	367.75
450.198	384.5	0	384.5
450.325	398.75	0	398.75
450.452	372.25	0	372.25
450.579	386.5	0	386.5
450.706	390.25	0	390.25
450.833	374.5	0	374.5
450.96	411.25	0	411.25
451.087	383.5	0	383.5
451.214	388.5	0	388.5
451.341	420.5	0	420.5
451.467	403	0	403
451.594	412.5	0	412.5
451.721	425.5	0	425.5
451.848	418	0	418
451.975	429	0	429
452.101	441.75	0	441.75
452.228	547.5	0	547.5
452.355	902	0	902
452.482	787.25	0	787.25
452.608	662.25	0	662.25
452.735	563.25	0	563.25
452.862	520.5	0	520.5
452.988	504.75	0	504.75
453.115	476	0	476
453.242	454	0	454
453.368	453.5	0	453.5
453.495	426	0	426
453.621	446.25	0	446.25
453.748	436.25	0	436.25
453.875	413.25	0	413.25
454.001	430.5	0	430.5
454.128	419.25	0	419.25
454.254	401	0	401
454.381	419.5	0	419.5
454.507	395.5	0	395.5
454.633	402.5	0	402.5
454.76	411	0	411
454.886	398.75	0	398.75
455.013	394	0	394
455.139	382.5	0	382.5
455.266	387	0	387
455.392	390.25	0	390.25
455.518	385.75	0	385.75
455.645	400.25	0	400.25
455.771	383	0	383
455.897	370.75	0	370.75
456.023	395	0	395
456.15	422.75	0	422.75
456.276	401.25	0	401.25
456.402	379.75	0	379.75
456.528	388.25	0	388.25
456.655	419.75	0	419.75
456.781	386.25	0	386.25
456.907	397.5	0	397.5
457.033	359.75	0	359.75
457.159	374.5	0	374.5
457.285	394.25	0	394.25
457.411	409	0	409
457.538	371	0	371
457.664	383.75	0	383.75
457.79	379	0	379
457.916	389	0	389
458.042	389.25	0	389.25
458.168	377.75	0	377.75
458.294	375.75	0	375.75
458.42	385.75	0	385.75
458.546	402.75	0	402.75
458.672	398.5	0	398.5
458.798	384.75	0	384.75
458.924	373.25	0	373.25
459.049	404.75	0	404.75
459.175	387.25	0	387.25
459.301	355	0	355
459.427	370.75	0	370.75
459.553	361	0	361
459.679	374.25	0	374.25
459.805	375.5	0	375.5
459.93	377.25	0	377.25
460.056	387.25	0	387.25
460.182	390.25	0	390.25
460.308	374	0	374
460.433	374	0	374
460.559	373.5	0	373.5
460.685	399.5	0	399.5
460.81	375	0	375
460.936	396.25	0	396.25
461.062	393.25	0	393.25
461.187	377	0	377
461.313	386.5	0	386.5
461.439	391.75	0	391.75
461.564	385.5	0	385.5
461.69	389	0	389
461.815	386.75	0	386.75
461.941	376	0	376
462.066	378.75	0	378.75
462.192	368.5	0	368.5
462.317	367.75	0	367.75
462.443	397.75	0	397.75
462.568	362.75	0	362.75
462.694	382.75	0	382.75
462.819	389.5	0	389.5
462.944	381.25	0	381.25
463.07	370.75	0	370.75
463.195	379.75	0	379.75
463.321	379.25	0	379.25
463.446	389	0	389
463.571	401.5	0	401.5
463.697	387.25	0	387.25
463.822	393.25	0	393.25
463.947	404.5	0	404.5
464.072	398.25	0	398.25
464.198	396	0	396
464.323	397	0	397
464.448	418	0	418
464.573	402.5	0	402.5
464.698	363	0	363
464.824	396.25	0	396.25
464.949	407.75	0	407.75
465.074	391.25	0	391.25
465.199	383.5	0	383.5
465.324	387.75	0	387.75
465.449	367.5	0	367.5
465.574	400.75	0	400.75
465.699	386	0	386
465.824	386.5	0	386.5
465.949	390.75	0	390.75
466.074	396.5	0	396.5
466.199	400.25	0	400.25
466.324	389.75	0	389.75
466.449	384.5	0	384.5
466.574	403.75	0	403.75
466.699	395.5	0	395.5
466.824	398.5	0	398.5
466.949	395.75	0	395.75
467.074	381	0	381
467.199	383.75	0	383.75
467.323	408	0	408
467.448	373.5	0	373.5
467.573	381.75	0	381.75
467.698	400.75	0	400.75
467.823	412.75	0	412.75
467.947	419.25	0	419.25
468.072	420.5	0	420.5
468.197	395.25	0	395.25
468.322	393.75	0	393.75
468.446	401.25	0	401.25
468.571	422.5	0	422.5
468.696	405.5	0	405.5
468.82	408	0	408
468.945	387.25	0	387.25
469.069	397.5	0	397.5
469.194	421.5	0	421.5
469.319	402	0	402
469.443	417.75	0	417.75
469.568	401.5	0	401.5
469.692	385.5	0	385.5
469.817	394	0	394
469.941	413.75	0	413.75
470.066	414.25	0	414.25
470.19	416	0	416
470.315	423.5	0	423.5
470.439	407.25	0	407.25
470.563	401.75	0	401.75
470.688	424	0	424
470.812	431.75	0	431.75
470.937	415	0	415
471.061	399	0	399
471.185	429.25	0	429.25
471.31	398.25	0	398.25
471.434	445.75	0	445.75
471.558	442.75	0	442.75
471.682	411.25	0	411.25
471.807	415.5	0	415.5
471.931	426	0	426
472.055	400.75	0	400.75
472.179	425.75	0	425.75
472.303	407.5	0	407.5
472.428	428	0	428
472.552	426.25	0	426.25
472.676	444.75	0	444.75
472.8	417.25	0	417.25
472.924	405.5	0	405.5
473.048	391.75	0	391.75
473.172	422.5	0	422.5
473.296	422.25	0	422.25
473.42	438	0	438
473.544	418	0	418
473.668	406.25	0	406.25
473.792	417.5	0	417.5
473.916	408	0	408
474.04	422.75	0	422.75
474.164	420.25	0	420.25
474.288	406	0	406
474.412	404.5	0	404.5
474.536	417.75	0	417.75
474.66	429.25	0	429.25
474.784	420	0	420
474.908	408.75	0	408.75
475.031	409	0	409
475.155	447.25	0	447.25
475.279	420	0	420
475.403	444.75	0	444.75
475.526	420.75	0	420.75
475.65	437.25	0	437.25
475.774	427.5	0	427.5
475.898	442.25	0	442.25
476.021	409.25	0	409.25
476.145	426.25	0	426.25
476.269	426	0	426
476.392	411.5	0	411.5
476.516	435	0	435
476.64	431.5	0	431.5
476.763	437	0	437
476.887	444.25	0	444.25
477.01	417.5	0	417.5
477.134	427.75	0	427.75
477.257	434	0	434
477.381	425.75	0	425.75
477.504	434	0	434
477.628	413.5	0	413.5
477.751	436.75	0	436.75
477.875	425.75	0	425.75
477.998	437.25	0	437.25
478.122	428.25	0	428.25
478.245	418	0	418
478.368	423.75	0	423.75
478.492	398.75	0	398.75
478.615	446	0	446
478.738	431.5	0	431.5
478.862	431.25	0	431.25
478.985	431.75	0	431.75
479.108	446.25	0	446.25
479.231	450.75	0	450.75
479.355	450	0	450
479.478	420	0	420
479.601	450.75	0	450.75
479.724	432.5	0	432.5
479.848	438.25	0	438.25
479.971	449.75	0	449.75
480.094	438.75	0	438.75
480.217	415.25	0	415.25
480.34	461	0	461
480.463	445.5	0	445.5
480.586	449.25	0	449.25
480.709	448.25	0	448.25
480.832	435	0	435
480.955	437.25	0	437.25
481.078	449	0	449
481.201	448	0	448
481.324	438.5	0	438.5
481.447	426.75	0	426.75
481.57	448	0	448
481.693	448.25	0	448.25
481.816	435.25	0	435.25
481.939	427	0	427
482.062	449.25	0	449.25
482.185	449.75	0	449.75
482.307	455.5	0	455.5
482.43	449	0	449
482.553	457.75	0	457.75
482.676	460.5	0	460.5
482.799	445.75	0	445.75
482.921	438.5	0	438.5
483.044	445.25	0	445.25
483.167	432.75	0	432.75
483.29	437.5	0	437.5
483.412	449.75	0	449.75
483.535	440	0	440
483.658	451.5	0	451.5
483.78	451.75	0	451.75
483.903	419.5	0	419.5
484.025	441.25	0	441.25
484.148	442.25	0	442.25
484.271	429.5	0	429.5
484.393	428.25	0	428.25
484.516	476	0	476
484.638	426.5	0	426.5
484.761	439.5	0	439.5
484.883	462	0	462
485.006	440	0	440
485.128	448.75	0	448.75
485.251	433.5	0	433.5
485.373	428.5	0	428.5
485.495	440.25	0	440.25
485.618	432.75	0	432.75
485.74	432.25	0	432.25
485.863	412.5	0	412.5
485.985	439.5	0	439.5
486.107	411	0	411
486.229	423.25	0	423.25
486.352	434.5	0	434.5
486.474	415.5	0	415.5
486.596	422	0	422
486.719	403.25	0	403.25
486.841	444	0	444
486.963	457.5	0	457.5
487.085	434.5	0	434.5
487.207	431.75	0	431.75
487.329	438.5	0	438.5
487.452	456.25	0	456.25
487.574	418.5	0	418.5
487.696	432	0	432
487.818	420.75	0	420.75
487.94	433	0	433
488.062	430	0	430
488.184	425	0	425
488.306	422.75	0	422.75
488.428	434.25	0	434.25
488.55	421.25	0	421.25
488.672	440.75	0	440.75
488.794	423.75	0	423.75
488.916	425.25	0	425.25
489.038	420.5	0	420.5
489.16	438	0	438
489.281	434.75	0	434.75
489.403	436.25	0	436.25
489.525	434	0	434
489.647	432	0	432
489.769	423.25	0	423.25
489.891	423.25	0	423.25
490.012	418.5	0	418.5
490.134	419.25	0	419.25
490.256	427.75	0	427.75
490.378	427	0	427
490.499	434	0	434
490.621	429	0	429
490.743	415.5	0	415.5
490.864	421.25	0	421.25
490.986	418.25	0	418.25
491.108	431.75	0	431.75
491.229	428.75	0	428.75
491.351	400.5	0	400.5
491.472	431	0	431
491.594	423.5	0	423.5
491.715	409.75	0	409.75
491.837	437.25	0	437.25
491.958	438	0	438
492.08	401.25	0	401.25
492.201	400.5	0	400.5
492.323	417.25	0	417.25
492.444	419.5	0	419.5
492.566	432.75	0	432.75
492.687	413	0	413
492.808	408.5	0	408.5
492.93	429	0	429
493.051	424	0	424
493.172	422.75	0	422.75
493.294	419.25	0	419.25
493.415	412	0	412
493.536	414.75	0	414.75
493.658	409.75	0	409.75
493.779	416.75	0	416.75
493.9	419	0	419
494.021	443.25	0	443.25
494.143	404.25	0	404.25
494.264	413.75	0	413.75
494.385	421.75	0	421.75
494.506	409.75	0	409.75
494.627	406	0	406
494.748	415	0	415
494.869	424.25	0	424.25
494.99	431.75	0	431.75
495.111	427.25	0	427.25
495.232	417.75	0	417.75
495.353	436.75	0	436.75
495.475	417.5	0	417.5
495.595	416.25	0	416.25
495.716	416.5	0	416.5
495.837	412.75	0	412.75
495.958	433.75	0	433.75
496.079	436.5	0	436.5
496.2	419.5	0	419.5
496.321	420	0	420
496.442	402.25	0	402.25
496.563	430.25	0	430.25
496.684	423	0	423
496.804	417	0	417
496.925	406.25	0	406.25
497.046	420	0	420
497.167	437	0	437
497.287	410.25	0	410.25
497.408	416.25	0	416.25
497.529	420	0	420
497.65	418.25	0	418.25
497.77	426.75	0	426.75
497.891	413	0	413
498.012	407.5	0	407.5
498.132	414.25	0	414.25
498.253	397	0	397
498.373	409.75	0	409.75
498.494	403.75	0	403.75
498.614	401	0	401
498.735	409.5	0	409.5
498.856	401.75	0	401.75
498.976	396.25	0	396.25
499.096	428.25	0	428.25
499.217	424.25	0	424.25
499.337	415.5	0	415.5
499.458	410.75	0	410.75
499.578	402.5	0	402.5
499.699	392.5	0	392.5
499.819	419.5	0	419.5
499.939	412.5	0	412.5
500.06	414.75	0	414.75
500.18	409.5	0	409.5
500.3	425.5	0	425.5
500.421	402	0	402
500.541	395.5	0	395.5
500.661	422.25	0	422.25
500.781	413	0	413
500.902	411.5	0	411.5
501.022	418.75	0	418.75
501.142	392	0	392
501.262	417.5	0	417.5
501.382	400.75	0	400.75
501.502	411.5	0	411.5
501.623	423.75	0	423.75
501.743	406.25	0	406.25
501.863	397	0	397
501.983	430.25	0	430.25
502.103	389	0	389
502.223	416.25	0	416.25
502.343	400.5	0	400.5
502.463	418.75	0	418.75
502.583	405.5	0	405.5
502.703	411.75	0	411.75
502.823	406.5	0	406.5
502.943	399.5	0	399.5
503.063	394.25	0	394.25
503.182	420.5	0	420.5
503.302	397.25	0	397.25
503.422	401.5	0	401.5
503.542	416.5	0	416.5
503.662	416	0	416
503.782	408.5	0	408.5
503.901	415.5	0	415.5
504.021	403.5	0	403.5
504.141	392	0	392
504.261	405.75	0	405.75
504.38	422	0	422
504.5	409	0	409
504.62	390	0	390
504.739	408.75	0	408.75
504.859	401.75	0	401.75
504.979	411.25	0	411.25
505.098	404.25	0	404.25
505.218	409.25	0	409.25
505.338	410.75	0	410.75
505.457	415.75	0	415.75
505.577	393.5	0	393.5
505.696	420	0	420
505.816	415.5	0	415.5
505.935	419.25	0	419.25
506.055	412.25	0	412.25
506.174	428.5	0	428.5
506.293	419.75	0	419.75
506.413	406.5	0	406.5
506.532	405.5	0	405.5
506.652	407	0	407
506.771	401	0	401
506.89	389.75	0	389.75
507.01	415	0	415
507.129	411.5	0	411.5
507.248	417.25	0	417.25
507.368	390.25	0	390.25
507.487	431.25	0	431.25
507.606	411.75	0	411.75
507.725	429	0	429
507.844	416	0	416
507.964	425	0	425
508.083	404	0	404
508.202	408.25	0	408.25
508.321	414.25	0	414.25
508.44	410.75	0	410.75
508.559	435.25	0	435.25
508.678	398.75	0	398.75
508.797	406.5	0	406.5
508.916	422	0	422
509.035	404.25	0	404.25
509.154	416.5	0	416.5
509.273	406.25	0	406.25
509.392	402	0	402
509.511	411.75	0	411.75
509.63	410.5	0	410.5
509.749	410	0	410
509.868	408	0	408
509.987	425.75	0	425.75
510.106	404.25	0	404.25
510.225	425	0	425
510.344	430.75	0	430.75
510.462	439.75	0	439.75
510.581	429.25	0	429.25
510.7	445.5	0	445.5
510.819	474.75	0	474.75
510.937	475.75	0	475.75
511.056	464.25	0	464.25
511.175	488.5	0	488.5
511.294	488	0	488
511.412	486.75	0	486.75
511.531	509.75	0	509.75
511.649	518	0	518
511.768	515.5	0	515.5
511.887	520.75	0	520.75
512.005	546.75	0	546.75
512.124	524.75	0	524.75
512.242	531.25	0	531.25
512.361	504.5	0	504.5
512.479	546.25	0	546.25
512.598	547.75	0	547.75
512.716	509.75	0	509.75
512.835	520.5	0	520.5
512.953	500.5	0	500.5
513.072	476	0	476
513.19	496.75	0	496.75
513.308	457.75	0	457.75
513.427	475.5	0	475.5
513.545	447	0	447
513.664	467.25	0	467.25
513.782	456.75	0	456.75
513.9	435.25	0	435.25
514.018	440	0	440
514.137	431.75	0	431.75
514.255	419.5	0	419.5
514.373	433.75	0	433.75
514.491	434.5	0	434.5
514.609	423.25	0	423.25
514.728	422.75	0	422.75
514.846	422	0	422
514.964	432.75	0	432.75
515.082	442	0	442
515.2	419	0	419
515.318	418.75	0	418.75
515.436	401.25	0	401.25
515.554	403.75	0	403.75
515.672	397.25	0	397.25
515.79	419.75	0	419.75
515.908	402.75	0	402.75
516.026	420	0	420
516.144	423.25	0	423.25
516.262	417	0	417
516.38	404.75	0	404.75
516.498	415.75	0	415.75
516.616	391.75	0	391.75
516.734	406.5	0	406.5
516.852	402.25	0	402.25
516.969	420.25	0	420.25
517.087	400.75	0	400.75
517.205	404.25	0	404.25
517.323	435.5	0	435.5
517.44	431	0	431
517.558	394	0	394
517.676	418.25	0	418.25
517.794	403.5	0	403.5
517.911	379.5	0	379.5
518.029	408.75	0	408.75
518.147	424.25	0	424.25
518.264	401	0	401
518.382	417	0	417
518.5	425.5	0	425.5
518.617	394.75	0	394.75
518.735	390	0	390
518.852	406.25	0	406.25
518.97	402.25	0	402.25
519.087	412	0	412
519.205	381.25	0	381.25
519.322	392.75	0	392.75
519.44	395	0	395
519.557	404	0	404
519.674	401.75	0	401.75
519.792	378.5	0	378.5
519.909	398.25	0	398.25
520.026	388.25	0	388.25
520.144	395.75	0	395.75
520.261	387.25	0	387.25
520.378	403	0	403
520.496	386	0	386
520.613	377	0	377
520.73	395.25	0	395.25
520.847	389	0	389
520.965	397.25	0	397.25
521.082	377.25	0	377.25
521.199	396.25	0	396.25
521.316	395.5	0	395.5
521.433	381.25	0	381.25
521.55	378	0	378
521.667	389.5	0	389.5
521.785	406.5	0	406.5
521.902	386	0	386
522.019	409.5	0	409.5
522.136	395.75	0	395.75
522.253	378.5	0	378.5
522.37	393	0	393
522.487	389.75	0	389.75
522.604	406	0	406
522.721	399.75	0	399.75
522.838	384.5	0	384.5
522.954	397.75	0	397.75
523.071	377.25	0	377.25
523.188	384.75	0	384.75
523.305	405.75	0	405.75
523.422	386.5	0	386.5
523.539	380.75	0	380.75
523.655	382.5	0	382.5
523.772	386.75	0	386.75
523.889	359.25	0	359.25
524.006	379.5	0	379.5
524.122	375.75	0	375.75
524.239	376.5	0	376.5
524.356	380.25	0	380.25
524.472	390.5	0	390.5
524.589	389.5	0	389.5
524.706	407.75	0	407.75
524.822	379	0	379
524.939	365	0	365
525.055	380.5	0	380.5
525.172	409	0	409
525.289	375.25	0	375.25
525.405	376.75	0	376.75
525.522	376.25	0	376.25
525.638	383	0	383
525.754	361.75	0	361.75
525.871	381.5	0	381.5
525.987	364.25	0	364.25
526.104	354.5	0	354.5
526.22	378.75	0	378.75
526.336	392.75	0	392.75
526.453	396	0	396
526.569	369.5	0	369.5
526.685	386.5	0	386.5
526.802	371.25	0	371.25
526.918	389.25	0	389.25
527.034	364.75	0	364.75
527.151	371.5	0	371.5
527.267	377	0	377
527.383	383	0	383
527.499	378	0	378
527.615	387.75	0	387.75
527.732	368.5	0	368.5
527.848	382.75	0	382.75
527.964	380.75	0	380.75
528.08	389.75	0	389.75
528.196	375.75	0	375.75
528.312	402.5	0	402.5
528.428	371.25	0	371.25
528.544	370.75	0	370.75
528.66	376.75	0	376.75
528.776	365.75	0	365.75
528.892	366	0	366
529.008	362	0	362
529.124	358.75	0	358.75
529.24	363.75	0	363.75
529.356	359.75	0	359.75
529.471	352.25	0	352.25
529.587	367.75	0	367.75
529.703	364.25	0	364.25
529.819	353.75	0	353.75
529.935	352.25	0	352.25
530.05	366	0	366
530.166	359.25	0	359.25
530.282	346	0	346
530.398	353.25	0	353.25
530.513	365.5	0	365.5
530.629	343.75	0	343.75
530.745	367.5	0	367.5
530.86	369.75	0	369.75
530.976	364	0	364
531.092	371.5	0	371.5
531.207	377.75	0	377.75
531.323	362	0	362
531.438	337.25	0	337.25
531.554	371.25	0	371.25
531.669	349.5	0	349.5
531.785	364.25	0	364.25
531.9	365.25	0	365.25
532.016	357	0	357
532.131	364.5	0	364.5
532.247	352	0	352
532.362	367	0	367
532.477	364	0	364
532.593	367.75	0	367.75
532.708	348	0	348
532.823	355.75	0	355.75
532.939	351.75	0	351.75
533.054	335.25	0	335.25
533.169	362.25	0	362.25
533.285	353.25	0	353.25
533.4	354.75	0	354.75
533.515	368.25	0	368.25
533.63	353.5	0	353.5
533.745	380.5	0	380.5
533.861	343.5	0	343.5
533.976	370.25	0	370.25
534.091	341	0	341
534.206	347	0	347
534.321	359.5	0	359.5
534.436	364.5	0	364.5
534.551	328	0	328
534.666	362.25	0	362.25
534.781	364.75	0	364.75
534.896	354.5	0	354.5
535.011	357	0	357
535.126	351.25	0	351.25
535.241	339.5	0	339.5
535.356	358.25	0	358.25
535.471	349.5	0	349.5
535.586	335.75	0	335.75
535.701	348	0	348
535.815	361	0	361
535.93	356	0	356
536.045	347.5	0	347.5
536.16	364.25	0	364.25