Lambda	Spectrum	Dark	SpecMinusDark
268.175	323.5	0	323.5
268.319	320.5	0	320.5
268.463	334.5	0	334.5
268.607	283.25	0	283.25
268.751	324.75	0	324.75
268.895	349.75	0	349.75
269.039	338.5	0	338.5
269.183	341.25	0	341.25
269.327	367.5	0	367.5
269.47	369.25	0	369.25
269.614	340.75	0	340.75
269.758	381.75	0	381.75
269.902	356	0	356
270.046	373.25	0	373.25
270.19	382	0	382
270.334	394.75	0	394.75
270.477	405.75	0	405.75
270.621	394	0	394
270.765	439	0	439
270.909	413	0	413
271.053	404.25	0	404.25
271.196	396.75	0	396.75
271.34	448.25	0	448.25
271.484	407	0	407
271.628	428.75	0	428.75
271.771	429	0	429
271.915	425.25	0	425.25
272.059	427.5	0	427.5
272.202	417.25	0	417.25
272.346	423.75	0	423.75
272.49	465.75	0	465.75
272.634	470	0	470
272.777	440	0	440
272.921	426.5	0	426.5
273.064	436.75	0	436.75
273.208	460.75	0	460.75
273.352	455.25	0	455.25
273.495	454	0	454
273.639	458	0	458
273.783	453.75	0	453.75
273.926	431.25	0	431.25
274.07	453.5	0	453.5
274.213	449.25	0	449.25
274.357	480	0	480
274.5	510.25	0	510.25
274.644	522	0	522
274.787	575.5	0	575.5
274.931	552	0	552
275.074	540.25	0	540.25
275.218	515	0	515
275.361	505.25	0	505.25
275.505	496.75	0	496.75
275.648	530.25	0	530.25
275.792	493	0	493
275.935	522.25	0	522.25
276.079	504	0	504
276.222	508.75	0	508.75
276.366	495	0	495
276.509	495.75	0	495.75
276.652	488.5	0	488.5
276.796	476.25	0	476.25
276.939	505.75	0	505.75
277.082	513.25	0	513.25
277.226	531.25	0	531.25
277.369	580	0	580
277.513	573	0	573
277.656	511.75	0	511.75
277.799	545	0	545
277.942	534.5	0	534.5
278.086	519	0	519
278.229	526.25	0	526.25
278.372	565.25	0	565.25
278.516	562.25	0	562.25
278.659	602.75	0	602.75
278.802	595.25	0	595.25
278.945	574	0	574
279.089	572	0	572
279.232	553	0	553
279.375	578.75	0	578.75
279.518	663	0	663
279.661	641.75	0	641.75
279.805	643	0	643
279.948	613.25	0	613.25
280.091	627.25	0	627.25
280.234	585.75	0	585.75
280.377	597.25	0	597.25
280.52	612.25	0	612.25
280.663	588	0	588
280.806	589	0	589
280.95	580.75	0	580.75
281.093	579.5	0	579.5
281.236	608.5	0	608.5
281.379	653.25	0	653.25
281.522	640	0	640
281.665	644.25	0	644.25
281.808	626.75	0	626.75
281.951	575.5	0	575.5
282.094	580	0	580
282.237	615.25	0	615.25
282.38	646	0	646
282.523	622.75	0	622.75
282.666	635.75	0	635.75
282.809	633.75	0	633.75
282.952	600.5	0	600.5
283.095	664.25	0	664.25
283.238	689.75	0	689.75
283.381	682.75	0	682.75
283.523	648.25	0	648.25
283.666	685.5	0	685.5
283.809	653.5	0	653.5
283.952	717.75	0	717.75
284.095	768.75	0	768.75
284.238	837.5	0	837.5
284.381	864.25	0	864.25
284.524	815	0	815
284.666	861.25	0	861.25
284.809	850.75	0	850.75
284.952	828.75	0	828.75
285.095	777.5	0	777.5
285.238	728	0	728
285.38	725	0	725
285.523	711.25	0	711.25
285.666	766.75	0	766.75
285.809	759.75	0	759.75
285.951	803.75	0	803.75
286.094	827	0	827
286.237	798	0	798
286.38	773.25	0	773.25
286.522	782.25	0	782.25
286.665	774.25	0	774.25
286.808	809.75	0	809.75
286.95	804	0	804
287.093	833	0	833
287.236	887.5	0	887.5
287.378	865	0	865
287.521	810.75	0	810.75
287.663	799.25	0	799.25
287.806	886	0	886
287.949	865	0	865
288.091	808	0	808
288.234	776.25	0	776.25
288.376	760.5	0	760.5
288.519	720.25	0	720.25
288.661	754	0	754
288.804	856.75	0	856.75
288.946	862	0	862
289.089	893	0	893
289.231	837.5	0	837.5
289.374	867.25	0	867.25
289.516	825.75	0	825.75
289.659	861.25	0	861.25
289.801	919.5	0	919.5
289.944	939	0	939
290.086	974	0	974
290.229	888.75	0	888.75
290.371	857	0	857
290.513	830	0	830
290.656	809	0	809
290.798	843.75	0	843.75
290.941	795.75	0	795.75
291.083	842.25	0	842.25
291.225	944	0	944
291.368	988.25	0	988.25
291.51	918.25	0	918.25
291.652	895.25	0	895.25
291.795	861	0	861
291.937	859.25	0	859.25
292.079	863	0	863
292.221	950	0	950
292.364	976	0	976
292.506	947.25	0	947.25
292.648	876	0	876
292.79	847.75	0	847.75
292.933	947.5	0	947.5
293.075	984.25	0	984.25
293.217	1113	0	1113
293.359	1076.25	0	1076.25
293.502	948.75	0	948.75
293.644	968	0	968
293.786	1103.5	0	1103.5
293.928	1156.75	0	1156.75
294.07	1069	0	1069
294.212	944.25	0	944.25
294.354	991.5	0	991.5
294.497	995	0	995
294.639	944.25	0	944.25
294.781	934.25	0	934.25
294.923	951	0	951
295.065	1090.5	0	1090.5
295.207	1115	0	1115
295.349	1068	0	1068
295.491	1076	0	1076
295.633	1042.25	0	1042.25
295.775	955.75	0	955.75
295.917	970.75	0	970.75
296.059	1033.5	0	1033.5
296.201	1161.25	0	1161.25
296.343	1228.5	0	1228.5
296.485	1160.75	0	1160.75
296.627	1071.75	0	1071.75
296.769	1120	0	1120
296.911	1089.5	0	1089.5
297.053	1026.5	0	1026.5
297.195	1003.75	0	1003.75
297.337	1115.75	0	1115.75
297.478	1185	0	1185
297.62	1123	0	1123
297.762	1113.25	0	1113.25
297.904	1032.75	0	1032.75
298.046	1022.75	0	1022.75
298.188	989.25	0	989.25
298.33	958	0	958
298.471	1040	0	1040
298.613	1130.25	0	1130.25
298.755	1177.25	0	1177.25
298.897	1136	0	1136
299.038	1076.75	0	1076.75
299.18	1023.5	0	1023.5
299.322	1029	0	1029
299.464	984	0	984
299.605	1044.25	0	1044.25
299.747	1075.75	0	1075.75
299.889	1055.5	0	1055.5
300.031	1094	0	1094
300.172	1083.75	0	1083.75
300.314	1102	0	1102
300.456	1078.25	0	1078.25
300.597	1079.25	0	1079.25
300.739	1135.25	0	1135.25
300.881	1283.75	0	1283.75
301.022	1470.75	0	1470.75
301.164	1369	0	1369
301.305	1200.5	0	1200.5
301.447	1122.5	0	1122.5
301.589	1130.25	0	1130.25
301.73	1120.25	0	1120.25
301.872	1155.25	0	1155.25
302.013	1095.75	0	1095.75
302.155	1186	0	1186
302.296	1260.5	0	1260.5
302.438	1328	0	1328
302.579	1324.5	0	1324.5
302.721	1302.75	0	1302.75
302.862	1242	0	1242
303.004	1156.5	0	1156.5
303.145	1103	0	1103
303.287	1104.5	0	1104.5
303.428	1135.25	0	1135.25
303.569	1163.25	0	1163.25
303.711	1218.75	0	1218.75
303.852	1253.25	0	1253.25
303.994	1411.75	0	1411.75
304.135	1378	0	1378
304.276	1312	0	1312
304.418	1280.75	0	1280.75
304.559	1299	0	1299
304.7	1374.25	0	1374.25
304.842	1472	0	1472
304.983	1406.75	0	1406.75
305.124	1242.75	0	1242.75
305.266	1256.75	0	1256.75
305.407	1313.5	0	1313.5
305.548	1404.25	0	1404.25
305.69	1398.25	0	1398.25
305.831	1415.25	0	1415.25
305.972	1420.75	0	1420.75
306.113	1458	0	1458
306.254	1524.5	0	1524.5
306.396	1382.5	0	1382.5
306.537	1433	0	1433
306.678	1487.25	0	1487.25
306.819	1626.5	0	1626.5
306.96	1471.5	0	1471.5
307.102	1479.75	0	1479.75
307.243	1491.25	0	1491.25
307.384	1586	0	1586
307.525	1694.5	0	1694.5
307.666	1751.75	0	1751.75
307.807	1581.25	0	1581.25
307.948	1584.5	0	1584.5
308.089	1487.75	0	1487.75
308.23	1482.75	0	1482.75
308.371	1542.75	0	1542.75
308.513	1552	0	1552
308.654	1528	0	1528
308.795	1460.75	0	1460.75
308.936	1526.75	0	1526.75
309.077	1765.75	0	1765.75
309.218	1831.75	0	1831.75
309.359	1718.5	0	1718.5
309.499	1579.75	0	1579.75
309.64	1367.75	0	1367.75
309.781	1420.75	0	1420.75
309.922	1550.75	0	1550.75
310.063	1766.5	0	1766.5
310.204	1790.75	0	1790.75
310.345	1604.75	0	1604.75
310.486	1540.25	0	1540.25
310.627	1539.75	0	1539.75
310.768	1438.75	0	1438.75
310.909	1464.25	0	1464.25
311.049	1479.75	0	1479.75
311.19	1622.5	0	1622.5
311.331	1693.75	0	1693.75
311.472	1592.25	0	1592.25
311.613	1630.5	0	1630.5
311.753	1628.25	0	1628.25
311.894	1670.25	0	1670.25
312.035	1571.75	0	1571.75
312.176	1598	0	1598
312.316	1652.5	0	1652.5
312.457	1698	0	1698
312.598	1770.5	0	1770.5
312.739	1891.25	0	1891.25
312.879	2166.25	0	2166.25
313.02	2071.25	0	2071.25
313.161	1993.75	0	1993.75
313.301	1850.25	0	1850.25
313.442	1768.5	0	1768.5
313.583	1750	0	1750
313.723	1698.5	0	1698.5
313.864	1737.25	0	1737.25
314.005	1712.5	0	1712.5
314.145	1658.25	0	1658.25
314.286	1641.75	0	1641.75
314.426	1702.75	0	1702.75
314.567	1893	0	1893
314.707	1929.75	0	1929.75
314.848	1793	0	1793
314.989	1773.25	0	1773.25
315.129	1783.25	0	1783.25
315.27	1730	0	1730
315.41	1800.25	0	1800.25
315.551	1809.5	0	1809.5
315.691	1770.5	0	1770.5
315.831	1738	0	1738
315.972	1759.25	0	1759.25
316.112	2057	0	2057
316.253	2020	0	2020
316.393	1755.25	0	1755.25
316.534	1796.25	0	1796.25
316.674	1898.5	0	1898.5
316.814	1917.25	0	1917.25
316.955	1962	0	1962
317.095	1905.5	0	1905.5
317.236	2011	0	2011
317.376	1992	0	1992
317.516	2039.5	0	2039.5
317.656	2007.75	0	2007.75
317.797	2124.25	0	2124.25
317.937	2257.25	0	2257.25
318.077	2224.5	0	2224.5
318.218	2041	0	2041
318.358	1917.75	0	1917.75
318.498	1772.5	0	1772.5
318.638	1755.5	0	1755.5
318.779	1915.5	0	1915.5
318.919	2050	0	2050
319.059	2084.75	0	2084.75
319.199	2022.25	0	2022.25
319.34	1892	0	1892
319.48	1906.25	0	1906.25
319.62	1989.25	0	1989.25
319.76	2030.25	0	2030.25
319.9	1972.5	0	1972.5
320.04	1934	0	1934
320.18	1947	0	1947
320.32	2004	0	2004
320.461	2089	0	2089
320.601	2139.75	0	2139.75
320.741	2055.75	0	2055.75
320.881	1970.5	0	1970.5
321.021	1858.75	0	1858.75
321.161	1891	0	1891
321.301	2007.75	0	2007.75
321.441	2133.75	0	2133.75
321.581	2121	0	2121
321.721	2090.25	0	2090.25
321.861	2134.75	0	2134.75
322.001	2200.25	0	2200.25
322.141	2175.25	0	2175.25
322.281	2347	0	2347
322.421	2181	0	2181
322.561	2501.75	0	2501.75
322.7	2575.5	0	2575.5
322.84	2630.5	0	2630.5
322.98	2501.25	0	2501.25
323.12	2260	0	2260
323.26	2202.75	0	2202.75
323.4	2222.25	0	2222.25
323.54	2120	0	2120
323.68	2285	0	2285
323.819	2386.75	0	2386.75
323.959	2535.25	0	2535.25
324.099	2709.5	0	2709.5
324.239	2365.5	0	2365.5
324.379	2155.25	0	2155.25
324.518	2127.25	0	2127.25
324.658	2115	0	2115
324.798	2137.75	0	2137.75
324.937	2157.5	0	2157.5
325.077	2046.5	0	2046.5
325.217	2036.5	0	2036.5
325.357	2086.5	0	2086.5
325.496	2161.75	0	2161.75
325.636	2290.75	0	2290.75
325.776	2392.5	0	2392.5
325.915	2491.25	0	2491.25
326.055	2324	0	2324
326.195	2337.25	0	2337.25
326.334	2291.25	0	2291.25
326.474	2210.25	0	2210.25
326.613	2211	0	2211
326.753	2184.5	0	2184.5
326.892	2183	0	2183
327.032	2220.5	0	2220.5
327.172	2341.5	0	2341.5
327.311	2326	0	2326
327.451	2298.5	0	2298.5
327.59	2256	0	2256
327.73	2261.5	0	2261.5
327.869	2252.75	0	2252.75
328.009	2272.25	0	2272.25
328.148	2147.25	0	2147.25
328.288	2105.75	0	2105.75
328.427	2150.75	0	2150.75
328.566	2128.25	0	2128.25
328.706	2157.5	0	2157.5
328.845	2134	0	2134
328.985	2263.75	0	2263.75
329.124	2490.25	0	2490.25
329.263	2581	0	2581
329.403	2526.5	0	2526.5
329.542	2297.5	0	2297.5
329.681	2214.75	0	2214.75
329.821	2310.5	0	2310.5
329.96	2376.75	0	2376.75
330.099	2420.25	0	2420.25
330.239	2536	0	2536
330.378	2471.75	0	2471.75
330.517	2393	0	2393
330.656	2508.25	0	2508.25
330.796	2752.5	0	2752.5
330.935	3110.5	0	3110.5
331.074	2769.25	0	2769.25
331.213	2498	0	2498
331.352	2421.5	0	2421.5
331.492	2691.75	0	2691.75
331.631	3111.5	0	3111.5
331.77	3234	0	3234
331.909	2740.25	0	2740.25
332.048	2411.75	0	2411.75
332.187	2352.75	0	2352.75
332.327	2428.75	0	2428.75
332.466	2464.75	0	2464.75
332.605	2502.5	0	2502.5
332.744	2635.75	0	2635.75
332.883	2856.75	0	2856.75
333.022	2944.25	0	2944.25
333.161	2889.75	0	2889.75
333.3	2669.5	0	2669.5
333.439	2612.25	0	2612.25
333.578	2756.75	0	2756.75
333.717	2813.5	0	2813.5
333.856	2731.75	0	2731.75
333.995	2676.25	0	2676.25
334.134	2791.5	0	2791.5
334.273	2887.25	0	2887.25
334.412	2775	0	2775
334.551	2675.75	0	2675.75
334.69	2633.5	0	2633.5
334.828	2863.25	0	2863.25
334.967	3140	0	3140
335.106	3061.5	0	3061.5
335.245	2749.75	0	2749.75
335.384	2936.75	0	2936.75
335.523	3045.5	0	3045.5
335.662	3163	0	3163
335.8	3216.5	0	3216.5
335.939	3194.25	0	3194.25
336.078	3204.75	0	3204.75
336.217	2901.25	0	2901.25
336.356	2789.75	0	2789.75
336.494	2848.25	0	2848.25
336.633	2939.5	0	2939.5
336.772	3110.75	0	3110.75
336.911	3268	0	3268
337.049	3301.75	0	3301.75
337.188	2998	0	2998
337.327	3024.75	0	3024.75
337.465	3271.75	0	3271.75
337.604	3173.5	0	3173.5
337.743	3134.25	0	3134.25
337.881	3025.5	0	3025.5
338.02	2940.25	0	2940.25
338.158	3013.75	0	3013.75
338.297	3235	0	3235
338.436	3275	0	3275
338.574	2999	0	2999
338.713	2873.5	0	2873.5
338.851	2635.75	0	2635.75
338.99	2577	0	2577
339.128	2568.75	0	2568.75
339.267	2569	0	2569
339.405	2718	0	2718
339.544	2906.75	0	2906.75
339.682	3158.25	0	3158.25
339.821	3037.25	0	3037.25
339.959	2941.75	0	2941.75
340.098	2977.5	0	2977.5
340.236	3172.25	0	3172.25
340.375	3480	0	3480
340.513	3847.5	0	3847.5
340.651	3576.25	0	3576.25
340.79	3327	0	3327
340.928	3409	0	3409
341.067	3663.75	0	3663.75
341.205	3743.75	0	3743.75
341.343	3592.5	0	3592.5
341.482	3626	0	3626
341.62	3567.25	0	3567.25
341.758	3618.25	0	3618.25
341.897	3572.75	0	3572.75
342.035	3246.75	0	3246.75
342.173	3261.25	0	3261.25
342.311	3336.5	0	3336.5
342.45	3223	0	3223
342.588	3065.25	0	3065.25
342.726	3052.25	0	3052.25
342.864	3018.5	0	3018.5
343.002	3041.5	0	3041.5
343.141	3181.5	0	3181.5
343.279	3308.5	0	3308.5
343.417	3551.5	0	3551.5
343.555	3479	0	3479
343.693	3506.25	0	3506.25
343.831	3599	0	3599
343.969	3422.25	0	3422.25
344.108	3221	0	3221
344.246	3529	0	3529
344.384	3731.5	0	3731.5
344.522	3742.5	0	3742.5
344.66	3528	0	3528
344.798	3302	0	3302
344.936	3153.75	0	3153.75
345.074	3027.75	0	3027.75
345.212	3037.5	0	3037.5
345.35	2975	0	2975
345.488	3085.25	0	3085.25
345.626	3019.25	0	3019.25
345.764	3048.75	0	3048.75
345.902	3139.25	0	3139.25
346.04	3262.25	0	3262.25
346.178	3545.5	0	3545.5
346.315	3452	0	3452
346.453	3259.75	0	3259.75
346.591	3139.5	0	3139.5
346.729	2983	0	2983
346.867	3154.5	0	3154.5
347.005	3319.5	0	3319.5
347.143	3773.75	0	3773.75
347.28	3584.75	0	3584.75
347.418	3468.25	0	3468.25
347.556	3679.25	0	3679.25
347.694	3859	0	3859
347.832	3883.25	0	3883.25
347.969	3909.25	0	3909.25
348.107	3518	0	3518
348.245	3375.5	0	3375.5
348.382	3503.5	0	3503.5
348.52	3588	0	3588
348.658	3603	0	3603
348.796	3771.75	0	3771.75
348.933	3639.25	0	3639.25
349.071	3585.5	0	3585.5
349.209	3421	0	3421
349.346	3271.75	0	3271.75
349.484	3480.75	0	3480.75
349.621	3779	0	3779
349.759	3712.75	0	3712.75
349.897	3587.75	0	3587.75
350.034	3922.75	0	3922.75
350.172	4360.75	0	4360.75
350.309	4443.5	0	4443.5
350.447	4035.75	0	4035.75
350.584	3541.75	0	3541.75
350.722	3530.25	0	3530.25
350.859	3929.25	0	3929.25
350.997	4108.5	0	4108.5
351.134	3888.75	0	3888.75
351.272	3876.25	0	3876.25
351.409	3581.5	0	3581.5
351.547	3475	0	3475
351.684	3425.25	0	3425.25
351.822	3407.25	0	3407.25
351.959	3462.5	0	3462.5
352.096	3512.5	0	3512.5
352.234	3422.5	0	3422.5
352.371	3490	0	3490
352.508	3684.5	0	3684.5
352.646	3747	0	3747
352.783	3818.25	0	3818.25
352.92	3866.5	0	3866.5
353.058	3868	0	3868
353.195	3732.5	0	3732.5
353.332	3755	0	3755
353.469	3768.5	0	3768.5
353.607	3589.25	0	3589.25
353.744	3529.75	0	3529.75
353.881	3581.75	0	3581.75
354.018	3613.75	0	3613.75
354.156	3410.75	0	3410.75
354.293	3407.5	0	3407.5
354.43	3373.75	0	3373.75
354.567	3439.25	0	3439.25
354.704	3563.25	0	3563.25
354.841	3686.75	0	3686.75
354.979	3687.25	0	3687.25
355.116	3669.25	0	3669.25
355.253	3737.5	0	3737.5
355.39	3735.5	0	3735.5
355.527	3760.75	0	3760.75
355.664	3806.5	0	3806.5
355.801	3684.5	0	3684.5
355.938	3655	0	3655
356.075	3643.75	0	3643.75
356.212	3801.25	0	3801.25
356.349	4077.25	0	4077.25
356.486	4264.5	0	4264.5
356.623	4185	0	4185
356.76	4057.75	0	4057.75
356.897	4157.5	0	4157.5
357.034	4318	0	4318
357.171	4048.25	0	4048.25
357.308	3946.75	0	3946.75
357.445	3829.25	0	3829.25
357.582	3886	0	3886
357.718	4038	0	4038
357.855	3995.5	0	3995.5
357.992	3833.25	0	3833.25
358.129	4126.5	0	4126.5
358.266	4462	0	4462
358.403	4464.25	0	4464.25
358.539	4204.75	0	4204.75
358.676	3882	0	3882
358.813	3787.75	0	3787.75
358.95	3771.25	0	3771.25
359.086	3913.5	0	3913.5
359.223	3872.75	0	3872.75
359.36	4081.5	0	4081.5
359.497	4291.75	0	4291.75
359.633	3964	0	3964
359.77	3878	0	3878
359.907	3840.75	0	3840.75
360.043	3948	0	3948
360.18	3982.75	0	3982.75
360.317	4148.25	0	4148.25
360.453	4444.5	0	4444.5
360.59	5026.75	0	5026.75
360.727	5094.5	0	5094.5
360.863	4705.25	0	4705.25
361	4353.5	0	4353.5
361.136	4069.5	0	4069.5
361.273	3970.25	0	3970.25
361.409	3954.5	0	3954.5
361.546	3867.5	0	3867.5
361.682	3911	0	3911
361.819	3884.75	0	3884.75
361.955	3881	0	3881
362.092	3977.25	0	3977.25
362.228	4254.5	0	4254.5
362.365	4858.5	0	4858.5
362.501	5462.25	0	5462.25
362.638	5070.5	0	5070.5
362.774	4464.5	0	4464.5
362.91	4324.25	0	4324.25
363.047	4433	0	4433
363.183	4390	0	4390
363.319	4299	0	4299
363.456	4161.25	0	4161.25
363.592	4204.5	0	4204.5
363.728	4234.5	0	4234.5
363.865	4695.75	0	4695.75
364.001	5294	0	5294
364.137	5120	0	5120
364.274	4531.25	0	4531.25
364.41	4361	0	4361
364.546	4353.75	0	4353.75
364.682	4432.75	0	4432.75
364.819	4250.5	0	4250.5
364.955	4237.5	0	4237.5
365.091	4422.5	0	4422.5
365.227	4447.75	0	4447.75
365.363	4456.25	0	4456.25
365.499	4743.5	0	4743.5
365.636	5010.75	0	5010.75
365.772	4975	0	4975
365.908	4634.25	0	4634.25
366.044	4572.5	0	4572.5
366.18	4409.25	0	4409.25
366.316	4264.75	0	4264.75
366.452	4386.5	0	4386.5
366.588	4506.5	0	4506.5
366.724	4449.25	0	4449.25
366.86	4349	0	4349
366.996	4322.25	0	4322.25
367.132	4447.5	0	4447.5
367.268	4586.75	0	4586.75
367.404	4746	0	4746
367.54	4501	0	4501
367.676	4455	0	4455
367.812	4499.25	0	4499.25
367.948	4614.75	0	4614.75
368.084	4685	0	4685
368.22	4672.25	0	4672.25
368.356	4711	0	4711
368.492	4816	0	4816
368.627	4648.25	0	4648.25
368.763	4723.75	0	4723.75
368.899	4794	0	4794
369.035	4705.75	0	4705.75
369.171	4799.5	0	4799.5
369.306	4597	0	4597
369.442	4566.75	0	4566.75
369.578	4406.25	0	4406.25
369.714	4403.75	0	4403.75
369.85	4352.5	0	4352.5
369.985	4316	0	4316
370.121	4236.25	0	4236.25
370.257	4314	0	4314
370.392	4369.75	0	4369.75
370.528	4354.25	0	4354.25
370.664	4377.25	0	4377.25
370.799	4357.5	0	4357.5
370.935	4366.75	0	4366.75
371.071	4290.75	0	4290.75
371.206	4352.5	0	4352.5
371.342	4319.5	0	4319.5
371.477	4310	0	4310
371.613	4328.25	0	4328.25
371.749	4449.75	0	4449.75
371.884	4445.75	0	4445.75
372.02	4443	0	4443
372.155	4461	0	4461
372.291	4445	0	4445
372.426	4390.25	0	4390.25
372.562	4372.75	0	4372.75
372.697	4538	0	4538
372.833	4643.75	0	4643.75
372.968	4853	0	4853
373.103	4851	0	4851
373.239	4680.25	0	4680.25
373.374	4862.75	0	4862.75
373.51	5215.25	0	5215.25
373.645	5259.25	0	5259.25
373.78	4949	0	4949
373.916	5041	0	5041
374.051	4931.75	0	4931.75
374.186	5040	0	5040
374.322	5134	0	5134
374.457	5208.25	0	5208.25
374.592	5198	0	5198
374.728	5071.25	0	5071.25
374.863	4928	0	4928
374.998	4861.75	0	4861.75
375.133	4942.5	0	4942.5
375.268	5334.25	0	5334.25
375.404	5379.5	0	5379.5
375.539	5370.75	0	5370.75
375.674	5313.75	0	5313.75
375.809	5401	0	5401
375.944	5395.5	0	5395.5
376.08	5231	0	5231
376.215	5148.75	0	5148.75
376.35	5032.75	0	5032.75
376.485	4978.5	0	4978.5
376.62	4982.5	0	4982.5
376.755	4977.5	0	4977.5
376.89	5228.75	0	5228.75
377.025	5193.75	0	5193.75
377.16	5177	0	5177
377.295	5099.75	0	5099.75
377.43	5211	0	5211
377.565	5483.75	0	5483.75
377.7	5385.25	0	5385.25
377.835	5202	0	5202
377.97	5253.75	0	5253.75
378.105	5407.5	0	5407.5
378.24	5910.25	0	5910.25
378.375	5725	0	5725
378.51	5183.25	0	5183.25
378.645	5362.75	0	5362.75
378.78	5323.5	0	5323.5
378.914	5400	0	5400
379.049	5611.25	0	5611.25
379.184	5365	0	5365
379.319	5258.25	0	5258.25
379.454	5357.25	0	5357.25
379.589	5233.75	0	5233.75
379.723	5244	0	5244
379.858	5154.25	0	5154.25
379.993	5151.5	0	5151.5
380.128	5105.5	0	5105.5
380.262	5128.25	0	5128.25
380.397	5024.25	0	5024.25
380.532	5094	0	5094
380.666	5260	0	5260
380.801	5363.75	0	5363.75
380.936	5377.5	0	5377.5
381.07	5447.5	0	5447.5
381.205	5562.25	0	5562.25
381.34	5521.5	0	5521.5
381.474	5467.75	0	5467.75
381.609	5375.75	0	5375.75
381.744	5492.5	0	5492.5
381.878	5694	0	5694
382.013	5595	0	5595
382.147	5803.25	0	5803.25
382.282	5886.25	0	5886.25
382.416	5824.25	0	5824.25
382.551	6239.75	0	6239.75
382.685	6162	0	6162
382.82	6148.5	0	6148.5
382.954	6057	0	6057
383.089	5948.5	0	5948.5
383.223	6310.25	0	6310.25
383.357	6241.75	0	6241.75
383.492	6151.25	0	6151.25
383.626	5991.75	0	5991.75
383.761	6224.75	0	6224.75
383.895	6079.5	0	6079.5
384.029	6124.25	0	6124.25
384.164	6172	0	6172
384.298	6134.75	0	6134.75
384.432	5791.25	0	5791.25
384.567	6104.75	0	6104.75
384.701	6425	0	6425
384.835	6155.5	0	6155.5
384.97	5854.25	0	5854.25
385.104	5729	0	5729
385.238	5673.25	0	5673.25
385.372	5634.5	0	5634.5
385.506	5631	0	5631
385.641	5778	0	5778
385.775	6065.25	0	6065.25
385.909	5909.5	0	5909.5
386.043	5826.5	0	5826.5
386.177	5585	0	5585
386.311	5566.75	0	5566.75
386.446	5990	0	5990
386.58	5680	0	5680
386.714	5634.25	0	5634.25
386.848	5631.25	0	5631.25
386.982	5730.75	0	5730.75
387.116	5948.25	0	5948.25
387.25	5822.5	0	5822.5
387.384	6193.5	0	6193.5
387.518	6105	0	6105
387.652	6163.25	0	6163.25
387.786	6048.5	0	6048.5
387.92	5985	0	5985
388.054	5818.75	0	5818.75
388.188	6086.75	0	6086.75
388.322	6509.5	0	6509.5
388.456	6209	0	6209
388.59	5740	0	5740
388.723	5720.75	0	5720.75
388.857	5515.25	0	5515.25
388.991	5871.5	0	5871.5
389.125	5706	0	5706
389.259	5729.25	0	5729.25
389.393	5730.25	0	5730.25
389.526	5854	0	5854
389.66	5867.75	0	5867.75
389.794	5843.25	0	5843.25
389.928	5696	0	5696
390.062	5721.5	0	5721.5
390.195	5808.5	0	5808.5
390.329	5867.75	0	5867.75
390.463	5758	0	5758
390.596	5886.75	0	5886.75
390.73	5839.75	0	5839.75
390.864	6082	0	6082
390.997	6059.75	0	6059.75
391.131	6054.25	0	6054.25
391.265	6070.25	0	6070.25
391.398	6051.25	0	6051.25
391.532	6363.5	0	6363.5
391.665	6888.25	0	6888.25
391.799	7004.5	0	7004.5
391.933	6730.5	0	6730.5
392.066	7138.5	0	7138.5
392.2	7004.5	0	7004.5
392.333	6704	0	6704
392.467	6410	0	6410
392.6	6407.75	0	6407.75
392.734	6391.5	0	6391.5
392.867	6359.75	0	6359.75
393.001	6072.75	0	6072.75
393.134	5967.5	0	5967.5
393.267	5942.75	0	5942.75
393.401	5914.25	0	5914.25
393.534	6269.25	0	6269.25
393.668	6226.25	0	6226.25
393.801	5990	0	5990
393.934	6056.25	0	6056.25
394.068	5889	0	5889
394.201	6012.5	0	6012.5
394.334	5936	0	5936
394.468	5863.5	0	5863.5
394.601	5925.5	0	5925.5
394.734	5948.5	0	5948.5
394.867	5839	0	5839
395.001	5921.5	0	5921.5
395.134	5994	0	5994
395.267	6166.25	0	6166.25
395.4	6241.5	0	6241.5
395.533	6489.5	0	6489.5
395.667	6164.5	0	6164.5
395.8	6113	0	6113
395.933	6061.5	0	6061.5
396.066	5869.75	0	5869.75
396.199	5816.5	0	5816.5
396.332	5762.75	0	5762.75
396.465	5682.75	0	5682.75
396.598	5793.75	0	5793.75
396.732	6152.75	0	6152.75
396.865	6807.25	0	6807.25
396.998	6262.75	0	6262.75
397.131	6040.25	0	6040.25
397.264	5803.75	0	5803.75
397.397	5933.25	0	5933.25
397.53	5755	0	5755
397.663	5987.25	0	5987.25
397.796	6315.5	0	6315.5
397.928	6591.75	0	6591.75
398.061	6799.5	0	6799.5
398.194	6371.5	0	6371.5
398.327	6449	0	6449
398.46	6158.25	0	6158.25
398.593	6305.25	0	6305.25
398.726	6755.25	0	6755.25
398.859	6633	0	6633
398.991	6415.5	0	6415.5
399.124	6240.5	0	6240.5
399.257	6330.5	0	6330.5
399.39	6729.5	0	6729.5
399.523	7098.5	0	7098.5
399.655	6707.5	0	6707.5
399.788	7042.75	0	7042.75
399.921	6623.5	0	6623.5
400.054	6553.75	0	6553.75
400.186	6670	0	6670
400.319	6907.75	0	6907.75
400.452	7405.75	0	7405.75
400.584	7961.75	0	7961.75
400.717	7068.25	0	7068.25
400.85	6915	0	6915
400.982	7168.25	0	7168.25
401.115	7574.75	0	7574.75
401.247	7404.25	0	7404.25
401.38	7464	0	7464
401.513	7087.75	0	7087.75
401.645	6797.5	0	6797.5
401.778	6973.75	0	6973.75
401.91	6647.5	0	6647.5
402.043	6736.25	0	6736.25
402.175	6650.25	0	6650.25
402.308	6962	0	6962
402.44	7315.75	0	7315.75
402.573	7692	0	7692
402.705	7678.5	0	7678.5
402.837	8848	0	8848
402.97	8170.5	0	8170.5
403.102	8354.25	0	8354.25
403.235	7945.5	0	7945.5
403.367	7682.5	0	7682.5
403.499	7633	0	7633
403.632	7437	0	7437
403.764	7332.5	0	7332.5
403.896	8192	0	8192
404.029	7759.75	0	7759.75
404.161	6846.25	0	6846.25
404.293	6902	0	6902
404.425	6790.5	0	6790.5
404.558	6676.5	0	6676.5
404.69	6922.75	0	6922.75
404.822	6687	0	6687
404.954	6772.75	0	6772.75
405.086	6859.75	0	6859.75
405.219	7002.5	0	7002.5
405.351	7162.75	0	7162.75
405.483	7116.75	0	7116.75
405.615	7411.25	0	7411.25
405.747	7539.25	0	7539.25
405.879	7971.25	0	7971.25
406.011	8900.75	0	8900.75
406.143	8191.25	0	8191.25
406.275	8405	0	8405
406.407	8237	0	8237
406.539	8459.5	0	8459.5
406.672	8335.75	0	8335.75
406.803	7340	0	7340
406.935	6981	0	6981
407.067	7178.75	0	7178.75
407.199	7034.75	0	7034.75
407.331	7037.75	0	7037.75
407.463	7032.5	0	7032.5
407.595	7036.75	0	7036.75
407.727	7026.25	0	7026.25
407.859	7300.25	0	7300.25
407.991	7152.25	0	7152.25
408.123	6551.5	0	6551.5
408.255	6652.25	0	6652.25
408.386	6709.5	0	6709.5
408.518	6614	0	6614
408.65	6469	0	6469
408.782	6596.75	0	6596.75
408.914	6593	0	6593
409.045	6817.25	0	6817.25
409.177	6671.75	0	6671.75
409.309	6876.5	0	6876.5
409.44	6900.25	0	6900.25
409.572	6909	0	6909
409.704	6842	0	6842
409.836	6717.25	0	6717.25
409.967	6676.5	0	6676.5
410.099	6531	0	6531
410.23	7163.75	0	7163.75
410.362	7629	0	7629
410.494	6962.5	0	6962.5
410.625	6528.75	0	6528.75
410.757	6686.75	0	6686.75
410.888	6350.75	0	6350.75
411.02	6410.25	0	6410.25
411.152	6586.25	0	6586.25
411.283	6366.25	0	6366.25
411.415	6513.25	0	6513.25
411.546	6665.75	0	6665.75
411.677	6726.5	0	6726.5
411.809	6663	0	6663
411.94	6536.5	0	6536.5
412.072	6879.5	0	6879.5
412.203	7285.25	0	7285.25
412.335	7130.5	0	7130.5
412.466	7118.5	0	7118.5
412.597	7656.5	0	7656.5
412.729	8255.25	0	8255.25
412.86	8228.5	0	8228.5
412.991	7365.75	0	7365.75
413.123	6884	0	6884
413.254	7118.25	0	7118.25
413.385	7543.5	0	7543.5
413.517	8099.25	0	8099.25
413.648	7061.75	0	7061.75
413.779	6687.5	0	6687.5
413.91	6717	0	6717
414.042	6594.75	0	6594.75
414.173	6697	0	6697
414.304	6718.25	0	6718.25
414.435	6892	0	6892
414.566	7870.5	0	7870.5
414.697	8382.75	0	8382.75
414.828	7360	0	7360
414.96	7269	0	7269
415.091	7170.5	0	7170.5
415.222	7143	0	7143
415.353	7175.75	0	7175.75
415.484	7141.25	0	7141.25
415.615	7201	0	7201
415.746	7228	0	7228
415.877	7561.5	0	7561.5
416.008	7797.75	0	7797.75
416.139	7387	0	7387
416.27	7079.75	0	7079.75
416.401	7170.5	0	7170.5
416.532	6861	0	6861
416.663	7136.75	0	7136.75
416.794	6959.75	0	6959.75
416.925	7077.25	0	7077.25
417.055	7317.5	0	7317.5
417.186	7391.5	0	7391.5
417.317	8486.25	0	8486.25
417.448	8779.25	0	8779.25
417.579	8557	0	8557
417.71	8385.75	0	8385.75
417.84	7911.5	0	7911.5
417.971	8333	0	8333
418.102	7718	0	7718
418.233	7214	0	7214
418.363	7172.75	0	7172.75
418.494	7115.75	0	7115.75
418.625	6977.25	0	6977.25
418.756	7059.5	0	7059.5
418.886	7191.75	0	7191.75
419.017	7465.75	0	7465.75
419.148	7231.25	0	7231.25
419.278	7415	0	7415
419.409	6925	0	6925
419.539	6825.25	0	6825.25
419.67	6736.25	0	6736.25
419.801	6801.5	0	6801.5
419.931	7129.75	0	7129.75
420.062	7401	0	7401
420.192	7399.5	0	7399.5
420.323	8206	0	8206
420.453	9580.5	0	9580.5
420.584	8838.75	0	8838.75
420.714	7866.25	0	7866.25
420.845	7213.75	0	7213.75
420.975	6978.25	0	6978.25
421.106	7137.25	0	7137.25
421.236	6842.75	0	6842.75
421.366	7317	0	7317
421.497	7230.25	0	7230.25
421.627	7160	0	7160
421.757	7267.5	0	7267.5
421.888	7312.75	0	7312.75
422.018	7451.75	0	7451.75
422.148	6997.5	0	6997.5
422.279	7086.25	0	7086.25
422.409	7006.25	0	7006.25
422.539	7382.25	0	7382.25
422.67	7632.25	0	7632.25
422.8	7673	0	7673
422.93	7404	0	7404
423.06	7318	0	7318
423.19	7054.5	0	7054.5
423.321	7179.5	0	7179.5
423.451	7220.5	0	7220.5
423.581	7104.25	0	7104.25
423.711	7009.5	0	7009.5
423.841	6916	0	6916
423.971	7048.25	0	7048.25
424.101	7008.5	0	7008.5
424.231	7345	0	7345
424.361	7816.5	0	7816.5
424.492	7617.5	0	7617.5
424.622	7045.5	0	7045.5
424.752	7227.75	0	7227.75
424.882	7440.75	0	7440.75
425.012	7128.75	0	7128.75
425.142	6909	0	6909
425.271	6827.75	0	6827.75
425.401	6834.75	0	6834.75
425.531	7213.25	0	7213.25
425.661	7038.75	0	7038.75
425.791	6733	0	6733
425.921	6840.75	0	6840.75
426.051	6669.25	0	6669.25
426.181	6827.5	0	6827.5
426.311	6825.25	0	6825.25
426.44	6930.75	0	6930.75
426.57	7221.75	0	7221.75
426.7	7728.5	0	7728.5
426.83	7446.25	0	7446.25
426.96	7542	0	7542
427.089	7224.75	0	7224.75
427.219	7226.25	0	7226.25
427.349	6685.75	0	6685.75
427.479	6711.5	0	6711.5
427.608	6971.5	0	6971.5
427.738	7575.25	0	7575.25
427.868	7180.5	0	7180.5
427.997	6943.25	0	6943.25
428.127	6710.25	0	6710.25
428.256	7288.5	0	7288.5
428.386	7453.5	0	7453.5
428.516	8110.5	0	8110.5
428.645	7816.5	0	7816.5
428.775	7395	0	7395
428.904	7418.75	0	7418.75
429.034	7432.5	0	7432.5
429.163	7383.75	0	7383.75
429.293	7600	0	7600
429.422	7115.5	0	7115.5
429.552	6861.25	0	6861.25
429.681	7106.75	0	7106.75
429.811	7015.25	0	7015.25
429.94	6992.5	0	6992.5
430.069	7382.5	0	7382.5
430.199	7920	0	7920
430.328	6817.75	0	6817.75
430.458	6751.5	0	6751.5
430.587	6720	0	6720
430.716	6670.75	0	6670.75
430.846	6743.75	0	6743.75
430.975	6378.25	0	6378.25
431.104	6683	0	6683
431.233	6825.5	0	6825.5
431.363	6911.25	0	6911.25
431.492	6537.75	0	6537.75
431.621	6657.5	0	6657.5
431.75	6951.5	0	6951.5
431.88	6402	0	6402
432.009	6652	0	6652
432.138	6685.25	0	6685.25
432.267	6438.75	0	6438.75
432.396	6580	0	6580
432.525	6609	0	6609
432.654	6331.75	0	6331.75
432.784	6769.5	0	6769.5
432.913	6718.75	0	6718.75
433.042	6275	0	6275
433.171	6281.25	0	6281.25
433.3	6394.75	0	6394.75
433.429	6297	0	6297
433.558	6515.25	0	6515.25
433.687	6357.25	0	6357.25
433.816	6491.5	0	6491.5
433.945	6411.25	0	6411.25
434.074	6481	0	6481
434.203	6723.5	0	6723.5
434.332	6986	0	6986
434.46	6446	0	6446
434.589	6338.5	0	6338.5
434.718	6215.25	0	6215.25
434.847	6440.25	0	6440.25
434.976	6291.75	0	6291.75
435.105	6431	0	6431
435.233	6347	0	6347
435.362	6911	0	6911
435.491	6858.5	0	6858.5
435.62	6664.25	0	6664.25
435.749	6390.75	0	6390.75
435.877	6603.5	0	6603.5
436.006	6643.75	0	6643.75
436.135	6472.25	0	6472.25
436.263	6633	0	6633
436.392	6425.25	0	6425.25
436.521	6402	0	6402
436.649	6495.25	0	6495.25
436.778	7034.5	0	7034.5
436.907	6632	0	6632
437.035	6497	0	6497
437.164	6850	0	6850
437.292	7006	0	7006
437.421	7040.75	0	7040.75
437.549	7181.25	0	7181.25
437.678	7165.5	0	7165.5
437.806	6859.25	0	6859.25
437.935	6521	0	6521
438.063	6537.75	0	6537.75
438.192	6410.5	0	6410.5
438.32	6662.5	0	6662.5
438.449	7323.5	0	7323.5
438.577	6865.75	0	6865.75
438.706	6248.75	0	6248.75
438.834	6249	0	6249
438.962	6371.75	0	6371.75
439.091	6219.5	0	6219.5
439.219	6341.75	0	6341.75
439.347	6261.75	0	6261.75
439.476	6208.5	0	6208.5
439.604	6536.25	0	6536.25
439.732	7167.75	0	7167.75
439.86	6645.75	0	6645.75
439.989	6626.25	0	6626.25
440.117	7540	0	7540
440.245	6808	0	6808
440.373	6277.25	0	6277.25
440.501	6036.25	0	6036.25
440.63	6220	0	6220
440.758	6079	0	6079
440.886	6068.25	0	6068.25
441.014	6101.5	0	6101.5
441.142	6039.5	0	6039.5
441.27	6605	0	6605
441.398	7638.25	0	7638.25
441.526	7429.5	0	7429.5
441.654	6807.5	0	6807.5
441.782	7077.25	0	7077.25
441.91	6943.75	0	6943.75
442.038	6602	0	6602
442.166	6333.5	0	6333.5
442.294	6576.75	0	6576.75
442.422	6630	0	6630
442.55	6251.25	0	6251.25
442.678	6262.25	0	6262.25
442.806	6560.25	0	6560.25
442.934	7085.25	0	7085.25
443.062	6915.5	0	6915.5
443.19	6849.5	0	6849.5
443.318	6416.5	0	6416.5
443.445	6273	0	6273
443.573	6257	0	6257
443.701	6098.5	0	6098.5
443.829	6369.25	0	6369.25
443.957	6968.5	0	6968.5
444.084	6954	0	6954
444.212	6432.75	0	6432.75
444.34	6437.75	0	6437.75
444.467	6100.5	0	6100.5
444.595	6111.25	0	6111.25
444.723	6233.25	0	6233.25
444.85	6728.25	0	6728.25
444.978	7074.25	0	7074.25
445.106	6622.25	0	6622.25
445.233	6584	0	6584
445.361	6604	0	6604
445.489	6464	0	6464
445.616	6526.5	0	6526.5
445.744	6690.5	0	6690.5
445.871	7228.5	0	7228.5
445.999	6874.25	0	6874.25
446.126	6567.5	0	6567.5
446.254	6541.5	0	6541.5
446.381	6290.25	0	6290.25
446.509	6370	0	6370
446.636	6328.5	0	6328.5
446.764	6244.5	0	6244.5
446.891	6495.25	0	6495.25
447.018	6444	0	6444
447.146	6928.5	0	6928.5
447.273	7532.5	0	7532.5
447.4	7011.75	0	7011.75
447.528	6643	0	6643
447.655	6838	0	6838
447.782	6893.5	0	6893.5
447.91	6825.25	0	6825.25
448.037	6993.75	0	6993.75
448.164	6718	0	6718
448.291	6560.75	0	6560.75
448.419	6953.25	0	6953.25
448.546	6805.5	0	6805.5
448.673	6556.25	0	6556.25
448.8	6763.75	0	6763.75
448.927	6499.75	0	6499.75
449.055	6574	0	6574
449.182	6730.25	0	6730.25
449.309	7012.5	0	7012.5
449.436	7424.75	0	7424.75
449.563	7106.25	0	7106.25
449.69	6895.5	0	6895.5
449.817	6631.5	0	6631.5
449.944	6559.75	0	6559.75
450.071	6707.25	0	6707.25
450.198	6865	0	6865
450.325	6933.5	0	6933.5
450.452	6698.25	0	6698.25
450.579	6751.75	0	6751.75
450.706	7064.5	0	7064.5
450.833	8173.75	0	8173.75
450.96	10811.2	0	10811.2
451.087	8741	0	8741
451.214	7366.75	0	7366.75
451.341	7076.5	0	7076.5
451.467	6803.75	0	6803.75
451.594	7079	0	7079
451.721	7143.5	0	7143.5
451.848	7136.75	0	7136.75
451.975	7689.75	0	7689.75
452.101	7173.75	0	7173.75
452.228	7086	0	7086
452.355	6794.5	0	6794.5
452.482	6739.75	0	6739.75
452.608	7337.75	0	7337.75
452.735	7371.75	0	7371.75
452.862	8208.75	0	8208.75
452.988	9183.25	0	9183.25
453.115	7208.75	0	7208.75
453.242	7040.25	0	7040.25
453.368	6684.75	0	6684.75
453.495	6758.75	0	6758.75
453.621	6718	0	6718
453.748	6681.75	0	6681.75
453.875	6664.5	0	6664.5
454.001	6749.25	0	6749.25
454.128	6682.25	0	6682.25
454.254	6579	0	6579
454.381	6755.25	0	6755.25
454.507	6624.75	0	6624.75
454.633	6776.5	0	6776.5
454.76	6761	0	6761
454.886	6721.25	0	6721.25
455.013	7776.5	0	7776.5
455.139	7809.75	0	7809.75
455.266	7496.25	0	7496.25
455.392	7234.75	0	7234.75
455.518	7533.5	0	7533.5
455.645	7374.5	0	7374.5
455.771	7108.75	0	7108.75
455.897	6952.5	0	6952.5
456.023	6886.75	0	6886.75
456.15	6936	0	6936
456.276	7455.75	0	7455.75
456.402	7975.75	0	7975.75
456.528	8311.25	0	8311.25
456.655	7232.75	0	7232.75
456.781	6720.5	0	6720.5
456.907	6598	0	6598
457.033	6695.25	0	6695.25
457.159	7574.5	0	7574.5
457.285	9189.75	0	9189.75
457.411	7605.5	0	7605.5
457.538	6644	0	6644
457.664	6494	0	6494
457.79	6457.75	0	6457.75
457.916	6405.75	0	6405.75
458.042	6277.25	0	6277.25
458.168	6353.25	0	6353.25
458.294	6270	0	6270
458.42	6316.25	0	6316.25
458.546	6433.25	0	6433.25
458.672	6160	0	6160
458.798	6347.5	0	6347.5
458.924	6469.25	0	6469.25
459.049	6423	0	6423
459.175	6494.5	0	6494.5
459.301	6172.5	0	6172.5
459.427	6233	0	6233
459.553	6208	0	6208
459.679	6131.75	0	6131.75
459.805	6241.75	0	6241.75
459.93	6406	0	6406
460.056	7082	0	7082
460.182	6669.25	0	6669.25
460.308	6645.25	0	6645.25
460.433	6505.25	0	6505.25
460.559	6208.5	0	6208.5
460.685	6278.75	0	6278.75
460.81	6060.5	0	6060.5
460.936	6158	0	6158
461.062	6285.5	0	6285.5
461.187	6178.5	0	6178.5
461.313	5999.25	0	5999.25
461.439	6288	0	6288
461.564	6284.5	0	6284.5
461.69	6719.5	0	6719.5
461.815	8192.75	0	8192.75
461.941	7207	0	7207
462.066	6823.5	0	6823.5
462.192	6823	0	6823
462.317	6490.25	0	6490.25
462.443	6494.25	0	6494.25
462.568	6174	0	6174
462.694	6565	0	6565
462.819	6403.5	0	6403.5
462.944	6127	0	6127
463.07	6510.5	0	6510.5
463.195	6826.25	0	6826.25
463.321	6611.5	0	6611.5
463.446	6304	0	6304
463.571	6178.5	0	6178.5
463.697	6371.5	0	6371.5
463.822	6686	0	6686
463.947	7051	0	7051
464.072	6466.5	0	6466.5
464.198	6617.5	0	6617.5
464.323	6450.75	0	6450.75
464.448	6517.25	0	6517.25
464.573	6376	0	6376
464.698	6248.5	0	6248.5
464.824	6375.75	0	6375.75
464.949	6494.25	0	6494.25
465.074	6532.5	0	6532.5
465.199	6679.75	0	6679.75
465.324	6643.75	0	6643.75
465.449	6616.75	0	6616.75
465.574	6695.5	0	6695.5
465.699	6705	0	6705
465.824	7115.25	0	7115.25
465.949	7821.75	0	7821.75
466.074	7551.25	0	7551.25
466.199	6982.5	0	6982.5
466.324	6835.5	0	6835.5
466.449	6788	0	6788
466.574	6835.75	0	6835.75
466.699	7659.5	0	7659.5
466.824	8580.75	0	8580.75
466.949	7315.5	0	7315.5
467.074	7208	0	7208
467.199	7161.75	0	7161.75
467.323	7276.25	0	7276.25
467.448	7205.75	0	7205.75
467.573	7313.75	0	7313.75
467.698	7446.25	0	7446.25
467.823	7412.75	0	7412.75
467.947	8297.5	0	8297.5
468.072	10457.8	0	10457.8
468.197	8261.25	0	8261.25
468.322	8323	0	8323
468.446	8385.25	0	8385.25
468.571	7646.75	0	7646.75
468.696	7573.25	0	7573.25
468.82	7898.5	0	7898.5
468.945	8337.25	0	8337.25
469.069	9635	0	9635
469.194	8853.75	0	8853.75
469.319	8401.5	0	8401.5
469.443	7955	0	7955
469.568	7734	0	7734
469.692	7629.75	0	7629.75
469.817	7464.25	0	7464.25
469.941	8126.5	0	8126.5
470.066	8189	0	8189
470.19	7770.75	0	7770.75
470.315	7809.25	0	7809.25
470.439	8575.5	0	8575.5
470.563	8368.25	0	8368.25
470.688	7735.75	0	7735.75
470.812	7855.75	0	7855.75
470.937	7651	0	7651
471.061	7627.25	0	7627.25
471.185	7596	0	7596
471.31	7606.75	0	7606.75
471.434	8017.25	0	8017.25
471.558	7864.5	0	7864.5
471.682	7544	0	7544
471.807	7918	0	7918
471.931	7791.25	0	7791.25
472.055	8032.5	0	8032.5
472.179	8514	0	8514
472.303	7994.5	0	7994.5
472.428	7952.25	0	7952.25
472.552	7757.5	0	7757.5
472.676	7934.5	0	7934.5
472.8	8616.5	0	8616.5
472.924	9262	0	9262
473.048	8164	0	8164
473.172	7916.5	0	7916.5
473.296	7773.75	0	7773.75
473.42	7675	0	7675
473.544	8125.5	0	8125.5
473.668	8441.75	0	8441.75
473.792	9598.75	0	9598.75
473.916	10611.2	0	10611.2
474.04	8624	0	8624
474.164	8058.5	0	8058.5
474.288	8127.25	0	8127.25
474.412	8761.25	0	8761.25
474.536	8781	0	8781
474.66	8595.75	0	8595.75
474.784	8556.25	0	8556.25
474.908	8393	0	8393
475.031	8405.5	0	8405.5
475.155	8638.75	0	8638.75
475.279	8839.25	0	8839.25
475.403	9336	0	9336
475.526	11869.5	0	11869.5
475.65	10266.5	0	10266.5
475.774	8946.25	0	8946.25
475.898	8453	0	8453
476.021	8601	0	8601
476.145	8205	0	8205
476.269	8155.75	0	8155.75
476.392	8532.5	0	8532.5
476.516	8836	0	8836
476.64	9315.75	0	9315.75
476.763	11212.5	0	11212.5
476.887	9589.75	0	9589.75
477.01	8617.25	0	8617.25
477.134	8811.25	0	8811.25
477.257	8829.25	0	8829.25
477.381	8717	0	8717
477.504	8619.25	0	8619.25
477.628	8945	0	8945
477.751	9124	0	9124
477.875	9825	0	9825
477.998	10999.5	0	10999.5
478.122	9228.5	0	9228.5
478.245	9248	0	9248
478.368	8962.25	0	8962.25
478.492	8980.5	0	8980.5
478.615	9271.5	0	9271.5
478.738	8867.25	0	8867.25
478.862	9018.75	0	9018.75
478.985	8906	0	8906
479.108	8841.5	0	8841.5
479.231	8878.75	0	8878.75
479.355	8836.5	0	8836.5
479.478	8800.75	0	8800.75
479.601	8730.75	0	8730.75
479.724	8934.75	0	8934.75
479.848	9012.75	0	9012.75
479.971	9038.75	0	9038.75
480.094	8887.75	0	8887.75
480.217	8933.25	0	8933.25
480.34	9105.75	0	9105.75
480.463	8911.75	0	8911.75
480.586	8744.75	0	8744.75
480.709	8970.25	0	8970.25
480.832	9082.5	0	9082.5
480.955	9626.75	0	9626.75
481.078	11597.8	0	11597.8
481.201	12586.8	0	12586.8
481.324	10124.5	0	10124.5
481.447	9668.25	0	9668.25
481.57	9364.25	0	9364.25
481.693	9872.25	0	9872.25
481.816	11918.2	0	11918.2
481.939	10384.2	0	10384.2
482.062	9816.5	0	9816.5
482.185	9819.5	0	9819.5
482.307	10061.5	0	10061.5
482.43	11741.5	0	11741.5
482.553	9735.5	0	9735.5
482.676	9366.25	0	9366.25
482.799	9427.5	0	9427.5
482.921	9412.75	0	9412.75
483.044	10456.5	0	10456.5
483.167	10139.2	0	10139.2
483.29	9415	0	9415
483.412	9407.75	0	9407.75
483.535	9415.75	0	9415.75
483.658	9225.25	0	9225.25
483.78	9472	0	9472
483.903	9275.5	0	9275.5
484.025	9384.75	0	9384.75
484.148	9429.75	0	9429.75
484.271	9452	0	9452
484.393	9711	0	9711
484.516	11727.5	0	11727.5
484.638	10783.2	0	10783.2
484.761	10128.2	0	10128.2
484.883	9857.5	0	9857.5
485.006	10137.2	0	10137.2
485.128	10794.8	0	10794.8
485.251	9725	0	9725
485.373	9436	0	9436
485.495	8993	0	8993
485.618	9007.5	0	9007.5
485.74	9156.25	0	9156.25
485.863	9089	0	9089
485.985	9456.25	0	9456.25
486.107	9393.5	0	9393.5
486.229	9260	0	9260
486.352	9564.5	0	9564.5
486.474	9186.25	0	9186.25
486.596	9188	0	9188
486.719	9128	0	9128
486.841	9020	0	9020
486.963	9170.5	0	9170.5
487.085	9619.5	0	9619.5
487.207	9309.75	0	9309.75
487.329	9101.5	0	9101.5
487.452	9200.25	0	9200.25
487.574	8976.75	0	8976.75
487.696	9368.5	0	9368.5
487.818	9685.75	0	9685.75
487.94	9323.5	0	9323.5
488.062	9810	0	9810
488.184	10259.2	0	10259.2
488.306	11063.2	0	11063.2
488.428	9335.25	0	9335.25
488.55	9012.75	0	9012.75
488.672	9040.75	0	9040.75
488.794	8779.5	0	8779.5
488.916	8822	0	8822
489.038	8652.5	0	8652.5
489.16	8731.75	0	8731.75
489.281	8768.75	0	8768.75
489.403	8745.5	0	8745.5
489.525	8703	0	8703
489.647	8690.5	0	8690.5
489.769	8737.25	0	8737.25
489.891	8758.75	0	8758.75
490.012	8889.75	0	8889.75
490.134	9099.75	0	9099.75
490.256	9516.25	0	9516.25
490.378	10322	0	10322
490.499	9488.75	0	9488.75
490.621	9863.75	0	9863.75
490.743	9224.25	0	9224.25
490.864	9014	0	9014
490.986	9359	0	9359
491.108	8938.25	0	8938.25
491.229	8932.75	0	8932.75
491.351	9322	0	9322
491.472	9661.5	0	9661.5
491.594	9661.25	0	9661.25
491.715	9526	0	9526
491.837	11425.2	0	11425.2
491.958	12741	0	12741
492.08	10687	0	10687
492.201	9918.5	0	9918.5
492.323	10007.8	0	10007.8
492.444	12014	0	12014
492.566	10325.8	0	10325.8
492.687	9172.5	0	9172.5
492.808	9044	0	9044
492.93	9109.75	0	9109.75
493.051	9152.25	0	9152.25
493.172	9171.25	0	9171.25
493.294	9271	0	9271
493.415	9823.5	0	9823.5
493.536	11972.2	0	11972.2
493.658	10779.5	0	10779.5
493.779	9495.5	0	9495.5
493.9	8968	0	8968
494.021	8833	0	8833
494.143	8947.5	0	8947.5
494.264	8953	0	8953
494.385	8762.75	0	8762.75
494.506	8594.75	0	8594.75
494.627	8539	0	8539
494.748	8584	0	8584
494.869	8618.5	0	8618.5
494.99	8668.75	0	8668.75
495.111	8679.75	0	8679.75
495.232	8557.25	0	8557.25
495.353	8471	0	8471
495.475	8463	0	8463
495.595	8735.25	0	8735.25
495.716	9045.75	0	9045.75
495.837	8721.5	0	8721.5
495.958	8892.25	0	8892.25
496.079	9064.5	0	9064.5
496.2	9027.5	0	9027.5
496.321	8583.25	0	8583.25
496.442	8538	0	8538
496.563	8524	0	8524
496.684	8866.5	0	8866.5
496.804	9220.75	0	9220.75
496.925	8954	0	8954
497.046	8979	0	8979
497.167	8921.25	0	8921.25
497.287	8717.75	0	8717.75
497.408	8594.25	0	8594.25
497.529	8926	0	8926
497.65	8804.75	0	8804.75
497.77	8636	0	8636
497.891	8402.75	0	8402.75
498.012	8352.5	0	8352.5
498.132	8288.25	0	8288.25
498.253	8225.25	0	8225.25
498.373	8223.75	0	8223.75
498.494	8393.25	0	8393.25
498.614	8314.5	0	8314.5
498.735	8490	0	8490
498.856	8438	0	8438
498.976	8330.25	0	8330.25
499.096	8374.5	0	8374.5
499.217	8588.25	0	8588.25
499.337	8441.25	0	8441.25
499.458	8312	0	8312
499.578	8327	0	8327
499.699	8464.25	0	8464.25
499.819	8283	0	8283
499.939	8136	0	8136
500.06	8105.25	0	8105.25
500.18	8190	0	8190
500.3	8108.5	0	8108.5
500.421	8152	0	8152
500.541	8173.75	0	8173.75
500.661	8205	0	8205
500.781	8111.25	0	8111.25
500.902	8021.75	0	8021.75
501.022	8367.25	0	8367.25
501.142	9693.25	0	9693.25
501.262	8523.25	0	8523.25
501.382	8361.5	0	8361.5
501.502	8327.75	0	8327.75
501.623	8456	0	8456
501.743	8194.5	0	8194.5
501.863	8240.5	0	8240.5
501.983	8207.5	0	8207.5
502.103	8204.25	0	8204.25
502.223	8145.75	0	8145.75
502.343	8265.25	0	8265.25
502.463	8076	0	8076
502.583	8021.75	0	8021.75
502.703	7935.5	0	7935.5
502.823	8097.75	0	8097.75
502.943	8226.5	0	8226.5
503.063	8045	0	8045
503.182	8158.75	0	8158.75
503.302	8160.25	0	8160.25
503.422	8462.25	0	8462.25
503.542	10259.2	0	10259.2
503.662	11701.2	0	11701.2
503.782	8899.25	0	8899.25
503.901	8488	0	8488
504.021	8710.5	0	8710.5
504.141	9514	0	9514
504.261	9944	0	9944
504.38	8957	0	8957
504.5	8327	0	8327
504.62	8276.5	0	8276.5
504.739	8115	0	8115
504.859	7982.25	0	7982.25
504.979	8071	0	8071
505.098	8022.75	0	8022.75
505.218	7962.25	0	7962.25
505.338	8047.25	0	8047.25
505.457	8005	0	8005
505.577	7882.75	0	7882.75
505.696	8034.25	0	8034.25
505.816	8177.5	0	8177.5
505.935	8021	0	8021
506.055	7939.25	0	7939.25
506.174	7952.75	0	7952.75
506.293	8145.5	0	8145.5
506.413	8187.25	0	8187.25
506.532	8438.75	0	8438.75
506.652	10134.5	0	10134.5
506.771	8944.75	0	8944.75
506.89	8507.75	0	8507.75
507.01	8155.5	0	8155.5
507.129	8258.75	0	8258.75
507.248	8073.5	0	8073.5
507.368	8170.75	0	8170.75
507.487	8789.25	0	8789.25
507.606	8252.25	0	8252.25
507.725	8130.75	0	8130.75
507.844	8106.25	0	8106.25
507.964	8021.25	0	8021.25
508.083	8454.5	0	8454.5
508.202	8125	0	8125
508.321	7989.25	0	7989.25
508.44	7968.5	0	7968.5
508.559	8503.5	0	8503.5
508.678	8655.5	0	8655.5
508.797	8245.5	0	8245.5
508.916	9245.5	0	9245.5
509.035	8737.25	0	8737.25
509.154	7989.5	0	7989.5
509.273	8059.75	0	8059.75
509.392	8364	0	8364
509.511	8027.25	0	8027.25
509.63	8036	0	8036
509.749	8140.25	0	8140.25
509.868	8174.75	0	8174.75
509.987	8029.5	0	8029.5
510.106	7834	0	7834
510.225	7882	0	7882
510.344	8054.5	0	8054.5
510.462	7863.25	0	7863.25
510.581	7977.5	0	7977.5
510.7	7986	0	7986
510.819	8264.75	0	8264.75
510.937	8228.25	0	8228.25
511.056	8019	0	8019
511.175	7994.25	0	7994.25
511.294	8034.25	0	8034.25
511.412	8888.75	0	8888.75
511.531	9546	0	9546
511.649	9163	0	9163
511.768	8682	0	8682
511.887	8634.5	0	8634.5
512.005	8364.75	0	8364.75
512.124	8380	0	8380
512.242	8170.25	0	8170.25
512.361	8102.5	0	8102.5
512.479	8055	0	8055
512.598	8143.25	0	8143.25
512.716	8045.75	0	8045.75
512.835	8212.5	0	8212.5
512.953	8410	0	8410
513.072	8659.5	0	8659.5
513.19	8542.5	0	8542.5
513.308	8301.25	0	8301.25
513.427	9230	0	9230
513.545	11331	0	11331
513.664	8776	0	8776
513.782	8379.75	0	8379.75
513.9	8444.5	0	8444.5
514.018	9559	0	9559
514.137	9208.75	0	9208.75
514.255	9691	0	9691
514.373	8594.25	0	8594.25
514.491	8271.25	0	8271.25
514.609	8686.75	0	8686.75
514.728	8641.75	0	8641.75
514.846	8247.75	0	8247.75
514.964	8377	0	8377
515.082	8304	0	8304
515.2	8909.25	0	8909.25
515.318	8524.25	0	8524.25
515.436	9274.25	0	9274.25
515.554	10699.8	0	10699.8
515.672	8593	0	8593
515.79	8014	0	8014
515.908	8115.5	0	8115.5
516.026	8711.5	0	8711.5
516.144	8650.25	0	8650.25
516.262	8965.75	0	8965.75
516.38	8248	0	8248
516.498	8150.5	0	8150.5
516.616	8265.75	0	8265.75
516.734	7909.5	0	7909.5
516.852	7958.25	0	7958.25
516.969	8165.25	0	8165.25
517.087	8157.75	0	8157.75
517.205	8173.75	0	8173.75
517.323	7893.75	0	7893.75
517.44	7748	0	7748
517.558	7652.5	0	7652.5
517.676	7629.25	0	7629.25
517.794	7681.75	0	7681.75
517.911	7750.25	0	7750.25
518.029	8001.5	0	8001.5
518.147	7691	0	7691
518.264	7651	0	7651
518.382	7846.75	0	7846.75
518.5	7827	0	7827
518.617	7807.5	0	7807.5
518.735	7871.5	0	7871.5
518.852	7969.25	0	7969.25
518.97	7839.25	0	7839.25
519.087	7836.25	0	7836.25
519.205	7837.25	0	7837.25
519.322	7928.5	0	7928.5
519.44	7647	0	7647
519.557	7611	0	7611
519.674	7515.5	0	7515.5
519.792	7335	0	7335
519.909	7504.75	0	7504.75
520.026	7515.25	0	7515.25
520.144	7526	0	7526
520.261	7521	0	7521
520.378	7550	0	7550
520.496	7685.75	0	7685.75
520.613	7642.5	0	7642.5
520.73	7512.25	0	7512.25
520.847	7429	0	7429
520.965	7667.25	0	7667.25
521.082	8327.75	0	8327.75
521.199	9018.5	0	9018.5
521.316	7536	0	7536
521.433	7384.25	0	7384.25
521.55	7488	0	7488
521.667	8373.75	0	8373.75
521.785	8882.25	0	8882.25
521.902	7556.25	0	7556.25
522.019	7452	0	7452
522.136	7408.75	0	7408.75
522.253	7406.75	0	7406.75
522.37	7450	0	7450
522.487	7470	0	7470
522.604	7291.75	0	7291.75
522.721	7169.75	0	7169.75
522.838	7295.25	0	7295.25
522.954	7573	0	7573
523.071	7438.75	0	7438.75
523.188	7349.25	0	7349.25
523.305	7178.25	0	7178.25
523.422	7461.5	0	7461.5
523.539	7293.75	0	7293.75
523.655	7078.75	0	7078.75
523.772	6987.5	0	6987.5
523.889	7019	0	7019
524.006	6984	0	6984
524.122	6959.25	0	6959.25
524.239	6955.75	0	6955.75
524.356	7175.25	0	7175.25
524.472	7035.25	0	7035.25
524.589	7136.5	0	7136.5
524.706	7044	0	7044
524.822	6945.75	0	6945.75
524.939	6945	0	6945
525.055	7048.5	0	7048.5
525.172	7035.5	0	7035.5
525.289	7025	0	7025
525.405	6953.25	0	6953.25
525.522	6773.5	0	6773.5
525.638	6713.5	0	6713.5
525.754	6611.25	0	6611.25
525.871	6715.25	0	6715.25
525.987	6819	0	6819
526.104	6775	0	6775
526.22	6696.75	0	6696.75
526.336	6740	0	6740
526.453	6621.5	0	6621.5
526.569	6692.25	0	6692.25
526.685	6765	0	6765
526.802	6672.75	0	6672.75
526.918	6597.5	0	6597.5
527.034	6636.5	0	6636.5
527.151	6730	0	6730
527.267	6718.75	0	6718.75
527.383	6925.75	0	6925.75
527.499	6735.5	0	6735.5
527.615	6655.25	0	6655.25
527.732	6681.75	0	6681.75
527.848	6882.75	0	6882.75
527.964	6835.75	0	6835.75
528.08	6813.75	0	6813.75
528.196	6525.5	0	6525.5
528.312	6464.25	0	6464.25
528.428	6460.75	0	6460.75
528.544	6407.25	0	6407.25
528.66	6455.75	0	6455.75
528.776	6370.75	0	6370.75
528.892	6406	0	6406
529.008	6305.25	0	6305.25
529.124	6419	0	6419
529.24	6752.75	0	6752.75
529.356	7249.25	0	7249.25
529.471	6967.5	0	6967.5
529.587	6495.5	0	6495.5
529.703	6262.5	0	6262.5
529.819	6246.25	0	6246.25
529.935	6219.5	0	6219.5
530.05	6310.5	0	6310.5
530.166	6417.75	0	6417.75
530.282	6484.5	0	6484.5
530.398	6324.5	0	6324.5
530.513	6324	0	6324
530.629	6170.25	0	6170.25
530.745	6117.75	0	6117.75
530.86	6097.75	0	6097.75
530.976	6239.5	0	6239.5
531.092	6176	0	6176
531.207	6100	0	6100
531.323	6097.25	0	6097.25
531.438	6147.75	0	6147.75
531.554	6235.75	0	6235.75
531.669	6510.25	0	6510.25
531.785	6681	0	6681
531.9	6337.5	0	6337.5
532.016	6324.25	0	6324.25
532.131	6277.75	0	6277.75
532.247	6038.5	0	6038.5
532.362	6126.75	0	6126.75
532.477	6103.75	0	6103.75
532.593	6311	0	6311
532.708	7018.75	0	7018.75
532.823	6416	0	6416
532.939	6103.75	0	6103.75
533.054	6084.25	0	6084.25
533.169	6018	0	6018
533.285	6112.25	0	6112.25
533.4	6080	0	6080
533.515	6426.25	0	6426.25
533.63	6244.5	0	6244.5
533.745	6089.25	0	6089.25
533.861	6477	0	6477
533.976	7770.75	0	7770.75
534.091	7199	0	7199
534.206	6448.5	0	6448.5
534.321	6093.5	0	6093.5
534.436	5999.75	0	5999.75
534.551	5998.25	0	5998.25
534.666	6375.75	0	6375.75
534.781	7303.75	0	7303.75
534.896	7098	0	7098
535.011	6298.25	0	6298.25
535.126	6171.5	0	6171.5
535.241	6437.25	0	6437.25
535.356	7069.25	0	7069.25
535.471	6337	0	6337
535.586	6000	0	6000
535.701	5888.75	0	5888.75
535.815	5959	0	5959
535.93	5985	0	5985
536.045	5923.25	0	5923.25
536.16	5803.5	0	5803.5