Lambda	Spectrum	Dark	SpecMinusDark
268.175	23.75	0	23.75
268.319	13	0	13
268.463	12.5	0	12.5
268.607	13	0	13
268.751	16.75	0	16.75
268.895	20	0	20
269.039	1.5	0	1.5
269.183	12.75	0	12.75
269.327	21	0	21
269.47	13.5	0	13.5
269.614	17.5	0	17.5
269.758	12.75	0	12.75
269.902	16.5	0	16.5
270.046	15.5	0	15.5
270.19	19.75	0	19.75
270.334	16.25	0	16.25
270.477	14.5	0	14.5
270.621	14.25	0	14.25
270.765	17.25	0	17.25
270.909	15.5	0	15.5
271.053	28.25	0	28.25
271.196	28.25	0	28.25
271.34	22.75	0	22.75
271.484	20.75	0	20.75
271.628	17.75	0	17.75
271.771	21.75	0	21.75
271.915	18.75	0	18.75
272.059	20.5	0	20.5
272.202	25.5	0	25.5
272.346	33	0	33
272.49	21	0	21
272.634	29	0	29
272.777	36.25	0	36.25
272.921	31.75	0	31.75
273.064	31	0	31
273.208	43	0	43
273.352	33	0	33
273.495	45.75	0	45.75
273.639	39	0	39
273.783	32.5	0	32.5
273.926	29	0	29
274.07	41	0	41
274.213	39	0	39
274.357	42	0	42
274.5	22.25	0	22.25
274.644	39.5	0	39.5
274.787	27.5	0	27.5
274.931	31	0	31
275.074	25	0	25
275.218	36.25	0	36.25
275.361	28.25	0	28.25
275.505	33.75	0	33.75
275.648	35.5	0	35.5
275.792	33.5	0	33.5
275.935	39.25	0	39.25
276.079	28.75	0	28.75
276.222	19	0	19
276.366	31.25	0	31.25
276.509	20.75	0	20.75
276.652	26.75	0	26.75
276.796	27	0	27
276.939	17.5	0	17.5
277.082	28.75	0	28.75
277.226	24	0	24
277.369	26.5	0	26.5
277.513	28	0	28
277.656	26.25	0	26.25
277.799	27.5	0	27.5
277.942	22.5	0	22.5
278.086	30.25	0	30.25
278.229	23.5	0	23.5
278.372	29.75	0	29.75
278.516	29.25	0	29.25
278.659	30.75	0	30.75
278.802	23.75	0	23.75
278.945	29.75	0	29.75
279.089	22.5	0	22.5
279.232	33.25	0	33.25
279.375	28.5	0	28.5
279.518	40	0	40
279.661	35	0	35
279.805	40.75	0	40.75
279.948	39.25	0	39.25
280.091	67.25	0	67.25
280.234	51	0	51
280.377	47	0	47
280.52	48	0	48
280.663	37.75	0	37.75
280.806	49.25	0	49.25
280.95	36	0	36
281.093	44.5	0	44.5
281.236	39	0	39
281.379	43	0	43
281.522	45.25	0	45.25
281.665	42	0	42
281.808	38.25	0	38.25
281.951	58	0	58
282.094	44.5	0	44.5
282.237	42.25	0	42.25
282.38	57.5	0	57.5
282.523	35.25	0	35.25
282.666	42.5	0	42.5
282.809	54.25	0	54.25
282.952	40.25	0	40.25
283.095	41.25	0	41.25
283.238	41.25	0	41.25
283.381	49.75	0	49.75
283.523	42.25	0	42.25
283.666	60.25	0	60.25
283.809	56.75	0	56.75
283.952	54.25	0	54.25
284.095	46	0	46
284.238	45.25	0	45.25
284.381	52.25	0	52.25
284.524	50	0	50
284.666	49.75	0	49.75
284.809	46	0	46
284.952	52.25	0	52.25
285.095	61.25	0	61.25
285.238	57.5	0	57.5
285.38	60	0	60
285.523	54.5	0	54.5
285.666	46.75	0	46.75
285.809	61.75	0	61.75
285.951	46.75	0	46.75
286.094	49	0	49
286.237	52.75	0	52.75
286.38	54	0	54
286.522	47.5	0	47.5
286.665	46	0	46
286.808	39	0	39
286.95	53	0	53
287.093	59	0	59
287.236	58.25	0	58.25
287.378	49.5	0	49.5
287.521	72	0	72
287.663	61	0	61
287.806	68.5	0	68.5
287.949	58.25	0	58.25
288.091	61.25	0	61.25
288.234	63.5	0	63.5
288.376	59.5	0	59.5
288.519	59.25	0	59.25
288.661	67.75	0	67.75
288.804	64.25	0	64.25
288.946	56.75	0	56.75
289.089	66.25	0	66.25
289.231	65.75	0	65.75
289.374	71	0	71
289.516	60.75	0	60.75
289.659	56.5	0	56.5
289.801	62.75	0	62.75
289.944	55	0	55
290.086	61.5	0	61.5
290.229	72	0	72
290.371	71.25	0	71.25
290.513	71.5	0	71.5
290.656	85	0	85
290.798	73.25	0	73.25
290.941	101	0	101
291.083	114.25	0	114.25
291.225	111.25	0	111.25
291.368	89	0	89
291.51	80.75	0	80.75
291.652	78	0	78
291.795	80.25	0	80.25
291.937	74.75	0	74.75
292.079	76.5	0	76.5
292.221	93.5	0	93.5
292.364	73.5	0	73.5
292.506	93.75	0	93.75
292.648	104.5	0	104.5
292.79	114.25	0	114.25
292.933	113.75	0	113.75
293.075	100.75	0	100.75
293.217	113	0	113
293.359	104.75	0	104.75
293.502	114.25	0	114.25
293.644	129	0	129
293.786	119	0	119
293.928	139	0	139
294.07	153.5	0	153.5
294.212	164.25	0	164.25
294.354	147	0	147
294.497	145	0	145
294.639	186.5	0	186.5
294.781	169.25	0	169.25
294.923	145.25	0	145.25
295.065	144	0	144
295.207	140.5	0	140.5
295.349	178.75	0	178.75
295.491	195.25	0	195.25
295.633	190.25	0	190.25
295.775	184	0	184
295.917	169.75	0	169.75
296.059	148	0	148
296.201	135.25	0	135.25
296.343	150.25	0	150.25
296.485	142	0	142
296.627	166.5	0	166.5
296.769	154	0	154
296.911	147.75	0	147.75
297.053	126.25	0	126.25
297.195	119.5	0	119.5
297.337	124.25	0	124.25
297.478	115	0	115
297.62	106.5	0	106.5
297.762	118.75	0	118.75
297.904	102.25	0	102.25
298.046	133.25	0	133.25
298.188	141.5	0	141.5
298.33	127.75	0	127.75
298.471	110.5	0	110.5
298.613	114.25	0	114.25
298.755	101.75	0	101.75
298.897	120.75	0	120.75
299.038	120.5	0	120.5
299.18	116.25	0	116.25
299.322	113.25	0	113.25
299.464	117.5	0	117.5
299.605	114	0	114
299.747	123.75	0	123.75
299.889	130.25	0	130.25
300.031	157.75	0	157.75
300.172	118.75	0	118.75
300.314	111.5	0	111.5
300.456	118.5	0	118.5
300.597	116.25	0	116.25
300.739	101	0	101
300.881	113.5	0	113.5
301.022	109.25	0	109.25
301.164	113.75	0	113.75
301.305	115.25	0	115.25
301.447	116.5	0	116.5
301.589	125.75	0	125.75
301.73	137.75	0	137.75
301.872	138	0	138
302.013	160.25	0	160.25
302.155	132.75	0	132.75
302.296	134.5	0	134.5
302.438	147.5	0	147.5
302.579	156	0	156
302.721	139.25	0	139.25
302.862	134.5	0	134.5
303.004	133.75	0	133.75
303.145	142.75	0	142.75
303.287	158	0	158
303.428	140.75	0	140.75
303.569	153.25	0	153.25
303.711	144.5	0	144.5
303.852	156.5	0	156.5
303.994	155	0	155
304.135	171	0	171
304.276	166.75	0	166.75
304.418	167.75	0	167.75
304.559	165.75	0	165.75
304.7	162	0	162
304.842	171.5	0	171.5
304.983	176.5	0	176.5
305.124	173.5	0	173.5
305.266	184	0	184
305.407	182.5	0	182.5
305.548	187.75	0	187.75
305.69	196.75	0	196.75
305.831	198.75	0	198.75
305.972	202	0	202
306.113	204.75	0	204.75
306.254	231.5	0	231.5
306.396	228.5	0	228.5
306.537	266	0	266
306.678	238.5	0	238.5
306.819	255.5	0	255.5
306.96	278.25	0	278.25
307.102	295.25	0	295.25
307.243	323.5	0	323.5
307.384	327.25	0	327.25
307.525	317.75	0	317.75
307.666	312.75	0	312.75
307.807	295.75	0	295.75
307.948	285.25	0	285.25
308.089	253.25	0	253.25
308.23	275.5	0	275.5
308.371	278.5	0	278.5
308.513	306	0	306
308.654	341.25	0	341.25
308.795	334.75	0	334.75
308.936	299.25	0	299.25
309.077	283.75	0	283.75
309.218	262	0	262
309.359	252.25	0	252.25
309.499	232.5	0	232.5
309.64	256.75	0	256.75
309.781	247	0	247
309.922	306	0	306
310.063	290.25	0	290.25
310.204	277.75	0	277.75
310.345	300	0	300
310.486	308	0	308
310.627	316.5	0	316.5
310.768	262.25	0	262.25
310.909	271.5	0	271.5
311.049	291.5	0	291.5
311.19	278.5	0	278.5
311.331	301.25	0	301.25
311.472	300.75	0	300.75
311.613	306.25	0	306.25
311.753	367.75	0	367.75
311.894	364.25	0	364.25
312.035	321.25	0	321.25
312.176	328.5	0	328.5
312.316	324.75	0	324.75
312.457	294	0	294
312.598	293.25	0	293.25
312.739	287.75	0	287.75
312.879	286.25	0	286.25
313.02	280.5	0	280.5
313.161	259.5	0	259.5
313.301	264.75	0	264.75
313.442	263	0	263
313.583	272.25	0	272.25
313.723	275.25	0	275.25
313.864	303.25	0	303.25
314.005	333.5	0	333.5
314.145	310	0	310
314.286	299.75	0	299.75
314.426	310.75	0	310.75
314.567	285.25	0	285.25
314.707	323.75	0	323.75
314.848	293.5	0	293.5
314.989	290.5	0	290.5
315.129	275	0	275
315.27	289.25	0	289.25
315.41	287.5	0	287.5
315.551	274.25	0	274.25
315.691	296.75	0	296.75
315.831	302	0	302
315.972	322.25	0	322.25
316.112	368.75	0	368.75
316.253	342.25	0	342.25
316.393	330.5	0	330.5
316.534	348.5	0	348.5
316.674	350.75	0	350.75
316.814	370.5	0	370.5
316.955	345.25	0	345.25
317.095	294.75	0	294.75
317.236	295.25	0	295.25
317.376	304.5	0	304.5
317.516	300.25	0	300.25
317.656	293.25	0	293.25
317.797	302	0	302
317.937	309.25	0	309.25
318.077	312.75	0	312.75
318.218	371.75	0	371.75
318.358	426.75	0	426.75
318.498	522	0	522
318.638	531.25	0	531.25
318.779	534.5	0	534.5
318.919	560.5	0	560.5
319.059	607	0	607
319.199	590	0	590
319.34	494.25	0	494.25
319.48	501.75	0	501.75
319.62	534.25	0	534.25
319.76	566.5	0	566.5
319.9	637	0	637
320.04	653.75	0	653.75
320.18	563	0	563
320.32	529.75	0	529.75
320.461	480.75	0	480.75
320.601	443.5	0	443.5
320.741	423	0	423
320.881	424.5	0	424.5
321.021	414	0	414
321.161	488.5	0	488.5
321.301	496.75	0	496.75
321.441	499.5	0	499.5
321.581	537.75	0	537.75
321.721	536.5	0	536.5
321.861	557.25	0	557.25
322.001	583.5	0	583.5
322.141	596.25	0	596.25
322.281	606.5	0	606.5
322.421	567.75	0	567.75
322.561	618.75	0	618.75
322.7	624.25	0	624.25
322.84	602.75	0	602.75
322.98	600.75	0	600.75
323.12	639.5	0	639.5
323.26	713.5	0	713.5
323.4	766.75	0	766.75
323.54	699	0	699
323.68	742.5	0	742.5
323.819	702.75	0	702.75
323.959	656.25	0	656.25
324.099	661.5	0	661.5
324.239	556.5	0	556.5
324.379	532.25	0	532.25
324.518	553.5	0	553.5
324.658	582.25	0	582.25
324.798	542.25	0	542.25
324.937	559.75	0	559.75
325.077	587.25	0	587.25
325.217	557.75	0	557.75
325.357	531.75	0	531.75
325.496	465.25	0	465.25
325.636	472.5	0	472.5
325.776	489.75	0	489.75
325.915	510	0	510
326.055	542	0	542
326.195	497.75	0	497.75
326.334	457.25	0	457.25
326.474	451	0	451
326.613	448.5	0	448.5
326.753	439	0	439
326.892	438	0	438
327.032	470.25	0	470.25
327.172	464	0	464
327.311	438.25	0	438.25
327.451	456	0	456
327.59	450	0	450
327.73	475.75	0	475.75
327.869	464	0	464
328.009	469.25	0	469.25
328.148	465	0	465
328.288	431.5	0	431.5
328.427	438	0	438
328.566	499	0	499
328.706	472.25	0	472.25
328.845	485	0	485
328.985	525.25	0	525.25
329.124	562.5	0	562.5
329.263	470	0	470
329.403	473.25	0	473.25
329.542	451	0	451
329.681	417.25	0	417.25
329.821	460.25	0	460.25
329.96	431	0	431
330.099	399.75	0	399.75
330.239	422	0	422
330.378	451.25	0	451.25
330.517	533.25	0	533.25
330.656	609	0	609
330.796	649.5	0	649.5
330.935	663	0	663
331.074	561.25	0	561.25
331.213	678.75	0	678.75
331.352	708.5	0	708.5
331.492	634.25	0	634.25
331.631	568	0	568
331.77	570.75	0	570.75
331.909	605	0	605
332.048	667.25	0	667.25
332.187	675.75	0	675.75
332.327	698	0	698
332.466	625	0	625
332.605	598.5	0	598.5
332.744	643.25	0	643.25
332.883	637	0	637
333.022	604	0	604
333.161	635.5	0	635.5
333.3	651.25	0	651.25
333.439	658.25	0	658.25
333.578	669.5	0	669.5
333.717	679	0	679
333.856	837.75	0	837.75
333.995	1014.25	0	1014.25
334.134	1051.25	0	1051.25
334.273	894.25	0	894.25
334.412	862.5	0	862.5
334.551	879	0	879
334.69	948.75	0	948.75
334.828	997.25	0	997.25
334.967	962.25	0	962.25
335.106	1004.25	0	1004.25
335.245	1088	0	1088
335.384	1102	0	1102
335.523	1032.25	0	1032.25
335.662	991.25	0	991.25
335.8	997.25	0	997.25
335.939	1088	0	1088
336.078	1072.5	0	1072.5
336.217	893.75	0	893.75
336.356	814.25	0	814.25
336.494	791.25	0	791.25
336.633	880	0	880
336.772	1010.25	0	1010.25
336.911	1248.5	0	1248.5
337.049	1314.75	0	1314.75
337.188	1149.25	0	1149.25
337.327	986.5	0	986.5
337.465	1069.75	0	1069.75
337.604	1162.25	0	1162.25
337.743	1196.5	0	1196.5
337.881	1027.75	0	1027.75
338.02	1049.25	0	1049.25
338.158	1074.5	0	1074.5
338.297	1123.25	0	1123.25
338.436	1187.25	0	1187.25
338.574	1048	0	1048
338.713	907.25	0	907.25
338.851	810.25	0	810.25
338.99	747.25	0	747.25
339.128	746.75	0	746.75
339.267	700.5	0	700.5
339.405	648.25	0	648.25
339.544	577.75	0	577.75
339.682	548.75	0	548.75
339.821	554	0	554
339.959	546.75	0	546.75
340.098	534.75	0	534.75
340.236	490	0	490
340.375	505	0	505
340.513	499	0	499
340.651	493	0	493
340.79	493	0	493
340.928	534	0	534
341.067	535	0	535
341.205	567	0	567
341.343	594.5	0	594.5
341.482	583	0	583
341.62	583.5	0	583.5
341.758	547	0	547
341.897	538	0	538
342.035	519.25	0	519.25
342.173	487.5	0	487.5
342.311	457.75	0	457.75
342.45	427	0	427
342.588	411	0	411
342.726	400.25	0	400.25
342.864	407.25	0	407.25
343.002	359	0	359
343.141	381	0	381
343.279	360	0	360
343.417	395.75	0	395.75
343.555	385.75	0	385.75
343.693	418	0	418
343.831	451	0	451
343.969	426	0	426
344.108	442	0	442
344.246	500	0	500
344.384	475.5	0	475.5
344.522	436	0	436
344.66	412.5	0	412.5
344.798	398.5	0	398.5
344.936	409	0	409
345.074	414.75	0	414.75
345.212	432.5	0	432.5
345.35	457.75	0	457.75
345.488	514.25	0	514.25
345.626	501.5	0	501.5
345.764	495.5	0	495.5
345.902	478.25	0	478.25
346.04	474	0	474
346.178	478.25	0	478.25
346.315	439.25	0	439.25
346.453	450.75	0	450.75
346.591	485.75	0	485.75
346.729	453	0	453
346.867	411.75	0	411.75
347.005	411.75	0	411.75
347.143	423	0	423
347.28	414	0	414
347.418	456.5	0	456.5
347.556	508	0	508
347.694	541.5	0	541.5
347.832	598	0	598
347.969	602	0	602
348.107	539.25	0	539.25
348.245	486	0	486
348.382	478.75	0	478.75
348.52	479.5	0	479.5
348.658	427	0	427
348.796	454.25	0	454.25
348.933	474	0	474
349.071	475.5	0	475.5
349.209	532.75	0	532.75
349.346	497	0	497
349.484	550.75	0	550.75
349.621	532.5	0	532.5
349.759	562.25	0	562.25
349.897	526	0	526
350.034	545	0	545
350.172	593	0	593
350.309	653.75	0	653.75
350.447	677.25	0	677.25
350.584	671	0	671
350.722	655.5	0	655.5
350.859	646.5	0	646.5
350.997	622	0	622
351.134	573.75	0	573.75
351.272	500	0	500
351.409	476.75	0	476.75
351.547	500.75	0	500.75
351.684	503	0	503
351.822	476.5	0	476.5
351.959	475.5	0	475.5
352.096	464.5	0	464.5
352.234	459.5	0	459.5
352.371	453	0	453
352.508	442.25	0	442.25
352.646	433.25	0	433.25
352.783	426.25	0	426.25
352.92	426.75	0	426.75
353.058	443.5	0	443.5
353.195	441.25	0	441.25
353.332	455.75	0	455.75
353.469	465.25	0	465.25
353.607	465	0	465
353.744	419.25	0	419.25
353.881	452.75	0	452.75
354.018	449	0	449
354.156	488.25	0	488.25
354.293	447.5	0	447.5
354.43	490.75	0	490.75
354.567	572	0	572
354.704	514	0	514
354.841	448.25	0	448.25
354.979	439.25	0	439.25
355.116	418.5	0	418.5
355.253	414	0	414
355.39	435.5	0	435.5
355.527	450.75	0	450.75
355.664	419.75	0	419.75
355.801	421.25	0	421.25
355.938	438.5	0	438.5
356.075	418.75	0	418.75
356.212	432	0	432
356.349	449	0	449
356.486	413.75	0	413.75
356.623	447.25	0	447.25
356.76	475.5	0	475.5
356.897	476.5	0	476.5
357.034	474	0	474
357.171	508	0	508
357.308	531.25	0	531.25
357.445	499.75	0	499.75
357.582	484.25	0	484.25
357.718	495.5	0	495.5
357.855	481.5	0	481.5
357.992	468.25	0	468.25
358.129	437.5	0	437.5
358.266	435.25	0	435.25
358.403	449.75	0	449.75
358.539	435.25	0	435.25
358.676	432.75	0	432.75
358.813	458.75	0	458.75
358.95	443.25	0	443.25
359.086	470	0	470
359.223	499.25	0	499.25
359.36	503.5	0	503.5
359.497	534	0	534
359.633	618.25	0	618.25
359.77	677.5	0	677.5
359.907	571.25	0	571.25
360.043	536.25	0	536.25
360.18	547.5	0	547.5
360.317	597.75	0	597.75
360.453	656.75	0	656.75
360.59	617.25	0	617.25
360.727	781.75	0	781.75
360.863	969.25	0	969.25
361	876	0	876
361.136	712	0	712
361.273	635.75	0	635.75
361.409	601.5	0	601.5
361.546	557.75	0	557.75
361.682	582.5	0	582.5
361.819	601	0	601
361.955	588	0	588
362.092	616.75	0	616.75
362.228	624.5	0	624.5
362.365	696.75	0	696.75
362.501	711	0	711
362.638	710	0	710
362.774	722	0	722
362.91	851.25	0	851.25
363.047	1035	0	1035
363.183	1357	0	1357
363.319	1887.5	0	1887.5
363.456	2196.5	0	2196.5
363.592	1806.75	0	1806.75
363.728	1494	0	1494
363.865	1534.5	0	1534.5
364.001	1939.25	0	1939.25
364.137	2240.75	0	2240.75
364.274	2107.5	0	2107.5
364.41	1687.5	0	1687.5
364.546	1404.75	0	1404.75
364.682	1233.25	0	1233.25
364.819	1213.5	0	1213.5
364.955	1444.75	0	1444.75
365.091	1984.25	0	1984.25
365.227	2462.5	0	2462.5
365.363	2200.75	0	2200.75
365.499	1722.75	0	1722.75
365.636	1658.5	0	1658.5
365.772	1545.75	0	1545.75
365.908	1332.25	0	1332.25
366.044	1183	0	1183
366.18	949	0	949
366.316	843.75	0	843.75
366.452	850.5	0	850.5
366.588	963.75	0	963.75
366.724	1138.5	0	1138.5
366.86	1261	0	1261
366.996	1307.5	0	1307.5
367.132	1168.75	0	1168.75
367.268	948	0	948
367.404	833.75	0	833.75
367.54	843	0	843
367.676	857.75	0	857.75
367.812	911	0	911
367.948	990	0	990
368.084	1114	0	1114
368.22	1247	0	1247
368.356	1520	0	1520
368.492	1504.5	0	1504.5
368.627	1329	0	1329
368.763	1290	0	1290
368.899	1309.5	0	1309.5
369.035	1042.5	0	1042.5
369.171	984.75	0	984.75
369.306	956.5	0	956.5
369.442	966.5	0	966.5
369.578	891.75	0	891.75
369.714	895.25	0	895.25
369.85	871.5	0	871.5
369.985	996.25	0	996.25
370.121	1045.25	0	1045.25
370.257	1158	0	1158
370.392	1096.25	0	1096.25
370.528	1006.75	0	1006.75
370.664	1028.75	0	1028.75
370.799	1156.75	0	1156.75
370.935	1145	0	1145
371.071	936.75	0	936.75
371.206	874	0	874
371.342	926	0	926
371.477	1137.5	0	1137.5
371.613	1325	0	1325
371.749	1187	0	1187
371.884	1121	0	1121
372.02	1331.5	0	1331.5
372.155	1649.75	0	1649.75
372.291	1912	0	1912
372.426	1919	0	1919
372.562	1523	0	1523
372.697	1700.75	0	1700.75
372.833	2181	0	2181
372.968	1927.5	0	1927.5
373.103	1415	0	1415
373.239	1289.5	0	1289.5
373.374	1200	0	1200
373.51	1182.5	0	1182.5
373.645	1320.75	0	1320.75
373.78	1646.5	0	1646.5
373.916	2299.75	0	2299.75
374.051	2405	0	2405
374.186	1895.75	0	1895.75
374.322	1542	0	1542
374.457	1371.25	0	1371.25
374.592	1382	0	1382
374.728	1504	0	1504
374.863	1676.5	0	1676.5
374.998	2122.5	0	2122.5
375.133	2832.75	0	2832.75
375.268	2776	0	2776
375.404	2092.5	0	2092.5
375.539	1899.75	0	1899.75
375.674	1985.75	0	1985.75
375.809	2084	0	2084
375.944	1977.5	0	1977.5
376.08	1752.75	0	1752.75
376.215	1507.5	0	1507.5
376.35	1293.5	0	1293.5
376.485	1241.5	0	1241.5
376.62	1162.25	0	1162.25
376.755	1167.5	0	1167.5
376.89	1315.25	0	1315.25
377.025	1608.75	0	1608.75
377.16	1407.25	0	1407.25
377.295	1073.75	0	1073.75
377.43	996.25	0	996.25
377.565	926.75	0	926.75
377.7	882	0	882
377.835	899.75	0	899.75
377.97	937.5	0	937.5
378.105	963.75	0	963.75
378.24	1076.5	0	1076.5
378.375	1504	0	1504
378.51	1802	0	1802
378.645	1531.75	0	1531.75
378.78	1338.5	0	1338.5
378.914	1123.25	0	1123.25
379.049	986	0	986
379.184	986.5	0	986.5
379.319	1016	0	1016
379.454	1116.25	0	1116.25
379.589	1050.75	0	1050.75
379.723	1005	0	1005
379.858	956.75	0	956.75
379.993	1011.5	0	1011.5
380.128	976.75	0	976.75
380.262	957.5	0	957.5
380.397	999.5	0	999.5
380.532	1012.5	0	1012.5
380.666	978.75	0	978.75
380.801	947.5	0	947.5
380.936	1002.25	0	1002.25
381.07	1045.75	0	1045.75
381.205	1064.25	0	1064.25
381.34	1091.5	0	1091.5
381.474	1096.75	0	1096.75
381.609	1183.25	0	1183.25
381.744	1184.5	0	1184.5
381.878	1152.25	0	1152.25
382.013	1233.75	0	1233.75
382.147	1224	0	1224
382.282	1165.25	0	1165.25
382.416	1212.25	0	1212.25
382.551	1374.25	0	1374.25
382.685	1562	0	1562
382.82	1357.5	0	1357.5
382.954	1295.25	0	1295.25
383.089	1378.75	0	1378.75
383.223	1623.25	0	1623.25
383.357	1455	0	1455
383.492	1426.25	0	1426.25
383.626	1362.25	0	1362.25
383.761	1278	0	1278
383.895	1259.75	0	1259.75
384.029	1312	0	1312
384.164	1314.75	0	1314.75
384.298	1345.75	0	1345.75
384.432	1397	0	1397
384.567	1391	0	1391
384.701	1339	0	1339
384.835	1264.5	0	1264.5
384.97	1308.5	0	1308.5
385.104	1562.5	0	1562.5
385.238	1805	0	1805
385.372	1668.5	0	1668.5
385.506	1576.25	0	1576.25
385.641	1747.25	0	1747.25
385.775	1722.75	0	1722.75
385.909	1570	0	1570
386.043	1623.75	0	1623.75
386.177	1670.75	0	1670.75
386.311	1701.25	0	1701.25
386.446	1931.5	0	1931.5
386.58	2050	0	2050
386.714	2164	0	2164
386.848	1950.5	0	1950.5
386.982	1685.25	0	1685.25
387.116	1725.75	0	1725.75
387.25	1886	0	1886
387.384	1986	0	1986
387.518	1810.75	0	1810.75
387.652	1680.75	0	1680.75
387.786	1690.5	0	1690.5
387.92	2014.5	0	2014.5
388.054	2649.5	0	2649.5
388.188	2647.5	0	2647.5
388.322	1917	0	1917
388.456	1553.75	0	1553.75
388.59	1479.25	0	1479.25
388.723	1460.25	0	1460.25
388.857	1443.25	0	1443.25
388.991	1380.5	0	1380.5
389.125	1320	0	1320
389.259	1479.25	0	1479.25
389.393	1634.25	0	1634.25
389.526	1587.75	0	1587.75
389.66	1575.25	0	1575.25
389.794	1668	0	1668
389.928	1838.25	0	1838.25
390.062	1758.75	0	1758.75
390.195	1994.5	0	1994.5
390.329	2578.25	0	2578.25
390.463	2239	0	2239
390.596	1724.75	0	1724.75
390.73	1461.5	0	1461.5
390.864	1408.25	0	1408.25
390.997	1453.25	0	1453.25
391.131	1574	0	1574
391.265	1946.5	0	1946.5
391.398	1782.25	0	1782.25
391.532	1417.75	0	1417.75
391.665	1266.25	0	1266.25
391.799	1331.5	0	1331.5
391.933	1616.75	0	1616.75
392.066	1656.25	0	1656.25
392.2	1852	0	1852
392.333	2330.75	0	2330.75
392.467	2020.75	0	2020.75
392.6	1643	0	1643
392.734	1809.25	0	1809.25
392.867	2150.5	0	2150.5
393.001	1627.5	0	1627.5
393.134	1389.5	0	1389.5
393.267	1417	0	1417
393.401	1251.75	0	1251.75
393.534	1138.25	0	1138.25
393.668	1073.75	0	1073.75
393.801	1013.25	0	1013.25
393.934	1052.5	0	1052.5
394.068	1088.5	0	1088.5
394.201	1160.75	0	1160.75
394.334	1339	0	1339
394.468	1640.75	0	1640.75
394.601	2692.75	0	2692.75
394.734	3407.75	0	3407.75
394.867	2496	0	2496
395.001	1760	0	1760
395.134	1608.5	0	1608.5
395.267	1747	0	1747
395.4	2691.5	0	2691.5
395.533	3736	0	3736
395.667	3947.5	0	3947.5
395.8	3338.25	0	3338.25
395.933	2427.5	0	2427.5
396.066	2437.75	0	2437.75
396.199	2772.5	0	2772.5
396.332	2515.25	0	2515.25
396.465	1645.75	0	1645.75
396.598	1312.75	0	1312.75
396.732	1257.5	0	1257.5
396.865	1163.75	0	1163.75
396.998	1109.25	0	1109.25
397.131	1096.5	0	1096.5
397.264	1130.5	0	1130.5
397.397	1156.25	0	1156.25
397.53	1202	0	1202
397.663	1356.75	0	1356.75
397.796	1654.75	0	1654.75
397.928	2620.75	0	2620.75
398.061	3673.25	0	3673.25
398.194	2949	0	2949
398.327	2143.5	0	2143.5
398.46	1875.5	0	1875.5
398.593	2050.5	0	2050.5
398.726	2831.75	0	2831.75
398.859	3688.5	0	3688.5
398.991	3012.25	0	3012.25
399.124	2136.75	0	2136.75
399.257	1919.75	0	1919.75
399.39	1936	0	1936
399.523	2409.25	0	2409.25
399.655	3628.75	0	3628.75
399.788	4078	0	4078
399.921	2931.5	0	2931.5
400.054	2235	0	2235
400.186	1961.25	0	1961.25
400.319	1770	0	1770
400.452	1683.5	0	1683.5
400.584	1950.25	0	1950.25
400.717	2634.5	0	2634.5
400.85	2600.75	0	2600.75
400.982	1786.5	0	1786.5
401.115	1611.75	0	1611.75
401.247	1683.25	0	1683.25
401.38	1724.75	0	1724.75
401.513	1719.5	0	1719.5
401.645	1694.25	0	1694.25
401.778	1587	0	1587
401.91	1546.75	0	1546.75
402.043	1759	0	1759
402.175	1990.25	0	1990.25
402.308	2802.25	0	2802.25
402.44	2549.5	0	2549.5
402.573	2078	0	2078
402.705	1718	0	1718
402.837	1836.75	0	1836.75
402.97	1862.75	0	1862.75
403.102	1602.25	0	1602.25
403.235	1508.5	0	1508.5
403.367	1554.5	0	1554.5
403.499	1471	0	1471
403.632	1308.5	0	1308.5
403.764	1212.25	0	1212.25
403.896	1215.75	0	1215.75
404.029	1115.25	0	1115.25
404.161	1096.5	0	1096.5
404.293	1108.25	0	1108.25
404.425	1085.25	0	1085.25
404.558	1081	0	1081
404.69	1098.75	0	1098.75
404.822	1062.25	0	1062.25
404.954	1056.25	0	1056.25
405.086	1110.25	0	1110.25
405.219	1292.5	0	1292.5
405.351	1628.5	0	1628.5
405.483	1517.25	0	1517.25
405.615	1456.25	0	1456.25
405.747	1466.25	0	1466.25
405.879	1866.75	0	1866.75
406.011	1566.25	0	1566.25
406.143	1406.25	0	1406.25
406.275	1816.25	0	1816.25
406.407	2022.25	0	2022.25
406.539	1425	0	1425
406.672	1233.75	0	1233.75
406.803	1187.75	0	1187.75
406.935	1142.75	0	1142.75
407.067	1074.75	0	1074.75
407.199	1076.5	0	1076.5
407.331	1073	0	1073
407.463	1230.5	0	1230.5
407.595	1736.5	0	1736.5
407.727	2289	0	2289
407.859	1809.25	0	1809.25
407.991	1479.5	0	1479.5
408.123	1638.75	0	1638.75
408.255	1325.75	0	1325.75
408.386	1048	0	1048
408.518	972.75	0	972.75
408.65	956.75	0	956.75
408.782	895.5	0	895.5
408.914	900	0	900
409.045	853	0	853
409.177	828.5	0	828.5
409.309	844	0	844
409.44	844.25	0	844.25
409.572	883.5	0	883.5
409.704	1012.5	0	1012.5
409.836	1060.75	0	1060.75
409.967	957	0	957
410.099	855.25	0	855.25
410.23	835.75	0	835.75
410.362	829.25	0	829.25
410.494	833	0	833
410.625	855	0	855
410.757	907.75	0	907.75
410.888	927	0	927
411.02	1110.75	0	1110.75
411.152	1513.5	0	1513.5
411.283	1107.5	0	1107.5
411.415	977	0	977
411.546	969	0	969
411.677	976.5	0	976.5
411.809	1020.75	0	1020.75
411.94	1145.75	0	1145.75
412.072	1430	0	1430
412.203	1516	0	1516
412.335	1342.25	0	1342.25
412.466	1234	0	1234
412.597	1369.5	0	1369.5
412.729	1381.5	0	1381.5
412.86	1260.5	0	1260.5
412.991	1196.75	0	1196.75
413.123	1104	0	1104
413.254	1059.25	0	1059.25
413.385	1059.25	0	1059.25
413.517	1210.75	0	1210.75
413.648	1258.5	0	1258.5
413.779	1104	0	1104
413.91	1139.75	0	1139.75
414.042	1103.25	0	1103.25
414.173	1264.5	0	1264.5
414.304	1114.75	0	1114.75
414.435	1094.5	0	1094.5
414.566	1028	0	1028
414.697	1049.75	0	1049.75
414.828	1179.75	0	1179.75
414.96	1431.5	0	1431.5
415.091	1241.75	0	1241.75
415.222	1080.5	0	1080.5
415.353	1057	0	1057
415.484	1008.5	0	1008.5
415.615	1055.75	0	1055.75
415.746	1213.5	0	1213.5
415.877	1313.25	0	1313.25
416.008	1108.5	0	1108.5
416.139	1096.75	0	1096.75
416.27	1089.5	0	1089.5
416.401	1175.75	0	1175.75
416.532	1098.75	0	1098.75
416.663	1099.25	0	1099.25
416.794	1216	0	1216
416.925	1238.75	0	1238.75
417.055	1225.5	0	1225.5
417.186	1135	0	1135
417.317	1130.75	0	1130.75
417.448	1075.5	0	1075.5
417.579	986	0	986
417.71	993.25	0	993.25
417.84	1048.5	0	1048.5
417.971	972	0	972
418.102	1059.25	0	1059.25
418.233	1120.5	0	1120.5
418.363	1389.25	0	1389.25
418.494	1857.25	0	1857.25
418.625	1517.5	0	1517.5
418.756	1283.75	0	1283.75
418.886	1087.25	0	1087.25
419.017	1003.25	0	1003.25
419.148	923.75	0	923.75
419.278	958.25	0	958.25
419.409	890	0	890
419.539	939.75	0	939.75
419.67	905.75	0	905.75
419.801	933	0	933
419.931	1035.75	0	1035.75
420.062	1107	0	1107
420.192	1178	0	1178
420.323	1133	0	1133
420.453	995	0	995
420.584	971.5	0	971.5
420.714	937	0	937
420.845	991	0	991
420.975	980	0	980
421.106	996	0	996
421.236	926.25	0	926.25
421.366	963	0	963
421.497	924	0	924
421.627	932.5	0	932.5
421.757	943	0	943
421.888	927.75	0	927.75
422.018	968	0	968
422.148	974	0	974
422.279	1157.25	0	1157.25
422.409	1428	0	1428
422.539	2188.5	0	2188.5
422.67	1677	0	1677
422.8	1237	0	1237
422.93	1063.75	0	1063.75
423.06	1041	0	1041
423.19	1018.75	0	1018.75
423.321	1047	0	1047
423.451	1057.5	0	1057.5
423.581	1256	0	1256
423.711	1294	0	1294
423.841	1131.5	0	1131.5
423.971	1030	0	1030
424.101	1009.25	0	1009.25
424.231	995	0	995
424.361	1010	0	1010
424.492	1075.75	0	1075.75
424.622	1066	0	1066
424.752	1149.75	0	1149.75
424.882	1192.5	0	1192.5
425.012	1245	0	1245
425.142	1197.5	0	1197.5
425.271	1255	0	1255
425.401	1300.5	0	1300.5
425.531	1467.25	0	1467.25
425.661	1419	0	1419
425.791	1386.25	0	1386.25
425.921	1501	0	1501
426.051	1901.75	0	1901.75
426.181	2360.75	0	2360.75
426.311	1938.5	0	1938.5
426.44	1684.75	0	1684.75
426.57	1598	0	1598
426.7	1432	0	1432
426.83	1543	0	1543
426.96	1668.25	0	1668.25
427.089	1870.5	0	1870.5
427.219	2311	0	2311
427.349	2689.5	0	2689.5
427.479	2321	0	2321
427.608	2148.75	0	2148.75
427.738	2174.25	0	2174.25
427.868	2021	0	2021
427.997	2444.25	0	2444.25
428.127	2558.5	0	2558.5
428.256	2577.5	0	2577.5
428.386	3348.75	0	3348.75
428.516	4137	0	4137
428.645	4236.75	0	4236.75
428.775	4237.25	0	4237.25
428.904	4115.75	0	4115.75
429.034	3543.5	0	3543.5
429.163	2548.5	0	2548.5
429.293	2415	0	2415
429.422	3369.75	0	3369.75
429.552	3182.5	0	3182.5
429.681	4008.75	0	4008.75
429.811	5447.25	0	5447.25
429.94	5986.5	0	5986.5
430.069	4425	0	4425
430.199	3238.75	0	3238.75
430.328	3454.5	0	3454.5
430.458	4920.75	0	4920.75
430.587	3829.75	0	3829.75
430.716	2819	0	2819
430.846	2251.5	0	2251.5
430.975	1969.75	0	1969.75
431.104	1886.5	0	1886.5
431.233	2316.5	0	2316.5
431.363	3162.5	0	3162.5
431.492	2309.25	0	2309.25
431.621	1920.5	0	1920.5
431.75	2133.75	0	2133.75
431.88	1858.25	0	1858.25
432.009	1933.75	0	1933.75
432.138	1829.75	0	1829.75
432.267	1690.25	0	1690.25
432.396	2096	0	2096
432.525	2163.75	0	2163.75
432.654	1579.5	0	1579.5
432.784	1347	0	1347
432.913	1222.75	0	1222.75
433.042	1151.5	0	1151.5
433.171	1111	0	1111
433.3	1133.75	0	1133.75
433.429	1108	0	1108
433.558	1114.5	0	1114.5
433.687	1113.25	0	1113.25
433.816	1063	0	1063
433.945	1031.5	0	1031.5
434.074	1020	0	1020
434.203	1077.25	0	1077.25
434.332	1079.75	0	1079.75
434.46	1167	0	1167
434.589	1072.25	0	1072.25
434.718	969	0	969
434.847	961.25	0	961.25
434.976	915	0	915
435.105	959	0	959
435.233	1027.75	0	1027.75
435.362	1066	0	1066
435.491	1007.75	0	1007.75
435.62	993	0	993
435.749	981	0	981
435.877	1072	0	1072
436.006	1132	0	1132
436.135	976	0	976
436.263	959.5	0	959.5
436.392	938.5	0	938.5
436.521	934.5	0	934.5
436.649	992	0	992
436.778	1153	0	1153
436.907	1073.25	0	1073.25
437.035	1049.25	0	1049.25
437.164	1077.25	0	1077.25
437.292	949	0	949
437.421	974	0	974
437.549	951.75	0	951.75
437.678	853.25	0	853.25
437.806	847.25	0	847.25
437.935	875	0	875
438.063	878.5	0	878.5
438.192	878	0	878
438.32	931.75	0	931.75
438.449	899.75	0	899.75
438.577	969	0	969
438.706	1112.75	0	1112.75
438.834	1027	0	1027
438.962	1044	0	1044
439.091	1112.5	0	1112.5
439.219	1477.5	0	1477.5
439.347	1507.5	0	1507.5
439.476	1250.5	0	1250.5
439.604	1116.5	0	1116.5
439.732	1023.75	0	1023.75
439.86	1052.25	0	1052.25
439.989	1130.25	0	1130.25
440.117	1110.25	0	1110.25
440.245	1709.25	0	1709.25
440.373	1963.5	0	1963.5
440.501	1382.25	0	1382.25
440.63	1152.25	0	1152.25
440.758	1038.75	0	1038.75
440.886	1022.75	0	1022.75
441.014	1033.25	0	1033.25
441.142	1050.75	0	1050.75
441.27	1072.25	0	1072.25
441.398	1212	0	1212
441.526	1748	0	1748
441.654	1805.75	0	1805.75
441.782	1353	0	1353
441.91	1308.25	0	1308.25
442.038	1684.5	0	1684.5
442.166	1806.5	0	1806.5
442.294	1634	0	1634
442.422	2032	0	2032
442.55	2842.25	0	2842.25
442.678	2297.75	0	2297.75
442.806	1793.75	0	1793.75
442.934	1846.5	0	1846.5
443.062	1689	0	1689
443.19	1785.75	0	1785.75
443.318	2038	0	2038
443.445	1624	0	1624
443.573	1670.25	0	1670.25
443.701	1501.5	0	1501.5
443.829	1589	0	1589
443.957	1861	0	1861
444.084	1586.5	0	1586.5
444.212	1531.25	0	1531.25
444.34	1602.75	0	1602.75
444.467	1420.5	0	1420.5
444.595	1659	0	1659
444.723	2430.25	0	2430.25
444.85	3124.25	0	3124.25
444.978	3143.5	0	3143.5
445.106	2793.25	0	2793.25
445.233	3803.5	0	3803.5
445.361	3658.75	0	3658.75
445.489	3372.75	0	3372.75
445.616	3667.75	0	3667.75
445.744	2739.75	0	2739.75
445.871	1983.75	0	1983.75
445.999	1806	0	1806
446.126	1928.5	0	1928.5
446.254	2133	0	2133
446.381	2086.5	0	2086.5
446.509	2190.5	0	2190.5
446.636	1730	0	1730
446.764	1568.25	0	1568.25
446.891	1778	0	1778
447.018	2247.25	0	2247.25
447.146	1641.75	0	1641.75
447.273	1609	0	1609
447.4	1775.25	0	1775.25
447.528	1491.5	0	1491.5
447.655	1485.75	0	1485.75
447.782	1792.5	0	1792.5
447.91	2408	0	2408
448.037	2760.75	0	2760.75
448.164	2130.25	0	2130.25
448.291	1629.5	0	1629.5
448.419	1528.25	0	1528.25
448.546	1457	0	1457
448.673	1644	0	1644
448.8	2215.75	0	2215.75
448.927	1619.25	0	1619.25
449.055	1397.75	0	1397.75
449.182	1456.5	0	1456.5
449.309	1505	0	1505
449.436	2095	0	2095
449.563	2060.75	0	2060.75
449.69	1682.5	0	1682.5
449.817	1439.25	0	1439.25
449.944	1431.5	0	1431.5
450.071	1376	0	1376
450.198	1444	0	1444
450.325	1480.25	0	1480.25
450.452	1481.75	0	1481.75
450.579	1477.75	0	1477.75
450.706	1553.5	0	1553.5
450.833	1595	0	1595
450.96	1823.75	0	1823.75
451.087	2725.5	0	2725.5
451.214	3051.5	0	3051.5
451.341	2157.25	0	2157.25
451.467	2054.5	0	2054.5
451.594	2778.5	0	2778.5
451.721	3827.25	0	3827.25
451.848	2581.75	0	2581.75
451.975	2242.25	0	2242.25
452.101	3033.25	0	3033.25
452.228	3240.75	0	3240.75
452.355	2270.25	0	2270.25
452.482	2295.5	0	2295.5
452.608	3347.25	0	3347.25
452.735	2659.25	0	2659.25
452.862	2364.5	0	2364.5
452.988	2719.25	0	2719.25
453.115	4059.75	0	4059.75
453.242	5892.75	0	5892.75
453.368	6397.75	0	6397.75
453.495	6004.75	0	6004.75
453.621	3903.75	0	3903.75
453.748	3046	0	3046
453.875	2638	0	2638
454.001	2363.5	0	2363.5
454.128	2131.5	0	2131.5
454.254	2522	0	2522
454.381	3314	0	3314
454.507	2314	0	2314
454.633	2497.25	0	2497.25
454.76	3629.75	0	3629.75
454.886	2749	0	2749
455.013	2687	0	2687
455.139	3806	0	3806
455.266	2832.75	0	2832.75
455.392	3363.5	0	3363.5
455.518	2798	0	2798
455.645	2073	0	2073
455.771	1763	0	1763
455.897	1739.5	0	1739.5
456.023	1545.25	0	1545.25
456.15	1774.5	0	1774.5
456.276	1589.75	0	1589.75
456.402	1405	0	1405
456.528	1312.75	0	1312.75
456.655	1251.75	0	1251.75
456.781	1190.25	0	1190.25
456.907	1206.5	0	1206.5
457.033	1279	0	1279
457.159	1318.5	0	1318.5
457.285	1196.5	0	1196.5
457.411	1177.25	0	1177.25
457.538	1121.75	0	1121.75
457.664	1127	0	1127
457.79	1085.25	0	1085.25
457.916	1048.75	0	1048.75
458.042	1073.75	0	1073.75
458.168	1042.5	0	1042.5
458.294	1113	0	1113
458.42	1193.75	0	1193.75
458.546	1168.5	0	1168.5
458.672	1137.5	0	1137.5
458.798	1165.25	0	1165.25
458.924	1197.5	0	1197.5
459.049	1208.5	0	1208.5
459.175	1176.25	0	1176.25
459.301	1215.25	0	1215.25
459.427	1201.75	0	1201.75
459.553	1156.25	0	1156.25
459.679	1173.25	0	1173.25
459.805	1298.75	0	1298.75
459.93	1191.75	0	1191.75
460.056	1154	0	1154
460.182	1111.25	0	1111.25
460.308	1116.25	0	1116.25
460.433	1102.5	0	1102.5
460.559	1055	0	1055
460.685	1103	0	1103
460.81	1111.75	0	1111.75
460.936	1114.75	0	1114.75
461.062	1147.75	0	1147.75
461.187	1180	0	1180
461.313	1239	0	1239
461.439	1517.5	0	1517.5
461.564	2549.5	0	2549.5
461.69	2479	0	2479
461.815	1669	0	1669
461.941	1470	0	1470
462.066	1714.75	0	1714.75
462.192	2410.25	0	2410.25
462.317	1777	0	1777
462.443	1514	0	1514
462.568	1435	0	1435
462.694	1586.5	0	1586.5
462.819	2167.25	0	2167.25
462.944	1632.5	0	1632.5
463.07	1437.5	0	1437.5
463.195	1412.5	0	1412.5
463.321	1510.25	0	1510.25
463.446	1519.25	0	1519.25
463.571	1601.25	0	1601.25
463.697	2024.75	0	2024.75
463.822	3329.75	0	3329.75
463.947	2630.75	0	2630.75
464.072	1719.75	0	1719.75
464.198	1550.25	0	1550.25
464.323	1681.5	0	1681.5
464.448	1729	0	1729
464.573	1446.5	0	1446.5
464.698	1310.5	0	1310.5
464.824	1569.75	0	1569.75
464.949	1562.25	0	1562.25
465.074	1309	0	1309
465.199	1332.75	0	1332.75
465.324	1375.25	0	1375.25
465.449	2151.5	0	2151.5
465.574	2504.25	0	2504.25
465.699	1532.5	0	1532.5
465.824	1372	0	1372
465.949	1189.75	0	1189.75
466.074	1223.75	0	1223.75
466.199	1223.75	0	1223.75
466.324	1189.75	0	1189.75
466.449	1359.5	0	1359.5
466.574	2322.5	0	2322.5
466.699	2710.5	0	2710.5
466.824	1781	0	1781
466.949	1498.5	0	1498.5
467.074	1483.25	0	1483.25
467.199	1368.75	0	1368.75
467.323	1607.75	0	1607.75
467.448	1682	0	1682
467.573	1536.75	0	1536.75
467.698	1442.75	0	1442.75
467.823	1459.5	0	1459.5
467.947	1914	0	1914
468.072	3360	0	3360
468.197	2110.5	0	2110.5
468.322	1600.5	0	1600.5
468.446	1445.75	0	1445.75
468.571	1493.5	0	1493.5
468.696	1530.5	0	1530.5
468.82	1511.25	0	1511.25
468.945	2040.75	0	2040.75
469.069	2225	0	2225
469.194	1701.25	0	1701.25
469.319	1505.25	0	1505.25
469.443	1349.25	0	1349.25
469.568	1481.5	0	1481.5
469.692	1912	0	1912
469.817	2031.75	0	2031.75
469.941	1516.75	0	1516.75
470.066	1355.25	0	1355.25
470.19	1266.25	0	1266.25
470.315	1256	0	1256
470.439	1251	0	1251
470.563	1267.5	0	1267.5
470.688	1357.75	0	1357.75
470.812	1615.75	0	1615.75
470.937	1966	0	1966
471.061	1484.5	0	1484.5
471.185	1322.75	0	1322.75
471.31	1394	0	1394
471.434	1594	0	1594
471.558	1429.5	0	1429.5
471.682	1291.25	0	1291.25
471.807	1344.5	0	1344.5
471.931	1392	0	1392
472.055	1593.5	0	1593.5
472.179	2155.25	0	2155.25
472.303	1651.75	0	1651.75
472.428	1402.25	0	1402.25
472.552	1316.5	0	1316.5
472.676	1383.25	0	1383.25
472.8	1360.25	0	1360.25
472.924	1507.5	0	1507.5
473.048	1571.75	0	1571.75
473.172	1554.25	0	1554.25
473.296	1538.75	0	1538.75
473.42	1424.75	0	1424.75
473.544	1418.75	0	1418.75
473.668	1389.5	0	1389.5
473.792	1409.25	0	1409.25
473.916	1443	0	1443
474.04	1746	0	1746
474.164	2468.5	0	2468.5
474.288	1817.25	0	1817.25
474.412	1499.25	0	1499.25
474.536	1459.5	0	1459.5
474.66	1499.5	0	1499.5
474.784	1378.75	0	1378.75
474.908	1374.75	0	1374.75
475.031	1412.75	0	1412.75
475.155	1389.75	0	1389.75
475.279	1433.75	0	1433.75
475.403	1539.5	0	1539.5
475.526	1791	0	1791
475.65	3025	0	3025
475.774	4161.5	0	4161.5
475.898	2943	0	2943
476.021	2483.25	0	2483.25
476.145	2262	0	2262
476.269	2125.5	0	2125.5
476.392	2216.25	0	2216.25
476.516	2304.5	0	2304.5
476.64	2118.75	0	2118.75
476.763	2094.5	0	2094.5
476.887	2202.75	0	2202.75
477.01	2091.25	0	2091.25
477.134	2003.25	0	2003.25
477.257	1942	0	1942
477.381	1939.75	0	1939.75
477.504	1863.5	0	1863.5
477.628	2105.25	0	2105.25
477.751	2348.25	0	2348.25
477.875	2012	0	2012
477.998	2106	0	2106
478.122	2001.25	0	2001.25
478.245	1920.75	0	1920.75
478.368	1842.75	0	1842.75
478.492	1767	0	1767
478.615	1820	0	1820
478.738	1831.25	0	1831.25
478.862	1841.5	0	1841.5
478.985	1894.5	0	1894.5
479.108	2322	0	2322
479.231	2101.5	0	2101.5
479.355	1839.25	0	1839.25
479.478	2096.75	0	2096.75
479.601	2056.25	0	2056.25
479.724	2190.5	0	2190.5
479.848	2715.75	0	2715.75
479.971	2227.75	0	2227.75
480.094	2020.5	0	2020.5
480.217	2008.75	0	2008.75
480.34	2703.25	0	2703.25
480.463	3111.5	0	3111.5
480.586	2654.5	0	2654.5
480.709	2735.25	0	2735.25
480.832	2588	0	2588
480.955	2635.75	0	2635.75
481.078	2665.75	0	2665.75
481.201	2565.25	0	2565.25
481.324	2314.75	0	2314.75
481.447	2351.5	0	2351.5
481.57	2319.5	0	2319.5
481.693	2412.5	0	2412.5
481.816	2734.25	0	2734.25
481.939	3711	0	3711
482.062	2718.75	0	2718.75
482.185	2409.75	0	2409.75
482.307	2239.75	0	2239.75
482.43	2318.75	0	2318.75
482.553	2226	0	2226
482.676	2198.5	0	2198.5
482.799	2143	0	2143
482.921	2106	0	2106
483.044	2084.5	0	2084.5
483.167	2166	0	2166
483.29	2051.25	0	2051.25
483.412	2159	0	2159
483.535	2396.5	0	2396.5
483.658	2263.25	0	2263.25
483.78	2344.5	0	2344.5
483.903	3500.25	0	3500.25
484.025	3880	0	3880
484.148	2442.25	0	2442.25
484.271	2300.75	0	2300.75
484.393	2141.25	0	2141.25
484.516	2198.75	0	2198.75
484.638	2300.5	0	2300.5
484.761	2750.25	0	2750.25
484.883	2395.5	0	2395.5
485.006	2447.75	0	2447.75
485.128	2465	0	2465
485.251	2464.75	0	2464.75
485.373	3013.25	0	3013.25
485.495	4079.75	0	4079.75
485.618	3078	0	3078
485.74	2513	0	2513
485.863	2274	0	2274
485.985	2283.25	0	2283.25
486.107	2228.5	0	2228.5
486.229	2416.5	0	2416.5
486.352	2428	0	2428
486.474	2260.5	0	2260.5
486.596	2588.75	0	2588.75
486.719	3771.25	0	3771.25
486.841	3794.75	0	3794.75
486.963	3533.5	0	3533.5
487.085	2516.25	0	2516.25
487.207	2221.5	0	2221.5
487.329	2148.25	0	2148.25
487.452	2093	0	2093
487.574	1970.25	0	1970.25
487.696	2102.25	0	2102.25
487.818	2106.25	0	2106.25
487.94	2276.25	0	2276.25
488.062	2324.5	0	2324.5
488.184	2402.75	0	2402.75
488.306	3299.75	0	3299.75
488.428	4229.25	0	4229.25
488.55	2597.75	0	2597.75
488.672	2209.25	0	2209.25
488.794	2032.5	0	2032.5
488.916	1916.5	0	1916.5
489.038	1997.25	0	1997.25
489.16	2134	0	2134
489.281	2113.25	0	2113.25
489.403	1935.25	0	1935.25
489.525	2017.25	0	2017.25
489.647	2141.25	0	2141.25
489.769	2753	0	2753
489.891	4116.25	0	4116.25
490.012	2598.75	0	2598.75
490.134	2140.25	0	2140.25
490.256	1982.75	0	1982.75
490.378	1873	0	1873
490.499	1777.25	0	1777.25
490.621	1785	0	1785
490.743	1937.75	0	1937.75
490.864	1901.5	0	1901.5
490.986	1876.5	0	1876.5
491.108	2206.75	0	2206.75
491.229	3820	0	3820
491.351	2756.5	0	2756.5
491.472	2193.75	0	2193.75
491.594	1931.25	0	1931.25
491.715	1895	0	1895
491.837	2626.5	0	2626.5
491.958	2498.75	0	2498.75
492.08	2928	0	2928
492.201	2039.25	0	2039.25
492.323	1863	0	1863
492.444	2197.25	0	2197.25
492.566	2012	0	2012
492.687	2557.5	0	2557.5
492.808	2177.25	0	2177.25
492.93	1723.5	0	1723.5
493.051	1614.75	0	1614.75
493.172	1622	0	1622
493.294	1574.75	0	1574.75
493.415	1574.75	0	1574.75
493.536	1630.75	0	1630.75
493.658	2188.5	0	2188.5
493.779	1944	0	1944
493.9	1565.5	0	1565.5
494.021	1770	0	1770
494.143	1556	0	1556
494.264	1508.25	0	1508.25
494.385	1469.5	0	1469.5
494.506	1430.25	0	1430.25
494.627	1570.5	0	1570.5
494.748	1587	0	1587
494.869	1439.75	0	1439.75
494.99	1386.75	0	1386.75
495.111	1370.25	0	1370.25
495.232	1525.25	0	1525.25
495.353	2541.5	0	2541.5
495.475	2807	0	2807
495.595	3123.5	0	3123.5
495.716	3140.25	0	3140.25
495.837	2915.25	0	2915.25
495.958	2832.25	0	2832.25
496.079	2805	0	2805
496.2	2883.75	0	2883.75
496.321	3017.25	0	3017.25
496.442	2933.75	0	2933.75
496.563	2899.25	0	2899.25
496.684	2972.5	0	2972.5
496.804	3046	0	3046
496.925	2881.75	0	2881.75
497.046	2818.5	0	2818.5
497.167	3145.25	0	3145.25
497.287	3145.75	0	3145.75
497.408	3617.5	0	3617.5
497.529	3297.5	0	3297.5
497.65	3898.25	0	3898.25
497.77	4128.25	0	4128.25
497.891	4510.5	0	4510.5
498.012	7326.25	0	7326.25
498.132	6810.25	0	6810.25
498.253	4391.75	0	4391.75
498.373	3629.75	0	3629.75
498.494	3333.25	0	3333.25
498.614	3320.75	0	3320.75
498.735	4026.25	0	4026.25
498.856	5070.5	0	5070.5
498.976	7746	0	7746
499.096	5425.75	0	5425.75
499.217	3907.5	0	3907.5
499.337	3490.75	0	3490.75
499.458	3367.75	0	3367.75
499.578	4215.5	0	4215.5
499.699	4466	0	4466
499.819	7579.25	0	7579.25
499.939	6191	0	6191
500.06	4616	0	4616
500.18	3928.75	0	3928.75
500.3	3654.5	0	3654.5
500.421	3862.75	0	3862.75
500.541	5982	0	5982
500.661	6562	0	6562
500.781	4445	0	4445
500.902	3992.25	0	3992.25
501.022	3576.5	0	3576.5
501.142	4550	0	4550
501.262	7364	0	7364
501.382	6510.5	0	6510.5
501.502	6060.75	0	6060.75
501.623	4149.75	0	4149.75
501.743	3700.5	0	3700.5
501.863	5608	0	5608
501.983	4479.75	0	4479.75
502.103	4944	0	4944
502.223	5554	0	5554
502.343	5741.75	0	5741.75
502.463	5408.5	0	5408.5
502.583	3485.5	0	3485.5
502.703	2967	0	2967
502.823	2804.5	0	2804.5
502.943	2651.5	0	2651.5
503.063	2769.75	0	2769.75
503.182	2765.75	0	2765.75
503.302	3118.5	0	3118.5
503.422	5404.75	0	5404.75
503.542	7078.25	0	7078.25
503.662	5522.5	0	5522.5
503.782	5691	0	5691
503.901	5833.25	0	5833.25
504.021	3545	0	3545
504.141	2905.75	0	2905.75
504.261	3275.75	0	3275.75
504.38	2822	0	2822
504.5	2631.75	0	2631.75
504.62	2304	0	2304
504.739	2378.5	0	2378.5
504.859	2373	0	2373
504.979	2392	0	2392
505.098	2572.5	0	2572.5
505.218	2802.5	0	2802.5
505.338	2373.75	0	2373.75
505.457	2235	0	2235
505.577	2144	0	2144
505.696	2125.75	0	2125.75
505.816	2161.25	0	2161.25
505.935	2094	0	2094
506.055	2577	0	2577
506.174	2604.5	0	2604.5
506.293	4442	0	4442
506.413	4560.75	0	4560.75
506.532	2980	0	2980
506.652	2274.5	0	2274.5
506.771	2336.75	0	2336.75
506.89	2132.5	0	2132.5
507.01	2471	0	2471
507.129	2147	0	2147
507.248	1899.75	0	1899.75
507.368	1810.5	0	1810.5
507.487	1761.75	0	1761.75
507.606	1752	0	1752
507.725	1696	0	1696
507.844	1694.5	0	1694.5
507.964	1595.75	0	1595.75
508.083	1709.5	0	1709.5
508.202	1632.5	0	1632.5
508.321	1798	0	1798
508.44	1852.25	0	1852.25
508.559	2305	0	2305
508.678	2015.75	0	2015.75
508.797	1746.75	0	1746.75
508.916	1714	0	1714
509.035	1563.75	0	1563.75
509.154	1665.5	0	1665.5
509.273	1564.5	0	1564.5
509.392	1673	0	1673
509.511	1502.5	0	1502.5
509.63	1572.5	0	1572.5
509.749	1516.75	0	1516.75
509.868	1537.25	0	1537.25
509.987	1587.5	0	1587.5
510.106	1497.75	0	1497.75
510.225	1594.75	0	1594.75
510.344	1518.5	0	1518.5
510.462	1430.25	0	1430.25
510.581	1562.75	0	1562.75
510.7	1459.5	0	1459.5
510.819	1719	0	1719
510.937	1561.75	0	1561.75
511.056	1582.75	0	1582.75
511.175	2150.5	0	2150.5
511.294	2157.75	0	2157.75
511.412	1644.5	0	1644.5
511.531	1536	0	1536
511.649	1594	0	1594
511.768	1707.25	0	1707.25
511.887	2415.5	0	2415.5
512.005	2206.75	0	2206.75
512.124	1656	0	1656
512.242	1499	0	1499
512.361	1481.75	0	1481.75
512.479	1437.75	0	1437.75
512.598	1558	0	1558
512.716	1425	0	1425
512.835	1393.5	0	1393.5
512.953	1388	0	1388
513.072	1353.5	0	1353.5
513.19	1338	0	1338
513.308	1359	0	1359
513.427	1330.25	0	1330.25
513.545	1291	0	1291
513.664	1351.25	0	1351.25
513.782	1369.5	0	1369.5
513.9	1361	0	1361
514.018	1348.25	0	1348.25
514.137	1386.5	0	1386.5
514.255	1452.75	0	1452.75
514.373	2194.75	0	2194.75
514.491	2444.5	0	2444.5
514.609	2686.75	0	2686.75
514.728	1927.25	0	1927.25
514.846	1451.5	0	1451.5
514.964	1480	0	1480
515.082	2407.75	0	2407.75
515.2	1731	0	1731
515.318	1359.75	0	1359.75
515.436	1310.25	0	1310.25
515.554	1237	0	1237
515.672	1260.5	0	1260.5
515.79	1236.5	0	1236.5
515.908	1231	0	1231
516.026	1241.75	0	1241.75
516.144	1215	0	1215
516.262	1223.25	0	1223.25
516.38	1257.75	0	1257.75
516.498	1668	0	1668
516.616	2980	0	2980
516.734	2987	0	2987
516.852	3326.75	0	3326.75
516.969	3217.5	0	3217.5
517.087	3384	0	3384
517.205	5095	0	5095
517.323	5151.5	0	5151.5
517.44	3390	0	3390
517.558	3027.75	0	3027.75
517.676	2885.5	0	2885.5
517.794	2840.5	0	2840.5
517.911	2808.75	0	2808.75
518.029	2730.5	0	2730.5
518.147	2708	0	2708
518.264	2738.25	0	2738.25
518.382	2729.75	0	2729.75
518.5	2799	0	2799
518.617	2743.25	0	2743.25
518.735	2713.5	0	2713.5
518.852	2806.25	0	2806.25
518.97	2910	0	2910
519.087	3941	0	3941
519.205	5688.25	0	5688.25
519.322	3632.75	0	3632.75
519.44	2793.75	0	2793.75
519.557	2578.5	0	2578.5
519.674	2516	0	2516
519.792	2457.75	0	2457.75
519.909	2502	0	2502
520.026	2619	0	2619
520.144	2429.75	0	2429.75
520.261	2435	0	2435
520.378	2404.5	0	2404.5
520.496	2748	0	2748
520.613	2724	0	2724
520.73	2902.5	0	2902.5
520.847	4274.5	0	4274.5
520.965	5552.25	0	5552.25
521.082	3316	0	3316
521.199	2668	0	2668
521.316	2377.25	0	2377.25
521.433	2199.25	0	2199.25
521.55	2222.25	0	2222.25
521.667	2241.5	0	2241.5
521.785	2470	0	2470
521.902	2726.75	0	2726.75
522.019	2229.75	0	2229.75
522.136	2489.75	0	2489.75
522.253	3318.75	0	3318.75
522.37	4135	0	4135
522.487	2843.5	0	2843.5
522.604	2379	0	2379
522.721	2254	0	2254
522.838	2084	0	2084
522.954	2043.5	0	2043.5
523.071	1984.75	0	1984.75
523.188	1901	0	1901
523.305	1943	0	1943
523.422	1910.5	0	1910.5
523.539	1897.25	0	1897.25
523.655	2046.5	0	2046.5
523.772	2288.5	0	2288.5
523.889	2212	0	2212
524.006	2506.25	0	2506.25
524.122	2214.25	0	2214.25
524.239	2144.75	0	2144.75
524.356	2114.25	0	2114.25
524.472	2239.5	0	2239.5
524.589	2513.25	0	2513.25
524.706	2190.75	0	2190.75
524.822	2123	0	2123
524.939	2145.75	0	2145.75
525.055	2573.25	0	2573.25
525.172	2274.75	0	2274.75
525.289	1981	0	1981
525.405	2048.5	0	2048.5
525.522	2077.5	0	2077.5
525.638	2037.75	0	2037.75
525.754	1842	0	1842
525.871	2045.5	0	2045.5
525.987	1989.25	0	1989.25
526.104	1892.25	0	1892.25
526.22	2024.5	0	2024.5
526.336	2085	0	2085
526.453	2421.25	0	2421.25
526.569	2303.75	0	2303.75
526.685	1972.75	0	1972.75
526.802	1932.75	0	1932.75
526.918	1875	0	1875
527.034	1833.75	0	1833.75
527.151	1783.5	0	1783.5
527.267	1779.5	0	1779.5
527.383	1726.5	0	1726.5
527.499	1681.5	0	1681.5
527.615	1674.5	0	1674.5
527.732	1618.75	0	1618.75
527.848	1787.75	0	1787.75
527.964	1694.75	0	1694.75
528.08	1909.25	0	1909.25
528.196	2295.75	0	2295.75
528.312	2150.5	0	2150.5
528.428	1811	0	1811
528.544	1648.5	0	1648.5
528.66	1721.25	0	1721.25
528.776	1735	0	1735
528.892	1699.25	0	1699.25
529.008	1589	0	1589
529.124	1605.25	0	1605.25
529.24	1598.75	0	1598.75
529.356	1625.5	0	1625.5
529.471	1955.75	0	1955.75
529.587	2043	0	2043
529.703	2008.25	0	2008.25
529.819	1802.5	0	1802.5
529.935	1694.25	0	1694.25
530.05	1487	0	1487
530.166	1541	0	1541
530.282	1464.25	0	1464.25
530.398	1431.25	0	1431.25
530.513	1453.25	0	1453.25
530.629	1503.5	0	1503.5
530.745	1557	0	1557
530.86	1491.25	0	1491.25
530.976	1604.25	0	1604.25
531.092	1593.25	0	1593.25
531.207	1556.75	0	1556.75
531.323	1564	0	1564
531.438	1515.75	0	1515.75
531.554	1520.25	0	1520.25
531.669	1507.25	0	1507.25
531.785	1500.5	0	1500.5
531.9	1467.5	0	1467.5
532.016	1448.5	0	1448.5
532.131	1447.75	0	1447.75
532.247	1435.75	0	1435.75
532.362	1471.25	0	1471.25
532.477	1411.25	0	1411.25
532.593	1464.25	0	1464.25
532.708	1556.5	0	1556.5
532.823	1480	0	1480
532.939	1412.25	0	1412.25
533.054	1475.25	0	1475.25
533.169	1437.75	0	1437.75
533.285	1394.25	0	1394.25
533.4	1450	0	1450
533.515	1456.75	0	1456.75
533.63	1411.25	0	1411.25
533.745	1464.5	0	1464.5
533.861	1395.25	0	1395.25
533.976	1467.5	0	1467.5
534.091	1444.5	0	1444.5
534.206	1410.25	0	1410.25
534.321	1411.25	0	1411.25
534.436	1361.75	0	1361.75
534.551	1397.75	0	1397.75
534.666	1332.25	0	1332.25
534.781	1306.25	0	1306.25
534.896	1385.75	0	1385.75
535.011	1467.5	0	1467.5
535.126	1398.5	0	1398.5
535.241	1331.75	0	1331.75
535.356	1269.25	0	1269.25
535.471	1392	0	1392
535.586	1436.75	0	1436.75
535.701	1453.75	0	1453.75
535.815	1570	0	1570
535.93	1584.25	0	1584.25
536.045	1475	0	1475
536.16	1467	0	1467