Lambda	Spectrum	Dark	SpecMinusDark
268.175	72.25	0	72.25
268.319	66	0	66
268.463	74.25	0	74.25
268.607	96.5	0	96.5
268.751	83.25	0	83.25
268.895	82.5	0	82.5
269.039	75	0	75
269.183	67	0	67
269.327	69.25	0	69.25
269.47	82.5	0	82.5
269.614	82.75	0	82.75
269.758	88.75	0	88.75
269.902	82.5	0	82.5
270.046	80.5	0	80.5
270.19	90.75	0	90.75
270.334	77.75	0	77.75
270.477	82.75	0	82.75
270.621	96.5	0	96.5
270.765	84.25	0	84.25
270.909	71.75	0	71.75
271.053	87.75	0	87.75
271.196	73.25	0	73.25
271.34	78.75	0	78.75
271.484	83.5	0	83.5
271.628	77.75	0	77.75
271.771	78.25	0	78.25
271.915	67.5	0	67.5
272.059	76.25	0	76.25
272.202	85.25	0	85.25
272.346	65.75	0	65.75
272.49	73	0	73
272.634	71.5	0	71.5
272.777	81	0	81
272.921	85	0	85
273.064	90.75	0	90.75
273.208	86.75	0	86.75
273.352	76.25	0	76.25
273.495	73.25	0	73.25
273.639	82.5	0	82.5
273.783	62.75	0	62.75
273.926	70.75	0	70.75
274.07	69.5	0	69.5
274.213	69.5	0	69.5
274.357	59.5	0	59.5
274.5	60.25	0	60.25
274.644	74.75	0	74.75
274.787	84.75	0	84.75
274.931	78	0	78
275.074	85.75	0	85.75
275.218	78	0	78
275.361	73.25	0	73.25
275.505	86.25	0	86.25
275.648	90	0	90
275.792	88.25	0	88.25
275.935	105.5	0	105.5
276.079	95	0	95
276.222	99.5	0	99.5
276.366	85.75	0	85.75
276.509	93.5	0	93.5
276.652	120	0	120
276.796	115	0	115
276.939	108	0	108
277.082	118.75	0	118.75
277.226	116	0	116
277.369	120	0	120
277.513	135.75	0	135.75
277.656	122	0	122
277.799	102.25	0	102.25
277.942	111.5	0	111.5
278.086	107.75	0	107.75
278.229	110.25	0	110.25
278.372	117.25	0	117.25
278.516	127.5	0	127.5
278.659	113	0	113
278.802	104.75	0	104.75
278.945	97.5	0	97.5
279.089	97.5	0	97.5
279.232	97	0	97
279.375	97.5	0	97.5
279.518	103.25	0	103.25
279.661	115.25	0	115.25
279.805	100.5	0	100.5
279.948	116.5	0	116.5
280.091	105.5	0	105.5
280.234	112	0	112
280.377	113	0	113
280.52	116.75	0	116.75
280.663	119.5	0	119.5
280.806	120.75	0	120.75
280.95	124.25	0	124.25
281.093	122	0	122
281.236	105.75	0	105.75
281.379	104.25	0	104.25
281.522	106.75	0	106.75
281.665	106	0	106
281.808	98.75	0	98.75
281.951	98.75	0	98.75
282.094	93	0	93
282.237	111.25	0	111.25
282.38	98.25	0	98.25
282.523	95.75	0	95.75
282.666	104.75	0	104.75
282.809	103.5	0	103.5
282.952	109	0	109
283.095	107.5	0	107.5
283.238	116.25	0	116.25
283.381	116.25	0	116.25
283.523	123.5	0	123.5
283.666	117.5	0	117.5
283.809	120.5	0	120.5
283.952	143	0	143
284.095	133	0	133
284.238	140.25	0	140.25
284.381	157.5	0	157.5
284.524	175.25	0	175.25
284.666	193.75	0	193.75
284.809	193.5	0	193.5
284.952	180	0	180
285.095	203.25	0	203.25
285.238	214	0	214
285.38	229.75	0	229.75
285.523	209	0	209
285.666	195	0	195
285.809	178	0	178
285.951	198.5	0	198.5
286.094	179.25	0	179.25
286.237	219	0	219
286.38	228.75	0	228.75
286.522	250.5	0	250.5
286.665	271	0	271
286.808	263.5	0	263.5
286.95	257.25	0	257.25
287.093	220.25	0	220.25
287.236	186.5	0	186.5
287.378	201	0	201
287.521	190.5	0	190.5
287.663	212.5	0	212.5
287.806	214	0	214
287.949	242.75	0	242.75
288.091	248.75	0	248.75
288.234	240.75	0	240.75
288.376	251.5	0	251.5
288.519	258	0	258
288.661	286.75	0	286.75
288.804	323.75	0	323.75
288.946	331.25	0	331.25
289.089	383.25	0	383.25
289.231	394.25	0	394.25
289.374	343.75	0	343.75
289.516	290.25	0	290.25
289.659	284.5	0	284.5
289.801	299	0	299
289.944	293	0	293
290.086	304.75	0	304.75
290.229	343.5	0	343.5
290.371	377	0	377
290.513	419	0	419
290.656	459.25	0	459.25
290.798	462.75	0	462.75
290.941	437	0	437
291.083	394.5	0	394.5
291.225	382.25	0	382.25
291.368	402	0	402
291.51	390.75	0	390.75
291.652	365.5	0	365.5
291.795	387.5	0	387.5
291.937	406.5	0	406.5
292.079	441.25	0	441.25
292.221	492.75	0	492.75
292.364	477	0	477
292.506	454.75	0	454.75
292.648	391.5	0	391.5
292.79	399.5	0	399.5
292.933	401.25	0	401.25
293.075	347	0	347
293.217	349.25	0	349.25
293.359	325.25	0	325.25
293.502	352	0	352
293.644	322.5	0	322.5
293.786	343.75	0	343.75
293.928	346	0	346
294.07	414	0	414
294.212	414.5	0	414.5
294.354	442	0	442
294.497	357.75	0	357.75
294.639	353.25	0	353.25
294.781	362.5	0	362.5
294.923	374.5	0	374.5
295.065	347	0	347
295.207	338.75	0	338.75
295.349	336.5	0	336.5
295.491	348.5	0	348.5
295.633	335.75	0	335.75
295.775	309.75	0	309.75
295.917	298.25	0	298.25
296.059	306	0	306
296.201	335.25	0	335.25
296.343	324.75	0	324.75
296.485	331.25	0	331.25
296.627	335	0	335
296.769	362.5	0	362.5
296.911	347	0	347
297.053	312.75	0	312.75
297.195	358.5	0	358.5
297.337	370	0	370
297.478	417	0	417
297.62	423	0	423
297.762	376.75	0	376.75
297.904	335.25	0	335.25
298.046	319.75	0	319.75
298.188	314	0	314
298.33	306.25	0	306.25
298.471	298.75	0	298.75
298.613	303.5	0	303.5
298.755	322.25	0	322.25
298.897	325.25	0	325.25
299.038	299	0	299
299.18	303.25	0	303.25
299.322	305.75	0	305.75
299.464	340	0	340
299.605	354.5	0	354.5
299.747	378.75	0	378.75
299.889	412	0	412
300.031	380.75	0	380.75
300.172	389	0	389
300.314	390	0	390
300.456	372.75	0	372.75
300.597	348.25	0	348.25
300.739	339.25	0	339.25
300.881	343.75	0	343.75
301.022	343.5	0	343.5
301.164	361.75	0	361.75
301.305	382.5	0	382.5
301.447	398.5	0	398.5
301.589	402.25	0	402.25
301.73	377.5	0	377.5
301.872	348.25	0	348.25
302.013	349	0	349
302.155	344.25	0	344.25
302.296	336.5	0	336.5
302.438	348.75	0	348.75
302.579	346	0	346
302.721	357.5	0	357.5
302.862	372.5	0	372.5
303.004	412.75	0	412.75
303.145	452.25	0	452.25
303.287	478.5	0	478.5
303.428	426	0	426
303.569	407.25	0	407.25
303.711	405.25	0	405.25
303.852	425.5	0	425.5
303.994	461.5	0	461.5
304.135	516.5	0	516.5
304.276	584	0	584
304.418	545	0	545
304.559	496	0	496
304.7	527.75	0	527.75
304.842	563	0	563
304.983	595	0	595
305.124	629.75	0	629.75
305.266	677	0	677
305.407	703.25	0	703.25
305.548	692	0	692
305.69	655.75	0	655.75
305.831	672.75	0	672.75
305.972	724.75	0	724.75
306.113	696	0	696
306.254	703.75	0	703.75
306.396	725.75	0	725.75
306.537	755.25	0	755.25
306.678	720.25	0	720.25
306.819	676.75	0	676.75
306.96	612.25	0	612.25
307.102	588.25	0	588.25
307.243	602.5	0	602.5
307.384	604.5	0	604.5
307.525	562.25	0	562.25
307.666	561.5	0	561.5
307.807	505	0	505
307.948	606	0	606
308.089	637.75	0	637.75
308.23	684.5	0	684.5
308.371	631.75	0	631.75
308.513	618.25	0	618.25
308.654	667.5	0	667.5
308.795	709.75	0	709.75
308.936	787.75	0	787.75
309.077	889.75	0	889.75
309.218	898.5	0	898.5
309.359	876.5	0	876.5
309.499	819.25	0	819.25
309.64	730.25	0	730.25
309.781	767.75	0	767.75
309.922	802.5	0	802.5
310.063	899.25	0	899.25
310.204	907.5	0	907.5
310.345	770	0	770
310.486	718.25	0	718.25
310.627	754.25	0	754.25
310.768	806	0	806
310.909	859.25	0	859.25
311.049	864.75	0	864.75
311.19	800.5	0	800.5
311.331	768.5	0	768.5
311.472	779	0	779
311.613	850	0	850
311.753	903.75	0	903.75
311.894	879.5	0	879.5
312.035	820.75	0	820.75
312.176	859.25	0	859.25
312.316	842	0	842
312.457	904.75	0	904.75
312.598	833.75	0	833.75
312.739	755.75	0	755.75
312.879	801.5	0	801.5
313.02	731.25	0	731.25
313.161	766.25	0	766.25
313.301	740.75	0	740.75
313.442	702.25	0	702.25
313.583	714.5	0	714.5
313.723	653	0	653
313.864	674	0	674
314.005	654.25	0	654.25
314.145	631	0	631
314.286	633.25	0	633.25
314.426	628.25	0	628.25
314.567	602.5	0	602.5
314.707	574.5	0	574.5
314.848	549.5	0	549.5
314.989	531.5	0	531.5
315.129	547	0	547
315.27	497	0	497
315.41	507.25	0	507.25
315.551	536.5	0	536.5
315.691	514.75	0	514.75
315.831	518.75	0	518.75
315.972	506	0	506
316.112	525	0	525
316.253	521.75	0	521.75
316.393	524.25	0	524.25
316.534	548.25	0	548.25
316.674	574.25	0	574.25
316.814	572.5	0	572.5
316.955	554.75	0	554.75
317.095	588	0	588
317.236	611	0	611
317.376	663.5	0	663.5
317.516	694.5	0	694.5
317.656	735.25	0	735.25
317.797	836.25	0	836.25
317.937	1070.5	0	1070.5
318.077	1164	0	1164
318.218	1211.25	0	1211.25
318.358	1209.5	0	1209.5
318.498	1366	0	1366
318.638	1419.5	0	1419.5
318.779	1337	0	1337
318.919	1198	0	1198
319.059	1127.25	0	1127.25
319.199	992.25	0	992.25
319.34	940.25	0	940.25
319.48	950.25	0	950.25
319.62	939.5	0	939.5
319.76	985	0	985
319.9	915.5	0	915.5
320.04	952	0	952
320.18	1022	0	1022
320.32	968.5	0	968.5
320.461	1063	0	1063
320.601	1035.5	0	1035.5
320.741	974.5	0	974.5
320.881	861.75	0	861.75
321.021	926.75	0	926.75
321.161	950.75	0	950.75
321.301	868.25	0	868.25
321.441	756	0	756
321.581	725.75	0	725.75
321.721	729.25	0	729.25
321.861	622.25	0	622.25
322.001	569	0	569
322.141	557	0	557
322.281	560.25	0	560.25
322.421	546.5	0	546.5
322.561	611.5	0	611.5
322.7	610.5	0	610.5
322.84	602.75	0	602.75
322.98	578.5	0	578.5
323.12	595.5	0	595.5
323.26	632.75	0	632.75
323.4	606	0	606
323.54	569.75	0	569.75
323.68	586.5	0	586.5
323.819	566.75	0	566.75
323.959	536.75	0	536.75
324.099	541.5	0	541.5
324.239	538.25	0	538.25
324.379	557.75	0	557.75
324.518	572.25	0	572.25
324.658	632.25	0	632.25
324.798	645.5	0	645.5
324.937	682.5	0	682.5
325.077	664.25	0	664.25
325.217	665	0	665
325.357	704.5	0	704.5
325.496	718.25	0	718.25
325.636	690.5	0	690.5
325.776	707.5	0	707.5
325.915	766.25	0	766.25
326.055	838.75	0	838.75
326.195	946	0	946
326.334	963.25	0	963.25
326.474	1001.5	0	1001.5
326.613	1111.5	0	1111.5
326.753	1174.75	0	1174.75
326.892	1212	0	1212
327.032	1329.5	0	1329.5
327.172	1249.75	0	1249.75
327.311	1207	0	1207
327.451	1250.25	0	1250.25
327.59	1214.75	0	1214.75
327.73	1097.25	0	1097.25
327.869	963.75	0	963.75
328.009	975.5	0	975.5
328.148	941.5	0	941.5
328.288	936.25	0	936.25
328.427	823	0	823
328.566	750.25	0	750.25
328.706	722.5	0	722.5
328.845	721.75	0	721.75
328.985	697.5	0	697.5
329.124	673.5	0	673.5
329.263	623.5	0	623.5
329.403	647.25	0	647.25
329.542	662.75	0	662.75
329.681	685.25	0	685.25
329.821	688	0	688
329.96	620.25	0	620.25
330.099	592	0	592
330.239	575.25	0	575.25
330.378	533	0	533
330.517	558	0	558
330.656	578.5	0	578.5
330.796	601.5	0	601.5
330.935	607	0	607
331.074	543	0	543
331.213	565.25	0	565.25
331.352	546.75	0	546.75
331.492	563.5	0	563.5
331.631	553	0	553
331.77	570.25	0	570.25
331.909	588	0	588
332.048	578.25	0	578.25
332.187	566.75	0	566.75
332.327	537.75	0	537.75
332.466	547	0	547
332.605	585.25	0	585.25
332.744	643	0	643
332.883	686.75	0	686.75
333.022	585.75	0	585.75
333.161	546.75	0	546.75
333.3	515.5	0	515.5
333.439	491.75	0	491.75
333.578	493.75	0	493.75
333.717	451.25	0	451.25
333.856	472.25	0	472.25
333.995	456	0	456
334.134	450.25	0	450.25
334.273	438.75	0	438.75
334.412	446	0	446
334.551	423.5	0	423.5
334.69	449	0	449
334.828	434	0	434
334.967	440.25	0	440.25
335.106	458.25	0	458.25
335.245	466.75	0	466.75
335.384	490.75	0	490.75
335.523	548	0	548
335.662	511	0	511
335.8	458.5	0	458.5
335.939	464.75	0	464.75
336.078	479.75	0	479.75
336.217	510.75	0	510.75
336.356	574	0	574
336.494	621.5	0	621.5
336.633	560.25	0	560.25
336.772	524.75	0	524.75
336.911	526.75	0	526.75
337.049	548.25	0	548.25
337.188	557.25	0	557.25
337.327	621	0	621
337.465	801.75	0	801.75
337.604	865.25	0	865.25
337.743	784.5	0	784.5
337.881	606	0	606
338.02	516	0	516
338.158	549.25	0	549.25
338.297	542	0	542
338.436	536	0	536
338.574	530	0	530
338.713	522.25	0	522.25
338.851	525	0	525
338.99	554.75	0	554.75
339.128	537	0	537
339.267	584.25	0	584.25
339.405	610.5	0	610.5
339.544	664.75	0	664.75
339.682	708.75	0	708.75
339.821	755.75	0	755.75
339.959	839.5	0	839.5
340.098	794.5	0	794.5
340.236	881.75	0	881.75
340.375	783.25	0	783.25
340.513	861.75	0	861.75
340.651	850.5	0	850.5
340.79	817.25	0	817.25
340.928	839.25	0	839.25
341.067	922	0	922
341.205	1007.75	0	1007.75
341.343	1064.75	0	1064.75
341.482	1134	0	1134
341.62	1152	0	1152
341.758	1082.25	0	1082.25
341.897	1027.75	0	1027.75
342.035	952.75	0	952.75
342.173	917	0	917
342.311	929.25	0	929.25
342.45	873	0	873
342.588	748.75	0	748.75
342.726	669.75	0	669.75
342.864	654.25	0	654.25
343.002	590	0	590
343.141	579.75	0	579.75
343.279	575.25	0	575.25
343.417	612.75	0	612.75
343.555	592.5	0	592.5
343.693	608.75	0	608.75
343.831	595.25	0	595.25
343.969	634	0	634
344.108	623.25	0	623.25
344.246	633	0	633
344.384	638.75	0	638.75
344.522	607	0	607
344.66	600.5	0	600.5
344.798	570	0	570
344.936	572	0	572
345.074	571.75	0	571.75
345.212	613	0	613
345.35	642	0	642
345.488	694.5	0	694.5
345.626	660.75	0	660.75
345.764	619.75	0	619.75
345.902	601.25	0	601.25
346.04	600.5	0	600.5
346.178	593.5	0	593.5
346.315	577.25	0	577.25
346.453	571.75	0	571.75
346.591	588	0	588
346.729	586	0	586
346.867	567.75	0	567.75
347.005	564.5	0	564.5
347.143	563.75	0	563.75
347.28	580.75	0	580.75
347.418	590	0	590
347.556	591.75	0	591.75
347.694	643.25	0	643.25
347.832	643.25	0	643.25
347.969	641.75	0	641.75
348.107	655.25	0	655.25
348.245	682.75	0	682.75
348.382	678	0	678
348.52	732	0	732
348.658	709.75	0	709.75
348.796	745	0	745
348.933	712.75	0	712.75
349.071	735	0	735
349.209	719.75	0	719.75
349.346	730.25	0	730.25
349.484	792.25	0	792.25
349.621	834.25	0	834.25
349.759	841.75	0	841.75
349.897	871.25	0	871.25
350.034	921.5	0	921.5
350.172	916	0	916
350.309	974.5	0	974.5
350.447	1000.25	0	1000.25
350.584	932.5	0	932.5
350.722	862.75	0	862.75
350.859	828.25	0	828.25
350.997	810.25	0	810.25
351.134	883.5	0	883.5
351.272	941.75	0	941.75
351.409	1011.25	0	1011.25
351.547	1185	0	1185
351.684	1179.5	0	1179.5
351.822	1101.75	0	1101.75
351.959	1080.75	0	1080.75
352.096	1054.5	0	1054.5
352.234	1024.75	0	1024.75
352.371	1050.75	0	1050.75
352.508	1091.25	0	1091.25
352.646	1176.75	0	1176.75
352.783	1410	0	1410
352.92	1550.25	0	1550.25
353.058	1560.25	0	1560.25
353.195	1704.5	0	1704.5
353.332	1758.25	0	1758.25
353.469	1378	0	1378
353.607	1160.5	0	1160.5
353.744	1149.5	0	1149.5
353.881	1088.5	0	1088.5
354.018	1207	0	1207
354.156	1390.75	0	1390.75
354.293	1515.75	0	1515.75
354.43	1580.5	0	1580.5
354.567	1390.25	0	1390.25
354.704	1214.75	0	1214.75
354.841	1194.75	0	1194.75
354.979	1224.75	0	1224.75
355.116	1295.75	0	1295.75
355.253	1456.5	0	1456.5
355.39	1574.25	0	1574.25
355.527	1690.75	0	1690.75
355.664	1527.25	0	1527.25
355.801	1303.25	0	1303.25
355.938	1202.25	0	1202.25
356.075	1184	0	1184
356.212	1146.25	0	1146.25
356.349	1125.5	0	1125.5
356.486	1133	0	1133
356.623	1218	0	1218
356.76	1337.5	0	1337.5
356.897	1427.5	0	1427.5
357.034	1518.25	0	1518.25
357.171	1510.25	0	1510.25
357.308	1500.5	0	1500.5
357.445	1396.5	0	1396.5
357.582	1263.75	0	1263.75
357.718	1224.5	0	1224.5
357.855	1241.5	0	1241.5
357.992	1262	0	1262
358.129	1327.25	0	1327.25
358.266	1282.75	0	1282.75
358.403	1241.75	0	1241.75
358.539	1254.5	0	1254.5
358.676	1369	0	1369
358.813	1595.5	0	1595.5
358.95	1686.75	0	1686.75
359.086	1793.75	0	1793.75
359.223	1650.25	0	1650.25
359.36	1394.25	0	1394.25
359.497	1248.75	0	1248.75
359.633	1113.75	0	1113.75
359.77	1077.75	0	1077.75
359.907	1116.5	0	1116.5
360.043	1086.5	0	1086.5
360.18	1087.75	0	1087.75
360.317	1158.75	0	1158.75
360.453	1278.25	0	1278.25
360.59	1293.75	0	1293.75
360.727	1214	0	1214
360.863	1124.75	0	1124.75
361	1085.25	0	1085.25
361.136	1020	0	1020
361.273	1073.25	0	1073.25
361.409	1111	0	1111
361.546	1181.25	0	1181.25
361.682	1270.5	0	1270.5
361.819	1222.75	0	1222.75
361.955	1201.5	0	1201.5
362.092	1153.75	0	1153.75
362.228	1132	0	1132
362.365	1095	0	1095
362.501	1101.25	0	1101.25
362.638	1092	0	1092
362.774	1122.75	0	1122.75
362.91	1141.75	0	1141.75
363.047	1198	0	1198
363.183	1256.5	0	1256.5
363.319	1227.5	0	1227.5
363.456	1312.75	0	1312.75
363.592	1492.25	0	1492.25
363.728	1615.25	0	1615.25
363.865	1669.75	0	1669.75
364.001	1563	0	1563
364.137	1577.75	0	1577.75
364.274	1740	0	1740
364.41	1777	0	1777
364.546	1644.25	0	1644.25
364.682	1597.5	0	1597.5
364.819	1613.75	0	1613.75
364.955	1482.5	0	1482.5
365.091	1489.25	0	1489.25
365.227	1529.5	0	1529.5
365.363	1525.5	0	1525.5
365.499	1594.75	0	1594.75
365.636	1611	0	1611
365.772	1678	0	1678
365.908	1730	0	1730
366.044	1877.75	0	1877.75
366.18	2104.75	0	2104.75
366.316	2112	0	2112
366.452	2221.75	0	2221.75
366.588	2275	0	2275
366.724	2318.75	0	2318.75
366.86	2359.25	0	2359.25
366.996	2575.75	0	2575.75
367.132	2728.75	0	2728.75
367.268	2622.25	0	2622.25
367.404	2780.75	0	2780.75
367.54	2749	0	2749
367.676	2583.25	0	2583.25
367.812	2540.75	0	2540.75
367.948	2672.5	0	2672.5
368.084	2866.75	0	2866.75
368.22	3238	0	3238
368.356	3085	0	3085
368.492	3604.75	0	3604.75
368.627	4186.5	0	4186.5
368.763	4412.25	0	4412.25
368.899	4460.25	0	4460.25
369.035	4613	0	4613
369.171	4391.75	0	4391.75
369.306	4311.75	0	4311.75
369.442	4398.5	0	4398.5
369.578	3902.5	0	3902.5
369.714	3203.75	0	3203.75
369.85	3072.75	0	3072.75
369.985	3443.75	0	3443.75
370.121	4254.25	0	4254.25
370.257	5456.5	0	5456.5
370.392	5475.25	0	5475.25
370.528	4523.25	0	4523.25
370.664	3591.25	0	3591.25
370.799	3069.5	0	3069.5
370.935	2643.25	0	2643.25
371.071	2351	0	2351
371.206	2253.5	0	2253.5
371.342	2331.5	0	2331.5
371.477	2305.25	0	2305.25
371.613	2239.5	0	2239.5
371.749	2183.5	0	2183.5
371.884	2267	0	2267
372.02	2473.25	0	2473.25
372.155	2619	0	2619
372.291	2384.75	0	2384.75
372.426	2193.5	0	2193.5
372.562	2159	0	2159
372.697	2264.5	0	2264.5
372.833	2321.5	0	2321.5
372.968	2195.25	0	2195.25
373.103	2232.75	0	2232.75
373.239	2288.75	0	2288.75
373.374	2348.75	0	2348.75
373.51	2316.5	0	2316.5
373.645	2426	0	2426
373.78	2434.25	0	2434.25
373.916	2360.25	0	2360.25
374.051	2178.75	0	2178.75
374.186	2121.75	0	2121.75
374.322	2004.25	0	2004.25
374.457	2119.5	0	2119.5
374.592	2259	0	2259
374.728	2484.75	0	2484.75
374.863	2525.75	0	2525.75
374.998	2485	0	2485
375.133	2316.5	0	2316.5
375.268	2185	0	2185
375.404	2169.25	0	2169.25
375.539	2235.75	0	2235.75
375.674	2205.75	0	2205.75
375.809	2256.75	0	2256.75
375.944	2247.25	0	2247.25
376.08	2185.5	0	2185.5
376.215	2114.25	0	2114.25
376.35	2146.75	0	2146.75
376.485	2023.75	0	2023.75
376.62	2115.5	0	2115.5
376.755	2117	0	2117
376.89	2231	0	2231
377.025	2282.75	0	2282.75
377.16	2283.75	0	2283.75
377.295	2344.5	0	2344.5
377.43	2551	0	2551
377.565	2665.25	0	2665.25
377.7	2908.75	0	2908.75
377.835	2846.25	0	2846.25
377.97	2478.75	0	2478.75
378.105	2317.75	0	2317.75
378.24	2238.5	0	2238.5
378.375	2172.25	0	2172.25
378.51	2222.5	0	2222.5
378.645	2395.75	0	2395.75
378.78	2756.75	0	2756.75
378.914	3252	0	3252
379.049	3086	0	3086
379.184	3154	0	3154
379.319	3766.75	0	3766.75
379.454	3831.25	0	3831.25
379.589	3084.5	0	3084.5
379.723	2904.25	0	2904.25
379.858	3356.5	0	3356.5
379.993	3139.25	0	3139.25
380.128	3425	0	3425
380.262	3900.5	0	3900.5
380.397	3594.5	0	3594.5
380.532	3807	0	3807
380.666	4416.5	0	4416.5
380.801	4296.25	0	4296.25
380.936	3444.75	0	3444.75
381.07	3296.5	0	3296.5
381.205	3939.5	0	3939.5
381.34	4005	0	4005
381.474	3758	0	3758
381.609	4375.25	0	4375.25
381.744	5241.75	0	5241.75
381.878	5314.5	0	5314.5
382.013	5489.5	0	5489.5
382.147	5785.25	0	5785.25
382.282	4846	0	4846
382.416	3728.25	0	3728.25
382.551	3822.25	0	3822.25
382.685	4734	0	4734
382.82	4829.5	0	4829.5
382.954	3937.75	0	3937.75
383.089	3274	0	3274
383.223	3177	0	3177
383.357	3267.5	0	3267.5
383.492	3433	0	3433
383.626	3672.75	0	3672.75
383.761	4880.75	0	4880.75
383.895	6149	0	6149
384.029	6297	0	6297
384.164	5185.5	0	5185.5
384.298	4715.25	0	4715.25
384.432	4177.25	0	4177.25
384.567	4104.75	0	4104.75
384.701	3987	0	3987
384.835	3580.5	0	3580.5
384.97	3399.5	0	3399.5
385.104	3392	0	3392
385.238	4144.25	0	4144.25
385.372	5699.75	0	5699.75
385.506	6322.25	0	6322.25
385.641	5470	0	5470
385.775	4717.5	0	4717.5
385.909	3998	0	3998
386.043	4021.75	0	4021.75
386.177	4507.5	0	4507.5
386.311	5182	0	5182
386.446	5227	0	5227
386.58	4425	0	4425
386.714	4012.25	0	4012.25
386.848	3693.75	0	3693.75
386.982	3846.25	0	3846.25
387.116	3934	0	3934
387.25	4617.25	0	4617.25
387.384	6049.5	0	6049.5
387.518	5921.25	0	5921.25
387.652	4504	0	4504
387.786	3727.25	0	3727.25
387.92	3365	0	3365
388.054	3042	0	3042
388.188	3083	0	3083
388.322	3109.25	0	3109.25
388.456	3292.5	0	3292.5
388.59	3487.75	0	3487.75
388.723	3713	0	3713
388.857	4215.75	0	4215.75
388.991	4425	0	4425
389.125	4449	0	4449
389.259	4246.75	0	4246.75
389.393	3984.25	0	3984.25
389.526	4151.25	0	4151.25
389.66	4249.25	0	4249.25
389.794	4152	0	4152
389.928	4484.25	0	4484.25
390.062	5409	0	5409
390.195	5284	0	5284
390.329	4251.5	0	4251.5
390.463	3677.25	0	3677.25
390.596	3556	0	3556
390.73	3715.75	0	3715.75
390.864	4426	0	4426
390.997	4127	0	4127
391.131	3742	0	3742
391.265	3307.25	0	3307.25
391.398	2920.25	0	2920.25
391.532	2678.75	0	2678.75
391.665	2489	0	2489
391.799	2542.25	0	2542.25
391.933	2951.5	0	2951.5
392.066	3386	0	3386
392.2	3548.25	0	3548.25
392.333	3780.25	0	3780.25
392.467	3616.5	0	3616.5
392.6	3469	0	3469
392.734	3678	0	3678
392.867	3910.5	0	3910.5
393.001	3778	0	3778
393.134	3444	0	3444
393.267	3716.5	0	3716.5
393.401	3528.25	0	3528.25
393.534	3255.75	0	3255.75
393.668	2968.25	0	2968.25
393.801	2749	0	2749
393.934	2658	0	2658
394.068	2675.5	0	2675.5
394.201	2781.25	0	2781.25
394.334	2538.5	0	2538.5
394.468	2215.75	0	2215.75
394.601	2019	0	2019
394.734	2211.5	0	2211.5
394.867	2235	0	2235
395.001	2173	0	2173
395.134	1994.25	0	1994.25
395.267	1775.75	0	1775.75
395.4	1734.25	0	1734.25
395.533	1688.75	0	1688.75
395.667	1630	0	1630
395.8	1625	0	1625
395.933	1695.75	0	1695.75
396.066	1690	0	1690
396.199	1822.75	0	1822.75
396.332	1922.25	0	1922.25
396.465	1736	0	1736
396.598	1663.75	0	1663.75
396.732	1700	0	1700
396.865	1651.25	0	1651.25
396.998	1701.5	0	1701.5
397.131	1723.25	0	1723.25
397.264	1848.25	0	1848.25
397.397	1833.25	0	1833.25
397.53	1799	0	1799
397.663	1919	0	1919
397.796	2184.5	0	2184.5
397.928	2236	0	2236
398.061	2083	0	2083
398.194	2134.75	0	2134.75
398.327	2357.5	0	2357.5
398.46	2237	0	2237
398.593	2310.5	0	2310.5
398.726	2792.75	0	2792.75
398.859	3669.25	0	3669.25
398.991	4265	0	4265
399.124	4153	0	4153
399.257	3619	0	3619
399.39	2818.75	0	2818.75
399.523	2690.5	0	2690.5
399.655	3406	0	3406
399.788	3763.25	0	3763.25
399.921	2987	0	2987
400.054	2354.25	0	2354.25
400.186	2253.25	0	2253.25
400.319	2109.75	0	2109.75
400.452	1999	0	1999
400.584	1985.75	0	1985.75
400.717	1832.5	0	1832.5
400.85	1815	0	1815
400.982	1795.75	0	1795.75
401.115	1793.25	0	1793.25
401.247	1803.25	0	1803.25
401.38	1779	0	1779
401.513	1718	0	1718
401.645	1674.25	0	1674.25
401.778	1735.5	0	1735.5
401.91	1804.5	0	1804.5
402.043	1980.5	0	1980.5
402.175	2172.75	0	2172.75
402.308	2183	0	2183
402.44	1952.5	0	1952.5
402.573	1810.75	0	1810.75
402.705	1800	0	1800
402.837	1907.25	0	1907.25
402.97	2185.25	0	2185.25
403.102	2307.25	0	2307.25
403.235	2052.75	0	2052.75
403.367	1889	0	1889
403.499	1865	0	1865
403.632	1809	0	1809
403.764	1823	0	1823
403.896	1817.25	0	1817.25
404.029	1998.75	0	1998.75
404.161	1956.5	0	1956.5
404.293	1877.25	0	1877.25
404.425	1807	0	1807
404.558	1885.5	0	1885.5
404.69	2146.25	0	2146.25
404.822	2313.5	0	2313.5
404.954	3344.5	0	3344.5
405.086	3477.25	0	3477.25
405.219	2818.25	0	2818.25
405.351	2345	0	2345
405.483	2404.25	0	2404.25
405.615	2670	0	2670
405.747	2248	0	2248
405.879	2068	0	2068
406.011	1989.5	0	1989.5
406.143	2192	0	2192
406.275	2494	0	2494
406.407	2402.75	0	2402.75
406.539	2103.5	0	2103.5
406.672	2136	0	2136
406.803	2069.5	0	2069.5
406.935	2216.75	0	2216.75
407.067	2474.25	0	2474.25
407.199	1984.5	0	1984.5
407.331	1770.5	0	1770.5
407.463	1665	0	1665
407.595	1682.25	0	1682.25
407.727	1660.5	0	1660.5
407.859	1716.75	0	1716.75
407.991	1781.5	0	1781.5
408.123	1863	0	1863
408.255	2010.5	0	2010.5
408.386	1979.25	0	1979.25
408.518	2145.75	0	2145.75
408.65	2444.75	0	2444.75
408.782	3333.75	0	3333.75
408.914	5119.25	0	5119.25
409.045	6347	0	6347
409.177	6597.75	0	6597.75
409.309	5902.25	0	5902.25
409.44	5613.25	0	5613.25
409.572	4728	0	4728
409.704	5015	0	5015
409.836	6429.25	0	6429.25
409.967	6421.5	0	6421.5
410.099	6031	0	6031
410.23	5843	0	5843
410.362	7001.75	0	7001.75
410.494	6524	0	6524
410.625	5713	0	5713
410.757	6678	0	6678
410.888	7701.25	0	7701.25
411.02	8504.25	0	8504.25
411.152	8695.75	0	8695.75
411.283	7921	0	7921
411.415	8713.75	0	8713.75
411.546	8313.5	0	8313.5
411.677	7155	0	7155
411.809	6554.75	0	6554.75
411.94	5449.25	0	5449.25
412.072	5111.25	0	5111.25
412.203	6275.5	0	6275.5
412.335	5763.5	0	5763.5
412.466	4620.25	0	4620.25
412.597	5695	0	5695
412.729	6705.5	0	6705.5
412.86	5651.25	0	5651.25
412.991	6082	0	6082
413.123	6751	0	6751
413.254	6891.25	0	6891.25
413.385	6281.75	0	6281.75
413.517	4830	0	4830
413.648	3641.5	0	3641.5
413.779	3043.25	0	3043.25
413.91	2762.5	0	2762.5
414.042	2520.75	0	2520.75
414.173	2327	0	2327
414.304	2072	0	2072
414.435	1941	0	1941
414.566	1871	0	1871
414.697	1909.25	0	1909.25
414.828	1892.75	0	1892.75
414.96	1959.5	0	1959.5
415.091	1864.75	0	1864.75
415.222	1844.5	0	1844.5
415.353	1765.5	0	1765.5
415.484	1696.25	0	1696.25
415.615	1666	0	1666
415.746	1850.25	0	1850.25
415.877	1924	0	1924
416.008	1656.25	0	1656.25
416.139	1530.5	0	1530.5
416.27	1451	0	1451
416.401	1452	0	1452
416.532	1484.5	0	1484.5
416.663	1501	0	1501
416.794	1528.25	0	1528.25
416.925	1588.25	0	1588.25
417.055	1739	0	1739
417.186	1738.5	0	1738.5
417.317	1882.5	0	1882.5
417.448	1737	0	1737
417.579	1792.5	0	1792.5
417.71	1975.75	0	1975.75
417.84	2344.25	0	2344.25
417.971	1989	0	1989
418.102	2357	0	2357
418.233	2091	0	2091
418.363	1666.75	0	1666.75
418.494	1566.5	0	1566.5
418.625	1649	0	1649
418.756	1871.75	0	1871.75
418.886	2363.5	0	2363.5
419.017	2403.25	0	2403.25
419.148	1914.75	0	1914.75
419.278	1662.75	0	1662.75
419.409	1574.75	0	1574.75
419.539	1703	0	1703
419.67	1897.5	0	1897.5
419.801	1864.75	0	1864.75
419.931	1772.75	0	1772.75
420.062	1569.25	0	1569.25
420.192	1407.5	0	1407.5
420.323	1431	0	1431
420.453	1370.75	0	1370.75
420.584	1384.25	0	1384.25
420.714	1555.5	0	1555.5
420.845	2203.5	0	2203.5
420.975	1911.5	0	1911.5
421.106	1578.75	0	1578.75
421.236	1395	0	1395
421.366	1444.5	0	1444.5
421.497	1417.75	0	1417.75
421.627	1573.5	0	1573.5
421.757	1827.75	0	1827.75
421.888	1668.25	0	1668.25
422.018	1676.25	0	1676.25
422.148	1779.25	0	1779.25
422.279	2007.75	0	2007.75
422.409	1914.25	0	1914.25
422.539	2185	0	2185
422.67	2267.5	0	2267.5
422.8	2225	0	2225
422.93	2365.75	0	2365.75
423.06	3246	0	3246
423.19	4234.25	0	4234.25
423.321	4048.75	0	4048.75
423.451	3058.75	0	3058.75
423.581	2332.25	0	2332.25
423.711	1997.75	0	1997.75
423.841	2132.5	0	2132.5
423.971	2170.25	0	2170.25
424.101	1770.25	0	1770.25
424.231	1512	0	1512
424.361	1424.25	0	1424.25
424.492	1481.5	0	1481.5
424.622	1428.5	0	1428.5
424.752	1402	0	1402
424.882	1405	0	1405
425.012	1425	0	1425
425.142	1420.75	0	1420.75
425.271	1425.5	0	1425.5
425.401	1496	0	1496
425.531	1735.75	0	1735.75
425.661	1996	0	1996
425.791	1980.75	0	1980.75
425.921	2005.25	0	2005.25
426.051	2174.25	0	2174.25
426.181	2062.25	0	2062.25
426.311	1970.75	0	1970.75
426.44	2123.25	0	2123.25
426.57	2601.5	0	2601.5
426.7	4104	0	4104
426.83	4568.5	0	4568.5
426.96	4516.75	0	4516.75
427.089	4129.5	0	4129.5
427.219	3041.25	0	3041.25
427.349	2422.25	0	2422.25
427.479	2985.25	0	2985.25
427.608	3674.75	0	3674.75
427.738	2817.25	0	2817.25
427.868	2083.5	0	2083.5
427.997	1965	0	1965
428.127	2279.5	0	2279.5
428.256	3505.75	0	3505.75
428.386	3147.5	0	3147.5
428.516	2534.25	0	2534.25
428.645	2264.75	0	2264.75
428.775	1963.75	0	1963.75
428.904	2199.25	0	2199.25
429.034	3331.75	0	3331.75
429.163	2959	0	2959
429.293	2359.25	0	2359.25
429.422	2775.25	0	2775.25
429.552	3514.5	0	3514.5
429.681	3993.25	0	3993.25
429.811	2896.5	0	2896.5
429.94	2107.5	0	2107.5
430.069	1831	0	1831
430.199	1773	0	1773
430.328	1865	0	1865
430.458	2661	0	2661
430.587	3053.25	0	3053.25
430.716	2345.25	0	2345.25
430.846	2590.5	0	2590.5
430.975	2029.25	0	2029.25
431.104	1612.5	0	1612.5
431.233	1564.5	0	1564.5
431.363	1450	0	1450
431.492	1341.5	0	1341.5
431.621	1263.5	0	1263.5
431.75	1208.5	0	1208.5
431.88	1206.25	0	1206.25
432.009	1275.25	0	1275.25
432.138	1256.25	0	1256.25
432.267	1216	0	1216
432.396	1245.25	0	1245.25
432.525	1281.5	0	1281.5
432.654	1300.5	0	1300.5
432.784	1990	0	1990
432.913	2765	0	2765
433.042	2492.5	0	2492.5
433.171	3123.25	0	3123.25
433.3	2322	0	2322
433.429	1677.5	0	1677.5
433.558	1532.25	0	1532.25
433.687	1459.25	0	1459.25
433.816	1732.5	0	1732.5
433.945	3051.5	0	3051.5
434.074	2953	0	2953
434.203	2128	0	2128
434.332	1583	0	1583
434.46	1398.75	0	1398.75
434.589	1403.5	0	1403.5
434.718	1415	0	1415
434.847	1602.75	0	1602.75
434.976	2023	0	2023
435.105	3356.75	0	3356.75
435.233	3609.25	0	3609.25
435.362	2732.25	0	2732.25
435.491	2540.25	0	2540.25
435.62	2065.75	0	2065.75
435.749	1749.25	0	1749.25
435.877	1736	0	1736
436.006	1871.5	0	1871.5
436.135	1929	0	1929
436.263	2240.75	0	2240.75
436.392	1961.5	0	1961.5
436.521	2022.5	0	2022.5
436.649	2519	0	2519
436.778	2581.5	0	2581.5
436.907	2223.75	0	2223.75
437.035	2318.25	0	2318.25
437.164	2888.5	0	2888.5
437.292	3433	0	3433
437.421	3709.5	0	3709.5
437.549	4575.75	0	4575.75
437.678	6026.5	0	6026.5
437.806	7357.25	0	7357.25
437.935	7143.75	0	7143.75
438.063	5876.75	0	5876.75
438.192	5866.25	0	5866.25
438.32	7553.75	0	7553.75
438.449	7040	0	7040
438.577	5664.25	0	5664.25
438.706	5369.75	0	5369.75
438.834	6875	0	6875
438.962	6754.75	0	6754.75
439.091	5348	0	5348
439.219	5035	0	5035
439.347	6192.25	0	6192.25
439.476	6141.25	0	6141.25
439.604	4356.75	0	4356.75
439.732	3701.25	0	3701.25
439.86	4653.5	0	4653.5
439.989	5366	0	5366
440.117	3927.5	0	3927.5
440.245	3838.25	0	3838.25
440.373	4572.5	0	4572.5
440.501	6599.5	0	6599.5
440.63	8212	0	8212
440.758	7892.5	0	7892.5
440.886	6035.5	0	6035.5
441.014	4488.5	0	4488.5
441.142	3912.25	0	3912.25
441.27	3401.25	0	3401.25
441.398	3434.25	0	3434.25
441.526	4517.5	0	4517.5
441.654	3431.75	0	3431.75
441.782	2943	0	2943
441.91	3513.5	0	3513.5
442.038	4383	0	4383
442.166	3748.75	0	3748.75
442.294	3214.25	0	3214.25
442.422	3852	0	3852
442.55	4074.5	0	4074.5
442.678	3781.5	0	3781.5
442.806	3924.25	0	3924.25
442.934	3272.5	0	3272.5
443.062	2357.75	0	2357.75
443.19	2203.25	0	2203.25
443.318	2616	0	2616
443.445	3627	0	3627
443.573	4254	0	4254
443.701	4149.75	0	4149.75
443.829	3003.5	0	3003.5
443.957	3424	0	3424
444.084	4322.75	0	4322.75
444.212	4081	0	4081
444.34	4199.25	0	4199.25
444.467	2611.75	0	2611.75
444.595	2083.75	0	2083.75
444.723	2100.75	0	2100.75
444.85	2515.25	0	2515.25
444.978	3263	0	3263
445.106	4446.75	0	4446.75
445.233	3493.75	0	3493.75
445.361	2793.75	0	2793.75
445.489	2972.5	0	2972.5
445.616	4680.25	0	4680.25
445.744	5013.75	0	5013.75
445.871	6606.25	0	6606.25
445.999	6066.25	0	6066.25
446.126	5056.5	0	5056.5
446.254	3834.5	0	3834.5
446.381	3036.75	0	3036.75
446.509	2750	0	2750
446.636	3096.5	0	3096.5
446.764	3706.75	0	3706.75
446.891	4095.5	0	4095.5
447.018	2902.25	0	2902.25
447.146	2518.25	0	2518.25
447.273	3358.25	0	3358.25
447.4	3511.75	0	3511.75
447.528	2495.75	0	2495.75
447.655	1970	0	1970
447.782	1896.5	0	1896.5
447.91	1945.5	0	1945.5
448.037	1666.75	0	1666.75
448.164	1527.75	0	1527.75
448.291	1434	0	1434
448.419	1507	0	1507
448.546	1645.25	0	1645.25
448.673	2210.75	0	2210.75
448.8	3403.25	0	3403.25
448.927	2810.75	0	2810.75
449.055	2241.5	0	2241.5
449.182	1774	0	1774
449.309	1636.25	0	1636.25
449.436	1962	0	1962
449.563	2289.25	0	2289.25
449.69	1984.5	0	1984.5
449.817	1634	0	1634
449.944	1679	0	1679
450.071	2176	0	2176
450.198	1670	0	1670
450.325	1441.75	0	1441.75
450.452	1485.75	0	1485.75
450.579	1419	0	1419
450.706	1372.75	0	1372.75
450.833	1390	0	1390
450.96	1398.25	0	1398.25
451.087	1392.25	0	1392.25
451.214	1529.25	0	1529.25
451.341	1665.75	0	1665.75
451.467	1508.75	0	1508.75
451.594	1548.5	0	1548.5
451.721	1518	0	1518
451.848	1523	0	1523
451.975	1470.75	0	1470.75
452.101	1354.75	0	1354.75
452.228	1864.5	0	1864.5
452.355	2241.5	0	2241.5
452.482	1725.25	0	1725.25
452.608	1626.75	0	1626.75
452.735	1864.75	0	1864.75
452.862	2208.25	0	2208.25
452.988	1812	0	1812
453.115	1453	0	1453
453.242	1461.75	0	1461.75
453.368	1416.75	0	1416.75
453.495	1402.5	0	1402.5
453.621	1570.5	0	1570.5
453.748	1492.25	0	1492.25
453.875	1526.75	0	1526.75
454.001	1456.25	0	1456.25
454.128	1398.75	0	1398.75
454.254	1609	0	1609
454.381	2814.5	0	2814.5
454.507	2650.25	0	2650.25
454.633	1940.5	0	1940.5
454.76	1966.25	0	1966.25
454.886	2359	0	2359
455.013	2002.5	0	2002.5
455.139	2164	0	2164
455.266	2075	0	2075
455.392	1619.5	0	1619.5
455.518	1487.25	0	1487.25
455.645	1466.25	0	1466.25
455.771	1536.25	0	1536.25
455.897	2414.5	0	2414.5
456.023	2530	0	2530
456.15	1839	0	1839
456.276	1603.5	0	1603.5
456.402	1368	0	1368
456.528	1302	0	1302
456.655	1357.5	0	1357.5
456.781	1379.75	0	1379.75
456.907	1866.75	0	1866.75
457.033	2517.25	0	2517.25
457.159	2266.5	0	2266.5
457.285	1692	0	1692
457.411	1668.25	0	1668.25
457.538	2719.75	0	2719.75
457.664	3540	0	3540
457.79	3480	0	3480
457.916	3987	0	3987
458.042	2611	0	2611
458.168	1882.75	0	1882.75
458.294	1989.25	0	1989.25
458.42	2611.5	0	2611.5
458.546	3759.75	0	3759.75
458.672	2349.5	0	2349.5
458.798	1840.75	0	1840.75
458.924	1993	0	1993
459.049	2454	0	2454
459.175	2760.75	0	2760.75
459.301	4116	0	4116
459.427	2764.75	0	2764.75
459.553	1721.75	0	1721.75
459.679	1364	0	1364
459.805	1277.75	0	1277.75
459.93	1200	0	1200
460.056	1169.25	0	1169.25
460.182	1204.25	0	1204.25
460.308	1153.25	0	1153.25
460.433	1464.75	0	1464.75
460.559	1608.75	0	1608.75
460.685	1283.5	0	1283.5
460.81	1258	0	1258
460.936	1312	0	1312
461.062	1227.25	0	1227.25
461.187	1119.25	0	1119.25
461.313	1090.5	0	1090.5
461.439	1106.5	0	1106.5
461.564	1198.25	0	1198.25
461.69	1356.5	0	1356.5
461.815	2183.5	0	2183.5
461.941	2181.25	0	2181.25
462.066	1499	0	1499
462.192	1285	0	1285
462.317	1520.5	0	1520.5
462.443	1442.75	0	1442.75
462.568	1454.5	0	1454.5
462.694	1125.5	0	1125.5
462.819	1059.25	0	1059.25
462.944	1036.75	0	1036.75
463.07	1019.25	0	1019.25
463.195	1074.75	0	1074.75
463.321	1371	0	1371
463.446	1581.5	0	1581.5
463.571	1160.25	0	1160.25
463.697	1086.5	0	1086.5
463.822	1354.75	0	1354.75
463.947	1690.5	0	1690.5
464.072	1178.5	0	1178.5
464.198	1128.5	0	1128.5
464.323	1170.5	0	1170.5
464.448	1512.75	0	1512.75
464.573	1659	0	1659
464.698	1261.25	0	1261.25
464.824	1210.5	0	1210.5
464.949	1100.25	0	1100.25
465.074	1041.25	0	1041.25
465.199	1035	0	1035
465.324	1061.5	0	1061.5
465.449	1092.75	0	1092.75
465.574	1043	0	1043
465.699	1010.5	0	1010.5
465.824	1050.75	0	1050.75
465.949	1006.75	0	1006.75
466.074	1092.25	0	1092.25
466.199	1052.5	0	1052.5
466.324	1074	0	1074
466.449	1126.25	0	1126.25
466.574	1149.25	0	1149.25
466.699	1151.5	0	1151.5
466.824	1454	0	1454
466.949	2076	0	2076
467.074	1354	0	1354
467.199	1110.5	0	1110.5
467.323	1084.5	0	1084.5
467.448	1039	0	1039
467.573	1075.75	0	1075.75
467.698	1086.5	0	1086.5
467.823	1111.5	0	1111.5
467.947	1183.25	0	1183.25
468.072	1124.25	0	1124.25
468.197	1106.75	0	1106.75
468.322	1230	0	1230
468.446	1199.75	0	1199.75
468.571	1366.5	0	1366.5
468.696	1201	0	1201
468.82	1121.75	0	1121.75
468.945	1093	0	1093
469.069	1074.25	0	1074.25
469.194	1044.25	0	1044.25
469.319	1082.75	0	1082.75
469.443	1066.25	0	1066.25
469.568	1074.75	0	1074.75
469.692	1111	0	1111
469.817	1213.5	0	1213.5
469.941	1173.25	0	1173.25
470.066	1177.5	0	1177.5
470.19	1219.75	0	1219.75
470.315	1404.25	0	1404.25
470.439	2022.75	0	2022.75
470.563	2656.5	0	2656.5
470.688	1904.75	0	1904.75
470.812	1727.75	0	1727.75
470.937	2220.5	0	2220.5
471.061	1790.75	0	1790.75
471.185	1733.75	0	1733.75
471.31	2156.75	0	2156.75
471.434	2181.75	0	2181.75
471.558	2054.5	0	2054.5
471.682	2057.25	0	2057.25
471.807	1709.25	0	1709.25
471.931	1607.75	0	1607.75
472.055	1924.75	0	1924.75
472.179	2011.25	0	2011.25
472.303	1609	0	1609
472.428	1380.5	0	1380.5
472.552	1320.25	0	1320.25
472.676	1414.75	0	1414.75
472.8	1661.5	0	1661.5
472.924	1758.5	0	1758.5
473.048	1608.5	0	1608.5
473.172	1384.5	0	1384.5
473.296	1279.75	0	1279.75
473.42	1222.75	0	1222.75
473.544	1268.5	0	1268.5
473.668	1354.75	0	1354.75
473.792	1328.5	0	1328.5
473.916	1286.25	0	1286.25
474.04	1324.25	0	1324.25
474.164	1489.25	0	1489.25
474.288	1363.75	0	1363.75
474.412	1329.75	0	1329.75
474.536	1488	0	1488
474.66	1613.5	0	1613.5
474.784	1755	0	1755
474.908	1708.25	0	1708.25
475.031	2224.25	0	2224.25
475.155	1878	0	1878
475.279	1885.5	0	1885.5
475.403	1606	0	1606
475.526	1607	0	1607
475.65	2101.5	0	2101.5
475.774	1832.75	0	1832.75
475.898	1535.75	0	1535.75
476.021	1494.25	0	1494.25
476.145	1469.5	0	1469.5
476.269	1404	0	1404
476.392	1577.25	0	1577.25
476.516	1941.75	0	1941.75
476.64	1873	0	1873
476.763	1660	0	1660
476.887	1623	0	1623
477.01	1557	0	1557
477.134	1680.75	0	1680.75
477.257	1692.75	0	1692.75
477.381	1724	0	1724
477.504	2507.25	0	2507.25
477.628	2388.5	0	2388.5
477.751	1924.75	0	1924.75
477.875	1719.75	0	1719.75
477.998	1705.25	0	1705.25
478.122	1619	0	1619
478.245	1750	0	1750
478.368	1976.75	0	1976.75
478.492	2189.75	0	2189.75
478.615	2423	0	2423
478.738	1922.75	0	1922.75
478.862	1742	0	1742
478.985	1689.25	0	1689.25
479.108	1725.25	0	1725.25
479.231	1732.25	0	1732.25
479.355	1837.75	0	1837.75
479.478	2028.75	0	2028.75
479.601	2921.5	0	2921.5
479.724	2450	0	2450
479.848	2427	0	2427
479.971	2011.75	0	2011.75
480.094	1778.75	0	1778.75
480.217	1697	0	1697
480.34	1713	0	1713
480.463	1746.75	0	1746.75
480.586	2485.75	0	2485.75
480.709	2883.75	0	2883.75
480.832	2232.5	0	2232.5
480.955	1952.25	0	1952.25
481.078	1854.75	0	1854.75
481.201	1840.75	0	1840.75
481.324	1793.75	0	1793.75
481.447	1699.5	0	1699.5
481.57	1677.5	0	1677.5
481.693	1763.25	0	1763.25
481.816	1836.75	0	1836.75
481.939	1715.25	0	1715.25
482.062	1758.75	0	1758.75
482.185	1796	0	1796
482.307	1699.5	0	1699.5
482.43	1894.25	0	1894.25
482.553	2714.5	0	2714.5
482.676	3438.25	0	3438.25
482.799	2236	0	2236
482.921	2389	0	2389
483.044	4810.5	0	4810.5
483.167	4330.5	0	4330.5
483.29	2346	0	2346
483.412	1871.75	0	1871.75
483.535	1691	0	1691
483.658	1585	0	1585
483.78	1605.25	0	1605.25
483.903	1503.25	0	1503.25
484.025	1583.75	0	1583.75
484.148	1644.75	0	1644.75
484.271	1588	0	1588
484.393	1574	0	1574
484.516	1631.5	0	1631.5
484.638	1597.75	0	1597.75
484.761	1927.75	0	1927.75
484.883	2137.25	0	2137.25
485.006	4256.5	0	4256.5
485.128	3342	0	3342
485.251	2002.25	0	2002.25
485.373	1730.75	0	1730.75
485.495	1683	0	1683
485.618	1682.5	0	1682.5
485.74	1984.5	0	1984.5
485.863	1902.5	0	1902.5
485.985	1936.75	0	1936.75
486.107	2338.25	0	2338.25
486.229	2822.25	0	2822.25
486.352	5363	0	5363
486.474	3435.75	0	3435.75
486.596	2280.25	0	2280.25
486.719	2073	0	2073
486.841	1999	0	1999
486.963	2245	0	2245
487.085	2229.25	0	2229.25
487.207	2385	0	2385
487.329	3538.75	0	3538.75
487.452	5853	0	5853
487.574	3209.75	0	3209.75
487.696	2433	0	2433
487.818	2604.25	0	2604.25
487.94	4530.25	0	4530.25
488.062	6541.25	0	6541.25
488.184	3602.75	0	3602.75
488.306	2403.25	0	2403.25
488.428	2251	0	2251
488.55	2184.5	0	2184.5
488.672	1905.5	0	1905.5
488.794	1773.75	0	1773.75
488.916	1864	0	1864
489.038	2045.25	0	2045.25
489.16	1885.75	0	1885.75
489.281	2024.5	0	2024.5
489.403	1847.75	0	1847.75
489.525	1811.25	0	1811.25
489.647	1706	0	1706
489.769	1783.25	0	1783.25
489.891	2228.75	0	2228.75
490.012	2424.75	0	2424.75
490.134	2061	0	2061
490.256	2711.75	0	2711.75
490.378	3289.5	0	3289.5
490.499	2403.25	0	2403.25
490.621	2003.75	0	2003.75
490.743	1889.25	0	1889.25
490.864	1780.75	0	1780.75
490.986	1700.5	0	1700.5
491.108	1613	0	1613
491.229	1635.75	0	1635.75
491.351	1597.5	0	1597.5
491.472	1699.75	0	1699.75
491.594	1665.25	0	1665.25
491.715	1570.75	0	1570.75
491.837	1610.25	0	1610.25
491.958	1519.5	0	1519.5
492.08	1577.75	0	1577.75
492.201	1657	0	1657
492.323	1758.25	0	1758.25
492.444	2584	0	2584
492.566	1833.75	0	1833.75
492.687	1507.75	0	1507.75
492.808	1437	0	1437
492.93	1460.5	0	1460.5
493.051	1877	0	1877
493.172	1802.25	0	1802.25
493.294	1560.25	0	1560.25
493.415	1410.75	0	1410.75
493.536	1398.75	0	1398.75
493.658	1361.75	0	1361.75
493.779	1351	0	1351
493.9	1339.5	0	1339.5
494.021	1365.75	0	1365.75
494.143	1387.75	0	1387.75
494.264	1432.75	0	1432.75
494.385	1374.25	0	1374.25
494.506	1299.75	0	1299.75
494.627	1262.25	0	1262.25
494.748	1301.25	0	1301.25
494.869	1300.75	0	1300.75
494.99	1363	0	1363
495.111	1337.25	0	1337.25
495.232	1386	0	1386
495.353	1310	0	1310
495.475	1333.75	0	1333.75
495.595	1374.75	0	1374.75
495.716	1376.5	0	1376.5
495.837	1386.25	0	1386.25
495.958	1342	0	1342
496.079	1335.75	0	1335.75
496.2	1328.75	0	1328.75
496.321	1292	0	1292
496.442	1391.5	0	1391.5
496.563	1424.75	0	1424.75
496.684	1351.25	0	1351.25
496.804	1335.75	0	1335.75
496.925	1268.5	0	1268.5
497.046	1289	0	1289
497.167	1291.25	0	1291.25
497.287	1242	0	1242
497.408	1259.25	0	1259.25
497.529	1201.5	0	1201.5
497.65	1244	0	1244
497.77	1218.5	0	1218.5
497.891	1248.5	0	1248.5
498.012	1192	0	1192
498.132	1204.75	0	1204.75
498.253	1246.75	0	1246.75
498.373	1268.25	0	1268.25
498.494	1257	0	1257
498.614	1224.5	0	1224.5
498.735	1207.25	0	1207.25
498.856	1252.75	0	1252.75
498.976	1230	0	1230
499.096	1243	0	1243
499.217	1247.5	0	1247.5
499.337	1209.5	0	1209.5
499.458	1213.25	0	1213.25
499.578	1213	0	1213
499.699	1196.75	0	1196.75
499.819	1257.75	0	1257.75
499.939	1309.5	0	1309.5
500.06	1699.5	0	1699.5
500.18	1785.25	0	1785.25
500.3	1445.75	0	1445.75
500.421	1432.25	0	1432.25
500.541	1335.75	0	1335.75
500.661	1298	0	1298
500.781	1272.5	0	1272.5
500.902	1317.25	0	1317.25
501.022	1600.5	0	1600.5
501.142	1603.25	0	1603.25
501.262	1790	0	1790
501.382	2285.5	0	2285.5
501.502	1817	0	1817
501.623	1629.5	0	1629.5
501.743	1541	0	1541
501.863	1489.75	0	1489.75
501.983	1507.25	0	1507.25
502.103	1444.25	0	1444.25
502.223	1473.25	0	1473.25
502.343	1418.25	0	1418.25
502.463	1425.75	0	1425.75
502.583	1387.5	0	1387.5
502.703	1369	0	1369
502.823	1387	0	1387
502.943	1393.5	0	1393.5
503.063	1371.75	0	1371.75
503.182	1360.75	0	1360.75
503.302	1344.25	0	1344.25
503.422	1323.5	0	1323.5
503.542	1345	0	1345
503.662	1323.25	0	1323.25
503.782	1310.75	0	1310.75
503.901	1318	0	1318
504.021	1301	0	1301
504.141	1279	0	1279
504.261	1293.5	0	1293.5
504.38	1263.25	0	1263.25
504.5	1293.75	0	1293.75
504.62	1409	0	1409
504.739	1295.25	0	1295.25
504.859	1325.75	0	1325.75
504.979	1390.5	0	1390.5
505.098	1439.75	0	1439.75
505.218	1358.25	0	1358.25
505.338	1358	0	1358
505.457	1337.25	0	1337.25
505.577	1454.75	0	1454.75
505.696	1638.75	0	1638.75
505.816	1631	0	1631
505.935	1626.75	0	1626.75
506.055	1674	0	1674
506.174	1649.25	0	1649.25
506.293	1983.25	0	1983.25
506.413	1682.25	0	1682.25
506.532	1556.75	0	1556.75
506.652	1545.75	0	1545.75
506.771	1507.5	0	1507.5
506.89	1533.5	0	1533.5
507.01	1520.5	0	1520.5
507.129	1498.75	0	1498.75
507.248	1491.25	0	1491.25
507.368	1485.5	0	1485.5
507.487	1497.25	0	1497.25
507.606	1422.5	0	1422.5
507.725	1437.75	0	1437.75
507.844	1433	0	1433
507.964	1383.25	0	1383.25
508.083	1417	0	1417
508.202	1390.75	0	1390.75
508.321	1441.75	0	1441.75
508.44	1382	0	1382
508.559	1400.5	0	1400.5
508.678	1405.5	0	1405.5
508.797	1438.25	0	1438.25
508.916	1367.75	0	1367.75
509.035	1363.25	0	1363.25
509.154	1382.75	0	1382.75
509.273	1393	0	1393
509.392	1359.5	0	1359.5
509.511	1375.75	0	1375.75
509.63	1363	0	1363
509.749	1382.25	0	1382.25
509.868	1318	0	1318
509.987	1361	0	1361
510.106	1387.75	0	1387.75
510.225	1481.25	0	1481.25
510.344	1741.5	0	1741.5
510.462	1829.75	0	1829.75
510.581	1607	0	1607
510.7	1617.25	0	1617.25
510.819	1494	0	1494
510.937	1526	0	1526
511.056	1486.75	0	1486.75
511.175	1516.75	0	1516.75
511.294	1476	0	1476
511.412	1508.25	0	1508.25
511.531	1502.5	0	1502.5
511.649	1452.75	0	1452.75
511.768	1527.75	0	1527.75
511.887	1422.25	0	1422.25
512.005	1478.5	0	1478.5
512.124	1413.5	0	1413.5
512.242	1489.75	0	1489.75
512.361	1468.75	0	1468.75
512.479	1479.5	0	1479.5
512.598	1587	0	1587
512.716	2010.75	0	2010.75
512.835	1984.25	0	1984.25
512.953	1591.25	0	1591.25
513.072	1687.5	0	1687.5
513.19	1522	0	1522
513.308	1494.75	0	1494.75
513.427	1517.5	0	1517.5
513.545	1532	0	1532
513.664	1888.75	0	1888.75
513.782	2272.75	0	2272.75
513.9	1985.75	0	1985.75
514.018	1662	0	1662
514.137	1517	0	1517
514.255	1501.75	0	1501.75
514.373	1536.75	0	1536.75
514.491	1469.75	0	1469.75
514.609	1518	0	1518
514.728	1785.75	0	1785.75
514.846	1726.75	0	1726.75
514.964	1551.25	0	1551.25
515.082	1505.75	0	1505.75
515.2	1611.25	0	1611.25
515.318	1474.25	0	1474.25
515.436	1502.75	0	1502.75
515.554	1564.5	0	1564.5
515.672	1563.75	0	1563.75
515.79	1669	0	1669
515.908	1622	0	1622
516.026	1508.75	0	1508.75
516.144	1447	0	1447
516.262	1475.25	0	1475.25
516.38	1488.25	0	1488.25
516.498	1492	0	1492
516.616	1476.25	0	1476.25
516.734	1437.5	0	1437.5
516.852	1533.5	0	1533.5
516.969	1473	0	1473
517.087	1457.75	0	1457.75
517.205	1474.5	0	1474.5
517.323	1463.5	0	1463.5
517.44	1531.25	0	1531.25
517.558	1906.25	0	1906.25
517.676	1745.25	0	1745.25
517.794	1559	0	1559
517.911	1583.25	0	1583.25
518.029	1476.5	0	1476.5
518.147	1408.5	0	1408.5
518.264	1417	0	1417
518.382	1324.5	0	1324.5
518.5	1326.5	0	1326.5
518.617	1333.25	0	1333.25
518.735	1299	0	1299
518.852	1367.5	0	1367.5
518.97	1476	0	1476
519.087	1746.75	0	1746.75
519.205	2350.5	0	2350.5
519.322	2437.5	0	2437.5
519.44	2576.5	0	2576.5
519.557	1935	0	1935
519.674	1660.25	0	1660.25
519.792	1583.75	0	1583.75
519.909	1545.5	0	1545.5
520.026	1457.75	0	1457.75
520.144	1475.75	0	1475.75
520.261	1339	0	1339
520.378	1419.75	0	1419.75
520.496	1422.25	0	1422.25
520.613	1500.25	0	1500.25
520.73	1379.25	0	1379.25
520.847	1289.75	0	1289.75
520.965	1296.75	0	1296.75
521.082	1379	0	1379
521.199	1396.5	0	1396.5
521.316	1389.5	0	1389.5
521.433	1347.75	0	1347.75
521.55	1441.75	0	1441.75
521.667	1308	0	1308
521.785	1262	0	1262
521.902	1206.25	0	1206.25
522.019	1211.75	0	1211.75
522.136	1224.25	0	1224.25
522.253	1210.75	0	1210.75
522.37	1256.5	0	1256.5
522.487	1398.5	0	1398.5
522.604	1370.75	0	1370.75
522.721	1613.5	0	1613.5
522.838	1785.25	0	1785.25
522.954	1817.5	0	1817.5
523.071	1796.75	0	1796.75
523.188	2174.25	0	2174.25
523.305	2818.75	0	2818.75
523.422	2173	0	2173
523.539	1928.75	0	1928.75
523.655	1874.75	0	1874.75
523.772	1827	0	1827
523.889	2283.75	0	2283.75
524.006	2713	0	2713
524.122	2026.25	0	2026.25
524.239	1788.25	0	1788.25
524.356	1670.25	0	1670.25
524.472	1611.75	0	1611.75
524.589	1613.75	0	1613.75
524.706	1564.5	0	1564.5
524.822	1547	0	1547
524.939	1540	0	1540
525.055	1489.25	0	1489.25
525.172	1473.25	0	1473.25
525.289	1457	0	1457
525.405	1486	0	1486
525.522	1474.75	0	1474.75
525.638	1469.5	0	1469.5
525.754	1498.5	0	1498.5
525.871	1413.5	0	1413.5
525.987	1516.25	0	1516.25
526.104	1433.75	0	1433.75
526.22	1409.5	0	1409.5
526.336	1454.75	0	1454.75
526.453	1445.5	0	1445.5
526.569	1427.5	0	1427.5
526.685	1394.25	0	1394.25
526.802	1355.75	0	1355.75
526.918	1412.25	0	1412.25
527.034	1401.75	0	1401.75
527.151	1368	0	1368
527.267	1365.5	0	1365.5
527.383	1397.25	0	1397.25
527.499	1686.5	0	1686.5
527.615	1679.75	0	1679.75
527.732	1613.5	0	1613.5
527.848	1576	0	1576
527.964	1635	0	1635
528.08	1630	0	1630
528.196	1626.25	0	1626.25
528.312	1560.5	0	1560.5
528.428	1549	0	1549
528.544	1524.75	0	1524.75
528.66	1601.5	0	1601.5
528.776	1564	0	1564
528.892	1597.75	0	1597.75
529.008	1539.75	0	1539.75
529.124	1525.75	0	1525.75
529.24	1506	0	1506
529.356	1542.5	0	1542.5
529.471	1463.75	0	1463.75
529.587	1504.75	0	1504.75
529.703	1413.25	0	1413.25
529.819	1414.5	0	1414.5
529.935	1447	0	1447
530.05	1413.25	0	1413.25
530.166	1419.25	0	1419.25
530.282	1392.5	0	1392.5
530.398	1372.5	0	1372.5
530.513	1348.5	0	1348.5
530.629	1326.5	0	1326.5
530.745	1311.5	0	1311.5
530.86	1323.5	0	1323.5
530.976	1344.75	0	1344.75
531.092	1351	0	1351
531.207	1352.75	0	1352.75
531.323	1344	0	1344
531.438	1374.25	0	1374.25
531.554	1295.25	0	1295.25
531.669	1297	0	1297
531.785	1247.25	0	1247.25
531.9	1298	0	1298
532.016	1240.5	0	1240.5
532.131	1213	0	1213
532.247	1246.75	0	1246.75
532.362	1300	0	1300
532.477	1313.25	0	1313.25
532.593	1323.25	0	1323.25
532.708	1377.75	0	1377.75
532.823	1446.25	0	1446.25
532.939	1448.25	0	1448.25
533.054	1279.5	0	1279.5
533.169	1338	0	1338
533.285	1262.75	0	1262.75
533.4	1273	0	1273
533.515	1299.5	0	1299.5
533.63	1227.5	0	1227.5
533.745	1317.5	0	1317.5
533.861	1174.25	0	1174.25
533.976	1240.5	0	1240.5
534.091	1213	0	1213
534.206	1209.75	0	1209.75
534.321	1241.5	0	1241.5
534.436	1184	0	1184
534.551	1235.5	0	1235.5
534.666	1158	0	1158
534.781	1224.75	0	1224.75
534.896	1202.25	0	1202.25
535.011	1214.25	0	1214.25
535.126	1343.75	0	1343.75
535.241	1600.75	0	1600.75
535.356	1294.25	0	1294.25
535.471	1275.5	0	1275.5
535.586	1077	0	1077
535.701	1205.75	0	1205.75
535.815	1105.75	0	1105.75
535.93	1111.5	0	1111.5
536.045	1164.25	0	1164.25
536.16	1097.75	0	1097.75