Lambda	Spectrum	Dark	SpecMinusDark
268.175	322.5	0	322.5
268.319	289.5	0	289.5
268.463	270.25	0	270.25
268.607	238.5	0	238.5
268.751	246.25	0	246.25
268.895	242.75	0	242.75
269.039	277.25	0	277.25
269.183	267.5	0	267.5
269.327	298.75	0	298.75
269.47	342	0	342
269.614	375.75	0	375.75
269.758	434	0	434
269.902	460.75	0	460.75
270.046	439.75	0	439.75
270.19	448	0	448
270.334	386.25	0	386.25
270.477	408	0	408
270.621	443.25	0	443.25
270.765	483.75	0	483.75
270.909	407	0	407
271.053	363.5	0	363.5
271.196	373	0	373
271.34	404.5	0	404.5
271.484	459.25	0	459.25
271.628	498	0	498
271.771	578.75	0	578.75
271.915	513	0	513
272.059	487.25	0	487.25
272.202	531	0	531
272.346	565	0	565
272.49	452.75	0	452.75
272.634	352.5	0	352.5
272.777	348.5	0	348.5
272.921	348	0	348
273.064	322	0	322
273.208	327.75	0	327.75
273.352	333.75	0	333.75
273.495	305.25	0	305.25
273.639	306	0	306
273.783	316.5	0	316.5
273.926	318.25	0	318.25
274.07	353.75	0	353.75
274.213	383	0	383
274.357	400	0	400
274.5	422.25	0	422.25
274.644	427	0	427
274.787	432.75	0	432.75
274.931	379.5	0	379.5
275.074	371.5	0	371.5
275.218	355.5	0	355.5
275.361	365	0	365
275.505	355.75	0	355.75
275.648	343.25	0	343.25
275.792	349.25	0	349.25
275.935	414.25	0	414.25
276.079	453	0	453
276.222	487.25	0	487.25
276.366	456.5	0	456.5
276.509	426	0	426
276.652	460.5	0	460.5
276.796	505	0	505
276.939	522.5	0	522.5
277.082	513.75	0	513.75
277.226	603	0	603
277.369	638.25	0	638.25
277.513	521.5	0	521.5
277.656	448.25	0	448.25
277.799	421.75	0	421.75
277.942	422	0	422
278.086	409	0	409
278.229	417.25	0	417.25
278.372	414.5	0	414.5
278.516	448.25	0	448.25
278.659	438.5	0	438.5
278.802	469	0	469
278.945	482.5	0	482.5
279.089	554.25	0	554.25
279.232	527.5	0	527.5
279.375	425.75	0	425.75
279.518	462	0	462
279.661	490.75	0	490.75
279.805	567	0	567
279.948	558.25	0	558.25
280.091	535.25	0	535.25
280.234	589.5	0	589.5
280.377	584.75	0	584.75
280.52	489	0	489
280.663	483.5	0	483.5
280.806	440.5	0	440.5
280.95	419.25	0	419.25
281.093	435.25	0	435.25
281.236	430.5	0	430.5
281.379	418.25	0	418.25
281.522	524.25	0	524.25
281.665	594.5	0	594.5
281.808	544	0	544
281.951	463.25	0	463.25
282.094	497	0	497
282.237	512	0	512
282.38	475.25	0	475.25
282.523	489.5	0	489.5
282.666	579.5	0	579.5
282.809	678.5	0	678.5
282.952	855	0	855
283.095	894.5	0	894.5
283.238	806.25	0	806.25
283.381	645.25	0	645.25
283.523	613.25	0	613.25
283.666	614.5	0	614.5
283.809	626.75	0	626.75
283.952	641.5	0	641.5
284.095	625.5	0	625.5
284.238	594	0	594
284.381	618.75	0	618.75
284.524	667.75	0	667.75
284.666	808.75	0	808.75
284.809	732.75	0	732.75
284.952	656.5	0	656.5
285.095	599.75	0	599.75
285.238	632.25	0	632.25
285.38	651.75	0	651.75
285.523	707.75	0	707.75
285.666	666.25	0	666.25
285.809	605.25	0	605.25
285.951	523	0	523
286.094	565.25	0	565.25
286.237	641.75	0	641.75
286.38	666	0	666
286.522	726.5	0	726.5
286.665	602	0	602
286.808	579	0	579
286.95	544.25	0	544.25
287.093	531	0	531
287.236	479.75	0	479.75
287.378	544	0	544
287.521	589.5	0	589.5
287.663	715.5	0	715.5
287.806	924	0	924
287.949	816.75	0	816.75
288.091	749.5	0	749.5
288.234	625.75	0	625.75
288.376	588.25	0	588.25
288.519	510.5	0	510.5
288.661	537.75	0	537.75
288.804	546.75	0	546.75
288.946	539.25	0	539.25
289.089	573	0	573
289.231	656.75	0	656.75
289.374	818.25	0	818.25
289.516	962.75	0	962.75
289.659	800	0	800
289.801	594	0	594
289.944	571.75	0	571.75
290.086	601	0	601
290.229	574.75	0	574.75
290.371	571	0	571
290.513	612.5	0	612.5
290.656	647.25	0	647.25
290.798	751.5	0	751.5
290.941	765.75	0	765.75
291.083	664.5	0	664.5
291.225	620.75	0	620.75
291.368	693	0	693
291.51	772.25	0	772.25
291.652	765.75	0	765.75
291.795	740.75	0	740.75
291.937	620.25	0	620.25
292.079	672	0	672
292.221	751	0	751
292.364	786.75	0	786.75
292.506	772.75	0	772.75
292.648	717	0	717
292.79	693	0	693
292.933	635.5	0	635.5
293.075	629.75	0	629.75
293.217	718.75	0	718.75
293.359	853	0	853
293.502	972	0	972
293.644	942.25	0	942.25
293.786	879.25	0	879.25
293.928	825.25	0	825.25
294.07	907.5	0	907.5
294.212	1150	0	1150
294.354	1496.5	0	1496.5
294.497	1424	0	1424
294.639	1400	0	1400
294.781	1033.75	0	1033.75
294.923	847	0	847
295.065	869.75	0	869.75
295.207	821	0	821
295.349	727	0	727
295.491	713.25	0	713.25
295.633	711	0	711
295.775	692.75	0	692.75
295.917	638	0	638
296.059	650.5	0	650.5
296.201	698	0	698
296.343	831	0	831
296.485	819.25	0	819.25
296.627	868	0	868
296.769	752.25	0	752.25
296.911	710.5	0	710.5
297.053	795.5	0	795.5
297.195	794	0	794
297.337	813.5	0	813.5
297.478	908	0	908
297.62	1128.25	0	1128.25
297.762	1032.75	0	1032.75
297.904	1043.5	0	1043.5
298.046	837.75	0	837.75
298.188	787	0	787
298.33	702	0	702
298.471	675.75	0	675.75
298.613	680.25	0	680.25
298.755	715.75	0	715.75
298.897	752	0	752
299.038	867.5	0	867.5
299.18	952.25	0	952.25
299.322	1010	0	1010
299.464	957.75	0	957.75
299.605	926	0	926
299.747	875.75	0	875.75
299.889	808.5	0	808.5
300.031	759	0	759
300.172	757.25	0	757.25
300.314	712.5	0	712.5
300.456	669.75	0	669.75
300.597	719.25	0	719.25
300.739	833.5	0	833.5
300.881	852.5	0	852.5
301.022	873.25	0	873.25
301.164	894.25	0	894.25
301.305	1012	0	1012
301.447	1083.25	0	1083.25
301.589	1224.75	0	1224.75
301.73	1060.5	0	1060.5
301.872	840	0	840
302.013	913	0	913
302.155	1021	0	1021
302.296	1192.25	0	1192.25
302.438	1320.75	0	1320.75
302.579	1206.5	0	1206.5
302.721	979.5	0	979.5
302.862	879	0	879
303.004	847.5	0	847.5
303.145	887.75	0	887.75
303.287	973.25	0	973.25
303.428	898.75	0	898.75
303.569	858	0	858
303.711	973.75	0	973.75
303.852	1112.75	0	1112.75
303.994	1170.5	0	1170.5
304.135	1261.75	0	1261.75
304.276	1135	0	1135
304.418	1150.25	0	1150.25
304.559	1216.75	0	1216.75
304.7	1342.25	0	1342.25
304.842	1515.25	0	1515.25
304.983	1286.5	0	1286.5
305.124	1037	0	1037
305.266	939.25	0	939.25
305.407	862.5	0	862.5
305.548	796	0	796
305.69	794.25	0	794.25
305.831	769	0	769
305.972	778	0	778
306.113	858.75	0	858.75
306.254	955.5	0	955.5
306.396	921.5	0	921.5
306.537	898.5	0	898.5
306.678	912	0	912
306.819	924.25	0	924.25
306.96	959.75	0	959.75
307.102	1053.25	0	1053.25
307.243	1072.75	0	1072.75
307.384	1017	0	1017
307.525	1033	0	1033
307.666	1063.75	0	1063.75
307.807	1072.5	0	1072.5
307.948	1065.75	0	1065.75
308.089	1009.5	0	1009.5
308.23	1031.5	0	1031.5
308.371	1068.75	0	1068.75
308.513	1036.75	0	1036.75
308.654	1033.75	0	1033.75
308.795	1068.75	0	1068.75
308.936	1082.25	0	1082.25
309.077	1119.75	0	1119.75
309.218	1159.25	0	1159.25
309.359	1050.25	0	1050.25
309.499	961.25	0	961.25
309.64	891.5	0	891.5
309.781	890.25	0	890.25
309.922	865	0	865
310.063	901.5	0	901.5
310.204	927.5	0	927.5
310.345	944.25	0	944.25
310.486	1050	0	1050
310.627	1179.5	0	1179.5
310.768	1083.75	0	1083.75
310.909	980.25	0	980.25
311.049	1031	0	1031
311.19	985.5	0	985.5
311.331	1011.75	0	1011.75
311.472	1107.75	0	1107.75
311.613	1259.5	0	1259.5
311.753	1355.5	0	1355.5
311.894	1323.75	0	1323.75
312.035	1113.25	0	1113.25
312.176	1012.75	0	1012.75
312.316	1012.25	0	1012.25
312.457	1048.75	0	1048.75
312.598	1055.25	0	1055.25
312.739	1010	0	1010
312.879	1000.75	0	1000.75
313.02	1081.5	0	1081.5
313.161	1135.75	0	1135.75
313.301	1234	0	1234
313.442	1139.5	0	1139.5
313.583	1133.25	0	1133.25
313.723	1130.75	0	1130.75
313.864	1239.25	0	1239.25
314.005	1423.5	0	1423.5
314.145	1265.25	0	1265.25
314.286	1167.5	0	1167.5
314.426	1209.25	0	1209.25
314.567	1166	0	1166
314.707	1116.75	0	1116.75
314.848	1155.5	0	1155.5
314.989	1239.75	0	1239.75
315.129	1254	0	1254
315.27	1172.5	0	1172.5
315.41	1165.25	0	1165.25
315.551	1155.25	0	1155.25
315.691	1195.25	0	1195.25
315.831	1310.5	0	1310.5
315.972	1269.75	0	1269.75
316.112	1445	0	1445
316.253	1714	0	1714
316.393	1585	0	1585
316.534	1428.75	0	1428.75
316.674	1362.25	0	1362.25
316.814	1296	0	1296
316.955	1176	0	1176
317.095	1065	0	1065
317.236	1086.25	0	1086.25
317.376	1237	0	1237
317.516	1418	0	1418
317.656	1515.5	0	1515.5
317.797	1560.5	0	1560.5
317.937	1630	0	1630
318.077	1722	0	1722
318.218	1685	0	1685
318.358	1576.75	0	1576.75
318.498	1337.25	0	1337.25
318.638	1289.5	0	1289.5
318.779	1279	0	1279
318.919	1408	0	1408
319.059	1469.25	0	1469.25
319.199	1383.5	0	1383.5
319.34	1279.25	0	1279.25
319.48	1326	0	1326
319.62	1465	0	1465
319.76	1634.5	0	1634.5
319.9	1517.75	0	1517.75
320.04	1398	0	1398
320.18	1370.5	0	1370.5
320.32	1343.5	0	1343.5
320.461	1602.75	0	1602.75
320.601	2044.75	0	2044.75
320.741	1997	0	1997
320.881	1550.25	0	1550.25
321.021	1359.75	0	1359.75
321.161	1477.25	0	1477.25
321.301	1880.25	0	1880.25
321.441	2442	0	2442
321.581	1971.5	0	1971.5
321.721	1664.25	0	1664.25
321.861	1703	0	1703
322.001	1782.5	0	1782.5
322.141	1634	0	1634
322.281	1421.25	0	1421.25
322.421	1375.5	0	1375.5
322.561	1434.5	0	1434.5
322.7	1502.25	0	1502.25
322.84	1634	0	1634
322.98	1706	0	1706
323.12	1844.75	0	1844.75
323.26	1687.75	0	1687.75
323.4	1679.5	0	1679.5
323.54	1697	0	1697
323.68	1640.5	0	1640.5
323.819	1542.25	0	1542.25
323.959	1472.25	0	1472.25
324.099	1528.75	0	1528.75
324.239	1391.5	0	1391.5
324.379	1330.75	0	1330.75
324.518	1321	0	1321
324.658	1381	0	1381
324.798	1411.75	0	1411.75
324.937	1602.75	0	1602.75
325.077	1652.75	0	1652.75
325.217	1726.5	0	1726.5
325.357	1917.5	0	1917.5
325.496	1873.75	0	1873.75
325.636	1685.25	0	1685.25
325.776	1644.75	0	1644.75
325.915	1747.25	0	1747.25
326.055	1598.25	0	1598.25
326.195	1677.25	0	1677.25
326.334	1765	0	1765
326.474	1855.25	0	1855.25
326.613	1911	0	1911
326.753	1806.5	0	1806.5
326.892	1729	0	1729
327.032	1589.5	0	1589.5
327.172	1527.5	0	1527.5
327.311	1423	0	1423
327.451	1447.25	0	1447.25
327.59	1543	0	1543
327.73	1677.25	0	1677.25
327.869	1716.75	0	1716.75
328.009	1778	0	1778
328.148	1731	0	1731
328.288	1614.5	0	1614.5
328.427	1557.5	0	1557.5
328.566	1549.75	0	1549.75
328.706	1500	0	1500
328.845	1533.5	0	1533.5
328.985	1716.25	0	1716.25
329.124	1845.75	0	1845.75
329.263	1830.25	0	1830.25
329.403	1645.5	0	1645.5
329.542	1707.75	0	1707.75
329.681	1912.5	0	1912.5
329.821	2228.25	0	2228.25
329.96	2506.5	0	2506.5
330.099	1979.25	0	1979.25
330.239	1794.75	0	1794.75
330.378	1747.75	0	1747.75
330.517	1697	0	1697
330.656	1660.25	0	1660.25
330.796	1749.5	0	1749.5
330.935	2055.25	0	2055.25
331.074	2113.75	0	2113.75
331.213	1825.5	0	1825.5
331.352	1836.5	0	1836.5
331.492	1872.25	0	1872.25
331.631	1782	0	1782
331.77	1753.25	0	1753.25
331.909	2004.75	0	2004.75
332.048	1994.25	0	1994.25
332.187	1981	0	1981
332.327	2072	0	2072
332.466	2355	0	2355
332.605	2280.75	0	2280.75
332.744	1995	0	1995
332.883	1867	0	1867
333.022	1966.5	0	1966.5
333.161	1852	0	1852
333.3	1612.25	0	1612.25
333.439	1690.5	0	1690.5
333.578	1759.5	0	1759.5
333.717	1747.25	0	1747.25
333.856	1790.5	0	1790.5
333.995	1965.5	0	1965.5
334.134	2251.25	0	2251.25
334.273	2552.75	0	2552.75
334.412	2545	0	2545
334.551	2152.25	0	2152.25
334.69	1851.25	0	1851.25
334.828	1795	0	1795
334.967	1798.25	0	1798.25
335.106	1945.5	0	1945.5
335.245	2071.5	0	2071.5
335.384	1962	0	1962
335.523	1821.5	0	1821.5
335.662	1779	0	1779
335.8	1810.75	0	1810.75
335.939	1816.75	0	1816.75
336.078	1780.5	0	1780.5
336.217	1769.75	0	1769.75
336.356	1750.5	0	1750.5
336.494	1702.75	0	1702.75
336.633	1805.25	0	1805.25
336.772	1950.75	0	1950.75
336.911	2320.75	0	2320.75
337.049	2501.75	0	2501.75
337.188	2403.75	0	2403.75
337.327	2497.5	0	2497.5
337.465	2247.25	0	2247.25
337.604	2056.75	0	2056.75
337.743	1972.25	0	1972.25
337.881	1906.75	0	1906.75
338.02	1975.75	0	1975.75
338.158	2075	0	2075
338.297	2082.25	0	2082.25
338.436	2129.5	0	2129.5
338.574	2067.75	0	2067.75
338.713	1960.25	0	1960.25
338.851	2046	0	2046
338.99	2141.5	0	2141.5
339.128	1981.25	0	1981.25
339.267	1832.75	0	1832.75
339.405	1886.5	0	1886.5
339.544	2018.5	0	2018.5
339.682	2121.25	0	2121.25
339.821	2135.5	0	2135.5
339.959	2144.75	0	2144.75
340.098	2147.25	0	2147.25
340.236	2223.75	0	2223.75
340.375	2332.5	0	2332.5
340.513	2455.25	0	2455.25
340.651	2445.75	0	2445.75
340.79	2571	0	2571
340.928	2646.25	0	2646.25
341.067	2808.75	0	2808.75
341.205	2984.5	0	2984.5
341.343	2700.25	0	2700.25
341.482	2603.5	0	2603.5
341.62	2579	0	2579
341.758	2554.75	0	2554.75
341.897	2696.25	0	2696.25
342.035	2563.5	0	2563.5
342.173	2496.75	0	2496.75
342.311	2398	0	2398
342.45	2377.75	0	2377.75
342.588	2453	0	2453
342.726	2808.25	0	2808.25
342.864	2728.75	0	2728.75
343.002	2343.5	0	2343.5
343.141	2112.75	0	2112.75
343.279	2133.5	0	2133.5
343.417	2137.5	0	2137.5
343.555	2083.75	0	2083.75
343.693	2173.75	0	2173.75
343.831	2273.25	0	2273.25
343.969	2354.75	0	2354.75
344.108	2636.75	0	2636.75
344.246	2756.25	0	2756.25
344.384	2500.75	0	2500.75
344.522	2362.5	0	2362.5
344.66	2486.25	0	2486.25
344.798	2564.25	0	2564.25
344.936	2427	0	2427
345.074	2355.25	0	2355.25
345.212	2155.75	0	2155.75
345.35	2069.5	0	2069.5
345.488	2188.5	0	2188.5
345.626	2444	0	2444
345.764	2327.5	0	2327.5
345.902	2233.75	0	2233.75
346.04	2184.25	0	2184.25
346.178	2234.25	0	2234.25
346.315	2183.5	0	2183.5
346.453	2095.75	0	2095.75
346.591	2183.75	0	2183.75
346.729	2289.5	0	2289.5
346.867	2106	0	2106
347.005	2078.75	0	2078.75
347.143	2051.75	0	2051.75
347.28	2206.75	0	2206.75
347.418	2594.75	0	2594.75
347.556	2919.5	0	2919.5
347.694	2698.75	0	2698.75
347.832	2429.25	0	2429.25
347.969	2471.25	0	2471.25
348.107	2506.75	0	2506.75
348.245	2393.25	0	2393.25
348.382	2564.25	0	2564.25
348.52	2514	0	2514
348.658	2254	0	2254
348.796	2341.75	0	2341.75
348.933	2373.5	0	2373.5
349.071	2501.5	0	2501.5
349.209	2812	0	2812
349.346	3363.5	0	3363.5
349.484	3461.25	0	3461.25
349.621	2523.25	0	2523.25
349.759	2388.75	0	2388.75
349.897	2388	0	2388
350.034	2310.75	0	2310.75
350.172	2314.5	0	2314.5
350.309	2392	0	2392
350.447	2427.75	0	2427.75
350.584	2619.5	0	2619.5
350.722	2966.75	0	2966.75
350.859	2915.25	0	2915.25
350.997	2434	0	2434
351.134	2232.75	0	2232.75
351.272	2227.75	0	2227.75
351.409	2252.75	0	2252.75
351.547	2368	0	2368
351.684	2333.5	0	2333.5
351.822	2179.25	0	2179.25
351.959	2309.25	0	2309.25
352.096	2483.25	0	2483.25
352.234	2320	0	2320
352.371	2399.75	0	2399.75
352.508	2605	0	2605
352.646	2706.5	0	2706.5
352.783	2577.5	0	2577.5
352.92	2553.5	0	2553.5
353.058	2325.25	0	2325.25
353.195	2251.5	0	2251.5
353.332	2504.75	0	2504.75
353.469	2843.75	0	2843.75
353.607	2928.75	0	2928.75
353.744	2672	0	2672
353.881	2558.25	0	2558.25
354.018	2577.25	0	2577.25
354.156	2677.75	0	2677.75
354.293	3097.25	0	3097.25
354.43	3373	0	3373
354.567	2756	0	2756
354.704	2606.5	0	2606.5
354.841	2628.25	0	2628.25
354.979	2800.5	0	2800.5
355.116	2575	0	2575
355.253	2626.5	0	2626.5
355.39	2562.25	0	2562.25
355.527	2639.5	0	2639.5
355.664	2604.25	0	2604.25
355.801	2552.5	0	2552.5
355.938	2514.25	0	2514.25
356.075	2446	0	2446
356.212	2448.75	0	2448.75
356.349	2452.5	0	2452.5
356.486	2557.25	0	2557.25
356.623	3004.5	0	3004.5
356.76	3369	0	3369
356.897	3421.25	0	3421.25
357.034	3206.25	0	3206.25
357.171	3096	0	3096
357.308	3224.75	0	3224.75
357.445	3429.5	0	3429.5
357.582	2968	0	2968
357.718	2533	0	2533
357.855	2512.5	0	2512.5
357.992	2594.25	0	2594.25
358.129	2635.25	0	2635.25
358.266	2666	0	2666
358.403	2549	0	2549
358.539	2447.25	0	2447.25
358.676	2482	0	2482
358.813	2700	0	2700
358.95	3017	0	3017
359.086	3254.5	0	3254.5
359.223	3174.5	0	3174.5
359.36	3054	0	3054
359.497	2938.5	0	2938.5
359.633	2850.5	0	2850.5
359.77	2647.25	0	2647.25
359.907	2501.75	0	2501.75
360.043	2445	0	2445
360.18	2550.75	0	2550.75
360.317	2900.25	0	2900.25
360.453	3548	0	3548
360.59	3554.75	0	3554.75
360.727	2919	0	2919
360.863	2693.75	0	2693.75
361	2688.5	0	2688.5
361.136	2836.5	0	2836.5
361.273	3166.25	0	3166.25
361.409	3532.5	0	3532.5
361.546	4985.75	0	4985.75
361.682	5406.75	0	5406.75
361.819	3797.75	0	3797.75
361.955	3213.5	0	3213.5
362.092	3414.25	0	3414.25
362.228	3090.25	0	3090.25
362.365	2994.75	0	2994.75
362.501	3075.75	0	3075.75
362.638	3152.75	0	3152.75
362.774	3069.5	0	3069.5
362.91	3523.5	0	3523.5
363.047	3855.25	0	3855.25
363.183	3313.25	0	3313.25
363.319	2718.25	0	2718.25
363.456	2709.75	0	2709.75
363.592	2878.75	0	2878.75
363.728	2906.5	0	2906.5
363.865	3204	0	3204
364.001	3458.5	0	3458.5
364.137	3191.25	0	3191.25
364.274	2891.25	0	2891.25
364.41	2937.75	0	2937.75
364.546	3073.5	0	3073.5
364.682	3014.25	0	3014.25
364.819	2941.5	0	2941.5
364.955	3098.5	0	3098.5
365.091	2963.25	0	2963.25
365.227	2869.25	0	2869.25
365.363	2949.5	0	2949.5
365.499	2957.25	0	2957.25
365.636	3037.25	0	3037.25
365.772	3150.5	0	3150.5
365.908	3167.5	0	3167.5
366.044	3167.25	0	3167.25
366.18	3214	0	3214
366.316	3165	0	3165
366.452	3214.25	0	3214.25
366.588	3385.25	0	3385.25
366.724	3418	0	3418
366.86	3176	0	3176
366.996	3074.5	0	3074.5
367.132	3108	0	3108
367.268	3503.5	0	3503.5
367.404	3857.5	0	3857.5
367.54	3568	0	3568
367.676	3392.75	0	3392.75
367.812	3484.5	0	3484.5
367.948	4013.75	0	4013.75
368.084	5000.75	0	5000.75
368.22	5270	0	5270
368.356	4742.75	0	4742.75
368.492	4285.75	0	4285.75
368.627	4575.75	0	4575.75
368.763	4590.75	0	4590.75
368.899	4189	0	4189
369.035	3719.75	0	3719.75
369.171	3410.25	0	3410.25
369.306	3393.25	0	3393.25
369.442	3211.75	0	3211.75
369.578	3208.5	0	3208.5
369.714	3319.75	0	3319.75
369.85	3376.5	0	3376.5
369.985	3372	0	3372
370.121	3494.75	0	3494.75
370.257	3706.25	0	3706.25
370.392	3761.75	0	3761.75
370.528	4221.75	0	4221.75
370.664	4903.5	0	4903.5
370.799	3984.75	0	3984.75
370.935	3314	0	3314
371.071	3124.75	0	3124.75
371.206	3250.25	0	3250.25
371.342	3558.75	0	3558.75
371.477	3779.75	0	3779.75
371.613	3720	0	3720
371.749	3760.75	0	3760.75
371.884	3719	0	3719
372.02	3587.75	0	3587.75
372.155	3396.25	0	3396.25
372.291	3144.5	0	3144.5
372.426	3051.75	0	3051.75
372.562	3031	0	3031
372.697	3165.25	0	3165.25
372.833	3532.5	0	3532.5
372.968	3529.25	0	3529.25
373.103	3311.75	0	3311.75
373.239	3140	0	3140
373.374	3060	0	3060
373.51	3173.75	0	3173.75
373.645	3195	0	3195
373.78	3272.75	0	3272.75
373.916	3455	0	3455
374.051	3702.5	0	3702.5
374.186	3590.25	0	3590.25
374.322	3292	0	3292
374.457	3122.75	0	3122.75
374.592	3200.5	0	3200.5
374.728	3548.75	0	3548.75
374.863	3765	0	3765
374.998	3635	0	3635
375.133	3455.25	0	3455.25
375.268	3417.25	0	3417.25
375.404	3626.75	0	3626.75
375.539	4363.5	0	4363.5
375.674	5108	0	5108
375.809	5280.5	0	5280.5
375.944	4995.5	0	4995.5
376.08	3940.25	0	3940.25
376.215	3686.25	0	3686.25
376.35	3605.5	0	3605.5
376.485	3819.75	0	3819.75
376.62	5082.75	0	5082.75
376.755	5771	0	5771
376.89	4780	0	4780
377.025	4256.25	0	4256.25
377.16	4757.25	0	4757.25
377.295	4768.75	0	4768.75
377.43	3958.5	0	3958.5
377.565	3799	0	3799
377.7	4394	0	4394
377.835	5344	0	5344
377.97	5850.25	0	5850.25
378.105	4730.25	0	4730.25
378.24	3985.5	0	3985.5
378.375	3729	0	3729
378.51	3507	0	3507
378.645	3364.5	0	3364.5
378.78	3338.5	0	3338.5
378.914	3411.75	0	3411.75
379.049	3859.5	0	3859.5
379.184	4345	0	4345
379.319	4055.75	0	4055.75
379.454	3956.25	0	3956.25
379.589	3966.25	0	3966.25
379.723	4005.25	0	4005.25
379.858	3956	0	3956
379.993	4278.25	0	4278.25
380.128	4500.5	0	4500.5
380.262	4149	0	4149
380.397	3819	0	3819
380.532	3746.5	0	3746.5
380.666	4388	0	4388
380.801	5549.25	0	5549.25
380.936	6051.5	0	6051.5
381.07	4909.5	0	4909.5
381.205	4142.25	0	4142.25
381.34	4319.5	0	4319.5
381.474	5451.5	0	5451.5
381.609	6704.75	0	6704.75
381.744	5525.25	0	5525.25
381.878	4475	0	4475
382.013	3957.75	0	3957.75
382.147	4117.25	0	4117.25
382.282	4855.75	0	4855.75
382.416	4858	0	4858
382.551	4414.5	0	4414.5
382.685	4307.25	0	4307.25
382.82	4351.5	0	4351.5
382.954	4336.75	0	4336.75
383.089	4354	0	4354
383.223	5335.75	0	5335.75
383.357	6897.5	0	6897.5
383.492	6176.75	0	6176.75
383.626	5629.75	0	5629.75
383.761	5992.5	0	5992.5
383.895	4772.75	0	4772.75
384.029	4478.25	0	4478.25
384.164	4511.75	0	4511.75
384.298	4562.75	0	4562.75
384.432	5757.75	0	5757.75
384.567	6355.25	0	6355.25
384.701	5050	0	5050
384.835	4088.25	0	4088.25
384.97	3963.75	0	3963.75
385.104	4006.75	0	4006.75
385.238	4197	0	4197
385.372	4540	0	4540
385.506	4626	0	4626
385.641	4440.25	0	4440.25
385.775	4986.25	0	4986.25
385.909	5093.5	0	5093.5
386.043	4685.5	0	4685.5
386.177	4589.5	0	4589.5
386.311	4949.5	0	4949.5
386.446	5471	0	5471
386.58	7248.75	0	7248.75
386.714	8182.75	0	8182.75
386.848	5830.75	0	5830.75
386.982	4792.25	0	4792.25
387.116	5372.5	0	5372.5
387.25	5408.75	0	5408.75
387.384	5077.25	0	5077.25
387.518	4394.25	0	4394.25
387.652	4231	0	4231
387.786	4624.25	0	4624.25
387.92	6188.25	0	6188.25
388.054	6612	0	6612
388.188	5124.5	0	5124.5
388.322	4286	0	4286
388.456	4083	0	4083
388.59	4004.5	0	4004.5
388.723	4056.5	0	4056.5
388.857	4177.25	0	4177.25
388.991	4409	0	4409
389.125	4544	0	4544
389.259	4406.75	0	4406.75
389.393	4258.25	0	4258.25
389.526	4416.5	0	4416.5
389.66	4584.5	0	4584.5
389.794	4163	0	4163
389.928	4096.25	0	4096.25
390.062	4409.5	0	4409.5
390.195	4621.75	0	4621.75
390.329	4480.75	0	4480.75
390.463	4353	0	4353
390.596	4173	0	4173
390.73	3787.75	0	3787.75
390.864	3792.75	0	3792.75
390.997	3739.75	0	3739.75
391.131	3670	0	3670
391.265	3757.5	0	3757.5
391.398	3767.75	0	3767.75
391.532	3886.75	0	3886.75
391.665	4049.25	0	4049.25
391.799	4054.5	0	4054.5
391.933	3917.25	0	3917.25
392.066	3924.25	0	3924.25
392.2	3987.25	0	3987.25
392.333	4321.5	0	4321.5
392.467	4222.25	0	4222.25
392.6	3994.5	0	3994.5
392.734	4028.5	0	4028.5
392.867	4728	0	4728
393.001	4663.75	0	4663.75
393.134	4230	0	4230
393.267	4690.25	0	4690.25
393.401	5442.25	0	5442.25
393.534	5755	0	5755
393.668	5156.75	0	5156.75
393.801	4559	0	4559
393.934	4393	0	4393
394.068	4217	0	4217
394.201	4146.5	0	4146.5
394.334	4163.75	0	4163.75
394.468	4293	0	4293
394.601	4589	0	4589
394.734	4640.5	0	4640.5
394.867	4531.25	0	4531.25
395.001	5138.75	0	5138.75
395.134	6642	0	6642
395.267	6378	0	6378
395.4	6043.75	0	6043.75
395.533	5150	0	5150
395.667	4634.75	0	4634.75
395.8	4543.5	0	4543.5
395.933	4420.5	0	4420.5
396.066	4714.25	0	4714.25
396.199	5025.5	0	5025.5
396.332	6086.25	0	6086.25
396.465	6076.75	0	6076.75
396.598	5637.25	0	5637.25
396.732	6261.5	0	6261.5
396.865	6073.75	0	6073.75
396.998	5289	0	5289
397.131	4807.25	0	4807.25
397.264	4724	0	4724
397.397	4936.75	0	4936.75
397.53	4824.25	0	4824.25
397.663	4894.5	0	4894.5
397.796	5753.5	0	5753.5
397.928	6359	0	6359
398.061	6596.25	0	6596.25
398.194	7250.5	0	7250.5
398.327	6021.75	0	6021.75
398.46	4886.75	0	4886.75
398.593	4750	0	4750
398.726	4735.5	0	4735.5
398.859	4686.25	0	4686.25
398.991	5112.25	0	5112.25
399.124	5170.75	0	5170.75
399.257	5110	0	5110
399.39	4898.25	0	4898.25
399.523	5319	0	5319
399.655	5760	0	5760
399.788	5761.75	0	5761.75
399.921	5764.5	0	5764.5
400.054	5634	0	5634
400.186	5242	0	5242
400.319	5498	0	5498
400.452	6133.75	0	6133.75
400.584	8977.25	0	8977.25
400.717	14246.5	0	14246.5
400.85	12878.5	0	12878.5
400.982	8449	0	8449
401.115	6874.75	0	6874.75
401.247	7302	0	7302
401.38	9526.25	0	9526.25
401.513	8737.25	0	8737.25
401.645	6738.5	0	6738.5
401.778	6481.25	0	6481.25
401.91	5662.5	0	5662.5
402.043	5544.5	0	5544.5
402.175	5439.5	0	5439.5
402.308	5218.75	0	5218.75
402.44	4983	0	4983
402.573	4943.75	0	4943.75
402.705	5566.25	0	5566.25
402.837	5829.25	0	5829.25
402.97	5220.75	0	5220.75
403.102	5039	0	5039
403.235	4927.25	0	4927.25
403.367	5391	0	5391
403.499	6155.5	0	6155.5
403.632	6069.25	0	6069.25
403.764	5824.5	0	5824.5
403.896	6396.5	0	6396.5
404.029	5789.5	0	5789.5
404.161	5857.25	0	5857.25
404.293	7507.5	0	7507.5
404.425	9143.25	0	9143.25
404.558	7382.25	0	7382.25
404.69	5980.75	0	5980.75
404.822	4991	0	4991
404.954	4727.75	0	4727.75
405.086	4785	0	4785
405.219	5073.5	0	5073.5
405.351	5086.25	0	5086.25
405.483	4903.5	0	4903.5
405.615	4729.25	0	4729.25
405.747	4715.5	0	4715.5
405.879	5090.75	0	5090.75
406.011	5031.5	0	5031.5
406.143	4958.75	0	4958.75
406.275	5857	0	5857
406.407	6685.25	0	6685.25
406.539	5862.75	0	5862.75
406.672	5861.25	0	5861.25
406.803	8851.75	0	8851.75
406.935	9827	0	9827
407.067	8488	0	8488
407.199	10742.8	0	10742.8
407.331	13752	0	13752
407.463	9170.75	0	9170.75
407.595	6302.5	0	6302.5
407.727	5536.5	0	5536.5
407.859	5118.25	0	5118.25
407.991	5189	0	5189
408.123	5672.25	0	5672.25
408.255	5693.25	0	5693.25
408.386	4912.25	0	4912.25
408.518	4945	0	4945
408.65	5506	0	5506
408.782	5825.5	0	5825.5
408.914	5429	0	5429
409.045	5255.5	0	5255.5
409.177	5027	0	5027
409.309	5053	0	5053
409.44	5302.75	0	5302.75
409.572	5154.5	0	5154.5
409.704	5318.25	0	5318.25
409.836	5225	0	5225
409.967	6236.5	0	6236.5
410.099	9173.75	0	9173.75
410.23	8158.75	0	8158.75
410.362	5563	0	5563
410.494	4949.5	0	4949.5
410.625	5021.25	0	5021.25
410.757	5813.25	0	5813.25
410.888	6085.25	0	6085.25
411.02	5740	0	5740
411.152	5306.75	0	5306.75
411.283	4950.5	0	4950.5
411.415	5190.5	0	5190.5
411.546	5663.5	0	5663.5
411.677	7009	0	7009
411.809	6272.75	0	6272.75
411.94	5497.25	0	5497.25
412.072	5491.25	0	5491.25
412.203	5248.75	0	5248.75
412.335	5477.5	0	5477.5
412.466	5987.25	0	5987.25
412.597	5897.5	0	5897.5
412.729	5157	0	5157
412.86	4783.75	0	4783.75
412.991	4980.25	0	4980.25
413.123	5263	0	5263
413.254	5491.25	0	5491.25
413.385	5237.5	0	5237.5
413.517	6663.25	0	6663.25
413.648	8899.5	0	8899.5
413.779	7122	0	7122
413.91	5853.5	0	5853.5
414.042	5593.25	0	5593.25
414.173	5426	0	5426
414.304	5343.25	0	5343.25
414.435	5888.5	0	5888.5
414.566	5184.25	0	5184.25
414.697	5107.5	0	5107.5
414.828	5190	0	5190
414.96	4857.5	0	4857.5
415.091	4702.75	0	4702.75
415.222	4925	0	4925
415.353	5514.75	0	5514.75
415.484	5248.5	0	5248.5
415.615	4983.25	0	4983.25
415.746	5142.25	0	5142.25
415.877	5613	0	5613
416.008	5107.75	0	5107.75
416.139	4797.25	0	4797.25
416.27	4781	0	4781
416.401	5013.5	0	5013.5
416.532	5059	0	5059
416.663	5336.25	0	5336.25
416.794	5781	0	5781
416.925	7996	0	7996
417.055	7535.75	0	7535.75
417.186	5578	0	5578
417.317	5049	0	5049
417.448	5130.5	0	5130.5
417.579	5047	0	5047
417.71	5020.25	0	5020.25
417.84	5049	0	5049
417.971	5048.5	0	5048.5
418.102	5094.75	0	5094.75
418.233	5501.5	0	5501.5
418.363	5207.5	0	5207.5
418.494	4853.5	0	4853.5
418.625	4751.25	0	4751.25
418.756	4731.25	0	4731.25
418.886	4731.25	0	4731.25
419.017	4696.75	0	4696.75
419.148	4503.75	0	4503.75
419.278	4789.5	0	4789.5
419.409	4591.5	0	4591.5
419.539	4618.5	0	4618.5
419.67	4659.25	0	4659.25
419.801	4889.75	0	4889.75
419.931	4967.25	0	4967.25
420.062	4825.75	0	4825.75
420.192	5283.75	0	5283.75
420.323	6526.5	0	6526.5
420.453	6379.75	0	6379.75
420.584	7404.5	0	7404.5
420.714	5965.25	0	5965.25
420.845	5186.25	0	5186.25
420.975	4906.25	0	4906.25
421.106	4730.25	0	4730.25
421.236	4694.75	0	4694.75
421.366	5487.5	0	5487.5
421.497	5366	0	5366
421.627	5287	0	5287
421.757	6370	0	6370
421.888	6103.25	0	6103.25
422.018	6036.25	0	6036.25
422.148	5461	0	5461
422.279	5233.5	0	5233.5
422.409	5308.5	0	5308.5
422.539	5663	0	5663
422.67	5139.5	0	5139.5
422.8	4841	0	4841
422.93	4984.25	0	4984.25
423.06	5353.75	0	5353.75
423.19	5327	0	5327
423.321	5834.75	0	5834.75
423.451	5204.5	0	5204.5
423.581	4912	0	4912
423.711	4872.25	0	4872.25
423.841	5286	0	5286
423.971	7080.75	0	7080.75
424.101	7095.25	0	7095.25
424.231	8005	0	8005
424.361	8075.5	0	8075.5
424.492	5947	0	5947
424.622	5096.25	0	5096.25
424.752	5188.5	0	5188.5
424.882	5235.5	0	5235.5
425.012	5267.75	0	5267.75
425.142	5087	0	5087
425.271	5356	0	5356
425.401	5354.75	0	5354.75
425.531	5308.75	0	5308.75
425.661	5842.25	0	5842.25
425.791	7471.5	0	7471.5
425.921	8249.5	0	8249.5
426.051	6966.75	0	6966.75
426.181	7246.25	0	7246.25
426.311	7094.5	0	7094.5
426.44	6630.75	0	6630.75
426.57	6712.25	0	6712.25
426.7	8260.25	0	8260.25
426.83	11154	0	11154
426.96	8154.75	0	8154.75
427.089	6592.75	0	6592.75
427.219	7323.5	0	7323.5
427.349	9386.5	0	9386.5
427.479	9464.5	0	9464.5
427.608	7520.75	0	7520.75
427.738	6284.25	0	6284.25
427.868	5524.25	0	5524.25
427.997	5731.25	0	5731.25
428.127	5789.25	0	5789.25
428.256	5828.75	0	5828.75
428.386	5985	0	5985
428.516	6079.5	0	6079.5
428.645	5443.5	0	5443.5
428.775	5075.5	0	5075.5
428.904	5374.25	0	5374.25
429.034	5825	0	5825
429.163	7557.75	0	7557.75
429.293	14271.8	0	14271.8
429.422	12744.8	0	12744.8
429.552	7608	0	7608
429.681	6131	0	6131
429.811	5715.25	0	5715.25
429.94	6671.25	0	6671.25
430.069	10881.2	0	10881.2
430.199	8356.5	0	8356.5
430.328	5820.5	0	5820.5
430.458	6034.5	0	6034.5
430.587	7324	0	7324
430.716	6929	0	6929
430.846	5759.25	0	5759.25
430.975	5062.75	0	5062.75
431.104	4968.25	0	4968.25
431.233	4833.5	0	4833.5
431.363	4647	0	4647
431.492	4971.5	0	4971.5
431.621	4802.25	0	4802.25
431.75	4679	0	4679
431.88	4410.25	0	4410.25
432.009	4584.5	0	4584.5
432.138	4526.25	0	4526.25
432.267	4420	0	4420
432.396	4405	0	4405
432.525	4810	0	4810
432.654	5055.25	0	5055.25
432.784	4716.5	0	4716.5
432.913	5311.5	0	5311.5
433.042	5432	0	5432
433.171	4855	0	4855
433.3	4349	0	4349
433.429	4293.25	0	4293.25
433.558	4313.25	0	4313.25
433.687	4496	0	4496
433.816	4665	0	4665
433.945	4503.5	0	4503.5
434.074	4407	0	4407
434.203	4625	0	4625
434.332	4680	0	4680
434.46	5024	0	5024
434.589	5371.75	0	5371.75
434.718	5009	0	5009
434.847	4639	0	4639
434.976	4277.5	0	4277.5
435.105	4409.5	0	4409.5
435.233	4508.25	0	4508.25
435.362	5133.5	0	5133.5
435.491	4590.5	0	4590.5
435.62	4260.25	0	4260.25
435.749	4193.25	0	4193.25
435.877	4266.5	0	4266.5
436.006	4816.25	0	4816.25
436.135	4773.25	0	4773.25
436.263	4846.5	0	4846.5
436.392	5494.5	0	5494.5
436.521	5492.75	0	5492.75
436.649	4594.5	0	4594.5
436.778	4346	0	4346
436.907	4176.75	0	4176.75
437.035	4450.75	0	4450.75
437.164	4716.25	0	4716.25
437.292	4158.75	0	4158.75
437.421	3966	0	3966
437.549	4134.75	0	4134.75
437.678	4599.75	0	4599.75
437.806	4422.5	0	4422.5
437.935	4116.25	0	4116.25
438.063	4011.5	0	4011.5
438.192	3968.75	0	3968.75
438.32	5029.75	0	5029.75
438.449	4651.75	0	4651.75
438.577	4321	0	4321
438.706	3937.75	0	3937.75
438.834	4243.75	0	4243.75
438.962	4088.75	0	4088.75
439.091	3903.75	0	3903.75
439.219	4323	0	4323
439.347	4469.25	0	4469.25
439.476	4131.75	0	4131.75
439.604	3968.25	0	3968.25
439.732	3913.75	0	3913.75
439.86	4093.5	0	4093.5
439.989	4108.5	0	4108.5
440.117	4143.75	0	4143.75
440.245	4796	0	4796
440.373	4467.25	0	4467.25
440.501	4286.75	0	4286.75
440.63	4765.25	0	4765.25
440.758	5370.25	0	5370.25
440.886	4791.5	0	4791.5
441.014	4582.5	0	4582.5
441.142	4723.25	0	4723.25
441.27	4572.5	0	4572.5
441.398	4550	0	4550
441.526	4473.75	0	4473.75
441.654	4375.75	0	4375.75
441.782	4751	0	4751
441.91	5292.75	0	5292.75
442.038	5053	0	5053
442.166	4752.25	0	4752.25
442.294	4837.75	0	4837.75
442.422	4835.5	0	4835.5
442.55	4539.25	0	4539.25
442.678	4467.5	0	4467.5
442.806	4411	0	4411
442.934	4300.75	0	4300.75
443.062	4350.25	0	4350.25
443.19	4458	0	4458
443.318	4343.75	0	4343.75
443.445	4692.5	0	4692.5
443.573	5347.75	0	5347.75
443.701	5177.5	0	5177.5
443.829	4919	0	4919
443.957	4729.75	0	4729.75
444.084	4660.75	0	4660.75
444.212	4356.25	0	4356.25
444.34	4745.25	0	4745.25
444.467	4370.5	0	4370.5
444.595	4198.75	0	4198.75
444.723	4531.75	0	4531.75
444.85	4625	0	4625
444.978	4394.5	0	4394.5
445.106	4132.75	0	4132.75
445.233	4187.25	0	4187.25
445.361	4436.75	0	4436.75
445.489	4728.5	0	4728.5
445.616	4592.25	0	4592.25
445.744	4799.25	0	4799.25
445.871	4806	0	4806
445.999	4831.75	0	4831.75
446.126	4517.75	0	4517.75
446.254	4674	0	4674
446.381	4495	0	4495
446.509	5688.5	0	5688.5
446.636	5214.25	0	5214.25
446.764	4380.75	0	4380.75
446.891	4328.5	0	4328.5
447.018	4177.5	0	4177.5
447.146	4213.25	0	4213.25
447.273	4605.5	0	4605.5
447.4	4377.25	0	4377.25
447.528	4271.25	0	4271.25
447.655	4243.25	0	4243.25
447.782	4285.5	0	4285.5
447.91	4240.75	0	4240.75
448.037	4523.5	0	4523.5
448.164	4620.5	0	4620.5
448.291	6409.5	0	6409.5
448.419	5233.75	0	5233.75
448.546	4341.25	0	4341.25
448.673	4209.25	0	4209.25
448.8	4465.25	0	4465.25
448.927	4243.25	0	4243.25
449.055	4295.75	0	4295.75
449.182	4608	0	4608
449.309	5351.5	0	5351.5
449.436	4908.5	0	4908.5
449.563	4362	0	4362
449.69	4538.75	0	4538.75
449.817	4185	0	4185
449.944	4082.25	0	4082.25
450.071	4178.75	0	4178.75
450.198	4307	0	4307
450.325	4932.75	0	4932.75
450.452	4439	0	4439
450.579	3970	0	3970
450.706	3977.25	0	3977.25
450.833	4129	0	4129
450.96	4153.75	0	4153.75
451.087	4597.5	0	4597.5
451.214	5426.5	0	5426.5
451.341	4481	0	4481
451.467	4219	0	4219
451.594	4288.25	0	4288.25
451.721	4319.75	0	4319.75
451.848	4185.25	0	4185.25
451.975	3871.5	0	3871.5
452.101	3867	0	3867
452.228	3876.5	0	3876.5
452.355	3832.75	0	3832.75
452.482	3775.5	0	3775.5
452.608	3884.25	0	3884.25
452.735	3988.5	0	3988.5
452.862	4348.75	0	4348.75
452.988	4217.75	0	4217.75
453.115	3926.25	0	3926.25
453.242	4164	0	4164
453.368	4972.75	0	4972.75
453.495	4821.25	0	4821.25
453.621	4493.75	0	4493.75
453.748	4080	0	4080
453.875	3965	0	3965
454.001	4070.25	0	4070.25
454.128	4311	0	4311
454.254	4815.25	0	4815.25
454.381	4588	0	4588
454.507	4714	0	4714
454.633	4344.5	0	4344.5
454.76	4033	0	4033
454.886	4032	0	4032
455.013	4657	0	4657
455.139	4814.5	0	4814.5
455.266	4199.25	0	4199.25
455.392	4110	0	4110
455.518	4060.5	0	4060.5
455.645	4156.5	0	4156.5
455.771	4205.25	0	4205.25
455.897	3976	0	3976
456.023	3814	0	3814
456.15	4020.75	0	4020.75
456.276	4125.75	0	4125.75
456.402	4231	0	4231
456.528	4064	0	4064
456.655	3950.5	0	3950.5
456.781	3880.25	0	3880.25
456.907	4452.75	0	4452.75
457.033	4504.5	0	4504.5
457.159	4217.5	0	4217.5
457.285	3924.75	0	3924.75
457.411	3865	0	3865
457.538	3906.75	0	3906.75
457.664	4136.75	0	4136.75
457.79	4193.25	0	4193.25
457.916	3883.25	0	3883.25
458.042	3663.5	0	3663.5
458.168	3632.75	0	3632.75
458.294	3653.75	0	3653.75
458.42	3711	0	3711
458.546	4153.5	0	4153.5
458.672	4310.25	0	4310.25
458.798	4825.25	0	4825.25
458.924	4506.25	0	4506.25
459.049	4694	0	4694
459.175	5100.75	0	5100.75
459.301	4109	0	4109
459.427	3908.5	0	3908.5
459.553	3818.5	0	3818.5
459.679	3828	0	3828
459.805	4491.75	0	4491.75
459.93	5217	0	5217
460.056	4447.75	0	4447.75
460.182	4222.25	0	4222.25
460.308	4104.5	0	4104.5
460.433	3914.75	0	3914.75
460.559	3711.5	0	3711.5
460.685	3966.25	0	3966.25
460.81	4507.5	0	4507.5
460.936	4589.25	0	4589.25
461.062	4083.25	0	4083.25
461.187	4914.25	0	4914.25
461.313	4290.5	0	4290.5
461.439	3979.25	0	3979.25
461.564	3757.5	0	3757.5
461.69	3740	0	3740
461.815	3666.5	0	3666.5
461.941	4025.25	0	4025.25
462.066	3872.5	0	3872.5
462.192	3870.25	0	3870.25
462.317	3849.5	0	3849.5
462.443	3828.75	0	3828.75
462.568	3701.5	0	3701.5
462.694	3711.25	0	3711.25
462.819	3881	0	3881
462.944	3723.25	0	3723.25
463.07	3732.25	0	3732.25
463.195	3724.75	0	3724.75
463.321	4355	0	4355
463.446	4180	0	4180
463.571	3736.5	0	3736.5
463.697	3702	0	3702
463.822	3782.75	0	3782.75
463.947	3964	0	3964
464.072	4502	0	4502
464.198	4880.75	0	4880.75
464.323	4016	0	4016
464.448	3853.25	0	3853.25
464.573	3794	0	3794
464.698	3672	0	3672
464.824	3739.25	0	3739.25
464.949	3775	0	3775
465.074	3722	0	3722
465.199	3789.5	0	3789.5
465.324	3888	0	3888
465.449	3854	0	3854
465.574	4684	0	4684
465.699	5453	0	5453
465.824	7198.75	0	7198.75
465.949	6140	0	6140
466.074	4929.5	0	4929.5
466.199	4378.5	0	4378.5
466.324	4031.5	0	4031.5
466.449	3964.75	0	3964.75
466.574	3864	0	3864
466.699	4275.25	0	4275.25
466.824	4138.75	0	4138.75
466.949	3981.75	0	3981.75
467.074	3992.75	0	3992.75
467.199	3798.5	0	3798.5
467.323	3930	0	3930
467.448	4161.75	0	4161.75
467.573	4642.75	0	4642.75
467.698	4763.75	0	4763.75
467.823	5307.75	0	5307.75
467.947	7931	0	7931
468.072	5309.75	0	5309.75
468.197	4754.75	0	4754.75
468.322	4321.25	0	4321.25
468.446	4120.75	0	4120.75
468.571	4232	0	4232
468.696	4145.75	0	4145.75
468.82	3975.25	0	3975.25
468.945	4149.5	0	4149.5
469.069	4273.25	0	4273.25
469.194	4639.5	0	4639.5
469.319	5220.25	0	5220.25
469.443	4699	0	4699
469.568	4432.75	0	4432.75
469.692	4632	0	4632
469.817	4463.25	0	4463.25
469.941	4641.5	0	4641.5
470.066	4520	0	4520
470.19	4430.75	0	4430.75
470.315	4158.5	0	4158.5
470.439	4344	0	4344
470.563	4280.75	0	4280.75
470.688	4011	0	4011
470.812	4361.75	0	4361.75
470.937	4877.75	0	4877.75
471.061	4886.5	0	4886.5
471.185	4799.75	0	4799.75
471.31	4491	0	4491
471.434	4462.25	0	4462.25
471.558	4542.25	0	4542.25
471.682	4450.25	0	4450.25
471.807	4743.25	0	4743.25
471.931	4574	0	4574
472.055	4312	0	4312
472.179	4384.5	0	4384.5
472.303	4449.5	0	4449.5
472.428	4729.5	0	4729.5
472.552	4385.5	0	4385.5
472.676	4369.5	0	4369.5
472.8	4791.75	0	4791.75
472.924	4810.25	0	4810.25
473.048	4275.75	0	4275.75
473.172	4224.75	0	4224.75
473.296	4174.75	0	4174.75
473.42	4135.25	0	4135.25
473.544	4160	0	4160
473.668	4426.75	0	4426.75
473.792	4267.25	0	4267.25
473.916	4282.75	0	4282.75
474.04	4523	0	4523
474.164	4337	0	4337
474.288	4314.25	0	4314.25
474.412	4625.5	0	4625.5
474.536	4426.75	0	4426.75
474.66	4530.5	0	4530.5
474.784	4626.5	0	4626.5
474.908	4592	0	4592
475.031	4900.25	0	4900.25
475.155	5379.25	0	5379.25
475.279	4868.75	0	4868.75
475.403	4676.75	0	4676.75
475.526	5043.5	0	5043.5
475.65	7208	0	7208
475.774	5328.5	0	5328.5
475.898	4630.75	0	4630.75
476.021	4598.25	0	4598.25
476.145	4386.25	0	4386.25
476.269	4273	0	4273
476.392	4539.75	0	4539.75
476.516	4634.75	0	4634.75
476.64	4925	0	4925
476.763	4796	0	4796
476.887	4695.5	0	4695.5
477.01	4619.25	0	4619.25
477.134	4882.25	0	4882.25
477.257	5174	0	5174
477.381	4779	0	4779
477.504	4567.75	0	4567.75
477.628	4544	0	4544
477.751	4618	0	4618
477.875	4755	0	4755
477.998	4763	0	4763
478.122	4517.25	0	4517.25
478.245	4653	0	4653
478.368	4674	0	4674
478.492	4549.5	0	4549.5
478.615	4887.5	0	4887.5
478.738	5034.5	0	5034.5
478.862	4770	0	4770
478.985	4593	0	4593
479.108	4648.25	0	4648.25
479.231	4774.25	0	4774.25
479.355	4631.75	0	4631.75
479.478	4654	0	4654
479.601	5016.5	0	5016.5
479.724	5128.5	0	5128.5
479.848	6031.5	0	6031.5
479.971	5474.25	0	5474.25
480.094	4830.5	0	4830.5
480.217	4736.25	0	4736.25
480.34	4890.75	0	4890.75
480.463	4980.75	0	4980.75
480.586	5549	0	5549
480.709	5318.75	0	5318.75
480.832	5031.5	0	5031.5
480.955	5054.75	0	5054.75
481.078	5056.75	0	5056.75
481.201	5034	0	5034
481.324	4931.25	0	4931.25
481.447	5259.25	0	5259.25
481.57	5798.25	0	5798.25
481.693	5651.25	0	5651.25
481.816	5176	0	5176
481.939	5134.5	0	5134.5
482.062	4979	0	4979
482.185	5129.5	0	5129.5
482.307	5026	0	5026
482.43	5082.5	0	5082.5
482.553	5038.25	0	5038.25
482.676	5037	0	5037
482.799	5137.75	0	5137.75
482.921	5056	0	5056
483.044	5109.25	0	5109.25
483.167	5032.5	0	5032.5
483.29	5338.5	0	5338.5
483.412	5429.75	0	5429.75
483.535	5249.5	0	5249.5
483.658	5052	0	5052
483.78	5066.75	0	5066.75
483.903	5032.25	0	5032.25
484.025	5353.25	0	5353.25
484.148	6676.25	0	6676.25
484.271	11992.5	0	11992.5
484.393	7136.75	0	7136.75
484.516	5597.5	0	5597.5
484.638	5150	0	5150
484.761	5179.5	0	5179.5
484.883	4952.25	0	4952.25
485.006	4922.25	0	4922.25
485.128	4951.25	0	4951.25
485.251	5558	0	5558
485.373	5357.75	0	5357.75
485.495	4764.5	0	4764.5
485.618	4854.5	0	4854.5
485.74	5114.5	0	5114.5
485.863	4798.5	0	4798.5
485.985	4939.25	0	4939.25
486.107	5109.25	0	5109.25
486.229	5129.75	0	5129.75
486.352	5002.25	0	5002.25
486.474	4964.75	0	4964.75
486.596	4830	0	4830
486.719	5007.5	0	5007.5
486.841	5022.25	0	5022.25
486.963	4822	0	4822
487.085	5011.25	0	5011.25
487.207	5025	0	5025
487.329	4962.25	0	4962.25
487.452	5070.5	0	5070.5
487.574	4894	0	4894
487.696	5305.5	0	5305.5
487.818	5046	0	5046
487.94	4908.5	0	4908.5
488.062	4914.25	0	4914.25
488.184	4985	0	4985
488.306	5018.25	0	5018.25
488.428	5431.5	0	5431.5
488.55	9106.75	0	9106.75
488.672	7133	0	7133
488.794	5411	0	5411
488.916	5482.5	0	5482.5
489.038	5537.75	0	5537.75
489.16	5483.25	0	5483.25
489.281	4859	0	4859
489.403	4614	0	4614
489.525	4639.25	0	4639.25
489.647	4634.75	0	4634.75
489.769	4686	0	4686
489.891	4624.5	0	4624.5
490.012	4701.5	0	4701.5
490.134	5567	0	5567
490.256	5051.75	0	5051.75
490.378	4852	0	4852
490.499	4824.25	0	4824.25
490.621	4668.25	0	4668.25
490.743	4605	0	4605
490.864	4800.75	0	4800.75
490.986	5155	0	5155
491.108	4787	0	4787
491.229	4740	0	4740
491.351	4796.5	0	4796.5
491.472	5080.25	0	5080.25
491.594	4890.5	0	4890.5
491.715	4731	0	4731
491.837	4614.5	0	4614.5
491.958	4528.25	0	4528.25
492.08	4504	0	4504
492.201	4572.75	0	4572.75
492.323	4779	0	4779
492.444	4762.75	0	4762.75
492.566	4689	0	4689
492.687	4507.5	0	4507.5
492.808	4512.75	0	4512.75
492.93	4627.5	0	4627.5
493.051	5227.25	0	5227.25
493.172	4819.5	0	4819.5
493.294	4680.25	0	4680.25
493.415	4564.75	0	4564.75
493.536	4558.25	0	4558.25
493.658	4448.5	0	4448.5
493.779	4426.75	0	4426.75
493.9	4475	0	4475
494.021	4462.25	0	4462.25
494.143	4430.5	0	4430.5
494.264	4359.25	0	4359.25
494.385	4393.25	0	4393.25
494.506	4302	0	4302
494.627	4366	0	4366
494.748	4502.75	0	4502.75
494.869	4375.5	0	4375.5
494.99	4401.5	0	4401.5
495.111	4545	0	4545
495.232	4717	0	4717
495.353	4331.25	0	4331.25
495.475	4406.75	0	4406.75
495.595	4684.25	0	4684.25
495.716	4424	0	4424
495.837	4374.5	0	4374.5
495.958	4355	0	4355
496.079	4524.25	0	4524.25
496.2	4446	0	4446
496.321	4329	0	4329
496.442	4274.75	0	4274.75
496.563	4302.5	0	4302.5
496.684	4354	0	4354
496.804	4334.5	0	4334.5
496.925	4251.5	0	4251.5
497.046	4355.75	0	4355.75
497.167	4557.25	0	4557.25
497.287	4310.5	0	4310.5
497.408	4323.25	0	4323.25
497.529	4593.25	0	4593.25
497.65	4602.25	0	4602.25
497.77	4586	0	4586
497.891	5057.25	0	5057.25
498.012	4694	0	4694
498.132	7135	0	7135
498.253	5753.5	0	5753.5
498.373	4882.5	0	4882.5
498.494	4742.5	0	4742.5
498.614	5158.5	0	5158.5
498.735	4635.5	0	4635.5
498.856	4622.25	0	4622.25
498.976	4334.75	0	4334.75
499.096	4377.25	0	4377.25
499.217	4363.25	0	4363.25
499.337	4618.75	0	4618.75
499.458	4612.5	0	4612.5
499.578	4355.75	0	4355.75
499.699	4178	0	4178
499.819	4250	0	4250
499.939	4322.75	0	4322.75
500.06	4349.25	0	4349.25
500.18	4453.75	0	4453.75
500.3	4440	0	4440
500.421	6387.5	0	6387.5
500.541	8110.75	0	8110.75
500.661	5079.5	0	5079.5
500.781	4526.75	0	4526.75
500.902	4405	0	4405
501.022	4285.25	0	4285.25
501.142	4407.25	0	4407.25
501.262	4744.75	0	4744.75
501.382	7480.75	0	7480.75
501.502	5933	0	5933
501.623	4648.5	0	4648.5
501.743	4370	0	4370
501.863	4244.75	0	4244.75
501.983	4250.75	0	4250.75
502.103	4236	0	4236
502.223	4126.25	0	4126.25
502.343	4136	0	4136
502.463	4170.25	0	4170.25
502.583	4097.75	0	4097.75
502.703	4070.5	0	4070.5
502.823	4314	0	4314
502.943	4127	0	4127
503.063	4173	0	4173
503.182	4040.75	0	4040.75
503.302	4086.25	0	4086.25
503.422	4030.5	0	4030.5
503.542	4087	0	4087
503.662	4056	0	4056
503.782	4201.25	0	4201.25
503.901	4721	0	4721
504.021	4336.25	0	4336.25
504.141	4032.5	0	4032.5
504.261	4089.5	0	4089.5
504.38	4146	0	4146
504.5	4063	0	4063
504.62	4035.5	0	4035.5
504.739	4007.75	0	4007.75
504.859	4033.25	0	4033.25
504.979	4290	0	4290
505.098	5601.5	0	5601.5
505.218	10158.2	0	10158.2
505.338	8071.25	0	8071.25
505.457	5636.5	0	5636.5
505.577	4589	0	4589
505.696	4408.25	0	4408.25
505.816	4192	0	4192
505.935	4059.5	0	4059.5
506.055	4081.25	0	4081.25
506.174	4037	0	4037
506.293	4105.5	0	4105.5
506.413	4029	0	4029
506.532	4148.75	0	4148.75
506.652	4274.5	0	4274.5
506.771	6578	0	6578
506.89	5425.25	0	5425.25
507.01	5927.5	0	5927.5
507.129	6389.25	0	6389.25
507.248	5139.75	0	5139.75
507.368	4694	0	4694
507.487	4501.5	0	4501.5
507.606	4464.25	0	4464.25
507.725	4355.5	0	4355.5
507.844	4345.75	0	4345.75
507.964	4397.5	0	4397.5
508.083	4274.75	0	4274.75
508.202	4294.5	0	4294.5
508.321	4156.75	0	4156.75
508.44	4129.25	0	4129.25
508.559	4093.25	0	4093.25
508.678	4133.75	0	4133.75
508.797	4091.75	0	4091.75
508.916	4206.75	0	4206.75
509.035	4036.5	0	4036.5
509.154	4061	0	4061
509.273	3961.75	0	3961.75
509.392	3989.75	0	3989.75
509.511	3955.25	0	3955.25
509.63	3952.75	0	3952.75
509.749	3937.5	0	3937.5
509.868	3902.25	0	3902.25
509.987	3983.25	0	3983.25
510.106	3956	0	3956
510.225	4062.25	0	4062.25
510.344	4182.25	0	4182.25
510.462	4443.5	0	4443.5
510.581	4186	0	4186
510.7	4108.5	0	4108.5
510.819	4027.5	0	4027.5
510.937	4280.5	0	4280.5
511.056	3974.25	0	3974.25
511.175	3987	0	3987
511.294	3972.75	0	3972.75
511.412	3937.25	0	3937.25
511.531	3936.25	0	3936.25
511.649	3976.5	0	3976.5
511.768	3997	0	3997
511.887	3946.75	0	3946.75
512.005	3905.5	0	3905.5
512.124	3940.5	0	3940.5
512.242	4047.75	0	4047.75
512.361	4077.5	0	4077.5
512.479	3866.75	0	3866.75
512.598	3838.25	0	3838.25
512.716	4024.25	0	4024.25
512.835	4122.75	0	4122.75
512.953	4257.75	0	4257.75
513.072	4013.25	0	4013.25
513.19	3959.5	0	3959.5
513.308	3933	0	3933
513.427	3880.75	0	3880.75
513.545	3904.25	0	3904.25
513.664	4085	0	4085
513.782	4165.25	0	4165.25
513.9	3931.5	0	3931.5
514.018	3942.75	0	3942.75
514.137	3908.5	0	3908.5
514.255	3873.5	0	3873.5
514.373	4033.5	0	4033.5
514.491	4198.25	0	4198.25
514.609	3898.75	0	3898.75
514.728	3846.25	0	3846.25
514.846	3792.75	0	3792.75
514.964	3793.75	0	3793.75
515.082	3787.5	0	3787.5
515.2	4017.25	0	4017.25
515.318	4105	0	4105
515.436	3843.75	0	3843.75
515.554	3784.25	0	3784.25
515.672	3830.75	0	3830.75
515.79	3784.5	0	3784.5
515.908	3735	0	3735
516.026	3762.25	0	3762.25
516.144	3807	0	3807
516.262	3764.75	0	3764.75
516.38	3731.25	0	3731.25
516.498	3718	0	3718
516.616	3637	0	3637
516.734	3623	0	3623
516.852	3648.75	0	3648.75
516.969	3578.5	0	3578.5
517.087	3570	0	3570
517.205	3649.5	0	3649.5
517.323	3644	0	3644
517.44	3697.25	0	3697.25
517.558	3592.75	0	3592.75
517.676	3615	0	3615
517.794	3709.25	0	3709.25
517.911	3694	0	3694
518.029	3676.5	0	3676.5
518.147	3682.75	0	3682.75
518.264	4073	0	4073
518.382	3835.5	0	3835.5
518.5	3686.5	0	3686.5
518.617	3596.25	0	3596.25
518.735	3625.25	0	3625.25
518.852	3669	0	3669
518.97	3598.75	0	3598.75
519.087	3905.75	0	3905.75
519.205	4161	0	4161
519.322	3700.5	0	3700.5
519.44	3778	0	3778
519.557	3740.25	0	3740.25
519.674	3726.75	0	3726.75
519.792	3655.5	0	3655.5
519.909	3732.25	0	3732.25
520.026	3779.5	0	3779.5
520.144	4008.5	0	4008.5
520.261	4292.75	0	4292.75
520.378	4462.75	0	4462.75
520.496	4386	0	4386
520.613	3962.25	0	3962.25
520.73	3729.25	0	3729.25
520.847	3758.75	0	3758.75
520.965	3741.75	0	3741.75
521.082	3854.5	0	3854.5
521.199	4062.5	0	4062.5
521.316	3961	0	3961
521.433	3740.25	0	3740.25
521.55	3736.25	0	3736.25
521.667	3819.25	0	3819.25
521.785	3871.75	0	3871.75
521.902	3735.5	0	3735.5
522.019	3717	0	3717
522.136	3776.5	0	3776.5
522.253	4771.5	0	4771.5
522.37	7664.25	0	7664.25
522.487	4558.75	0	4558.75
522.604	3740.5	0	3740.5
522.721	3673.75	0	3673.75
522.838	3592.25	0	3592.25
522.954	3461.5	0	3461.5
523.071	3450.25	0	3450.25
523.188	3701.25	0	3701.25
523.305	3724.25	0	3724.25
523.422	3487	0	3487
523.539	3517.25	0	3517.25
523.655	3474	0	3474
523.772	3538.5	0	3538.5
523.889	3595	0	3595
524.006	3478	0	3478
524.122	3922	0	3922
524.239	4109.5	0	4109.5
524.356	3461.25	0	3461.25
524.472	3383	0	3383
524.589	3458.5	0	3458.5
524.706	3349.5	0	3349.5
524.822	3397.75	0	3397.75
524.939	3442.5	0	3442.5
525.055	3376.5	0	3376.5
525.172	3399.75	0	3399.75
525.289	3556.25	0	3556.25
525.405	3891.25	0	3891.25
525.522	3566.75	0	3566.75
525.638	3355.25	0	3355.25
525.754	3534.75	0	3534.75
525.871	3653	0	3653
525.987	3465.5	0	3465.5
526.104	3389.75	0	3389.75
526.22	3498.5	0	3498.5
526.336	3332.25	0	3332.25
526.453	3277.5	0	3277.5
526.569	3206.75	0	3206.75
526.685	3272.25	0	3272.25
526.802	3408.25	0	3408.25
526.918	3233.5	0	3233.5
527.034	3182.75	0	3182.75
527.151	3231.75	0	3231.75
527.267	3226	0	3226
527.383	3539	0	3539
527.499	3565.75	0	3565.75
527.615	3320.75	0	3320.75
527.732	3280.75	0	3280.75
527.848	3196	0	3196
527.964	3187	0	3187
528.08	3080.75	0	3080.75
528.196	3136.75	0	3136.75
528.312	3128.25	0	3128.25
528.428	3097	0	3097
528.544	3093	0	3093
528.66	3130.75	0	3130.75
528.776	3078.25	0	3078.25
528.892	3164	0	3164
529.008	3188.5	0	3188.5
529.124	3176.5	0	3176.5
529.24	3074.75	0	3074.75
529.356	3109	0	3109
529.471	3090.5	0	3090.5
529.587	3083.25	0	3083.25
529.703	3008.25	0	3008.25
529.819	3033.25	0	3033.25
529.935	2962	0	2962
530.05	3013.75	0	3013.75
530.166	3041	0	3041
530.282	3036	0	3036
530.398	3017	0	3017
530.513	3066	0	3066
530.629	3022.75	0	3022.75
530.745	2913	0	2913
530.86	2918.5	0	2918.5
530.976	3043	0	3043
531.092	2993	0	2993
531.207	2962.25	0	2962.25
531.323	3012.5	0	3012.5
531.438	3000.75	0	3000.75
531.554	2956.5	0	2956.5
531.669	2992	0	2992
531.785	3122	0	3122
531.9	3069.25	0	3069.25
532.016	2989.75	0	2989.75
532.131	2959.25	0	2959.25
532.247	2905.5	0	2905.5
532.362	2860	0	2860
532.477	2935.5	0	2935.5
532.593	2978.25	0	2978.25
532.708	2938.5	0	2938.5
532.823	2896.75	0	2896.75
532.939	2884	0	2884
533.054	2856.75	0	2856.75
533.169	2876	0	2876
533.285	2791.75	0	2791.75
533.4	2786.25	0	2786.25
533.515	2877	0	2877
533.63	3027.75	0	3027.75
533.745	2990	0	2990
533.861	2940.25	0	2940.25
533.976	2910	0	2910
534.091	2890	0	2890
534.206	2853.25	0	2853.25
534.321	2872	0	2872
534.436	2821	0	2821
534.551	2831	0	2831
534.666	2919.5	0	2919.5
534.781	3154	0	3154
534.896	3269	0	3269
535.011	3097	0	3097
535.126	3066	0	3066
535.241	2968.25	0	2968.25
535.356	3096.5	0	3096.5
535.471	3027.5	0	3027.5
535.586	3000.5	0	3000.5
535.701	2925	0	2925
535.815	2871	0	2871
535.93	2876.25	0	2876.25
536.045	2830.75	0	2830.75
536.16	2873.75	0	2873.75