Lambda	Spectrum	Dark	SpecMinusDark
268.175	35.75	0	35.75
268.319	40.25	0	40.25
268.463	41	0	41
268.607	34	0	34
268.751	36.25	0	36.25
268.895	28.5	0	28.5
269.039	26.75	0	26.75
269.183	34.75	0	34.75
269.327	33.25	0	33.25
269.47	32.25	0	32.25
269.614	35	0	35
269.758	37	0	37
269.902	25	0	25
270.046	31.25	0	31.25
270.19	34.25	0	34.25
270.334	37.25	0	37.25
270.477	45.25	0	45.25
270.621	36.25	0	36.25
270.765	32.75	0	32.75
270.909	39.25	0	39.25
271.053	33.75	0	33.75
271.196	40.25	0	40.25
271.34	38.25	0	38.25
271.484	37.5	0	37.5
271.628	45.25	0	45.25
271.771	45.5	0	45.5
271.915	41.25	0	41.25
272.059	51.75	0	51.75
272.202	35.5	0	35.5
272.346	35.75	0	35.75
272.49	54.5	0	54.5
272.634	55.75	0	55.75
272.777	41.5	0	41.5
272.921	41	0	41
273.064	53	0	53
273.208	47	0	47
273.352	35	0	35
273.495	31	0	31
273.639	53.25	0	53.25
273.783	52.25	0	52.25
273.926	48.75	0	48.75
274.07	45.25	0	45.25
274.213	44.75	0	44.75
274.357	38.75	0	38.75
274.5	46.25	0	46.25
274.644	55	0	55
274.787	57.25	0	57.25
274.931	55.5	0	55.5
275.074	50.5	0	50.5
275.218	41.75	0	41.75
275.361	56.25	0	56.25
275.505	66.75	0	66.75
275.648	57	0	57
275.792	44	0	44
275.935	54	0	54
276.079	55.75	0	55.75
276.222	54.5	0	54.5
276.366	52.75	0	52.75
276.509	55.25	0	55.25
276.652	56.25	0	56.25
276.796	62	0	62
276.939	71	0	71
277.082	73.5	0	73.5
277.226	63.25	0	63.25
277.369	63.75	0	63.75
277.513	56.25	0	56.25
277.656	61.25	0	61.25
277.799	65.5	0	65.5
277.942	57.75	0	57.75
278.086	68.5	0	68.5
278.229	69.75	0	69.75
278.372	44.75	0	44.75
278.516	63.5	0	63.5
278.659	50	0	50
278.802	66.5	0	66.5
278.945	70	0	70
279.089	56.5	0	56.5
279.232	50.5	0	50.5
279.375	58.75	0	58.75
279.518	62.5	0	62.5
279.661	68.75	0	68.75
279.805	84.5	0	84.5
279.948	78.5	0	78.5
280.091	72	0	72
280.234	71.5	0	71.5
280.377	68	0	68
280.52	70.5	0	70.5
280.663	63.5	0	63.5
280.806	71.25	0	71.25
280.95	68	0	68
281.093	58.75	0	58.75
281.236	63.5	0	63.5
281.379	73	0	73
281.522	60.25	0	60.25
281.665	55.25	0	55.25
281.808	56.5	0	56.5
281.951	64	0	64
282.094	71.75	0	71.75
282.237	55.75	0	55.75
282.38	56.25	0	56.25
282.523	69.5	0	69.5
282.666	57.25	0	57.25
282.809	70	0	70
282.952	66	0	66
283.095	58.25	0	58.25
283.238	62.5	0	62.5
283.381	67.25	0	67.25
283.523	53.75	0	53.75
283.666	57.75	0	57.75
283.809	62.25	0	62.25
283.952	61	0	61
284.095	56.75	0	56.75
284.238	58	0	58
284.381	62.5	0	62.5
284.524	60.25	0	60.25
284.666	63.75	0	63.75
284.809	55.5	0	55.5
284.952	68.75	0	68.75
285.095	73	0	73
285.238	70.75	0	70.75
285.38	70	0	70
285.523	64	0	64
285.666	74	0	74
285.809	56.75	0	56.75
285.951	60	0	60
286.094	53.75	0	53.75
286.237	64.25	0	64.25
286.38	56.75	0	56.75
286.522	53	0	53
286.665	59.75	0	59.75
286.808	66	0	66
286.95	64.25	0	64.25
287.093	60.5	0	60.5
287.236	61.25	0	61.25
287.378	70	0	70
287.521	57.75	0	57.75
287.663	65.75	0	65.75
287.806	61.5	0	61.5
287.949	67.25	0	67.25
288.091	59.75	0	59.75
288.234	61.5	0	61.5
288.376	61	0	61
288.519	60.5	0	60.5
288.661	66.25	0	66.25
288.804	67.5	0	67.5
288.946	55.5	0	55.5
289.089	57.25	0	57.25
289.231	72.5	0	72.5
289.374	63.75	0	63.75
289.516	59.5	0	59.5
289.659	52.5	0	52.5
289.801	65.75	0	65.75
289.944	57.5	0	57.5
290.086	60	0	60
290.229	67	0	67
290.371	56	0	56
290.513	63	0	63
290.656	69	0	69
290.798	65.75	0	65.75
290.941	67.75	0	67.75
291.083	72.75	0	72.75
291.225	59.25	0	59.25
291.368	58.25	0	58.25
291.51	67	0	67
291.652	65	0	65
291.795	68.5	0	68.5
291.937	70.75	0	70.75
292.079	75.25	0	75.25
292.221	69.25	0	69.25
292.364	63.25	0	63.25
292.506	53	0	53
292.648	67.5	0	67.5
292.79	63.25	0	63.25
292.933	69.25	0	69.25
293.075	61.25	0	61.25
293.217	73.75	0	73.75
293.359	58.5	0	58.5
293.502	67.75	0	67.75
293.644	74.25	0	74.25
293.786	67.25	0	67.25
293.928	63.5	0	63.5
294.07	64.5	0	64.5
294.212	67.5	0	67.5
294.354	57.75	0	57.75
294.497	68.75	0	68.75
294.639	69.5	0	69.5
294.781	61	0	61
294.923	71.5	0	71.5
295.065	68.5	0	68.5
295.207	65	0	65
295.349	67.5	0	67.5
295.491	71.75	0	71.75
295.633	65	0	65
295.775	80.5	0	80.5
295.917	77.25	0	77.25
296.059	72	0	72
296.201	71.5	0	71.5
296.343	76.75	0	76.75
296.485	71.5	0	71.5
296.627	67.75	0	67.75
296.769	73.75	0	73.75
296.911	75.5	0	75.5
297.053	78	0	78
297.195	78.5	0	78.5
297.337	59.5	0	59.5
297.478	67	0	67
297.62	71	0	71
297.762	70.25	0	70.25
297.904	72.5	0	72.5
298.046	65	0	65
298.188	69.25	0	69.25
298.33	61.25	0	61.25
298.471	81.25	0	81.25
298.613	73	0	73
298.755	74.25	0	74.25
298.897	79.25	0	79.25
299.038	74.75	0	74.75
299.18	70.25	0	70.25
299.322	72.25	0	72.25
299.464	77.75	0	77.75
299.605	82.75	0	82.75
299.747	80	0	80
299.889	59.25	0	59.25
300.031	74.25	0	74.25
300.172	60.5	0	60.5
300.314	91	0	91
300.456	73.25	0	73.25
300.597	73.25	0	73.25
300.739	79.75	0	79.75
300.881	71.5	0	71.5
301.022	74.75	0	74.75
301.164	74.25	0	74.25
301.305	90.25	0	90.25
301.447	78.5	0	78.5
301.589	80	0	80
301.73	80	0	80
301.872	79.25	0	79.25
302.013	83.25	0	83.25
302.155	87.5	0	87.5
302.296	79.25	0	79.25
302.438	91.25	0	91.25
302.579	80.25	0	80.25
302.721	88.75	0	88.75
302.862	75	0	75
303.004	85.75	0	85.75
303.145	90.75	0	90.75
303.287	96.75	0	96.75
303.428	108	0	108
303.569	97.25	0	97.25
303.711	100.5	0	100.5
303.852	93.5	0	93.5
303.994	102.5	0	102.5
304.135	83.75	0	83.75
304.276	96.75	0	96.75
304.418	92.5	0	92.5
304.559	90	0	90
304.7	88	0	88
304.842	82	0	82
304.983	87.5	0	87.5
305.124	91	0	91
305.266	88.75	0	88.75
305.407	93.25	0	93.25
305.548	96.25	0	96.25
305.69	82.5	0	82.5
305.831	93.75	0	93.75
305.972	90	0	90
306.113	88.75	0	88.75
306.254	92.25	0	92.25
306.396	97.5	0	97.5
306.537	100.5	0	100.5
306.678	87.75	0	87.75
306.819	102	0	102
306.96	108.75	0	108.75
307.102	138.5	0	138.5
307.243	153	0	153
307.384	180	0	180
307.525	177.25	0	177.25
307.666	139.5	0	139.5
307.807	119.5	0	119.5
307.948	97.75	0	97.75
308.089	118.75	0	118.75
308.23	106.25	0	106.25
308.371	111.5	0	111.5
308.513	103.5	0	103.5
308.654	106	0	106
308.795	96	0	96
308.936	97.75	0	97.75
309.077	102	0	102
309.218	97	0	97
309.359	90.75	0	90.75
309.499	105.75	0	105.75
309.64	98	0	98
309.781	98.75	0	98.75
309.922	101.75	0	101.75
310.063	99	0	99
310.204	103	0	103
310.345	107.25	0	107.25
310.486	91.5	0	91.5
310.627	100.5	0	100.5
310.768	96.75	0	96.75
310.909	106.75	0	106.75
311.049	107.75	0	107.75
311.19	115	0	115
311.331	92.5	0	92.5
311.472	106	0	106
311.613	109	0	109
311.753	110	0	110
311.894	112.75	0	112.75
312.035	92	0	92
312.176	109.25	0	109.25
312.316	106.25	0	106.25
312.457	110.25	0	110.25
312.598	115.5	0	115.5
312.739	110.25	0	110.25
312.879	111.25	0	111.25
313.02	107.25	0	107.25
313.161	114.25	0	114.25
313.301	99.5	0	99.5
313.442	116.75	0	116.75
313.583	109.75	0	109.75
313.723	108.75	0	108.75
313.864	125.75	0	125.75
314.005	118	0	118
314.145	111	0	111
314.286	109.5	0	109.5
314.426	120	0	120
314.567	124.5	0	124.5
314.707	118.25	0	118.25
314.848	135.75	0	135.75
314.989	121.5	0	121.5
315.129	111.25	0	111.25
315.27	129	0	129
315.41	106.75	0	106.75
315.551	124	0	124
315.691	113.5	0	113.5
315.831	119.25	0	119.25
315.972	118.25	0	118.25
316.112	118.5	0	118.5
316.253	120.25	0	120.25
316.393	122.5	0	122.5
316.534	135.75	0	135.75
316.674	140.75	0	140.75
316.814	123	0	123
316.955	116.25	0	116.25
317.095	129.5	0	129.5
317.236	124.5	0	124.5
317.376	136	0	136
317.516	130.25	0	130.25
317.656	113.75	0	113.75
317.797	123.5	0	123.5
317.937	133.5	0	133.5
318.077	138.25	0	138.25
318.218	133.25	0	133.25
318.358	127.5	0	127.5
318.498	132	0	132
318.638	158	0	158
318.779	121.75	0	121.75
318.919	144.75	0	144.75
319.059	135	0	135
319.199	140.25	0	140.25
319.34	153.25	0	153.25
319.48	141.5	0	141.5
319.62	137	0	137
319.76	138.75	0	138.75
319.9	149.75	0	149.75
320.04	147.75	0	147.75
320.18	151	0	151
320.32	146.75	0	146.75
320.461	156	0	156
320.601	156.5	0	156.5
320.741	147	0	147
320.881	163.75	0	163.75
321.021	162.5	0	162.5
321.161	176.75	0	176.75
321.301	175.5	0	175.5
321.441	171.25	0	171.25
321.581	167	0	167
321.721	189	0	189
321.861	182	0	182
322.001	179.5	0	179.5
322.141	184.25	0	184.25
322.281	178.75	0	178.75
322.421	178.75	0	178.75
322.561	196.75	0	196.75
322.7	201	0	201
322.84	198.75	0	198.75
322.98	207	0	207
323.12	209.5	0	209.5
323.26	201.5	0	201.5
323.4	211.25	0	211.25
323.54	215.5	0	215.5
323.68	214.75	0	214.75
323.819	237.5	0	237.5
323.959	224.5	0	224.5
324.099	244.25	0	244.25
324.239	234.5	0	234.5
324.379	281	0	281
324.518	259.5	0	259.5
324.658	273.5	0	273.5
324.798	269.75	0	269.75
324.937	261	0	261
325.077	266.75	0	266.75
325.217	290	0	290
325.357	281.5	0	281.5
325.496	296	0	296
325.636	312.75	0	312.75
325.776	300.5	0	300.5
325.915	363.25	0	363.25
326.055	344.5	0	344.5
326.195	379.75	0	379.75
326.334	387	0	387
326.474	398	0	398
326.613	425.25	0	425.25
326.753	452	0	452
326.892	467.5	0	467.5
327.032	502.25	0	502.25
327.172	507.75	0	507.75
327.311	563.25	0	563.25
327.451	591.75	0	591.75
327.59	656.5	0	656.5
327.73	737.25	0	737.25
327.869	910.5	0	910.5
328.009	1118.75	0	1118.75
328.148	1154	0	1154
328.288	974.5	0	974.5
328.427	823.75	0	823.75
328.566	785.5	0	785.5
328.706	769.5	0	769.5
328.845	761.25	0	761.25
328.985	805	0	805
329.124	818	0	818
329.263	846	0	846
329.403	944	0	944
329.542	1060.75	0	1060.75
329.681	1168.75	0	1168.75
329.821	1372.25	0	1372.25
329.96	1816.75	0	1816.75
330.099	2149.25	0	2149.25
330.239	1941.5	0	1941.5
330.378	1402.5	0	1402.5
330.517	1192.75	0	1192.75
330.656	1070	0	1070
330.796	963.25	0	963.25
330.935	923	0	923
331.074	818	0	818
331.213	837	0	837
331.352	806.25	0	806.25
331.492	801.25	0	801.25
331.631	780.75	0	780.75
331.77	746.25	0	746.25
331.909	783.75	0	783.75
332.048	783.75	0	783.75
332.187	773.75	0	773.75
332.327	801	0	801
332.466	821.25	0	821.25
332.605	816.5	0	816.5
332.744	858.5	0	858.5
332.883	885	0	885
333.022	890.25	0	890.25
333.161	1020.75	0	1020.75
333.3	1093.5	0	1093.5
333.439	1130	0	1130
333.578	1273.75	0	1273.75
333.717	1375.75	0	1375.75
333.856	1581.5	0	1581.5
333.995	1796.5	0	1796.5
334.134	2247.25	0	2247.25
334.273	2882	0	2882
334.412	3098	0	3098
334.551	2311	0	2311
334.69	1774.5	0	1774.5
334.828	1531.25	0	1531.25
334.967	1336.75	0	1336.75
335.106	1233.25	0	1233.25
335.245	1114.75	0	1114.75
335.384	1066.5	0	1066.5
335.523	996.75	0	996.75
335.662	957	0	957
335.8	893.75	0	893.75
335.939	871	0	871
336.078	832.5	0	832.5
336.217	777	0	777
336.356	721.75	0	721.75
336.494	723	0	723
336.633	707.25	0	707.25
336.772	671	0	671
336.911	630.75	0	630.75
337.049	641	0	641
337.188	610.75	0	610.75
337.327	605.75	0	605.75
337.465	558.75	0	558.75
337.604	583	0	583
337.743	572.75	0	572.75
337.881	516	0	516
338.02	528.5	0	528.5
338.158	523.5	0	523.5
338.297	542.75	0	542.75
338.436	499	0	499
338.574	479.75	0	479.75
338.713	476.5	0	476.5
338.851	468	0	468
338.99	485.5	0	485.5
339.128	462.75	0	462.75
339.267	473.5	0	473.5
339.405	519.5	0	519.5
339.544	526.75	0	526.75
339.682	545	0	545
339.821	591.5	0	591.5
339.959	683.5	0	683.5
340.098	790	0	790
340.236	907.5	0	907.5
340.375	1136.25	0	1136.25
340.513	1609.5	0	1609.5
340.651	2196.5	0	2196.5
340.79	2961.25	0	2961.25
340.928	3941.5	0	3941.5
341.067	4991.75	0	4991.75
341.205	5908	0	5908
341.343	6777.5	0	6777.5
341.482	7142.75	0	7142.75
341.62	7179	0	7179
341.758	6692	0	6692
341.897	6046.25	0	6046.25
342.035	5058	0	5058
342.173	4065	0	4065
342.311	3106.75	0	3106.75
342.45	2296.25	0	2296.25
342.588	1726.25	0	1726.25
342.726	1330.75	0	1330.75
342.864	974.25	0	974.25
343.002	768	0	768
343.141	639.25	0	639.25
343.279	558.25	0	558.25
343.417	489.5	0	489.5
343.555	453.75	0	453.75
343.693	426.25	0	426.25
343.831	403.25	0	403.25
343.969	386.25	0	386.25
344.108	393	0	393
344.246	369	0	369
344.384	380.25	0	380.25
344.522	378.25	0	378.25
344.66	358.25	0	358.25
344.798	373.75	0	373.75
344.936	355.75	0	355.75
345.074	346.25	0	346.25
345.212	348.25	0	348.25
345.35	349.75	0	349.75
345.488	348	0	348
345.626	354	0	354
345.764	357.25	0	357.25
345.902	356.25	0	356.25
346.04	362	0	362
346.178	343.75	0	343.75
346.315	346.25	0	346.25
346.453	353.75	0	353.75
346.591	353.75	0	353.75
346.729	362.25	0	362.25
346.867	355.5	0	355.5
347.005	344.75	0	344.75
347.143	352	0	352
347.28	352	0	352
347.418	338.25	0	338.25
347.556	355	0	355
347.694	351	0	351
347.832	350.75	0	350.75
347.969	360.75	0	360.75
348.107	364.25	0	364.25
348.245	351.75	0	351.75
348.382	372.25	0	372.25
348.52	347	0	347
348.658	338	0	338
348.796	351.75	0	351.75
348.933	355	0	355
349.071	368.25	0	368.25
349.209	342.75	0	342.75
349.346	351.25	0	351.25
349.484	363.5	0	363.5
349.621	356.25	0	356.25
349.759	352.25	0	352.25
349.897	364	0	364
350.034	353.25	0	353.25
350.172	357	0	357
350.309	346.75	0	346.75
350.447	335.75	0	335.75
350.584	340.25	0	340.25
350.722	347.25	0	347.25
350.859	350.75	0	350.75
350.997	351.5	0	351.5
351.134	380	0	380
351.272	371.25	0	371.25
351.409	362.75	0	362.75
351.547	372	0	372
351.684	367.5	0	367.5
351.822	359.75	0	359.75
351.959	361.25	0	361.25
352.096	364	0	364
352.234	363.25	0	363.25
352.371	386	0	386
352.508	365.5	0	365.5
352.646	361.75	0	361.75
352.783	377.25	0	377.25
352.92	386.75	0	386.75
353.058	374.25	0	374.25
353.195	368	0	368
353.332	368.5	0	368.5
353.469	369.75	0	369.75
353.607	367	0	367
353.744	377.75	0	377.75
353.881	361.25	0	361.25
354.018	368.5	0	368.5
354.156	372	0	372
354.293	362.75	0	362.75
354.43	380	0	380
354.567	408.25	0	408.25
354.704	367.5	0	367.5
354.841	387.25	0	387.25
354.979	361	0	361
355.116	358.75	0	358.75
355.253	363.75	0	363.75
355.39	378	0	378
355.527	377.75	0	377.75
355.664	367.75	0	367.75
355.801	362	0	362
355.938	374	0	374
356.075	350.75	0	350.75
356.212	350	0	350
356.349	351	0	351
356.486	346.75	0	346.75
356.623	341.25	0	341.25
356.76	365	0	365
356.897	355.75	0	355.75
357.034	333.75	0	333.75
357.171	335.5	0	335.5
357.308	344.75	0	344.75
357.445	349.75	0	349.75
357.582	361	0	361
357.718	361	0	361
357.855	352	0	352
357.992	364	0	364
358.129	331	0	331
358.266	358.75	0	358.75
358.403	367.25	0	367.25
358.539	374.25	0	374.25
358.676	370.25	0	370.25
358.813	351.25	0	351.25
358.95	363.5	0	363.5
359.086	350.25	0	350.25
359.223	340.25	0	340.25
359.36	335.25	0	335.25
359.497	348.25	0	348.25
359.633	352	0	352
359.77	363.25	0	363.25
359.907	364.25	0	364.25
360.043	375.75	0	375.75
360.18	359.75	0	359.75
360.317	378.25	0	378.25
360.453	351.25	0	351.25
360.59	344.75	0	344.75
360.727	338.5	0	338.5
360.863	360.5	0	360.5
361	359.25	0	359.25
361.136	372.25	0	372.25
361.273	380.5	0	380.5
361.409	385	0	385
361.546	378	0	378
361.682	360.75	0	360.75
361.819	357.25	0	357.25
361.955	358.5	0	358.5
362.092	359.25	0	359.25
362.228	357.25	0	357.25
362.365	347.5	0	347.5
362.501	351.25	0	351.25
362.638	336	0	336
362.774	363.25	0	363.25
362.91	362.25	0	362.25
363.047	374.5	0	374.5
363.183	363.75	0	363.75
363.319	345.25	0	345.25
363.456	352.75	0	352.75
363.592	354.25	0	354.25
363.728	363.5	0	363.5
363.865	358.5	0	358.5
364.001	343.75	0	343.75
364.137	367.5	0	367.5
364.274	358.25	0	358.25
364.41	369	0	369
364.546	365	0	365
364.682	361	0	361
364.819	358	0	358
364.955	364.75	0	364.75
365.091	375.75	0	375.75
365.227	355.25	0	355.25
365.363	375.25	0	375.25
365.499	364.25	0	364.25
365.636	353	0	353
365.772	359.5	0	359.5
365.908	349.25	0	349.25
366.044	369.75	0	369.75
366.18	368.75	0	368.75
366.316	352.25	0	352.25
366.452	344	0	344
366.588	366.75	0	366.75
366.724	363.5	0	363.5
366.86	355	0	355
366.996	362.75	0	362.75
367.132	364.25	0	364.25
367.268	352.5	0	352.5
367.404	374.5	0	374.5
367.54	356.75	0	356.75
367.676	389	0	389
367.812	367.25	0	367.25
367.948	374.5	0	374.5
368.084	368.5	0	368.5
368.22	396	0	396
368.356	375.75	0	375.75
368.492	379.75	0	379.75
368.627	386	0	386
368.763	401.5	0	401.5
368.899	381.25	0	381.25
369.035	377.5	0	377.5
369.171	389	0	389
369.306	381.25	0	381.25
369.442	360.5	0	360.5
369.578	372.25	0	372.25
369.714	355.5	0	355.5
369.85	365.25	0	365.25
369.985	359.25	0	359.25
370.121	357.5	0	357.5
370.257	361.75	0	361.75
370.392	349	0	349
370.528	385.75	0	385.75
370.664	393.75	0	393.75
370.799	385.5	0	385.5
370.935	399	0	399
371.071	370.75	0	370.75
371.206	367	0	367
371.342	387	0	387
371.477	382	0	382
371.613	396.25	0	396.25
371.749	363	0	363
371.884	383.75	0	383.75
372.02	387.75	0	387.75
372.155	384.75	0	384.75
372.291	370.25	0	370.25
372.426	375.25	0	375.25
372.562	381	0	381
372.697	374.5	0	374.5
372.833	392.5	0	392.5
372.968	384.25	0	384.25
373.103	382.25	0	382.25
373.239	373.75	0	373.75
373.374	369	0	369
373.51	368	0	368
373.645	384.25	0	384.25
373.78	371.75	0	371.75
373.916	378.5	0	378.5
374.051	392.25	0	392.25
374.186	395.75	0	395.75
374.322	367.25	0	367.25
374.457	377.5	0	377.5
374.592	388	0	388
374.728	382.25	0	382.25
374.863	370.5	0	370.5
374.998	378.75	0	378.75
375.133	370.5	0	370.5
375.268	387.75	0	387.75
375.404	360.75	0	360.75
375.539	384.5	0	384.5
375.674	391.5	0	391.5
375.809	363.5	0	363.5
375.944	376	0	376
376.08	377.5	0	377.5
376.215	392	0	392
376.35	390	0	390
376.485	376	0	376
376.62	381.75	0	381.75
376.755	377.5	0	377.5
376.89	387.75	0	387.75
377.025	378.25	0	378.25
377.16	394.25	0	394.25
377.295	361.5	0	361.5
377.43	375.5	0	375.5
377.565	388.5	0	388.5
377.7	369.25	0	369.25
377.835	371.25	0	371.25
377.97	383.5	0	383.5
378.105	385.5	0	385.5
378.24	378	0	378
378.375	383.25	0	383.25
378.51	371.25	0	371.25
378.645	411	0	411
378.78	400	0	400
378.914	391.75	0	391.75
379.049	399.25	0	399.25
379.184	390.75	0	390.75
379.319	389.25	0	389.25
379.454	385.75	0	385.75
379.589	390.5	0	390.5
379.723	392.75	0	392.75
379.858	404.5	0	404.5
379.993	375.75	0	375.75
380.128	410.5	0	410.5
380.262	415	0	415
380.397	408.5	0	408.5
380.532	398.5	0	398.5
380.666	392.5	0	392.5
380.801	390.5	0	390.5
380.936	400.25	0	400.25
381.07	381.5	0	381.5
381.205	401	0	401
381.34	393.5	0	393.5
381.474	390.5	0	390.5
381.609	410.25	0	410.25
381.744	413	0	413
381.878	420.75	0	420.75
382.013	414	0	414
382.147	425.5	0	425.5
382.282	411.75	0	411.75
382.416	427.75	0	427.75
382.551	390	0	390
382.685	402.75	0	402.75
382.82	390	0	390
382.954	444	0	444
383.089	402	0	402
383.223	424.75	0	424.75
383.357	414	0	414
383.492	383.25	0	383.25
383.626	406.75	0	406.75
383.761	412.25	0	412.25
383.895	400.5	0	400.5
384.029	414.25	0	414.25
384.164	404.75	0	404.75
384.298	407.5	0	407.5
384.432	405.25	0	405.25
384.567	402	0	402
384.701	389.75	0	389.75
384.835	411	0	411
384.97	400	0	400
385.104	404.75	0	404.75
385.238	426.25	0	426.25
385.372	450.5	0	450.5
385.506	418.75	0	418.75
385.641	405.25	0	405.25
385.775	411.5	0	411.5
385.909	411.25	0	411.25
386.043	400.5	0	400.5
386.177	427.5	0	427.5
386.311	409.25	0	409.25
386.446	400	0	400
386.58	411.25	0	411.25
386.714	383	0	383
386.848	423.5	0	423.5
386.982	397.75	0	397.75
387.116	426.75	0	426.75
387.25	394.25	0	394.25
387.384	410.25	0	410.25
387.518	402.5	0	402.5
387.652	433	0	433
387.786	404	0	404
387.92	401.25	0	401.25
388.054	412.25	0	412.25
388.188	396	0	396
388.322	407.75	0	407.75
388.456	407.25	0	407.25
388.59	390.25	0	390.25
388.723	409.25	0	409.25
388.857	390.75	0	390.75
388.991	414.5	0	414.5
389.125	392.25	0	392.25
389.259	411.25	0	411.25
389.393	401.75	0	401.75
389.526	402.5	0	402.5
389.66	392	0	392
389.794	386.75	0	386.75
389.928	383.75	0	383.75
390.062	413.5	0	413.5
390.195	398.5	0	398.5
390.329	391.75	0	391.75
390.463	385	0	385
390.596	382	0	382
390.73	384	0	384
390.864	372.5	0	372.5
390.997	392	0	392
391.131	403.25	0	403.25
391.265	389.75	0	389.75
391.398	415.25	0	415.25
391.532	391	0	391
391.665	394.75	0	394.75
391.799	378.75	0	378.75
391.933	393.5	0	393.5
392.066	380.25	0	380.25
392.2	377.75	0	377.75
392.333	391	0	391
392.467	368.5	0	368.5
392.6	395	0	395
392.734	404.25	0	404.25
392.867	392	0	392
393.001	363.75	0	363.75
393.134	394	0	394
393.267	385.25	0	385.25
393.401	375.75	0	375.75
393.534	374.75	0	374.75
393.668	380.5	0	380.5
393.801	403.75	0	403.75
393.934	398.25	0	398.25
394.068	389	0	389
394.201	388	0	388
394.334	381	0	381
394.468	393	0	393
394.601	381.25	0	381.25
394.734	381.75	0	381.75
394.867	377.75	0	377.75
395.001	387.75	0	387.75
395.134	388.25	0	388.25
395.267	391.75	0	391.75
395.4	390.5	0	390.5
395.533	383.5	0	383.5
395.667	401	0	401
395.8	366.75	0	366.75
395.933	410.5	0	410.5
396.066	388	0	388
396.199	370	0	370
396.332	396.25	0	396.25
396.465	372.5	0	372.5
396.598	377.5	0	377.5
396.732	380.25	0	380.25
396.865	386.75	0	386.75
396.998	353.75	0	353.75
397.131	370.5	0	370.5
397.264	371	0	371
397.397	350.25	0	350.25
397.53	382	0	382
397.663	386.5	0	386.5
397.796	382.5	0	382.5
397.928	368.75	0	368.75
398.061	369.75	0	369.75
398.194	386.25	0	386.25
398.327	373	0	373
398.46	398.5	0	398.5
398.593	387.5	0	387.5
398.726	393	0	393
398.859	387.25	0	387.25
398.991	390.25	0	390.25
399.124	386.5	0	386.5
399.257	387.5	0	387.5
399.39	369.75	0	369.75
399.523	371.75	0	371.75
399.655	395.25	0	395.25
399.788	375	0	375
399.921	382	0	382
400.054	385.5	0	385.5
400.186	392.5	0	392.5
400.319	389.75	0	389.75
400.452	370.75	0	370.75
400.584	388.75	0	388.75
400.717	386.5	0	386.5
400.85	385.5	0	385.5
400.982	383	0	383
401.115	372.5	0	372.5
401.247	384.5	0	384.5
401.38	366	0	366
401.513	389.5	0	389.5
401.645	381.25	0	381.25
401.778	365.5	0	365.5
401.91	385.5	0	385.5
402.043	381.75	0	381.75
402.175	386.5	0	386.5
402.308	390.75	0	390.75
402.44	366	0	366
402.573	393.5	0	393.5
402.705	386.5	0	386.5
402.837	376.5	0	376.5
402.97	380.5	0	380.5
403.102	376.75	0	376.75
403.235	370.5	0	370.5
403.367	372	0	372
403.499	385	0	385
403.632	363	0	363
403.764	408	0	408
403.896	367.5	0	367.5
404.029	382.25	0	382.25
404.161	364.25	0	364.25
404.293	374.25	0	374.25
404.425	382.25	0	382.25
404.558	388.5	0	388.5
404.69	381.75	0	381.75
404.822	365.25	0	365.25
404.954	388.75	0	388.75
405.086	377.25	0	377.25
405.219	367	0	367
405.351	387.5	0	387.5
405.483	378.25	0	378.25
405.615	370	0	370
405.747	381.75	0	381.75
405.879	375.25	0	375.25
406.011	362	0	362
406.143	393.25	0	393.25
406.275	377.75	0	377.75
406.407	393.5	0	393.5
406.539	368.75	0	368.75
406.672	364.25	0	364.25
406.803	371.75	0	371.75
406.935	359	0	359
407.067	359	0	359
407.199	350.5	0	350.5
407.331	383.25	0	383.25
407.463	369.5	0	369.5
407.595	371.75	0	371.75
407.727	356.25	0	356.25
407.859	356	0	356
407.991	355.75	0	355.75
408.123	370	0	370
408.255	383	0	383
408.386	365.25	0	365.25
408.518	347.25	0	347.25
408.65	362	0	362
408.782	355.25	0	355.25
408.914	369.25	0	369.25
409.045	382.75	0	382.75
409.177	368.75	0	368.75
409.309	358.75	0	358.75
409.44	365.75	0	365.75
409.572	355.75	0	355.75
409.704	368	0	368
409.836	364.5	0	364.5
409.967	369	0	369
410.099	364	0	364
410.23	352	0	352
410.362	354.75	0	354.75
410.494	341	0	341
410.625	347.25	0	347.25
410.757	357.75	0	357.75
410.888	350.25	0	350.25
411.02	331	0	331
411.152	350.25	0	350.25
411.283	337.75	0	337.75
411.415	355	0	355
411.546	358.25	0	358.25
411.677	325.25	0	325.25
411.809	356.25	0	356.25
411.94	334.5	0	334.5
412.072	332.75	0	332.75
412.203	354.75	0	354.75
412.335	341.25	0	341.25
412.466	333.25	0	333.25
412.597	317.5	0	317.5
412.729	345	0	345
412.86	343.5	0	343.5
412.991	340.25	0	340.25
413.123	325.75	0	325.75
413.254	330.5	0	330.5
413.385	337.25	0	337.25
413.517	356	0	356
413.648	347.25	0	347.25
413.779	334	0	334
413.91	338	0	338
414.042	345.75	0	345.75
414.173	333.75	0	333.75
414.304	330.25	0	330.25
414.435	344.25	0	344.25
414.566	337.75	0	337.75
414.697	358	0	358
414.828	330.5	0	330.5
414.96	340.75	0	340.75
415.091	331.75	0	331.75
415.222	328.5	0	328.5
415.353	332.75	0	332.75
415.484	325	0	325
415.615	350	0	350
415.746	333.5	0	333.5
415.877	349.5	0	349.5
416.008	354.5	0	354.5
416.139	354.25	0	354.25
416.27	337.25	0	337.25
416.401	358.5	0	358.5
416.532	348.5	0	348.5
416.663	348	0	348
416.794	360.25	0	360.25
416.925	362.75	0	362.75
417.055	333.5	0	333.5
417.186	346	0	346
417.317	336.75	0	336.75
417.448	350.25	0	350.25
417.579	353	0	353
417.71	336.5	0	336.5
417.84	350.25	0	350.25
417.971	330.5	0	330.5
418.102	340.25	0	340.25
418.233	347.25	0	347.25
418.363	358.5	0	358.5
418.494	330.75	0	330.75
418.625	342	0	342
418.756	346.75	0	346.75
418.886	333.75	0	333.75
419.017	361.5	0	361.5
419.148	332.5	0	332.5
419.278	349.25	0	349.25
419.409	344.5	0	344.5
419.539	325	0	325
419.67	352.5	0	352.5
419.801	322	0	322
419.931	322.75	0	322.75
420.062	337	0	337
420.192	346.25	0	346.25
420.323	348.5	0	348.5
420.453	337.25	0	337.25
420.584	346	0	346
420.714	341.25	0	341.25
420.845	305.75	0	305.75
420.975	329.5	0	329.5
421.106	311.25	0	311.25
421.236	335.25	0	335.25
421.366	344.75	0	344.75
421.497	356	0	356
421.627	330	0	330
421.757	348.25	0	348.25
421.888	312.75	0	312.75
422.018	339	0	339
422.148	341.75	0	341.75
422.279	337.25	0	337.25
422.409	310.75	0	310.75
422.539	326.5	0	326.5
422.67	323.75	0	323.75
422.8	343.5	0	343.5
422.93	335.75	0	335.75
423.06	335	0	335
423.19	318	0	318
423.321	341	0	341
423.451	317	0	317
423.581	321.5	0	321.5
423.711	302.75	0	302.75
423.841	318.75	0	318.75
423.971	336.25	0	336.25
424.101	316.75	0	316.75
424.231	330	0	330
424.361	316	0	316
424.492	316	0	316
424.622	325.75	0	325.75
424.752	315.5	0	315.5
424.882	327.25	0	327.25
425.012	293.75	0	293.75
425.142	317.75	0	317.75
425.271	306.5	0	306.5
425.401	306	0	306
425.531	317.75	0	317.75
425.661	325	0	325
425.791	320	0	320
425.921	310.5	0	310.5
426.051	308.75	0	308.75
426.181	326.5	0	326.5
426.311	316.25	0	316.25
426.44	313.75	0	313.75
426.57	310.5	0	310.5
426.7	309.5	0	309.5
426.83	327.5	0	327.5
426.96	326.25	0	326.25
427.089	311.5	0	311.5
427.219	309	0	309
427.349	328.5	0	328.5
427.479	300.5	0	300.5
427.608	310.75	0	310.75
427.738	322	0	322
427.868	330.25	0	330.25
427.997	325	0	325
428.127	301.5	0	301.5
428.256	315.5	0	315.5
428.386	315.25	0	315.25
428.516	311.75	0	311.75
428.645	316.25	0	316.25
428.775	310	0	310
428.904	322.5	0	322.5
429.034	294.75	0	294.75
429.163	307.5	0	307.5
429.293	318.25	0	318.25
429.422	292.25	0	292.25
429.552	304.5	0	304.5
429.681	298	0	298
429.811	307.5	0	307.5
429.94	316.25	0	316.25
430.069	299.75	0	299.75
430.199	294.5	0	294.5
430.328	292.25	0	292.25
430.458	286.5	0	286.5
430.587	320.75	0	320.75
430.716	302.5	0	302.5
430.846	297.5	0	297.5
430.975	291.75	0	291.75
431.104	305.5	0	305.5
431.233	326	0	326
431.363	295	0	295
431.492	292.5	0	292.5
431.621	308	0	308
431.75	279	0	279
431.88	293.75	0	293.75
432.009	307.75	0	307.75
432.138	292.5	0	292.5
432.267	308.75	0	308.75
432.396	301.25	0	301.25
432.525	301	0	301
432.654	271.5	0	271.5
432.784	278.5	0	278.5
432.913	303.5	0	303.5
433.042	284.25	0	284.25
433.171	289.25	0	289.25
433.3	297	0	297
433.429	297	0	297
433.558	279.5	0	279.5
433.687	273.25	0	273.25
433.816	286.25	0	286.25
433.945	298.25	0	298.25
434.074	280.75	0	280.75
434.203	299.5	0	299.5
434.332	287.25	0	287.25
434.46	295.25	0	295.25
434.589	294.25	0	294.25
434.718	284	0	284
434.847	287.5	0	287.5
434.976	296.75	0	296.75
435.105	303.25	0	303.25
435.233	290.75	0	290.75
435.362	285.75	0	285.75
435.491	302	0	302
435.62	272.5	0	272.5
435.749	274.75	0	274.75
435.877	297.5	0	297.5
436.006	279.5	0	279.5
436.135	274.75	0	274.75
436.263	285	0	285
436.392	273.5	0	273.5
436.521	284	0	284
436.649	279	0	279
436.778	294.5	0	294.5
436.907	268.75	0	268.75
437.035	274.5	0	274.5
437.164	280.25	0	280.25
437.292	285.75	0	285.75
437.421	290.5	0	290.5
437.549	289	0	289
437.678	276.5	0	276.5
437.806	290.75	0	290.75
437.935	288	0	288
438.063	274	0	274
438.192	275.25	0	275.25
438.32	302	0	302
438.449	281	0	281
438.577	290.25	0	290.25
438.706	283.75	0	283.75
438.834	279.25	0	279.25
438.962	270.25	0	270.25
439.091	259.75	0	259.75
439.219	287.25	0	287.25
439.347	279.5	0	279.5
439.476	275.25	0	275.25
439.604	275.25	0	275.25
439.732	296.5	0	296.5
439.86	278.75	0	278.75
439.989	279.5	0	279.5
440.117	267.25	0	267.25
440.245	279.25	0	279.25
440.373	272	0	272
440.501	284	0	284
440.63	271	0	271
440.758	267.25	0	267.25
440.886	280.75	0	280.75
441.014	261.75	0	261.75
441.142	250.25	0	250.25
441.27	296.25	0	296.25
441.398	286.25	0	286.25
441.526	278.5	0	278.5
441.654	290	0	290
441.782	282.25	0	282.25
441.91	297.25	0	297.25
442.038	274.25	0	274.25
442.166	278.5	0	278.5
442.294	277.75	0	277.75
442.422	294.25	0	294.25
442.55	277.25	0	277.25
442.678	288.75	0	288.75
442.806	273.5	0	273.5
442.934	283.5	0	283.5
443.062	271.75	0	271.75
443.19	279.75	0	279.75
443.318	290	0	290
443.445	272	0	272
443.573	277	0	277
443.701	270.5	0	270.5
443.829	296.5	0	296.5
443.957	295.25	0	295.25
444.084	292.75	0	292.75
444.212	282.75	0	282.75
444.34	298.5	0	298.5
444.467	284	0	284
444.595	305.25	0	305.25
444.723	282.5	0	282.5
444.85	293	0	293
444.978	300.5	0	300.5
445.106	286.75	0	286.75
445.233	271.25	0	271.25
445.361	279.5	0	279.5
445.489	288.25	0	288.25
445.616	264.5	0	264.5
445.744	273.5	0	273.5
445.871	281.25	0	281.25
445.999	288	0	288
446.126	273.75	0	273.75
446.254	296.5	0	296.5
446.381	284.5	0	284.5
446.509	273.75	0	273.75
446.636	295.75	0	295.75
446.764	291	0	291
446.891	293	0	293
447.018	310	0	310
447.146	284.5	0	284.5
447.273	286.5	0	286.5
447.4	281.75	0	281.75
447.528	295.25	0	295.25
447.655	281.25	0	281.25
447.782	291.5	0	291.5
447.91	279	0	279
448.037	289	0	289
448.164	303.25	0	303.25
448.291	289.75	0	289.75
448.419	273.5	0	273.5
448.546	272.25	0	272.25
448.673	286.25	0	286.25
448.8	286.75	0	286.75
448.927	292	0	292
449.055	300.5	0	300.5
449.182	293.75	0	293.75
449.309	306.25	0	306.25
449.436	289	0	289
449.563	308.75	0	308.75
449.69	290.5	0	290.5
449.817	287.5	0	287.5
449.944	272.75	0	272.75
450.071	306.75	0	306.75
450.198	272.5	0	272.5
450.325	283.5	0	283.5
450.452	296.5	0	296.5
450.579	277	0	277
450.706	275	0	275
450.833	285	0	285
450.96	291.5	0	291.5
451.087	300.5	0	300.5
451.214	303.75	0	303.75
451.341	296.25	0	296.25
451.467	278.75	0	278.75
451.594	296	0	296
451.721	292	0	292
451.848	290.5	0	290.5
451.975	301.25	0	301.25
452.101	288	0	288
452.228	287.75	0	287.75
452.355	295.25	0	295.25
452.482	284.5	0	284.5
452.608	292.75	0	292.75
452.735	274.25	0	274.25
452.862	296	0	296
452.988	281.25	0	281.25
453.115	267	0	267
453.242	291	0	291
453.368	281.75	0	281.75
453.495	263.75	0	263.75
453.621	296.75	0	296.75
453.748	290.75	0	290.75
453.875	300.75	0	300.75
454.001	271.5	0	271.5
454.128	292.5	0	292.5
454.254	294	0	294
454.381	284.5	0	284.5
454.507	278	0	278
454.633	291	0	291
454.76	278	0	278
454.886	273.25	0	273.25
455.013	290	0	290
455.139	296.25	0	296.25
455.266	293.75	0	293.75
455.392	271.25	0	271.25
455.518	266.25	0	266.25
455.645	285.75	0	285.75
455.771	273.75	0	273.75
455.897	284	0	284
456.023	294.25	0	294.25
456.15	300.75	0	300.75
456.276	287.5	0	287.5
456.402	274.5	0	274.5
456.528	289.25	0	289.25
456.655	291.25	0	291.25
456.781	290	0	290
456.907	279	0	279
457.033	292.5	0	292.5
457.159	312.25	0	312.25
457.285	289.75	0	289.75
457.411	287.25	0	287.25
457.538	296.75	0	296.75
457.664	307	0	307
457.79	286.25	0	286.25
457.916	309	0	309
458.042	309.75	0	309.75
458.168	314	0	314
458.294	297.25	0	297.25
458.42	308.25	0	308.25
458.546	304.75	0	304.75
458.672	294	0	294
458.798	297.75	0	297.75
458.924	288.25	0	288.25
459.049	294.75	0	294.75
459.175	308.5	0	308.5
459.301	282.75	0	282.75
459.427	287.5	0	287.5
459.553	304.75	0	304.75
459.679	289	0	289
459.805	290.5	0	290.5
459.93	289	0	289
460.056	297.5	0	297.5
460.182	289.5	0	289.5
460.308	294.75	0	294.75
460.433	308.5	0	308.5
460.559	278.25	0	278.25
460.685	285.5	0	285.5
460.81	285.5	0	285.5
460.936	297	0	297
461.062	311	0	311
461.187	310.75	0	310.75
461.313	309.5	0	309.5
461.439	290	0	290
461.564	319.75	0	319.75
461.69	318.75	0	318.75
461.815	292.5	0	292.5
461.941	311	0	311
462.066	303.75	0	303.75
462.192	301	0	301
462.317	306	0	306
462.443	297.5	0	297.5
462.568	298.25	0	298.25
462.694	313.5	0	313.5
462.819	308.75	0	308.75
462.944	302.25	0	302.25
463.07	313.5	0	313.5
463.195	320.25	0	320.25
463.321	308.5	0	308.5
463.446	333	0	333
463.571	308.25	0	308.25
463.697	317	0	317
463.822	327.75	0	327.75
463.947	318	0	318
464.072	310.75	0	310.75
464.198	333.25	0	333.25
464.323	342.25	0	342.25
464.448	321	0	321
464.573	355.75	0	355.75
464.698	340.5	0	340.5
464.824	324.25	0	324.25
464.949	323.75	0	323.75
465.074	360.25	0	360.25
465.199	345	0	345
465.324	366	0	366
465.449	331.75	0	331.75
465.574	364	0	364
465.699	355.25	0	355.25
465.824	345.25	0	345.25
465.949	351.75	0	351.75
466.074	379.5	0	379.5
466.199	371.75	0	371.75
466.324	375.25	0	375.25
466.449	378.75	0	378.75
466.574	403.5	0	403.5
466.699	402	0	402
466.824	424.5	0	424.5
466.949	449.75	0	449.75
467.074	456	0	456
467.199	447.5	0	447.5
467.323	491.75	0	491.75
467.448	543.5	0	543.5
467.573	612	0	612
467.698	787.25	0	787.25
467.823	1504.5	0	1504.5
467.947	2461	0	2461
468.072	1881.5	0	1881.5
468.197	1493.75	0	1493.75
468.322	1292.25	0	1292.25
468.446	1170	0	1170
468.571	1093.75	0	1093.75
468.696	1024.5	0	1024.5
468.82	890.5	0	890.5
468.945	870.75	0	870.75
469.069	852.75	0	852.75
469.194	793	0	793
469.319	743	0	743
469.443	725	0	725
469.568	748	0	748
469.692	694	0	694
469.817	698.25	0	698.25
469.941	663.25	0	663.25
470.066	645.25	0	645.25
470.19	664.75	0	664.75
470.315	671.75	0	671.75
470.439	686.75	0	686.75
470.563	692.25	0	692.25
470.688	677.25	0	677.25
470.812	725.5	0	725.5
470.937	705	0	705
471.061	750	0	750
471.185	766.75	0	766.75
471.31	781.25	0	781.25
471.434	838.5	0	838.5
471.558	943.75	0	943.75
471.682	1061.25	0	1061.25
471.807	1298	0	1298
471.931	1812.75	0	1812.75
472.055	4484.5	0	4484.5
472.179	5384.5	0	5384.5
472.303	3683.25	0	3683.25
472.428	3024.25	0	3024.25
472.552	2597	0	2597
472.676	2415	0	2415
472.8	2087	0	2087
472.924	1919.75	0	1919.75
473.048	1822.75	0	1822.75
473.172	1659.75	0	1659.75
473.296	1569.75	0	1569.75
473.42	1481.75	0	1481.75
473.544	1434	0	1434
473.668	1335	0	1335
473.792	1273	0	1273
473.916	1245	0	1245
474.04	1165	0	1165
474.164	1111.75	0	1111.75
474.288	1106.25	0	1106.25
474.412	1034.25	0	1034.25
474.536	999.75	0	999.75
474.66	1009.25	0	1009.25
474.784	961.5	0	961.5
474.908	880.75	0	880.75
475.031	927.75	0	927.75
475.155	863.5	0	863.5
475.279	849.75	0	849.75
475.403	857	0	857
475.526	777	0	777
475.65	784.5	0	784.5
475.774	793.5	0	793.5
475.898	736.5	0	736.5
476.021	720.25	0	720.25
476.145	722.25	0	722.25
476.269	723.5	0	723.5
476.392	685.5	0	685.5
476.516	720.5	0	720.5
476.64	693.25	0	693.25
476.763	696.25	0	696.25
476.887	696.5	0	696.5
477.01	672	0	672
477.134	670	0	670
477.257	675.25	0	675.25
477.381	643.25	0	643.25
477.504	651.5	0	651.5
477.628	653.25	0	653.25
477.751	662.75	0	662.75
477.875	654.25	0	654.25
477.998	672.25	0	672.25
478.122	663.5	0	663.5
478.245	685.75	0	685.75
478.368	683	0	683
478.492	650.75	0	650.75
478.615	675.75	0	675.75
478.738	687.5	0	687.5
478.862	709.5	0	709.5
478.985	709.25	0	709.25
479.108	711.5	0	711.5
479.231	756.5	0	756.5
479.355	770.5	0	770.5
479.478	799.5	0	799.5
479.601	812.25	0	812.25
479.724	880	0	880
479.848	907	0	907
479.971	963.5	0	963.5
480.094	1014	0	1014
480.217	1111.75	0	1111.75
480.34	1223.25	0	1223.25
480.463	1410.75	0	1410.75
480.586	1720.5	0	1720.5
480.709	2225.25	0	2225.25
480.832	4239	0	4239
480.955	9619.75	0	9619.75
481.078	6370	0	6370
481.201	4971	0	4971
481.324	4107.25	0	4107.25
481.447	3576.75	0	3576.75
481.57	3252	0	3252
481.693	3048.75	0	3048.75
481.816	2815.25	0	2815.25
481.939	2648.25	0	2648.25
482.062	2500.5	0	2500.5
482.185	2420.25	0	2420.25
482.307	2224.5	0	2224.5
482.43	2130.75	0	2130.75
482.553	1982.75	0	1982.75
482.676	1923.5	0	1923.5
482.799	1768.25	0	1768.25
482.921	1701.5	0	1701.5
483.044	1670.5	0	1670.5
483.167	1535.5	0	1535.5
483.29	1484	0	1484
483.412	1411.25	0	1411.25
483.535	1317.5	0	1317.5
483.658	1256	0	1256
483.78	1269	0	1269
483.903	1172.25	0	1172.25
484.025	1179.75	0	1179.75
484.148	1121.5	0	1121.5
484.271	1086.25	0	1086.25
484.393	1076.75	0	1076.75
484.516	1003.75	0	1003.75
484.638	972	0	972
484.761	961	0	961
484.883	896.25	0	896.25
485.006	905.5	0	905.5
485.128	881	0	881
485.251	869.75	0	869.75
485.373	822.25	0	822.25
485.495	812.75	0	812.75
485.618	793	0	793
485.74	782.25	0	782.25
485.863	725.5	0	725.5
485.985	751.75	0	751.75
486.107	702.5	0	702.5
486.229	725.25	0	725.25
486.352	680.25	0	680.25
486.474	689	0	689
486.596	630.5	0	630.5
486.719	666.5	0	666.5
486.841	655.75	0	655.75
486.963	653.25	0	653.25
487.085	593.25	0	593.25
487.207	617	0	617
487.329	543	0	543
487.452	574.5	0	574.5
487.574	545.75	0	545.75
487.696	585.75	0	585.75
487.818	542.25	0	542.25
487.94	544.75	0	544.75
488.062	528.5	0	528.5
488.184	533.5	0	533.5
488.306	514.5	0	514.5
488.428	533.25	0	533.25
488.55	514	0	514
488.672	510.5	0	510.5
488.794	501.5	0	501.5
488.916	492.5	0	492.5
489.038	488.75	0	488.75
489.16	469.75	0	469.75
489.281	485.5	0	485.5
489.403	461.5	0	461.5
489.525	455.5	0	455.5
489.647	483.5	0	483.5
489.769	475.5	0	475.5
489.891	470.5	0	470.5
490.012	428	0	428
490.134	443.5	0	443.5
490.256	427.5	0	427.5
490.378	431.5	0	431.5
490.499	421.5	0	421.5
490.621	418.25	0	418.25
490.743	438	0	438
490.864	412.5	0	412.5
490.986	400	0	400
491.108	404.5	0	404.5
491.229	409.75	0	409.75
491.351	382.25	0	382.25
491.472	407.5	0	407.5
491.594	396.75	0	396.75
491.715	407	0	407
491.837	374	0	374
491.958	389.25	0	389.25
492.08	386	0	386
492.201	379	0	379
492.323	391.25	0	391.25
492.444	383.25	0	383.25
492.566	369.25	0	369.25
492.687	357.75	0	357.75
492.808	358.25	0	358.25
492.93	360.25	0	360.25
493.051	352.75	0	352.75
493.172	367.25	0	367.25
493.294	389.5	0	389.5
493.415	352.75	0	352.75
493.536	356.25	0	356.25
493.658	371	0	371
493.779	383.75	0	383.75
493.9	351	0	351
494.021	350	0	350
494.143	359.25	0	359.25
494.264	362.25	0	362.25
494.385	359	0	359
494.506	342.75	0	342.75
494.627	345.75	0	345.75
494.748	331.25	0	331.25
494.869	341.25	0	341.25
494.99	337.25	0	337.25
495.111	335	0	335
495.232	346	0	346
495.353	327.75	0	327.75
495.475	342.25	0	342.25
495.595	312.25	0	312.25
495.716	331.25	0	331.25
495.837	312.25	0	312.25
495.958	323.5	0	323.5
496.079	345.25	0	345.25
496.2	321.25	0	321.25
496.321	329.75	0	329.75
496.442	337.25	0	337.25
496.563	317	0	317
496.684	334.25	0	334.25
496.804	303.75	0	303.75
496.925	329	0	329
497.046	304.25	0	304.25
497.167	318.75	0	318.75
497.287	315.75	0	315.75
497.408	306	0	306
497.529	303.75	0	303.75
497.65	297.75	0	297.75
497.77	314	0	314
497.891	316	0	316
498.012	301.75	0	301.75
498.132	293	0	293
498.253	316	0	316
498.373	305.75	0	305.75
498.494	306.25	0	306.25
498.614	291.5	0	291.5
498.735	295.25	0	295.25
498.856	278.25	0	278.25
498.976	290	0	290
499.096	297.25	0	297.25
499.217	284	0	284
499.337	292.75	0	292.75
499.458	291.75	0	291.75
499.578	292.25	0	292.25
499.699	280.25	0	280.25
499.819	287.25	0	287.25
499.939	276.5	0	276.5
500.06	283	0	283
500.18	281.25	0	281.25
500.3	278.25	0	278.25
500.421	285.25	0	285.25
500.541	283.5	0	283.5
500.661	281.25	0	281.25
500.781	279.25	0	279.25
500.902	286.25	0	286.25
501.022	261.25	0	261.25
501.142	300	0	300
501.262	281.75	0	281.75
501.382	268.75	0	268.75
501.502	284.25	0	284.25
501.623	287.75	0	287.75
501.743	279.25	0	279.25
501.863	294	0	294
501.983	267.5	0	267.5
502.103	262.75	0	262.75
502.223	265	0	265
502.343	269.75	0	269.75
502.463	264.75	0	264.75
502.583	264.5	0	264.5
502.703	245	0	245
502.823	271.25	0	271.25
502.943	265.5	0	265.5
503.063	284	0	284
503.182	277.5	0	277.5
503.302	268.25	0	268.25
503.422	279.25	0	279.25
503.542	262.5	0	262.5
503.662	258.25	0	258.25
503.782	249	0	249
503.901	277.75	0	277.75
504.021	259.75	0	259.75
504.141	247	0	247
504.261	257.25	0	257.25
504.38	273.75	0	273.75
504.5	268	0	268
504.62	258	0	258
504.739	273.75	0	273.75
504.859	258.25	0	258.25
504.979	240	0	240
505.098	244.25	0	244.25
505.218	259.75	0	259.75
505.338	266.5	0	266.5
505.457	253.75	0	253.75
505.577	263.25	0	263.25
505.696	254.25	0	254.25
505.816	251.5	0	251.5
505.935	233.5	0	233.5
506.055	262	0	262
506.174	258.25	0	258.25
506.293	251.25	0	251.25
506.413	261	0	261
506.532	260	0	260
506.652	266.75	0	266.75
506.771	256.25	0	256.25
506.89	247.75	0	247.75
507.01	253.25	0	253.25
507.129	255.25	0	255.25
507.248	243	0	243
507.368	251.25	0	251.25
507.487	254	0	254
507.606	261.25	0	261.25
507.725	242.75	0	242.75
507.844	250.75	0	250.75
507.964	247.75	0	247.75
508.083	268.75	0	268.75
508.202	254.75	0	254.75
508.321	250.5	0	250.5
508.44	255	0	255
508.559	258.5	0	258.5
508.678	264	0	264
508.797	280.5	0	280.5
508.916	272.5	0	272.5
509.035	296.25	0	296.25
509.154	263	0	263
509.273	276.75	0	276.75
509.392	312	0	312
509.511	303.5	0	303.5
509.63	313.75	0	313.75
509.749	328.25	0	328.25
509.868	344.5	0	344.5
509.987	376.25	0	376.25
510.106	389	0	389
510.225	424	0	424
510.344	458.75	0	458.75
510.462	541.5	0	541.5
510.581	550.75	0	550.75
510.7	617.25	0	617.25
510.819	686.25	0	686.25
510.937	739	0	739
511.056	792.5	0	792.5
511.175	822	0	822
511.294	855.75	0	855.75
511.412	929.75	0	929.75
511.531	972.25	0	972.25
511.649	1039	0	1039
511.768	1046.75	0	1046.75
511.887	1042	0	1042
512.005	1080	0	1080
512.124	1079.75	0	1079.75
512.242	1041.25	0	1041.25
512.361	1039	0	1039
512.479	1024.25	0	1024.25
512.598	1008.75	0	1008.75
512.716	934	0	934
512.835	927.75	0	927.75
512.953	809.75	0	809.75
513.072	783.75	0	783.75
513.19	704.5	0	704.5
513.308	644.75	0	644.75
513.427	624.5	0	624.5
513.545	536.5	0	536.5
513.664	498.5	0	498.5
513.782	478	0	478
513.9	434.5	0	434.5
514.018	419	0	419
514.137	423	0	423
514.255	380.5	0	380.5
514.373	377.25	0	377.25
514.491	372	0	372
514.609	360.25	0	360.25
514.728	347.25	0	347.25
514.846	344	0	344
514.964	351.25	0	351.25
515.082	325.75	0	325.75
515.2	339.75	0	339.75
515.318	327.25	0	327.25
515.436	310.75	0	310.75
515.554	312.25	0	312.25
515.672	309.5	0	309.5
515.79	311	0	311
515.908	299.25	0	299.25
516.026	291	0	291
516.144	293.25	0	293.25
516.262	283	0	283
516.38	293.75	0	293.75
516.498	288.25	0	288.25
516.616	270.75	0	270.75
516.734	273.25	0	273.25
516.852	272.25	0	272.25
516.969	278	0	278
517.087	267.25	0	267.25
517.205	271.5	0	271.5
517.323	255.25	0	255.25
517.44	253.25	0	253.25
517.558	251.25	0	251.25
517.676	243.75	0	243.75
517.794	255.5	0	255.5
517.911	240.25	0	240.25
518.029	256.25	0	256.25
518.147	255.75	0	255.75
518.264	243.5	0	243.5
518.382	239.5	0	239.5
518.5	231.25	0	231.25
518.617	247.75	0	247.75
518.735	242	0	242
518.852	220	0	220
518.97	229.5	0	229.5
519.087	240.25	0	240.25
519.205	220.5	0	220.5
519.322	230.75	0	230.75
519.44	234.25	0	234.25
519.557	240.5	0	240.5
519.674	221.25	0	221.25
519.792	227.5	0	227.5
519.909	194	0	194
520.026	228.25	0	228.25
520.144	243.5	0	243.5
520.261	215.75	0	215.75
520.378	218.5	0	218.5
520.496	212.25	0	212.25
520.613	218.75	0	218.75
520.73	221	0	221
520.847	215.5	0	215.5
520.965	214.5	0	214.5
521.082	215.75	0	215.75
521.199	221	0	221
521.316	194.75	0	194.75
521.433	209	0	209
521.55	210	0	210
521.667	196	0	196
521.785	214.75	0	214.75
521.902	207	0	207
522.019	218.25	0	218.25
522.136	212.25	0	212.25
522.253	202.75	0	202.75
522.37	203.5	0	203.5
522.487	223.75	0	223.75
522.604	212.25	0	212.25
522.721	198.25	0	198.25
522.838	213.5	0	213.5
522.954	189.5	0	189.5
523.071	195.5	0	195.5
523.188	179.25	0	179.25
523.305	191.75	0	191.75
523.422	202.5	0	202.5
523.539	190	0	190
523.655	187.5	0	187.5
523.772	191.75	0	191.75
523.889	208	0	208
524.006	196.5	0	196.5
524.122	194.25	0	194.25
524.239	193.5	0	193.5
524.356	193.5	0	193.5
524.472	195.25	0	195.25
524.589	186	0	186
524.706	197.75	0	197.75
524.822	214.5	0	214.5
524.939	201.5	0	201.5
525.055	196.75	0	196.75
525.172	183.75	0	183.75
525.289	189.5	0	189.5
525.405	202	0	202
525.522	187.5	0	187.5
525.638	191.5	0	191.5
525.754	183.5	0	183.5
525.871	191	0	191
525.987	202.25	0	202.25
526.104	197	0	197
526.22	192	0	192
526.336	186	0	186
526.453	196.25	0	196.25
526.569	195.25	0	195.25
526.685	196.75	0	196.75
526.802	186.75	0	186.75
526.918	198.25	0	198.25
527.034	186.25	0	186.25
527.151	184.75	0	184.75
527.267	181	0	181
527.383	189.5	0	189.5
527.499	196.75	0	196.75
527.615	179.25	0	179.25
527.732	204	0	204
527.848	178.25	0	178.25
527.964	193.5	0	193.5
528.08	212	0	212
528.196	184.25	0	184.25
528.312	181.75	0	181.75
528.428	188.75	0	188.75
528.544	190.5	0	190.5
528.66	179.75	0	179.75
528.776	189.25	0	189.25
528.892	183	0	183
529.008	175	0	175
529.124	181	0	181
529.24	173.5	0	173.5
529.356	203.75	0	203.75
529.471	172.25	0	172.25
529.587	183.75	0	183.75
529.703	187.25	0	187.25
529.819	189	0	189
529.935	189.5	0	189.5
530.05	189.25	0	189.25
530.166	187	0	187
530.282	173.75	0	173.75
530.398	180.75	0	180.75
530.513	188.5	0	188.5
530.629	182.25	0	182.25
530.745	178.25	0	178.25
530.86	166	0	166
530.976	171.5	0	171.5
531.092	186.5	0	186.5
531.207	181.25	0	181.25
531.323	180.75	0	180.75
531.438	184.75	0	184.75
531.554	179.5	0	179.5
531.669	166	0	166
531.785	178.75	0	178.75
531.9	179.5	0	179.5
532.016	166	0	166
532.131	178	0	178
532.247	178.75	0	178.75
532.362	178	0	178
532.477	171	0	171
532.593	172.25	0	172.25
532.708	163.25	0	163.25
532.823	179	0	179
532.939	182.75	0	182.75
533.054	171.75	0	171.75
533.169	189.75	0	189.75
533.285	192.75	0	192.75
533.4	182.75	0	182.75
533.515	187.5	0	187.5
533.63	155.5	0	155.5
533.745	194	0	194
533.861	174	0	174
533.976	175	0	175
534.091	174.5	0	174.5
534.206	180.5	0	180.5
534.321	169.25	0	169.25
534.436	178.25	0	178.25
534.551	170.25	0	170.25
534.666	181.5	0	181.5
534.781	183	0	183
534.896	177.25	0	177.25
535.011	184.25	0	184.25
535.126	171.75	0	171.75
535.241	166	0	166
535.356	164.25	0	164.25
535.471	171.75	0	171.75
535.586	185.75	0	185.75
535.701	168.5	0	168.5
535.815	177.25	0	177.25
535.93	154.25	0	154.25
536.045	171	0	171
536.16	168	0	168