Lambda	Spectrum	Dark	SpecMinusDark
268.175	103.25	0	103.25
268.319	99	0	99
268.463	112.75	0	112.75
268.607	100	0	100
268.751	142	0	142
268.895	104	0	104
269.039	135.5	0	135.5
269.183	142.25	0	142.25
269.327	142.5	0	142.5
269.47	121.25	0	121.25
269.614	127.5	0	127.5
269.758	141.5	0	141.5
269.902	162.5	0	162.5
270.046	143.5	0	143.5
270.19	127.5	0	127.5
270.334	139.5	0	139.5
270.477	149.25	0	149.25
270.621	136	0	136
270.765	162.75	0	162.75
270.909	146	0	146
271.053	171.75	0	171.75
271.196	162.5	0	162.5
271.34	150	0	150
271.484	152.75	0	152.75
271.628	169	0	169
271.771	179.75	0	179.75
271.915	179.75	0	179.75
272.059	201.25	0	201.25
272.202	228.25	0	228.25
272.346	190.25	0	190.25
272.49	239.25	0	239.25
272.634	184.75	0	184.75
272.777	178.5	0	178.5
272.921	186	0	186
273.064	217.5	0	217.5
273.208	231	0	231
273.352	208.75	0	208.75
273.495	217	0	217
273.639	221	0	221
273.783	222.5	0	222.5
273.926	191.5	0	191.5
274.07	220.75	0	220.75
274.213	236	0	236
274.357	203.75	0	203.75
274.5	219.75	0	219.75
274.644	203.5	0	203.5
274.787	218.25	0	218.25
274.931	220.75	0	220.75
275.074	212.25	0	212.25
275.218	209.25	0	209.25
275.361	188.75	0	188.75
275.505	202	0	202
275.648	175.25	0	175.25
275.792	163	0	163
275.935	215.5	0	215.5
276.079	192.75	0	192.75
276.222	197	0	197
276.366	188.5	0	188.5
276.509	181	0	181
276.652	181.5	0	181.5
276.796	190.75	0	190.75
276.939	189.75	0	189.75
277.082	172.25	0	172.25
277.226	183.75	0	183.75
277.369	192.25	0	192.25
277.513	179.25	0	179.25
277.656	186.25	0	186.25
277.799	186.5	0	186.5
277.942	187.75	0	187.75
278.086	165.5	0	165.5
278.229	196	0	196
278.372	193.5	0	193.5
278.516	217.25	0	217.25
278.659	230.75	0	230.75
278.802	248.25	0	248.25
278.945	276.25	0	276.25
279.089	270.25	0	270.25
279.232	264	0	264
279.375	244.75	0	244.75
279.518	262	0	262
279.661	226.5	0	226.5
279.805	230.5	0	230.5
279.948	224.5	0	224.5
280.091	219.75	0	219.75
280.234	220	0	220
280.377	221.5	0	221.5
280.52	224.75	0	224.75
280.663	246.5	0	246.5
280.806	248.75	0	248.75
280.95	224.25	0	224.25
281.093	263.75	0	263.75
281.236	308.25	0	308.25
281.379	336.25	0	336.25
281.522	330.75	0	330.75
281.665	280	0	280
281.808	304.75	0	304.75
281.951	277	0	277
282.094	278.5	0	278.5
282.237	281.75	0	281.75
282.38	305.75	0	305.75
282.523	279.75	0	279.75
282.666	294.75	0	294.75
282.809	288.25	0	288.25
282.952	287.75	0	287.75
283.095	280.25	0	280.25
283.238	297.25	0	297.25
283.381	314.25	0	314.25
283.523	406	0	406
283.666	388.25	0	388.25
283.809	354.5	0	354.5
283.952	332.5	0	332.5
284.095	325	0	325
284.238	356.5	0	356.5
284.381	387	0	387
284.524	378.25	0	378.25
284.666	434.5	0	434.5
284.809	417	0	417
284.952	359	0	359
285.095	348.5	0	348.5
285.238	348.5	0	348.5
285.38	330.25	0	330.25
285.523	309.75	0	309.75
285.666	314.5	0	314.5
285.809	310.5	0	310.5
285.951	334.75	0	334.75
286.094	329.5	0	329.5
286.237	315.75	0	315.75
286.38	290.5	0	290.5
286.522	305.75	0	305.75
286.665	316.75	0	316.75
286.808	384.25	0	384.25
286.95	352.25	0	352.25
287.093	374.25	0	374.25
287.236	374.75	0	374.75
287.378	401.75	0	401.75
287.521	445.5	0	445.5
287.663	393.5	0	393.5
287.806	350	0	350
287.949	353.75	0	353.75
288.091	359.75	0	359.75
288.234	351.75	0	351.75
288.376	327.5	0	327.5
288.519	350.5	0	350.5
288.661	360.25	0	360.25
288.804	383.75	0	383.75
288.946	375.25	0	375.25
289.089	396.25	0	396.25
289.231	421	0	421
289.374	389.5	0	389.5
289.516	362.75	0	362.75
289.659	398.5	0	398.5
289.801	404.5	0	404.5
289.944	358	0	358
290.086	413	0	413
290.229	420.75	0	420.75
290.371	433	0	433
290.513	432.75	0	432.75
290.656	419.25	0	419.25
290.798	414	0	414
290.941	427.25	0	427.25
291.083	421.5	0	421.5
291.225	426.25	0	426.25
291.368	480	0	480
291.51	487.75	0	487.75
291.652	480	0	480
291.795	462	0	462
291.937	455.5	0	455.5
292.079	454.75	0	454.75
292.221	478.25	0	478.25
292.364	483.25	0	483.25
292.506	483.5	0	483.5
292.648	479	0	479
292.79	457.25	0	457.25
292.933	451	0	451
293.075	409.5	0	409.5
293.217	429.5	0	429.5
293.359	445.5	0	445.5
293.502	438	0	438
293.644	431	0	431
293.786	446	0	446
293.928	428.75	0	428.75
294.07	445	0	445
294.212	442.5	0	442.5
294.354	445.25	0	445.25
294.497	469	0	469
294.639	503.25	0	503.25
294.781	498	0	498
294.923	514	0	514
295.065	560	0	560
295.207	553.75	0	553.75
295.349	551.5	0	551.5
295.491	573.75	0	573.75
295.633	584	0	584
295.775	579.75	0	579.75
295.917	600.25	0	600.25
296.059	635.5	0	635.5
296.201	602.25	0	602.25
296.343	586.25	0	586.25
296.485	589.25	0	589.25
296.627	611.5	0	611.5
296.769	714.25	0	714.25
296.911	699.5	0	699.5
297.053	650	0	650
297.195	624	0	624
297.337	615.25	0	615.25
297.478	614	0	614
297.62	639.75	0	639.75
297.762	638.75	0	638.75
297.904	631	0	631
298.046	630	0	630
298.188	677	0	677
298.33	741.75	0	741.75
298.471	819.25	0	819.25
298.613	699.75	0	699.75
298.755	679.5	0	679.5
298.897	581.25	0	581.25
299.038	563.75	0	563.75
299.18	539.5	0	539.5
299.322	513.75	0	513.75
299.464	532.5	0	532.5
299.605	567	0	567
299.747	584.25	0	584.25
299.889	541.25	0	541.25
300.031	545.25	0	545.25
300.172	588.25	0	588.25
300.314	671.75	0	671.75
300.456	687	0	687
300.597	666	0	666
300.739	646	0	646
300.881	701	0	701
301.022	821.75	0	821.75
301.164	825.25	0	825.25
301.305	771.5	0	771.5
301.447	644.75	0	644.75
301.589	610.5	0	610.5
301.73	619.75	0	619.75
301.872	626	0	626
302.013	611.5	0	611.5
302.155	655.25	0	655.25
302.296	646	0	646
302.438	739.75	0	739.75
302.579	755.75	0	755.75
302.721	922.25	0	922.25
302.862	1002	0	1002
303.004	875	0	875
303.145	803.25	0	803.25
303.287	739.25	0	739.25
303.428	753	0	753
303.569	746	0	746
303.711	729.75	0	729.75
303.852	708.5	0	708.5
303.994	737	0	737
304.135	780	0	780
304.276	744.25	0	744.25
304.418	781.25	0	781.25
304.559	766.5	0	766.5
304.7	740.5	0	740.5
304.842	783.25	0	783.25
304.983	770.5	0	770.5
305.124	794	0	794
305.266	793.75	0	793.75
305.407	831	0	831
305.548	812.5	0	812.5
305.69	801	0	801
305.831	752.5	0	752.5
305.972	756.25	0	756.25
306.113	811.5	0	811.5
306.254	828.5	0	828.5
306.396	807.5	0	807.5
306.537	852	0	852
306.678	813	0	813
306.819	852	0	852
306.96	773.25	0	773.25
307.102	788	0	788
307.243	774.5	0	774.5
307.384	798.75	0	798.75
307.525	760.5	0	760.5
307.666	743.5	0	743.5
307.807	763.5	0	763.5
307.948	721.5	0	721.5
308.089	767.75	0	767.75
308.23	808.5	0	808.5
308.371	799.75	0	799.75
308.513	790.5	0	790.5
308.654	765.25	0	765.25
308.795	802.25	0	802.25
308.936	811.25	0	811.25
309.077	850.75	0	850.75
309.218	897.25	0	897.25
309.359	948	0	948
309.499	920.5	0	920.5
309.64	834.5	0	834.5
309.781	835.25	0	835.25
309.922	788.5	0	788.5
310.063	794.5	0	794.5
310.204	805	0	805
310.345	836.25	0	836.25
310.486	866	0	866
310.627	911.25	0	911.25
310.768	904	0	904
310.909	885	0	885
311.049	865	0	865
311.19	850.5	0	850.5
311.331	914	0	914
311.472	879.5	0	879.5
311.613	877.75	0	877.75
311.753	978	0	978
311.894	1063	0	1063
312.035	1135	0	1135
312.176	1051	0	1051
312.316	936.25	0	936.25
312.457	1027.75	0	1027.75
312.598	1055	0	1055
312.739	1134.25	0	1134.25
312.879	1315.5	0	1315.5
313.02	1403	0	1403
313.161	1432.75	0	1432.75
313.301	1231.75	0	1231.75
313.442	1201	0	1201
313.583	1243.5	0	1243.5
313.723	1268.5	0	1268.5
313.864	1198.75	0	1198.75
314.005	1101.75	0	1101.75
314.145	1001.75	0	1001.75
314.286	976.25	0	976.25
314.426	969	0	969
314.567	1019.25	0	1019.25
314.707	1096.25	0	1096.25
314.848	1068.75	0	1068.75
314.989	1036.5	0	1036.5
315.129	1004.5	0	1004.5
315.27	985	0	985
315.41	1078.5	0	1078.5
315.551	1205.75	0	1205.75
315.691	1260.75	0	1260.75
315.831	1135.5	0	1135.5
315.972	1078	0	1078
316.112	1082	0	1082
316.253	1167.75	0	1167.75
316.393	1196.25	0	1196.25
316.534	1219.75	0	1219.75
316.674	1095.75	0	1095.75
316.814	1024	0	1024
316.955	991.75	0	991.75
317.095	951.5	0	951.5
317.236	951.25	0	951.25
317.376	934.75	0	934.75
317.516	1003.25	0	1003.25
317.656	1030.75	0	1030.75
317.797	1060.5	0	1060.5
317.937	1114	0	1114
318.077	1160.25	0	1160.25
318.218	1167.5	0	1167.5
318.358	1114.25	0	1114.25
318.498	1045.75	0	1045.75
318.638	1016.25	0	1016.25
318.779	1102	0	1102
318.919	1287	0	1287
319.059	1356.5	0	1356.5
319.199	1147.25	0	1147.25
319.34	1069.5	0	1069.5
319.48	1024.25	0	1024.25
319.62	1094	0	1094
319.76	957.5	0	957.5
319.9	986	0	986
320.04	948.5	0	948.5
320.18	965	0	965
320.32	1077.25	0	1077.25
320.461	1086.25	0	1086.25
320.601	1031.75	0	1031.75
320.741	1096.75	0	1096.75
320.881	1226.75	0	1226.75
321.021	1434	0	1434
321.161	1477	0	1477
321.301	1291.75	0	1291.75
321.441	1182.25	0	1182.25
321.581	1066.75	0	1066.75
321.721	1036.75	0	1036.75
321.861	1012	0	1012
322.001	1033.25	0	1033.25
322.141	1071.5	0	1071.5
322.281	1066.25	0	1066.25
322.421	1051.25	0	1051.25
322.561	1081.75	0	1081.75
322.7	1138	0	1138
322.84	1170	0	1170
322.98	1281	0	1281
323.12	1461.5	0	1461.5
323.26	1635.25	0	1635.25
323.4	1485.25	0	1485.25
323.54	1293	0	1293
323.68	1181.75	0	1181.75
323.819	1164.75	0	1164.75
323.959	1198	0	1198
324.099	1271.5	0	1271.5
324.239	1179.25	0	1179.25
324.379	1130.25	0	1130.25
324.518	1072.25	0	1072.25
324.658	1089	0	1089
324.798	1139.5	0	1139.5
324.937	1221	0	1221
325.077	1193	0	1193
325.217	1180	0	1180
325.357	1199.25	0	1199.25
325.496	1131.25	0	1131.25
325.636	1179.25	0	1179.25
325.776	1249	0	1249
325.915	1391.75	0	1391.75
326.055	1236.5	0	1236.5
326.195	1149.5	0	1149.5
326.334	1127.5	0	1127.5
326.474	1155.25	0	1155.25
326.613	1214.25	0	1214.25
326.753	1376	0	1376
326.892	1595.75	0	1595.75
327.032	1590	0	1590
327.172	1627	0	1627
327.311	1495	0	1495
327.451	1381.5	0	1381.5
327.59	1394.75	0	1394.75
327.73	1505	0	1505
327.869	1508.25	0	1508.25
328.009	1459	0	1459
328.148	1490	0	1490
328.288	1497.25	0	1497.25
328.427	1385.25	0	1385.25
328.566	1307.5	0	1307.5
328.706	1262.25	0	1262.25
328.845	1204	0	1204
328.985	1193	0	1193
329.124	1212.5	0	1212.5
329.263	1184.5	0	1184.5
329.403	1127	0	1127
329.542	1190.75	0	1190.75
329.681	1186	0	1186
329.821	1169.5	0	1169.5
329.96	1207.75	0	1207.75
330.099	1202.75	0	1202.75
330.239	1346.75	0	1346.75
330.378	1448.25	0	1448.25
330.517	1461.25	0	1461.25
330.656	1322.75	0	1322.75
330.796	1297.75	0	1297.75
330.935	1242.75	0	1242.75
331.074	1209.5	0	1209.5
331.213	1242	0	1242
331.352	1291.25	0	1291.25
331.492	1285.25	0	1285.25
331.631	1206.25	0	1206.25
331.77	1189.5	0	1189.5
331.909	1296	0	1296
332.048	1264.5	0	1264.5
332.187	1274.5	0	1274.5
332.327	1298.5	0	1298.5
332.466	1322.75	0	1322.75
332.605	1307.25	0	1307.25
332.744	1272.25	0	1272.25
332.883	1233.5	0	1233.5
333.022	1276.25	0	1276.25
333.161	1301.75	0	1301.75
333.3	1361.5	0	1361.5
333.439	1354	0	1354
333.578	1318.75	0	1318.75
333.717	1313.5	0	1313.5
333.856	1375.75	0	1375.75
333.995	1361	0	1361
334.134	1274	0	1274
334.273	1336.25	0	1336.25
334.412	1330.75	0	1330.75
334.551	1295.75	0	1295.75
334.69	1245.5	0	1245.5
334.828	1275.25	0	1275.25
334.967	1298	0	1298
335.106	1435.25	0	1435.25
335.245	1570.75	0	1570.75
335.384	1576.5	0	1576.5
335.523	1557.5	0	1557.5
335.662	1468.75	0	1468.75
335.8	1548	0	1548
335.939	1596.75	0	1596.75
336.078	1482.25	0	1482.25
336.217	1376	0	1376
336.356	1352.75	0	1352.75
336.494	1361.75	0	1361.75
336.633	1444.25	0	1444.25
336.772	1568	0	1568
336.911	1635	0	1635
337.049	1647.25	0	1647.25
337.188	1571.25	0	1571.25
337.327	1567	0	1567
337.465	1582	0	1582
337.604	1569.75	0	1569.75
337.743	1551.5	0	1551.5
337.881	1546	0	1546
338.02	1535.5	0	1535.5
338.158	1524.75	0	1524.75
338.297	1597.75	0	1597.75
338.436	1743.5	0	1743.5
338.574	1876.5	0	1876.5
338.713	2013.5	0	2013.5
338.851	2032.25	0	2032.25
338.99	2208.25	0	2208.25
339.128	2167.75	0	2167.75
339.267	1974	0	1974
339.405	1866.25	0	1866.25
339.544	1793	0	1793
339.682	1812.5	0	1812.5
339.821	1762.25	0	1762.25
339.959	1743.5	0	1743.5
340.098	1766.5	0	1766.5
340.236	1798.5	0	1798.5
340.375	1815	0	1815
340.513	1779	0	1779
340.651	1799	0	1799
340.79	1986.25	0	1986.25
340.928	2002	0	2002
341.067	2060	0	2060
341.205	2100.25	0	2100.25
341.343	2089	0	2089
341.482	2123	0	2123
341.62	2057	0	2057
341.758	2076.75	0	2076.75
341.897	2142	0	2142
342.035	1928.75	0	1928.75
342.173	1815.5	0	1815.5
342.311	1796.75	0	1796.75
342.45	1747.25	0	1747.25
342.588	1751.25	0	1751.25
342.726	1877.25	0	1877.25
342.864	1939.5	0	1939.5
343.002	2000.25	0	2000.25
343.141	1955	0	1955
343.279	1846.5	0	1846.5
343.417	2029.5	0	2029.5
343.555	2172.25	0	2172.25
343.693	2399.5	0	2399.5
343.831	2343.5	0	2343.5
343.969	2148	0	2148
344.108	1889.75	0	1889.75
344.246	1889.5	0	1889.5
344.384	2039.75	0	2039.75
344.522	2340	0	2340
344.66	2367	0	2367
344.798	1975.75	0	1975.75
344.936	1827.75	0	1827.75
345.074	1680.75	0	1680.75
345.212	1715	0	1715
345.35	1879.75	0	1879.75
345.488	2163.75	0	2163.75
345.626	2200.75	0	2200.75
345.764	1987.75	0	1987.75
345.902	2102.25	0	2102.25
346.04	2157.25	0	2157.25
346.178	1973.75	0	1973.75
346.315	1943.75	0	1943.75
346.453	1941.25	0	1941.25
346.591	1895.5	0	1895.5
346.729	1967	0	1967
346.867	2144.75	0	2144.75
347.005	2368.75	0	2368.75
347.143	2195.5	0	2195.5
347.28	2066	0	2066
347.418	2065	0	2065
347.556	2239.25	0	2239.25
347.694	2637.25	0	2637.25
347.832	2848.5	0	2848.5
347.969	2792	0	2792
348.107	2848.75	0	2848.75
348.245	2686.5	0	2686.5
348.382	2339.5	0	2339.5
348.52	2162.25	0	2162.25
348.658	2138.75	0	2138.75
348.796	2182.25	0	2182.25
348.933	2118	0	2118
349.071	2274.75	0	2274.75
349.209	2513.5	0	2513.5
349.346	2631.75	0	2631.75
349.484	2841.5	0	2841.5
349.621	2624	0	2624
349.759	2494.25	0	2494.25
349.897	2554.75	0	2554.75
350.034	2612.25	0	2612.25
350.172	2454.25	0	2454.25
350.309	2481.25	0	2481.25
350.447	2646.5	0	2646.5
350.584	2756.75	0	2756.75
350.722	2975.5	0	2975.5
350.859	3131.5	0	3131.5
350.997	2795	0	2795
351.134	2540	0	2540
351.272	2479.75	0	2479.75
351.409	2510.5	0	2510.5
351.547	2521.75	0	2521.75
351.684	2900.25	0	2900.25
351.822	3203	0	3203
351.959	3011.75	0	3011.75
352.096	2689.25	0	2689.25
352.234	2475.25	0	2475.25
352.371	2343	0	2343
352.508	2289.75	0	2289.75
352.646	2167.25	0	2167.25
352.783	2323	0	2323
352.92	2464.5	0	2464.5
353.058	2534.25	0	2534.25
353.195	2786.25	0	2786.25
353.332	2701	0	2701
353.469	2484.5	0	2484.5
353.607	2140	0	2140
353.744	2143.5	0	2143.5
353.881	2105	0	2105
354.018	2093.5	0	2093.5
354.156	2083.5	0	2083.5
354.293	2142.5	0	2142.5
354.43	2448.5	0	2448.5
354.567	2902	0	2902
354.704	3215	0	3215
354.841	3136.25	0	3136.25
354.979	2913.5	0	2913.5
355.116	2430.25	0	2430.25
355.253	2189.25	0	2189.25
355.39	2153.5	0	2153.5
355.527	2288	0	2288
355.664	2341.25	0	2341.25
355.801	2299	0	2299
355.938	2144	0	2144
356.075	2118.5	0	2118.5
356.212	2207.5	0	2207.5
356.349	2532.5	0	2532.5
356.486	2963.5	0	2963.5
356.623	2873.75	0	2873.75
356.76	2668.25	0	2668.25
356.897	2543.5	0	2543.5
357.034	2584.25	0	2584.25
357.171	2793	0	2793
357.308	2905.25	0	2905.25
357.445	3289	0	3289
357.582	3387.25	0	3387.25
357.718	2798.5	0	2798.5
357.855	2461	0	2461
357.992	2273.5	0	2273.5
358.129	2200.5	0	2200.5
358.266	2256.5	0	2256.5
358.403	2700.75	0	2700.75
358.539	2953.75	0	2953.75
358.676	2655.25	0	2655.25
358.813	2383.5	0	2383.5
358.95	2359.75	0	2359.75
359.086	2383.25	0	2383.25
359.223	2376.25	0	2376.25
359.36	2322.5	0	2322.5
359.497	2389.75	0	2389.75
359.633	2479.25	0	2479.25
359.77	2801	0	2801
359.907	3392	0	3392
360.043	3545.75	0	3545.75
360.18	3005.75	0	3005.75
360.317	2631	0	2631
360.453	2484.75	0	2484.75
360.59	2388.5	0	2388.5
360.727	2388.25	0	2388.25
360.863	2390.75	0	2390.75
361	2544.25	0	2544.25
361.136	2804.75	0	2804.75
361.273	2944.5	0	2944.5
361.409	2733.5	0	2733.5
361.546	2515.25	0	2515.25
361.682	2373	0	2373
361.819	2399.75	0	2399.75
361.955	2521.25	0	2521.25
362.092	2792.5	0	2792.5
362.228	3241	0	3241
362.365	3204.75	0	3204.75
362.501	2677.75	0	2677.75
362.638	2413.5	0	2413.5
362.774	2328.25	0	2328.25
362.91	2388.25	0	2388.25
363.047	2438.75	0	2438.75
363.183	2714.75	0	2714.75
363.319	2748.75	0	2748.75
363.456	2572.5	0	2572.5
363.592	2382	0	2382
363.728	2371.25	0	2371.25
363.865	2266.25	0	2266.25
364.001	2276.75	0	2276.75
364.137	2156.75	0	2156.75
364.274	2205.75	0	2205.75
364.41	2252.5	0	2252.5
364.546	2263	0	2263
364.682	2358.25	0	2358.25
364.819	2292.25	0	2292.25
364.955	2239.25	0	2239.25
365.091	2236.5	0	2236.5
365.227	2178.5	0	2178.5
365.363	2258	0	2258
365.499	2350.5	0	2350.5
365.636	2264.5	0	2264.5
365.772	2384.75	0	2384.75
365.908	2589	0	2589
366.044	3063.5	0	3063.5
366.18	3357	0	3357
366.316	3239.75	0	3239.75
366.452	2739.75	0	2739.75
366.588	2355.5	0	2355.5
366.724	2277	0	2277
366.86	2374	0	2374
366.996	2293.75	0	2293.75
367.132	2345.75	0	2345.75
367.268	2271	0	2271
367.404	2335	0	2335
367.54	2141.25	0	2141.25
367.676	2173.75	0	2173.75
367.812	2206.75	0	2206.75
367.948	2294.5	0	2294.5
368.084	2323.25	0	2323.25
368.22	2398.5	0	2398.5
368.356	2425.75	0	2425.75
368.492	2454.75	0	2454.75
368.627	2492	0	2492
368.763	2472	0	2472
368.899	2323.5	0	2323.5
369.035	2284.75	0	2284.75
369.171	2262.25	0	2262.25
369.306	2331	0	2331
369.442	2386.25	0	2386.25
369.578	2539.25	0	2539.25
369.714	2658.25	0	2658.25
369.85	2669.5	0	2669.5
369.985	2539.25	0	2539.25
370.121	2469	0	2469
370.257	2411	0	2411
370.392	2446.5	0	2446.5
370.528	2583	0	2583
370.664	2554	0	2554
370.799	2468.75	0	2468.75
370.935	2497.5	0	2497.5
371.071	2436	0	2436
371.206	2675	0	2675
371.342	2733.25	0	2733.25
371.477	2550.75	0	2550.75
371.613	2354.5	0	2354.5
371.749	2273.5	0	2273.5
371.884	2259.75	0	2259.75
372.02	2313	0	2313
372.155	2266.25	0	2266.25
372.291	2266.25	0	2266.25
372.426	2266	0	2266
372.562	2263.25	0	2263.25
372.697	2330.25	0	2330.25
372.833	2372.5	0	2372.5
372.968	2390.5	0	2390.5
373.103	2377	0	2377
373.239	2336.5	0	2336.5
373.374	2379.5	0	2379.5
373.51	2544	0	2544
373.645	2563.75	0	2563.75
373.78	2436.25	0	2436.25
373.916	2383.25	0	2383.25
374.051	2291	0	2291
374.186	2316.5	0	2316.5
374.322	2441.75	0	2441.75
374.457	2411	0	2411
374.592	2484.5	0	2484.5
374.728	2470.5	0	2470.5
374.863	2461.5	0	2461.5
374.998	2614.25	0	2614.25
375.133	2537.75	0	2537.75
375.268	2615.75	0	2615.75
375.404	2646	0	2646
375.539	2629.25	0	2629.25
375.674	2541.5	0	2541.5
375.809	2480.25	0	2480.25
375.944	2455.25	0	2455.25
376.08	2607	0	2607
376.215	3097	0	3097
376.35	3492.75	0	3492.75
376.485	3653	0	3653
376.62	3351.5	0	3351.5
376.755	2770.75	0	2770.75
376.89	2576.5	0	2576.5
377.025	2537.25	0	2537.25
377.16	2538.5	0	2538.5
377.295	2561	0	2561
377.43	2633.75	0	2633.75
377.565	2600	0	2600
377.7	2661	0	2661
377.835	3165.5	0	3165.5
377.97	3510	0	3510
378.105	3006.25	0	3006.25
378.24	2694.5	0	2694.5
378.375	2781.75	0	2781.75
378.51	2864.75	0	2864.75
378.645	3037.75	0	3037.75
378.78	2971.5	0	2971.5
378.914	3356.5	0	3356.5
379.049	3752.25	0	3752.25
379.184	3298.75	0	3298.75
379.319	2737.75	0	2737.75
379.454	2647	0	2647
379.589	2540.25	0	2540.25
379.723	2579.5	0	2579.5
379.858	2477.25	0	2477.25
379.993	2549.75	0	2549.75
380.128	2602	0	2602
380.262	2589.5	0	2589.5
380.397	2640.75	0	2640.75
380.532	2826.5	0	2826.5
380.666	2942.75	0	2942.75
380.801	2985.75	0	2985.75
380.936	2797.75	0	2797.75
381.07	2736.25	0	2736.25
381.205	2754.75	0	2754.75
381.34	2772.75	0	2772.75
381.474	2949.75	0	2949.75
381.609	3052.25	0	3052.25
381.744	3021	0	3021
381.878	3112.75	0	3112.75
382.013	3514.75	0	3514.75
382.147	3785.25	0	3785.25
382.282	3526.5	0	3526.5
382.416	3337.75	0	3337.75
382.551	3337.75	0	3337.75
382.685	3192.75	0	3192.75
382.82	3049.5	0	3049.5
382.954	3124	0	3124
383.089	3150.25	0	3150.25
383.223	3393.25	0	3393.25
383.357	4086.25	0	4086.25
383.492	4810.5	0	4810.5
383.626	4289.5	0	4289.5
383.761	3650.5	0	3650.5
383.895	3272.5	0	3272.5
384.029	3255	0	3255
384.164	3162.25	0	3162.25
384.298	3351.5	0	3351.5
384.432	3551.75	0	3551.75
384.567	4040	0	4040
384.701	4430.5	0	4430.5
384.835	4117.5	0	4117.5
384.97	3568.75	0	3568.75
385.104	3222.25	0	3222.25
385.238	3301	0	3301
385.372	3556.5	0	3556.5
385.506	3446.75	0	3446.75
385.641	3288.25	0	3288.25
385.775	3217	0	3217
385.909	3285.25	0	3285.25
386.043	3741.75	0	3741.75
386.177	4757.75	0	4757.75
386.311	5151.5	0	5151.5
386.446	4357.25	0	4357.25
386.58	3452.5	0	3452.5
386.714	3315.25	0	3315.25
386.848	3216.75	0	3216.75
386.982	3272.5	0	3272.5
387.116	3230	0	3230
387.25	3252	0	3252
387.384	3361	0	3361
387.518	3706.75	0	3706.75
387.652	4279.75	0	4279.75
387.786	4093.75	0	4093.75
387.92	3611	0	3611
388.054	3335.75	0	3335.75
388.188	3472.25	0	3472.25
388.322	3950.75	0	3950.75
388.456	4226.75	0	4226.75
388.59	3821.25	0	3821.25
388.723	3918.25	0	3918.25
388.857	4875	0	4875
388.991	5570.75	0	5570.75
389.125	4786.75	0	4786.75
389.259	3998.5	0	3998.5
389.393	3763	0	3763
389.526	3807	0	3807
389.66	3715.75	0	3715.75
389.794	3683.75	0	3683.75
389.928	3784	0	3784
390.062	3491	0	3491
390.195	3218.25	0	3218.25
390.329	3070.25	0	3070.25
390.463	2954.75	0	2954.75
390.596	2996	0	2996
390.73	2884.75	0	2884.75
390.864	2966.5	0	2966.5
390.997	2970.5	0	2970.5
391.131	2924.75	0	2924.75
391.265	2952.75	0	2952.75
391.398	3154.25	0	3154.25
391.532	3442.5	0	3442.5
391.665	3320.75	0	3320.75
391.799	3333.25	0	3333.25
391.933	3736.75	0	3736.75
392.066	3989	0	3989
392.2	3643.25	0	3643.25
392.333	3462.25	0	3462.25
392.467	3446.5	0	3446.5
392.6	3730.25	0	3730.25
392.734	4329	0	4329
392.867	4489	0	4489
393.001	3731.5	0	3731.5
393.134	3492	0	3492
393.267	3492.5	0	3492.5
393.401	3254.75	0	3254.75
393.534	3168	0	3168
393.668	3088	0	3088
393.801	3107	0	3107
393.934	3296.5	0	3296.5
394.068	3388.25	0	3388.25
394.201	3365.25	0	3365.25
394.334	3240	0	3240
394.468	3109.75	0	3109.75
394.601	3113.25	0	3113.25
394.734	3170.5	0	3170.5
394.867	3194.5	0	3194.5
395.001	3191.25	0	3191.25
395.134	3238.25	0	3238.25
395.267	3201	0	3201
395.4	3391.25	0	3391.25
395.533	3587.5	0	3587.5
395.667	3726	0	3726
395.8	3823.5	0	3823.5
395.933	4012.5	0	4012.5
396.066	4174	0	4174
396.199	3990.25	0	3990.25
396.332	3944.25	0	3944.25
396.465	4269.75	0	4269.75
396.598	4784.5	0	4784.5
396.732	4724.5	0	4724.5
396.865	4097.5	0	4097.5
396.998	3953.5	0	3953.5
397.131	4408.25	0	4408.25
397.264	4765.25	0	4765.25
397.397	4768	0	4768
397.53	4521.25	0	4521.25
397.663	4540.5	0	4540.5
397.796	4307	0	4307
397.928	4531.5	0	4531.5
398.061	4701	0	4701
398.194	4259.5	0	4259.5
398.327	4249.25	0	4249.25
398.46	4115.25	0	4115.25
398.593	4109.75	0	4109.75
398.726	4518.25	0	4518.25
398.859	4540.75	0	4540.75
398.991	4343	0	4343
399.124	3984	0	3984
399.257	3729.75	0	3729.75
399.39	3590	0	3590
399.523	3683.25	0	3683.25
399.655	3740.5	0	3740.5
399.788	3938.75	0	3938.75
399.921	4105.75	0	4105.75
400.054	4557.75	0	4557.75
400.186	4784	0	4784
400.319	4849.5	0	4849.5
400.452	4417.25	0	4417.25
400.584	4537.25	0	4537.25
400.717	4376.75	0	4376.75
400.85	4173.25	0	4173.25
400.982	4166.25	0	4166.25
401.115	4398.5	0	4398.5
401.247	4283	0	4283
401.38	4030.25	0	4030.25
401.513	4218.5	0	4218.5
401.645	4230.5	0	4230.5
401.778	4247.75	0	4247.75
401.91	4041.25	0	4041.25
402.043	4220	0	4220
402.175	4896.5	0	4896.5
402.308	5814.75	0	5814.75
402.44	5795.25	0	5795.25
402.573	5361	0	5361
402.705	5615.75	0	5615.75
402.837	5925.75	0	5925.75
402.97	5172.25	0	5172.25
403.102	4547.5	0	4547.5
403.235	4121.75	0	4121.75
403.367	4487.75	0	4487.75
403.499	4842.25	0	4842.25
403.632	4429.5	0	4429.5
403.764	4043.5	0	4043.5
403.896	4262.25	0	4262.25
404.029	4875.75	0	4875.75
404.161	5391	0	5391
404.293	6012.5	0	6012.5
404.425	5468.75	0	5468.75
404.558	4475.5	0	4475.5
404.69	4460.75	0	4460.75
404.822	4441.75	0	4441.75
404.954	4717.25	0	4717.25
405.086	4499.75	0	4499.75
405.219	4843.75	0	4843.75
405.351	5878.25	0	5878.25
405.483	5934.25	0	5934.25
405.615	5096.5	0	5096.5
405.747	4669.75	0	4669.75
405.879	4994.25	0	4994.25
406.011	5316	0	5316
406.143	5527.5	0	5527.5
406.275	5816.75	0	5816.75
406.407	5606.75	0	5606.75
406.539	4717	0	4717
406.672	4525.75	0	4525.75
406.803	4599.25	0	4599.25
406.935	4669.25	0	4669.25
407.067	5532.25	0	5532.25
407.199	5964.25	0	5964.25
407.331	5897.25	0	5897.25
407.463	5476.5	0	5476.5
407.595	5263.5	0	5263.5
407.727	5201.5	0	5201.5
407.859	5626	0	5626
407.991	6457.5	0	6457.5
408.123	5915.25	0	5915.25
408.255	5590.5	0	5590.5
408.386	5224.75	0	5224.75
408.518	4887.75	0	4887.75
408.65	4703.75	0	4703.75
408.782	4620.5	0	4620.5
408.914	4737.25	0	4737.25
409.045	4807.75	0	4807.75
409.177	4611.75	0	4611.75
409.309	4592.75	0	4592.75
409.44	4447.25	0	4447.25
409.572	4184.5	0	4184.5
409.704	4308.75	0	4308.75
409.836	4437.25	0	4437.25
409.967	4325.75	0	4325.75
410.099	4176.5	0	4176.5
410.23	4118.25	0	4118.25
410.362	4048.25	0	4048.25
410.494	4223.5	0	4223.5
410.625	4757.25	0	4757.25
410.757	5006.25	0	5006.25
410.888	4364	0	4364
411.02	4221	0	4221
411.152	4209.5	0	4209.5
411.283	3988.5	0	3988.5
411.415	4035	0	4035
411.546	4082.5	0	4082.5
411.677	4184.75	0	4184.75
411.809	4602.75	0	4602.75
411.94	4922.5	0	4922.5
412.072	5244.5	0	5244.5
412.203	4665	0	4665
412.335	4287.75	0	4287.75
412.466	4186.75	0	4186.75
412.597	4281.25	0	4281.25
412.729	4423.5	0	4423.5
412.86	4213.5	0	4213.5
412.991	4228.75	0	4228.75
413.123	4375.25	0	4375.25
413.254	4740	0	4740
413.385	4823.75	0	4823.75
413.517	4708.5	0	4708.5
413.648	4357.25	0	4357.25
413.779	4275.5	0	4275.5
413.91	4414	0	4414
414.042	4281.25	0	4281.25
414.173	4257.25	0	4257.25
414.304	4239	0	4239
414.435	4392.75	0	4392.75
414.566	4517.25	0	4517.25
414.697	4737	0	4737
414.828	4758	0	4758
414.96	4796	0	4796
415.091	4896.25	0	4896.25
415.222	5150.5	0	5150.5
415.353	4800.25	0	4800.25
415.484	4521.5	0	4521.5
415.615	4569.75	0	4569.75
415.746	4548	0	4548
415.877	4549	0	4549
416.008	4589	0	4589
416.139	4550.5	0	4550.5
416.27	4554.25	0	4554.25
416.401	5108.25	0	5108.25
416.532	5443.5	0	5443.5
416.663	5306.75	0	5306.75
416.794	4906.25	0	4906.25
416.925	5019.5	0	5019.5
417.055	5000	0	5000
417.186	4808	0	4808
417.317	4559.75	0	4559.75
417.448	4562.5	0	4562.5
417.579	4516.75	0	4516.75
417.71	4562.25	0	4562.25
417.84	4603	0	4603
417.971	4652.25	0	4652.25
418.102	5019.25	0	5019.25
418.233	5355.25	0	5355.25
418.363	5143.5	0	5143.5
418.494	5638.25	0	5638.25
418.625	6461	0	6461
418.756	5999.5	0	5999.5
418.886	5299.5	0	5299.5
419.017	5749.5	0	5749.5
419.148	5616.5	0	5616.5
419.278	6360.25	0	6360.25
419.409	6294.75	0	6294.75
419.539	6025	0	6025
419.67	5941.25	0	5941.25
419.801	6272	0	6272
419.931	6167.5	0	6167.5
420.062	6298.75	0	6298.75
420.192	5465.5	0	5465.5
420.323	5222.5	0	5222.5
420.453	4977	0	4977
420.584	5359	0	5359
420.714	5457.25	0	5457.25
420.845	5375	0	5375
420.975	5510.25	0	5510.25
421.106	6097.25	0	6097.25
421.236	5997.5	0	5997.5
421.366	5941.5	0	5941.5
421.497	5423	0	5423
421.627	5552	0	5552
421.757	5835.5	0	5835.5
421.888	5575.5	0	5575.5
422.018	5471.75	0	5471.75
422.148	5360.75	0	5360.75
422.279	5702.5	0	5702.5
422.409	6182.5	0	6182.5
422.539	7186.25	0	7186.25
422.67	7549.25	0	7549.25
422.8	6660.25	0	6660.25
422.93	5902	0	5902
423.06	5608.25	0	5608.25
423.19	5562	0	5562
423.321	6052.5	0	6052.5
423.451	6491.5	0	6491.5
423.581	6618	0	6618
423.711	7096	0	7096
423.841	8378.5	0	8378.5
423.971	8954.5	0	8954.5
424.101	7956.25	0	7956.25
424.231	6688.25	0	6688.25
424.361	5593	0	5593
424.492	5619.5	0	5619.5
424.622	5298.75	0	5298.75
424.752	5383.5	0	5383.5
424.882	5339	0	5339
425.012	5106.25	0	5106.25
425.142	5368.75	0	5368.75
425.271	5577.75	0	5577.75
425.401	5568.75	0	5568.75
425.531	5697.75	0	5697.75
425.661	5468	0	5468
425.791	5179.75	0	5179.75
425.921	5722.25	0	5722.25
426.051	5679.75	0	5679.75
426.181	5391.25	0	5391.25
426.311	5156.25	0	5156.25
426.44	5309.75	0	5309.75
426.57	5588.5	0	5588.5
426.7	6023.75	0	6023.75
426.83	5491.5	0	5491.5
426.96	5243.5	0	5243.5
427.089	5184.75	0	5184.75
427.219	5396.25	0	5396.25
427.349	5410.25	0	5410.25
427.479	5418.75	0	5418.75
427.608	5316.5	0	5316.5
427.738	5165.25	0	5165.25
427.868	5148	0	5148
427.997	5672.5	0	5672.5
428.127	5843.75	0	5843.75
428.256	5645.75	0	5645.75
428.386	5156.5	0	5156.5
428.516	5124.5	0	5124.5
428.645	5072.5	0	5072.5
428.775	4922.75	0	4922.75
428.904	5374.75	0	5374.75
429.034	5814.75	0	5814.75
429.163	5347.5	0	5347.5
429.293	5862.25	0	5862.25
429.422	5858.25	0	5858.25
429.552	5109.75	0	5109.75
429.681	4976.75	0	4976.75
429.811	4945.75	0	4945.75
429.94	5061.5	0	5061.5
430.069	5561	0	5561
430.199	5909.75	0	5909.75
430.328	5675.25	0	5675.25
430.458	5161.25	0	5161.25
430.587	5084.25	0	5084.25
430.716	5111.25	0	5111.25
430.846	5073.75	0	5073.75
430.975	4690	0	4690
431.104	4731	0	4731
431.233	4735	0	4735
431.363	4733	0	4733
431.492	4775.75	0	4775.75
431.621	4800.5	0	4800.5
431.75	5126.25	0	5126.25
431.88	4955.5	0	4955.5
432.009	5303.75	0	5303.75
432.138	5072.75	0	5072.75
432.267	5361	0	5361
432.396	5603.5	0	5603.5
432.525	5240	0	5240
432.654	4795.75	0	4795.75
432.784	4813.75	0	4813.75
432.913	4800.5	0	4800.5
433.042	4602.5	0	4602.5
433.171	4633	0	4633
433.3	4612.25	0	4612.25
433.429	4693.75	0	4693.75
433.558	4811.5	0	4811.5
433.687	4934.75	0	4934.75
433.816	5109.75	0	5109.75
433.945	5984	0	5984
434.074	6201.25	0	6201.25
434.203	5747.75	0	5747.75
434.332	5492.75	0	5492.75
434.46	5578.25	0	5578.25
434.589	6362.25	0	6362.25
434.718	6382	0	6382
434.847	5833.25	0	5833.25
434.976	5213.75	0	5213.75
435.105	4879.5	0	4879.5
435.233	4716	0	4716
435.362	4810.25	0	4810.25
435.491	4788	0	4788
435.62	4859.25	0	4859.25
435.749	5206.25	0	5206.25
435.877	5460.75	0	5460.75
436.006	5501.5	0	5501.5
436.135	5344.75	0	5344.75
436.263	5067.5	0	5067.5
436.392	5300.5	0	5300.5
436.521	5936.75	0	5936.75
436.649	5603.5	0	5603.5
436.778	5320.25	0	5320.25
436.907	5231	0	5231
437.035	5260.25	0	5260.25
437.164	5337.75	0	5337.75
437.292	5244.25	0	5244.25
437.421	5014	0	5014
437.549	5114.5	0	5114.5
437.678	4863.5	0	4863.5
437.806	4782.75	0	4782.75
437.935	4858.5	0	4858.5
438.063	4940	0	4940
438.192	4828	0	4828
438.32	5010.25	0	5010.25
438.449	4802.25	0	4802.25
438.577	5019.25	0	5019.25
438.706	4931.75	0	4931.75
438.834	5242.5	0	5242.5
438.962	5260	0	5260
439.091	5083	0	5083
439.219	5260	0	5260
439.347	5853.25	0	5853.25
439.476	5704	0	5704
439.604	5168	0	5168
439.732	5035.25	0	5035.25
439.86	5280	0	5280
439.989	5231	0	5231
440.117	4960.5	0	4960.5
440.245	5172.75	0	5172.75
440.373	4981	0	4981
440.501	4861.25	0	4861.25
440.63	5012	0	5012
440.758	5005	0	5005
440.886	5003.25	0	5003.25
441.014	4997.25	0	4997.25
441.142	5498	0	5498
441.27	5709.25	0	5709.25
441.398	5292.5	0	5292.5
441.526	5215	0	5215
441.654	4967.5	0	4967.5
441.782	5121.75	0	5121.75
441.91	5674.5	0	5674.5
442.038	5396.5	0	5396.5
442.166	5028.5	0	5028.5
442.294	5031	0	5031
442.422	4937.75	0	4937.75
442.55	5185.5	0	5185.5
442.678	5223.75	0	5223.75
442.806	5322	0	5322
442.934	5332.5	0	5332.5
443.062	5472.75	0	5472.75
443.19	5179.75	0	5179.75
443.318	4754.75	0	4754.75
443.445	4825.5	0	4825.5
443.573	5064	0	5064
443.701	5114.25	0	5114.25
443.829	4974.25	0	4974.25
443.957	4929.75	0	4929.75
444.084	4730.5	0	4730.5
444.212	4896.5	0	4896.5
444.34	5011	0	5011
444.467	4614.5	0	4614.5
444.595	4887.25	0	4887.25
444.723	4850.25	0	4850.25
444.85	5112	0	5112
444.978	5077	0	5077
445.106	4819.5	0	4819.5
445.233	4780.5	0	4780.5
445.361	5069	0	5069
445.489	5298	0	5298
445.616	5389.25	0	5389.25
445.744	5178.75	0	5178.75
445.871	5009.5	0	5009.5
445.999	5199	0	5199
446.126	4861.25	0	4861.25
446.254	4935	0	4935
446.381	4959.25	0	4959.25
446.509	5323.75	0	5323.75
446.636	5708.75	0	5708.75
446.764	5788	0	5788
446.891	6337.25	0	6337.25
447.018	6229.5	0	6229.5
447.146	5807.25	0	5807.25
447.273	5793.75	0	5793.75
447.4	5686.75	0	5686.75
447.528	5685.5	0	5685.5
447.655	5461.5	0	5461.5
447.782	5519	0	5519
447.91	5411.25	0	5411.25
448.037	5548.25	0	5548.25
448.164	5520	0	5520
448.291	5334.25	0	5334.25
448.419	5496.75	0	5496.75
448.546	5344	0	5344
448.673	5244.5	0	5244.5
448.8	5288	0	5288
448.927	5467	0	5467
449.055	5453.25	0	5453.25
449.182	5550.25	0	5550.25
449.309	5653.75	0	5653.75
449.436	5896.75	0	5896.75
449.563	6081	0	6081
449.69	5904	0	5904
449.817	5587	0	5587
449.944	5607.25	0	5607.25
450.071	5765.75	0	5765.75
450.198	5636.25	0	5636.25
450.325	5640.5	0	5640.5
450.452	5611.75	0	5611.75
450.579	6207.5	0	6207.5
450.706	5800.75	0	5800.75
450.833	5519	0	5519
450.96	5356	0	5356
451.087	5385.25	0	5385.25
451.214	5299	0	5299
451.341	5285.75	0	5285.75
451.467	5293.25	0	5293.25
451.594	5361.5	0	5361.5
451.721	5404	0	5404
451.848	5575	0	5575
451.975	5533.25	0	5533.25
452.101	5627	0	5627
452.228	5715	0	5715
452.355	5499	0	5499
452.482	5364.25	0	5364.25
452.608	5232.5	0	5232.5
452.735	5245.25	0	5245.25
452.862	5292	0	5292
452.988	5230.25	0	5230.25
453.115	5050.5	0	5050.5
453.242	5459.5	0	5459.5
453.368	6212.5	0	6212.5
453.495	6467.25	0	6467.25
453.621	5733.5	0	5733.5
453.748	5548.5	0	5548.5
453.875	5638.75	0	5638.75
454.001	5988	0	5988
454.128	6325	0	6325
454.254	5643.5	0	5643.5
454.381	5512.25	0	5512.25
454.507	5377.25	0	5377.25
454.633	5392	0	5392
454.76	5340.75	0	5340.75
454.886	5291.75	0	5291.75
455.013	5542	0	5542
455.139	6023	0	6023
455.266	6129.25	0	6129.25
455.392	6409.25	0	6409.25
455.518	5812.25	0	5812.25
455.645	5598	0	5598
455.771	5356.75	0	5356.75
455.897	5276.5	0	5276.5
456.023	5069.5	0	5069.5
456.15	5291.5	0	5291.5
456.276	5240.5	0	5240.5
456.402	5189.75	0	5189.75
456.528	5188	0	5188
456.655	5019.75	0	5019.75
456.781	4838.5	0	4838.5
456.907	4918.25	0	4918.25
457.033	4898.75	0	4898.75
457.159	5142.5	0	5142.5
457.285	5183.25	0	5183.25
457.411	5953.25	0	5953.25
457.538	5526	0	5526
457.664	5000.75	0	5000.75
457.79	4863	0	4863
457.916	4694.5	0	4694.5
458.042	4762	0	4762
458.168	4888.5	0	4888.5
458.294	4853.25	0	4853.25
458.42	4922	0	4922
458.546	4716	0	4716
458.672	4612.5	0	4612.5
458.798	4658.5	0	4658.5
458.924	5074	0	5074
459.049	4735.25	0	4735.25
459.175	4574.5	0	4574.5
459.301	4508.5	0	4508.5
459.427	4469.25	0	4469.25
459.553	4411.75	0	4411.75
459.679	4479.5	0	4479.5
459.805	4579.5	0	4579.5
459.93	4463.75	0	4463.75
460.056	4897.5	0	4897.5
460.182	5353.75	0	5353.75
460.308	5112.5	0	5112.5
460.433	4744.75	0	4744.75
460.559	4307.75	0	4307.75
460.685	4514.25	0	4514.25
460.81	4740.25	0	4740.25
460.936	4726.25	0	4726.25
461.062	4387.75	0	4387.75
461.187	4470.75	0	4470.75
461.313	4296.5	0	4296.5
461.439	4479.5	0	4479.5
461.564	4358.5	0	4358.5
461.69	4444.75	0	4444.75
461.815	4598.75	0	4598.75
461.941	4894.75	0	4894.75
462.066	4848.5	0	4848.5
462.192	4663.25	0	4663.25
462.317	4619.25	0	4619.25
462.443	5141.75	0	5141.75
462.568	5315.25	0	5315.25
462.694	5031.25	0	5031.25
462.819	4855	0	4855
462.944	4678.5	0	4678.5
463.07	4742.75	0	4742.75
463.195	5312.5	0	5312.5
463.321	6083.5	0	6083.5
463.446	4997	0	4997
463.571	4918	0	4918
463.697	5760.75	0	5760.75
463.822	5941	0	5941
463.947	6841.75	0	6841.75
464.072	6266.25	0	6266.25
464.198	6284	0	6284
464.323	6440.75	0	6440.75
464.448	6287.5	0	6287.5
464.573	5952.25	0	5952.25
464.698	5792.5	0	5792.5
464.824	5890.75	0	5890.75
464.949	5843.75	0	5843.75
465.074	5763	0	5763
465.199	5870.5	0	5870.5
465.324	5952.5	0	5952.5
465.449	5795.25	0	5795.25
465.574	5896.25	0	5896.25
465.699	6173.5	0	6173.5
465.824	6136	0	6136
465.949	5648.25	0	5648.25
466.074	5856	0	5856
466.199	5933.5	0	5933.5
466.324	5919.5	0	5919.5
466.449	6072.5	0	6072.5
466.574	6316	0	6316
466.699	6126	0	6126
466.824	5995	0	5995
466.949	5879.75	0	5879.75
467.074	5898.5	0	5898.5
467.199	5682.5	0	5682.5
467.323	5778.25	0	5778.25
467.448	5734	0	5734
467.573	5905.25	0	5905.25
467.698	5692.75	0	5692.75
467.823	5579.5	0	5579.5
467.947	5751	0	5751
468.072	5825.75	0	5825.75
468.197	6566.5	0	6566.5
468.322	6620.75	0	6620.75
468.446	6360.75	0	6360.75
468.571	7519.75	0	7519.75
468.696	8957.25	0	8957.25
468.82	7048.5	0	7048.5
468.945	6154.25	0	6154.25
469.069	6034.25	0	6034.25
469.194	5682.25	0	5682.25
469.319	5689.5	0	5689.5
469.443	5743.25	0	5743.25
469.568	5708.5	0	5708.5
469.692	5715	0	5715
469.817	5647.5	0	5647.5
469.941	5767.25	0	5767.25
470.066	5697	0	5697
470.19	5525.25	0	5525.25
470.315	5620.75	0	5620.75
470.439	5710.75	0	5710.75
470.563	5880.5	0	5880.5
470.688	6261	0	6261
470.812	7372.5	0	7372.5
470.937	7898.75	0	7898.75
471.061	7007.75	0	7007.75
471.185	6405.25	0	6405.25
471.31	5950.25	0	5950.25
471.434	5732.75	0	5732.75
471.558	5997.75	0	5997.75
471.682	6384.75	0	6384.75
471.807	6723.5	0	6723.5
471.931	5844	0	5844
472.055	5565.25	0	5565.25
472.179	5558.25	0	5558.25
472.303	5561.25	0	5561.25
472.428	5444.25	0	5444.25
472.552	5499.25	0	5499.25
472.676	5557	0	5557
472.8	5614	0	5614
472.924	5783	0	5783
473.048	6477	0	6477
473.172	6526	0	6526
473.296	6085.25	0	6085.25
473.42	5817.5	0	5817.5
473.544	6361.75	0	6361.75
473.668	6907.5	0	6907.5
473.792	8424.75	0	8424.75
473.916	7637	0	7637
474.04	6549	0	6549
474.164	6492.25	0	6492.25
474.288	6276	0	6276
474.412	6137.75	0	6137.75
474.536	6019.75	0	6019.75
474.66	6096.5	0	6096.5
474.784	6286	0	6286
474.908	6174	0	6174
475.031	6423.25	0	6423.25
475.155	6669.25	0	6669.25
475.279	6377.5	0	6377.5
475.403	6218	0	6218
475.526	6143.75	0	6143.75
475.65	6314	0	6314
475.774	6073	0	6073
475.898	5968.75	0	5968.75
476.021	6403.25	0	6403.25
476.145	7128.25	0	7128.25
476.269	6379.75	0	6379.75
476.392	6084.5	0	6084.5
476.516	6287.25	0	6287.25
476.64	6309.5	0	6309.5
476.763	6369.5	0	6369.5
476.887	6765.75	0	6765.75
477.01	7369	0	7369
477.134	9163	0	9163
477.257	7194	0	7194
477.381	6613.25	0	6613.25
477.504	6446.25	0	6446.25
477.628	6320.5	0	6320.5
477.751	6260.75	0	6260.75
477.875	6527.5	0	6527.5
477.998	6466.5	0	6466.5
478.122	6492	0	6492
478.245	6965	0	6965
478.368	8055.25	0	8055.25
478.492	6858	0	6858
478.615	6830.25	0	6830.25
478.738	8282.25	0	8282.25
478.862	7398.5	0	7398.5
478.985	6667.5	0	6667.5
479.108	6720.5	0	6720.5
479.231	7115.5	0	7115.5
479.355	7171	0	7171
479.478	6628	0	6628
479.601	6562.75	0	6562.75
479.724	6639.5	0	6639.5
479.848	6816.25	0	6816.25
479.971	6735.25	0	6735.25
480.094	6556.5	0	6556.5
480.217	6826.25	0	6826.25
480.34	7354.25	0	7354.25
480.463	8862	0	8862
480.586	7696.5	0	7696.5
480.709	7157	0	7157
480.832	8322.5	0	8322.5
480.955	7388.5	0	7388.5
481.078	7082	0	7082
481.201	7233	0	7233
481.324	8506.5	0	8506.5
481.447	10657.5	0	10657.5
481.57	7803.25	0	7803.25
481.693	7138.25	0	7138.25
481.816	6934.5	0	6934.5
481.939	7009	0	7009
482.062	7045.25	0	7045.25
482.185	7609.5	0	7609.5
482.307	8960.5	0	8960.5
482.43	7717.5	0	7717.5
482.553	7597.5	0	7597.5
482.676	9641	0	9641
482.799	8350.75	0	8350.75
482.921	7589.5	0	7589.5
483.044	7752.25	0	7752.25
483.167	7550.5	0	7550.5
483.29	7531.5	0	7531.5
483.412	7457.75	0	7457.75
483.535	7502.25	0	7502.25
483.658	7855	0	7855
483.78	9147.75	0	9147.75
483.903	7814.5	0	7814.5
484.025	7784.75	0	7784.75
484.148	7471.5	0	7471.5
484.271	7377.5	0	7377.5
484.393	7378.75	0	7378.75
484.516	8172.75	0	8172.75
484.638	8141.75	0	8141.75
484.761	8030.25	0	8030.25
484.883	8944	0	8944
485.006	10555.2	0	10555.2
485.128	9134.25	0	9134.25
485.251	8507.75	0	8507.75
485.373	8275.5	0	8275.5
485.495	7954.5	0	7954.5
485.618	7886	0	7886
485.74	7972.5	0	7972.5
485.863	7981.75	0	7981.75
485.985	8143.75	0	8143.75
486.107	8314	0	8314
486.229	8610	0	8610
486.352	8635.5	0	8635.5
486.474	9731.25	0	9731.25
486.596	8619.25	0	8619.25
486.719	8478	0	8478
486.841	8542.75	0	8542.75
486.963	8141.75	0	8141.75
487.085	8081.5	0	8081.5
487.207	8215.5	0	8215.5
487.329	8539.25	0	8539.25
487.452	9069.75	0	9069.75
487.574	8991.25	0	8991.25
487.696	8942.75	0	8942.75
487.818	8831.5	0	8831.5
487.94	9566	0	9566
488.062	9790.25	0	9790.25
488.184	9828.5	0	9828.5
488.306	9650.25	0	9650.25
488.428	8772.75	0	8772.75
488.55	8436.25	0	8436.25
488.672	8614	0	8614
488.794	8268.5	0	8268.5
488.916	8292.5	0	8292.5
489.038	8339.75	0	8339.75
489.16	8993.5	0	8993.5
489.281	8806.25	0	8806.25
489.403	8491.25	0	8491.25
489.525	8451	0	8451
489.647	8324.75	0	8324.75
489.769	8521.5	0	8521.5
489.891	8557	0	8557
490.012	8476	0	8476
490.134	8915.5	0	8915.5
490.256	8614.75	0	8614.75
490.378	8864.75	0	8864.75
490.499	8658.75	0	8658.75
490.621	8482	0	8482
490.743	8456	0	8456
490.864	8474.75	0	8474.75
490.986	8479.25	0	8479.25
491.108	8220.75	0	8220.75
491.229	8404.75	0	8404.75
491.351	8085	0	8085
491.472	8147.75	0	8147.75
491.594	8081.5	0	8081.5
491.715	7967.75	0	7967.75
491.837	8163.75	0	8163.75
491.958	7944.75	0	7944.75
492.08	8008.75	0	8008.75
492.201	7857.5	0	7857.5
492.323	7812.75	0	7812.75
492.444	7997.25	0	7997.25
492.566	8187.75	0	8187.75
492.687	7941.25	0	7941.25
492.808	8026.75	0	8026.75
492.93	8317.75	0	8317.75
493.051	8295	0	8295
493.172	8488.25	0	8488.25
493.294	8565.5	0	8565.5
493.415	8168.25	0	8168.25
493.536	8023.25	0	8023.25
493.658	7921.25	0	7921.25
493.779	7755	0	7755
493.9	7740.5	0	7740.5
494.021	7755	0	7755
494.143	7667.5	0	7667.5
494.264	7643	0	7643
494.385	7636.75	0	7636.75
494.506	7560.25	0	7560.25
494.627	7490.25	0	7490.25
494.748	8164.25	0	8164.25
494.869	7774.75	0	7774.75
494.99	7796.25	0	7796.25
495.111	7732	0	7732
495.232	7566.5	0	7566.5
495.353	7759	0	7759
495.475	7913.75	0	7913.75
495.595	7824.5	0	7824.5
495.716	7717	0	7717
495.837	7630	0	7630
495.958	7667	0	7667
496.079	7643.25	0	7643.25
496.2	7902.25	0	7902.25
496.321	7790.75	0	7790.75
496.442	7605	0	7605
496.563	7405.25	0	7405.25
496.684	7582	0	7582
496.804	7449.5	0	7449.5
496.925	7627.25	0	7627.25
497.046	7500.75	0	7500.75
497.167	7516	0	7516
497.287	7534.25	0	7534.25
497.408	7447.75	0	7447.75
497.529	7447	0	7447
497.65	7359.25	0	7359.25
497.77	7506.75	0	7506.75
497.891	7443	0	7443
498.012	7304.75	0	7304.75
498.132	7415	0	7415
498.253	7535	0	7535
498.373	7424.75	0	7424.75
498.494	7300.25	0	7300.25
498.614	7453.25	0	7453.25
498.735	7476.25	0	7476.25
498.856	7397.5	0	7397.5
498.976	7336.75	0	7336.75
499.096	7393	0	7393
499.217	7430.5	0	7430.5
499.337	8697.5	0	8697.5
499.458	8572.5	0	8572.5
499.578	8547.25	0	8547.25
499.699	7665.75	0	7665.75
499.819	7436.25	0	7436.25
499.939	7338.5	0	7338.5
500.06	7352.25	0	7352.25
500.18	7368	0	7368
500.3	7290.25	0	7290.25
500.421	7369.5	0	7369.5
500.541	7263.75	0	7263.75
500.661	7297	0	7297
500.781	7270.5	0	7270.5
500.902	7204	0	7204
501.022	7480.25	0	7480.25
501.142	7432.25	0	7432.25
501.262	7355.5	0	7355.5
501.382	7264	0	7264
501.502	7278.5	0	7278.5
501.623	7165	0	7165
501.743	7286	0	7286
501.863	7251	0	7251
501.983	7258	0	7258
502.103	7186.5	0	7186.5
502.223	7230	0	7230
502.343	7412.25	0	7412.25
502.463	7480	0	7480
502.583	7388.25	0	7388.25
502.703	7245.75	0	7245.75
502.823	7267.75	0	7267.75
502.943	7301	0	7301
503.063	7335.25	0	7335.25
503.182	7446	0	7446
503.302	7548.75	0	7548.75
503.422	7397.75	0	7397.75
503.542	7349.25	0	7349.25
503.662	7294.5	0	7294.5
503.782	7204.75	0	7204.75
503.901	7212.25	0	7212.25
504.021	7158.75	0	7158.75
504.141	7269.5	0	7269.5
504.261	7315.5	0	7315.5
504.38	7447.75	0	7447.75
504.5	9402.5	0	9402.5
504.62	8696.75	0	8696.75
504.739	7551.5	0	7551.5
504.859	7467.75	0	7467.75
504.979	7491.25	0	7491.25
505.098	7588.25	0	7588.25
505.218	7595.25	0	7595.25
505.338	7505.75	0	7505.75
505.457	7642.75	0	7642.75
505.577	7548	0	7548
505.696	7487	0	7487
505.816	7824.5	0	7824.5
505.935	8953.75	0	8953.75
506.055	8076.75	0	8076.75
506.174	7881.25	0	7881.25
506.293	9253	0	9253
506.413	11139.5	0	11139.5
506.532	8316.25	0	8316.25
506.652	7797.25	0	7797.25
506.771	7840	0	7840
506.89	8895.25	0	8895.25
507.01	8090.25	0	8090.25
507.129	7806	0	7806
507.248	8642.5	0	8642.5
507.368	8539.75	0	8539.75
507.487	8113.5	0	8113.5
507.606	8812	0	8812
507.725	10936	0	10936
507.844	8610	0	8610
507.964	8134.75	0	8134.75
508.083	7859	0	7859
508.202	7751	0	7751
508.321	8220.25	0	8220.25
508.44	8852	0	8852
508.559	7810.75	0	7810.75
508.678	7748	0	7748
508.797	7899.75	0	7899.75
508.916	8127.5	0	8127.5
509.035	8106.75	0	8106.75
509.154	7982.25	0	7982.25
509.273	7919.25	0	7919.25
509.392	7984.25	0	7984.25
509.511	7891.5	0	7891.5
509.63	7946.25	0	7946.25
509.749	8037	0	8037
509.868	7964.5	0	7964.5
509.987	7936	0	7936
510.106	8076.25	0	8076.25
510.225	8257.5	0	8257.5
510.344	8716.5	0	8716.5
510.462	8815.5	0	8815.5
510.581	8252	0	8252
510.7	8265	0	8265
510.819	8427.75	0	8427.75
510.937	8354	0	8354
511.056	8347.75	0	8347.75
511.175	8364.75	0	8364.75
511.294	8557	0	8557
511.412	9926.75	0	9926.75
511.531	8990	0	8990
511.649	8513.75	0	8513.75
511.768	8436.75	0	8436.75
511.887	8780.75	0	8780.75
512.005	8495.75	0	8495.75
512.124	8306.25	0	8306.25
512.242	8303.25	0	8303.25
512.361	8565.75	0	8565.75
512.479	8627.75	0	8627.75
512.598	8565.75	0	8565.75
512.716	8574.5	0	8574.5
512.835	8687	0	8687
512.953	8772.25	0	8772.25
513.072	8945.25	0	8945.25
513.19	10331.2	0	10331.2
513.308	9590.5	0	9590.5
513.427	8911.5	0	8911.5
513.545	8990	0	8990
513.664	8790	0	8790
513.782	8709.5	0	8709.5
513.9	8788.75	0	8788.75
514.018	8787.5	0	8787.5
514.137	8603.5	0	8603.5
514.255	8524.75	0	8524.75
514.373	8668.25	0	8668.25
514.491	8736.75	0	8736.75
514.609	8558.25	0	8558.25
514.728	8640	0	8640
514.846	8610.75	0	8610.75
514.964	8708.5	0	8708.5
515.082	8731.75	0	8731.75
515.2	8776	0	8776
515.318	9323	0	9323
515.436	11441.2	0	11441.2
515.554	10047.8	0	10047.8
515.672	11664.8	0	11664.8
515.79	10812.5	0	10812.5
515.908	9990.25	0	9990.25
516.026	9998.5	0	9998.5
516.144	9329.75	0	9329.75
516.262	9409.25	0	9409.25
516.38	9764	0	9764
516.498	10290	0	10290
516.616	9439.5	0	9439.5
516.734	9094.75	0	9094.75
516.852	8954.5	0	8954.5
516.969	8819	0	8819
517.087	8911.25	0	8911.25
517.205	9023.75	0	9023.75
517.323	9119.75	0	9119.75
517.44	8940.25	0	8940.25
517.558	8918.25	0	8918.25
517.676	8841	0	8841
517.794	9154.25	0	9154.25
517.911	8866.25	0	8866.25
518.029	9034	0	9034
518.147	9154	0	9154
518.264	10513.8	0	10513.8
518.382	10497.5	0	10497.5
518.5	10350	0	10350
518.617	10270	0	10270
518.735	9802.25	0	9802.25
518.852	9700.25	0	9700.25
518.97	9833.5	0	9833.5
519.087	9840.5	0	9840.5
519.205	9648.25	0	9648.25
519.322	9718	0	9718
519.44	9792.5	0	9792.5
519.557	9768.25	0	9768.25
519.674	9654	0	9654
519.792	9649.5	0	9649.5
519.909	10169.8	0	10169.8
520.026	10737.2	0	10737.2
520.144	9815	0	9815
520.261	9545.5	0	9545.5
520.378	9433.5	0	9433.5
520.496	9536.25	0	9536.25
520.613	9600	0	9600
520.73	9869	0	9869
520.847	10452	0	10452
520.965	9556.25	0	9556.25
521.082	9700	0	9700
521.199	9803.5	0	9803.5
521.316	9522.75	0	9522.75
521.433	9757.5	0	9757.5
521.55	9646.5	0	9646.5
521.667	9542.5	0	9542.5
521.785	9477.5	0	9477.5
521.902	9605.25	0	9605.25
522.019	9616	0	9616
522.136	9581.25	0	9581.25
522.253	9862	0	9862
522.37	10871.8	0	10871.8
522.487	10049	0	10049
522.604	10044.5	0	10044.5
522.721	9534.5	0	9534.5
522.838	9687	0	9687
522.954	9936.25	0	9936.25
523.071	9563.5	0	9563.5
523.188	9458.5	0	9458.5
523.305	9485.25	0	9485.25
523.422	9474.75	0	9474.75
523.539	9378.5	0	9378.5
523.655	9290	0	9290
523.772	9340.25	0	9340.25
523.889	9312	0	9312
524.006	9445.25	0	9445.25
524.122	9728	0	9728
524.239	9794	0	9794
524.356	9427	0	9427
524.472	9123	0	9123
524.589	9270.5	0	9270.5
524.706	9532	0	9532
524.822	9393.75	0	9393.75
524.939	9230	0	9230
525.055	9094.75	0	9094.75
525.172	9148.25	0	9148.25
525.289	9215.75	0	9215.75
525.405	9096.75	0	9096.75
525.522	9094.75	0	9094.75
525.638	8968.75	0	8968.75
525.754	9052.5	0	9052.5
525.871	9150.25	0	9150.25
525.987	8950.25	0	8950.25
526.104	8954.75	0	8954.75
526.22	8975.75	0	8975.75
526.336	9002.75	0	9002.75
526.453	8948.5	0	8948.5
526.569	8970.5	0	8970.5
526.685	8936.75	0	8936.75
526.802	8948.75	0	8948.75
526.918	8775.75	0	8775.75
527.034	8897.75	0	8897.75
527.151	8818.5	0	8818.5
527.267	8785.75	0	8785.75
527.383	8915.75	0	8915.75
527.499	9058.25	0	9058.25
527.615	10493.8	0	10493.8
527.732	9520.75	0	9520.75
527.848	9774.75	0	9774.75
527.964	9711.25	0	9711.25
528.08	9169	0	9169
528.196	8923.25	0	8923.25
528.312	8794.75	0	8794.75
528.428	8857.75	0	8857.75
528.544	8564	0	8564
528.66	8675.5	0	8675.5
528.776	8686	0	8686
528.892	8697.75	0	8697.75
529.008	8708.75	0	8708.75
529.124	8850	0	8850
529.24	9033.5	0	9033.5
529.356	9782.5	0	9782.5
529.471	9632.25	0	9632.25
529.587	10392.2	0	10392.2
529.703	9286.75	0	9286.75
529.819	9338.25	0	9338.25
529.935	9180.5	0	9180.5
530.05	9410	0	9410
530.166	9178.5	0	9178.5
530.282	9007.25	0	9007.25
530.398	8906	0	8906
530.513	9285.75	0	9285.75
530.629	9416.25	0	9416.25
530.745	9560.75	0	9560.75
530.86	9702	0	9702
530.976	10472	0	10472
531.092	10288.8	0	10288.8
531.207	9341	0	9341
531.323	9170.25	0	9170.25
531.438	9186	0	9186
531.554	9075.25	0	9075.25
531.669	9162.75	0	9162.75
531.785	9214.75	0	9214.75
531.9	9237	0	9237
532.016	9688.25	0	9688.25
532.131	9299	0	9299
532.247	9011.25	0	9011.25
532.362	8929.25	0	8929.25
532.477	8932.25	0	8932.25
532.593	8975.5	0	8975.5
532.708	8915.25	0	8915.25
532.823	8973	0	8973
532.939	9330	0	9330
533.054	9184.5	0	9184.5
533.169	9165.5	0	9165.5
533.285	9291	0	9291
533.4	9425.25	0	9425.25
533.515	9484	0	9484
533.63	9663.5	0	9663.5
533.745	9842.75	0	9842.75
533.861	9740.25	0	9740.25
533.976	9589.5	0	9589.5
534.091	9619.25	0	9619.25
534.206	9706.75	0	9706.75
534.321	9500.75	0	9500.75
534.436	9405	0	9405
534.551	9342	0	9342
534.666	9420.5	0	9420.5
534.781	9361.25	0	9361.25
534.896	9751.25	0	9751.25
535.011	10226.2	0	10226.2
535.126	9853.5	0	9853.5
535.241	9516.5	0	9516.5
535.356	9280	0	9280
535.471	9117.5	0	9117.5
535.586	9093.5	0	9093.5
535.701	9072.5	0	9072.5
535.815	9214.75	0	9214.75
535.93	9402.75	0	9402.75
536.045	10074.2	0	10074.2
536.16	11173.5	0	11173.5